  0.00943411447222597  0.01684773820607519  0.02807029273542802  0.04022161960476563
  0.05186149417904991  0.06274355514383735  0.07236398941390589  0.08244555533252196
  0.09347271992777445  0.10442001762229428  0.11463628584471565  0.12413849902073923
  0.13472100905945877  0.14564231934455391  0.15709221838140261  0.16827533947426429
  0.17906991347211451  0.18957829227512715  0.20015125899338410  0.21031360913090824
  0.22036856623313655  0.23067265915868412  0.24096089462977777  0.25107318300641651
  0.26143665750542694  0.27147581819800753  0.28156438963899805  0.29130940193133914
  0.30121437324339545  0.31127350124721614  0.32143708780981106  0.33189904315890251
  0.34219252702941760  0.35228833202723620  0.36190574008036669  0.37198183478970692
  0.38178494191347662  0.39120444192060105  0.40017469609920514  0.40902334678606539
  0.41766670436077852  0.42774330250359566  0.43802648204217676  0.44953915410392858
  0.46084967705025315  0.47268242896716300  0.48431688343707530  0.49486555217665751
  0.50478420662269741  0.51479419751684585  0.52556301286784346  0.53669111893521748
  0.54719526163791543  0.55748437143562790  0.56698398195817334  0.57595434051937833
  0.58484583397783774  0.59390610544210598  0.60314206400860459  0.61251820517849997
  0.62228743310712542  0.63281295887498945  0.64377697138784373  0.65465052276534119
  0.66519073499199610  0.67567600260730587  0.68639471620095371  0.69727753963388073
  0.70872948815262393  0.72044472032945750  0.73249810819141714  0.74465161308219441
  0.75639795752377437  0.76740423028027593  0.77785765886083535  0.78817843738074833
  0.79853530568302777  0.80874186837617013  0.81896927824661103  0.82904111310136808
  0.83897289091909422  0.84906435059719332  0.85991256796501925  0.87075372573557186
  0.88134740525940369  0.89153068068415886  0.90160635197999794  0.91167080939952849
  0.92188106554913007  0.93249902212438118  0.94327261062097756  0.95350437026079149
  0.96416546427788752  0.97535587626783637  0.98731328801405915  1.00000000000000000
  0.00002429924567711  0.00004907428067120  0.00007008210321507  0.00009158704495130
  0.00011451352871967  0.00014172089248786  0.00017282065301330  0.00020852757906900
  0.00024545774982997  0.00028504830673484  0.00032980071802289  0.00037837089483898
  0.00042649063914363  0.00047352599368915  0.00052154758881547  0.00057300816098703
  0.00063158424216106  0.00069404796085384  0.00075541972500066  0.00081440259954892
  0.00087343008888506  0.00093517410542551  0.00100194312406451  0.00107765154396765
  0.00115900517875314  0.00124539426346120  0.00133342964689948  0.00142276209288364
  0.00151417160657604  0.00160910138730763  0.00170889146787580  0.00181358864348901
  0.00191998677230809  0.00203138422132620  0.00214634868438955  0.00226052712147957
  0.00237519184405494  0.00249338439923625  0.00261678010077377  0.00274343946773486
  0.00287492528626322  0.00301816651256078  0.00317494482979695  0.00333954483632012
  0.00351364616112562  0.00369508651916317  0.00388660435698582  0.00408420311124399
  0.00428491768574562  0.00448859118729956  0.00469133711494858  0.00489951821223618
  0.00511487240332699  0.00533615471634713  0.00558320301264709  0.00583783771997039
  0.00609934146700602  0.00637926020779444  0.00668306240922581  0.00700727217283785
  0.00734433732640774  0.00768328248779472  0.00802455369756873  0.00841064537800042
  0.00879565365345975  0.00919029499965316  0.00958398249929947  0.01000590113347778
  0.01048199305781567  0.01101605089089996  0.01160790636341149  0.01221250863508012
  0.01289544505946204  0.01363922947848454  0.01445954725029996  0.01537900571258692
  0.01646052980401361  0.01760626935195838  0.01883988390334481  0.02012633639022513
  0.02147999843059967  0.02289313201039458  0.02452769982044807  0.02649332841270251
  0.02867543325373490  0.03123226955002889  0.03428358785844507  0.03790097496777865
  0.04228328133012219  0.04753178018628314  0.05366065462463628  0.06081756653585513
  0.07240824158033976  0.08929098114370762  0.32820048618442904  1.00000000000000000
  0.00003939216690509  0.00008180812600998  0.00014362176732543  0.00022472252683992
  0.00032134205505570  0.00042877832939969  0.00053822006802260  0.00066239282894432
  0.00080387251469958  0.00094954210062834  0.00109371922594337  0.00124626038456120
  0.00139968880158878  0.00156420112374057  0.00173427049872769  0.00191977561853818
  0.00211032269435123  0.00229847019853643  0.00249340794646035  0.00269029568020215
  0.00289236085529101  0.00309677854878874  0.00331420559957268  0.00353659428569334
  0.00377041479577850  0.00401490086099553  0.00426961671531281  0.00454089870345439
  0.00483156313438085  0.00512577428752267  0.00542669537674813  0.00572964873889806
  0.00603828699544663  0.00635747715691650  0.00668229552492886  0.00700861229106381
  0.00734078808405327  0.00768356434825764  0.00806461803971214  0.00847157769957035
  0.00888567387677454  0.00930581002671203  0.00974115345076002  0.01019176803349289
  0.01064694743283362  0.01110603094409224  0.01158355155778620  0.01211531095093084
  0.01270034690471514  0.01329306887554574  0.01387897655792749  0.01447889736362337
  0.01511094806786235  0.01579113078789212  0.01651938100680063  0.01721548783152336
  0.01794357201706925  0.01862978664487228  0.01936038290637346  0.02014957134293844
  0.02099827618196766  0.02188383926620266  0.02280279639139047  0.02375679864129440
  0.02471517539013965  0.02572137161740670  0.02676913744622982  0.02781140950949626
  0.02894083174995985  0.03016209543448845  0.03143095858724110  0.03287546797655681
  0.03445035711550015  0.03610707168296796  0.03777232725403415  0.03960440344361964
  0.04164337870837165  0.04383145075890377  0.04616842682891074  0.04877280209707661
  0.05169611882281768  0.05494728864364644  0.05878681098097679  0.06327350979542667
  0.06846960793582546  0.07448081937850597  0.08105071712517191  0.08737907138653038
  0.09480371822144661  0.10318275302277724  0.11247321829629851  0.13173697649323771
  0.15794856609480715  0.18097314126903527  0.34824994679170757  1.00000000000000000
 -0.00230221025536855  0.01064392253515931  0.02168098397608552  0.03272371203307675
  0.04398015729760508  0.05654618306399873  0.06847926481879113  0.07925200669075194
  0.09040443333739513  0.10175589575890373  0.11212392656493382  0.12191514524981034
  0.13184242795099041  0.14202377232727470  0.15226972498739591  0.16243397824095510
  0.17283737336019472  0.18318946799578195  0.19329230782404144  0.20308476940258904
  0.21338922949023598  0.22461102575372366  0.23593995558319544  0.24720876102899644
  0.25795265247043109  0.26832248620539290  0.27882178772033084  0.28931702648698449
  0.29973353424655619  0.31006945235220673  0.32033425020296918  0.33163565575563381
  0.34340703091133112  0.35488543217504315  0.36533266103293227  0.37535239944422033
  0.38547577272407130  0.39618930447547912  0.40679753868662216  0.41734267791405771
  0.42805417523468553  0.43865607419239649  0.44898566698617354  0.45931619767390897
  0.46992761050301812  0.48074479016081895  0.49142351492083236  0.50237063357290790
  0.51368668184588873  0.52522585495943996  0.53679218684355101  0.54826484464323300
  0.55991225225741814  0.57105424466078603  0.58176461103972599  0.59224411399303400
  0.60237580831072168  0.61189115981743969  0.62110320907374761  0.63111403784713194
  0.64202849440070175  0.65304936571170646  0.66378923639717591  0.67392591198510154
  0.68419701997539506  0.69487602721663833  0.70545879712916237  0.71593554735378817
  0.72617389738660898  0.73649630038150671  0.74690323580066753  0.75713625342785362
  0.76740914619878864  0.77768455788172997  0.78833818599425554  0.79911336641873376
  0.80954199946855288  0.81922619334644409  0.82892378350543183  0.83890618089267888
  0.84926762626521091  0.85924873119210088  0.86918011345586843  0.87925650585955017
  0.88900236385221210  0.89829719295466992  0.90771721641968772  0.91728452792529036
  0.92810180630512240  0.93858239293529167  0.94909946208190055  0.95981225532114800
  0.97107598629892422  0.98144052510951318  0.99103088260647254  1.00000000000000000
 -0.00224573511620783  0.00955112136287933  0.01949444747566347  0.02990853553309748
  0.04089301165536102  0.05184805862134013  0.06216163619446555  0.07165668691557761
  0.08141767309665400  0.09202308017464352  0.10307800692657165  0.11396758312529541
  0.12410849541838867  0.13484863736279482  0.14561744486374970  0.15651173047617550
  0.16745434943473100  0.17828282568152842  0.18860785635977831  0.19839770145676269
  0.20742797584991168  0.21674796791867998  0.22615501965544318  0.23666567316695472
  0.24737946349681475  0.25710937498048136  0.26665864716072341  0.27652821254897686
  0.28770683666525310  0.29867011937416038  0.30882391680621873  0.31887307092109279
  0.32911861054452313  0.33936818311046890  0.34935712587073076  0.35959891803798416
  0.37011004160930999  0.38050058509738705  0.39076797882957159  0.40110252093092719
  0.41201324307202719  0.42226262785577684  0.43256136787381161  0.44279954902072749
  0.45320472183540839  0.46374864607758104  0.47486951986737230  0.48610349795600671
  0.49699223989784663  0.50681176830393326  0.51647604842028061  0.52641801648841702
  0.53652340008994204  0.54657662200643864  0.55624915065240166  0.56631352854003170
  0.57706904311986384  0.58816571314077681  0.59936008575073230  0.61047521262825599
  0.62131757279302890  0.63157515046464985  0.64158481713603355  0.65187292726220081
  0.66227172325688977  0.67283443445460722  0.68283275115336806  0.69331728498820633
  0.70425969619775841  0.71442700785987667  0.72419954627862204  0.73399038561528207
  0.74406403038157731  0.75449839779514438  0.76500152713465941  0.77534158849612900
  0.78553827372699025  0.79588705819274219  0.80658798656660469  0.81773553123087428
  0.82897135383061071  0.84075552829641209  0.85255537334648324  0.86430067386321630
  0.87620790655463354  0.88806709107363080  0.89970809842370059  0.91103091799618330
  0.92210225067159790  0.93347349172832028  0.94536724242215986  0.95756633083629505
  0.96851854579664043  0.97874031586159704  0.98930098343183115  1.00000000000000000
 -0.00229440952971655  0.00926812287968406  0.01895509989469022  0.02867350938627681
  0.03869202517244907  0.04867730256087886  0.05930469248682808  0.06959391142364067
  0.07974216898399256  0.08981589077079723  0.09941761095375157  0.10888752829651194
  0.11871458786672082  0.12883611300589082  0.13916387418400766  0.14948823431805394
  0.15970042515717264  0.17002784186432784  0.18028528438425201  0.19070920835373351
  0.20093051727568778  0.21154027342517095  0.22238985577149376  0.23329796934295011
  0.24395298130019399  0.25567439996661345  0.26818073565817446  0.27992214884783906
  0.29098118606665113  0.30163018099148509  0.31221213185139374  0.32260570841197544
  0.33310928543810780  0.34446733970545523  0.35528800438731156  0.36561960896145429
  0.37585918363814519  0.38625868673717856  0.39695296213540926  0.40707202623285832
  0.41694098723533402  0.42634592416396777  0.43584585678291449  0.44520515216712825
  0.45496424331288621  0.46492857539535426  0.47573713309165933  0.48611698528395059
  0.49657701112767855  0.50742371639994210  0.51834968065664511  0.52867988393053256
  0.53845039263561378  0.54864897740464991  0.55956591955794543  0.57071817404882741
  0.58120334614100566  0.59310533195426851  0.60535286925589171  0.61821725546381823
  0.62975628316570709  0.64101643110002027  0.65165346003905800  0.66189741157977167
  0.67204719439240890  0.68202594510894099  0.69230353416704993  0.70296196857870619
  0.71430136855185278  0.72614651441613554  0.73788199891305228  0.74888479834431942
  0.75953444542189752  0.77017877985295879  0.78096617466229257  0.79217171918799556
  0.80228848803264352  0.81223096749665169  0.82154329094118617  0.83113633393031439
  0.84154467438682024  0.85245489248374695  0.86369510878484290  0.87479888414462970
  0.88592492252149702  0.89717973754393887  0.90707692581508736  0.91687176131580861
  0.92630199868468999  0.93643785054848228  0.94681377147658308  0.95742527693394697
  0.96817250222362039  0.97876021058934115  0.98931034419353880  1.00000000000000000
  0.01048856485340457  0.01415599684497092  0.01744994971928615  0.02008700089079338
  0.02269473595892791  0.02510766705523880  0.02741563127520663  0.02962812594602436
  0.03173801335613977  0.03374642026850240  0.03570991420267816  0.03764341367250290
  0.03953848494612907  0.04138611632861199  0.04314222590575152  0.04478904355108689
  0.04650571861650869  0.04827986242605507  0.05009352504015263  0.05189921915827861
  0.05368986235263314  0.05546286389377440  0.05719442313740968  0.05882814574840375
  0.06049166068932093  0.06210645720415019  0.06359087962572813  0.06509583006408837
  0.06667781225813556  0.06832726451562263  0.07002129767609752  0.07169755022548845
  0.07337005085426011  0.07503050996499100  0.07663204264409328  0.07823268284519568
  0.07987242308829001  0.08161318096511785  0.08340810141314936  0.08518999064264575
  0.08694489161541413  0.08870716638583057  0.09053062465974014  0.09243731591115878
  0.09439828769734190  0.09630547719556289  0.09817523480526226  0.10009100148568570
  0.10197639184175972  0.10392650712267991  0.10592554614894176  0.10796488354204792
  0.11005033819900588  0.11211070362604346  0.11414850051495906  0.11618349737248168
  0.11821533543202026  0.12025537578815029  0.12232005689754585  0.12454536093535297
  0.12694692790857351  0.12935662525462002  0.13171674465983124  0.13409396134147566
  0.13656257707334124  0.13925755492913822  0.14230086629776620  0.14558314920786564
  0.14890748952924412  0.15206491612897594  0.15514965002448855  0.15841321993011223
  0.16185511305557554  0.16558854678201956  0.16935931329042894  0.17314455013875110
  0.17688592401454947  0.18073769206330134  0.18488094885102763  0.19012808266304715
  0.19647238473377346  0.20214328758110880  0.20682407729175931  0.21161106825541826
  0.21719890587763674  0.22300625556541626  0.22848499513138043  0.23380585657359462
  0.23984868159803260  0.24635581146862978  0.25895238791415137  0.26876916820023744
  0.28100808624926471  0.29233348736956527  0.30644234608806270  1.00000000000000000
 -0.00223592917266790  0.00918315954207911  0.01895174744082823  0.03046031599637746
  0.04167966540077234  0.05273487406790882  0.06324457252381768  0.07322848267849971
  0.08381272017622099  0.09525551156501393  0.10633143530354208  0.11624764029407714
  0.12544307859759771  0.13460334724218684  0.14409453369120806  0.15357043023228792
  0.16292971780973517  0.17238217176307269  0.18169539193922393  0.19095510512773708
  0.20000862597837493  0.20880057706200622  0.21704103540939529  0.22556053901301665
  0.23471911075899748  0.24427422863009546  0.25327961793255893  0.26175729143123061
  0.27009950261164345  0.27875497349632761  0.28770323166310741  0.29705024702069582
  0.30655137159201262  0.31648880540336816  0.32710514003193852  0.33866659720199710
  0.35031199754214087  0.36158719802601752  0.37265774071555557  0.38411320991596187
  0.39665372093296875  0.40962048269595386  0.42280659685553929  0.43572060328519241
  0.44916147712186277  0.46282372806059213  0.47657646391100061  0.49011233527608650
  0.50351028101095585  0.51676613376374503  0.53100363412601093  0.54568909864726578
  0.56010329379300028  0.57364233446582513  0.58718291161763358  0.60091291197937313
  0.61261103988618038  0.62289309400830783  0.63304443648986430  0.64357339125954627
  0.65369624952012406  0.66343979279005461  0.67351533670051411  0.68351926235733773
  0.69315517068963051  0.70220144044827859  0.71100581964597964  0.72002859702567434
  0.72906516037868130  0.73823998681784031  0.74703391651722395  0.75575914330849969
  0.76446980266720510  0.77334459127674582  0.78255154873634425  0.79171113938146020
  0.80075760860901701  0.80977011668199650  0.81877005758500732  0.82788085488535268
  0.83748928931711186  0.84720822136094898  0.85716707209556120  0.86783200101931468
  0.87833751545628214  0.88910493453273398  0.89985143618516061  0.91058669633649425
  0.92166278905146459  0.93278113307113608  0.94462823570781007  0.95649522058089287
  0.96823186724340360  0.97924702792843110  0.98983494223703261  1.00000000000000000
  0.01082839280149141  0.31504926073836553  0.40303636214310679  0.45859619281876984
  0.49831044904831567  0.52996575884588493  0.55666592157926265  0.58043801413077378
  0.60128049717151832  0.61958654005175029  0.63553217606637569  0.64946341297081989
  0.66237970138103996  0.67435230344329966  0.68544276924242886  0.69544435688730433
  0.70500592823440833  0.71404690906452772  0.72249904737920612  0.73046302365326310
  0.73779808106664524  0.74480194948288803  0.75143208375948300  0.75756303964924110
  0.76346700418587155  0.76942679137942560  0.77480655136112908  0.77982751244109838
  0.78472114131344384  0.78957531940148873  0.79444483039233182  0.79923590304855929
  0.80385153800667963  0.80814332125193489  0.81221235689596127  0.81601823957405517
  0.81970480183019423  0.82335633083764281  0.82691117862644570  0.83048620212497282
  0.83411516077301173  0.83768369171498613  0.84115285075327162  0.84453051801737866
  0.84778607335719047  0.85092843317070854  0.85407572104924701  0.85722814292799487
  0.86042306055746653  0.86349888106571959  0.86646002461622251  0.86936156619733440
  0.87223805786494946  0.87505201025943458  0.87765068011472802  0.88016813452593368
  0.88272942771022200  0.88524777448145298  0.88781091341075236  0.89047004846521283
  0.89305230377330502  0.89570336581867471  0.89821212137017881  0.90070641691976017
  0.90319800468348188  0.90573140726382251  0.90828853368538842  0.91075104254884931
  0.91304416824457235  0.91526641463194225  0.91753229023628224  0.91982807347214990
  0.92212080071132008  0.92437002004607316  0.92656453454289989  0.92877961675986254
  0.93100369304087727  0.93324083542452452  0.93546853707133093  0.93771187318124183
  0.94000053043681364  0.94232040743843881  0.94460213828467199  0.94686227929223732
  0.94918090826454538  0.95153106725743786  0.95396245022055215  0.95651967048480446
  0.95922821032583694  0.96217408865196530  0.96553982352941270  0.96904255333595901
  0.97283578420450401  0.97754844049505085  0.98502590518557409  1.00000000000000000
   1.3709130763901205E-020  -1.0000000000000000     
 F F F F F F F F F F F F F F F F F F F F F F F F F F F F F F F F F F F F F F F F F F F F F F F F F F F F F F F F F F F F F F F F
  <DiscreteSampler_grid>
  grouped_processes
  1 # 1 for a reference and 2 for a running grid.
  10 # Attribute 'min_bin_probing_points' of the grid.
  1 # Attribute 'grid_mode' of the grid. 1=='default',2=='initialization'
  0.0000000000000000 # Attribute 'small_contrib_threshold' of the grid.
  0.5000000000000000 # Attribute 'damping_power' of the grid.
 # binID   n_entries weight   weight_sqr   abs_weight
    10   10   1.454341845945266E-008   8.431571163000447E-016   1.454341845945266E-008
  </DiscreteSampler_grid>
