  0.00963595155010023  0.01530404053393665  0.02167306432337028  0.02757268639150649
  0.03416459229231980  0.04190893259842616  0.04916896966701109  0.05593016833292896
  0.06280740172585393  0.06939651211156914  0.07604737032158107  0.08324872993703912
  0.08956426232089880  0.09525424801848932  0.10170229776937453  0.11017590983832325
  0.11813171345388214  0.12415823903735587  0.13063118893347039  0.13702086087721529
  0.14438676016936738  0.15493724457723521  0.16731465479556387  0.18384191156063817
  0.20219351316479078  0.21980007202336085  0.23572500927739282  0.24950480014300327
  0.26282003175294355  0.27582913803654685  0.28810877135894902  0.29947290974299412
  0.31053622215808752  0.32082712336441971  0.33137244786923997  0.34179919321877367
  0.35245440184347171  0.36351961066693012  0.37467848417753552  0.38598765932664642
  0.39581941067312620  0.40481100233252643  0.41342582248050408  0.42274373268778442
  0.43440039710264977  0.44716996314053098  0.46017948145968374  0.47305453710340056
  0.48419037056647096  0.49350866192190790  0.50260526759918789  0.51128368909051802
  0.52026892535838587  0.52948758284999209  0.53988123969362201  0.55247349891716180
  0.56498168577707186  0.57597274590052838  0.58684033404864833  0.59915848515991854
  0.61094166273966255  0.62123686098886033  0.63250889394291532  0.64459619224223652
  0.65556517181072838  0.66708261165906735  0.68106427783459156  0.69358441257779402
  0.70501212018363446  0.71572883325679848  0.72640068330891427  0.73707556115548012
  0.74730172513324322  0.76036940907120709  0.77281941391207576  0.78468179859959120
  0.79584678158102362  0.80719924649156549  0.81839395511619673  0.82965012105617386
  0.84115151317841752  0.85380933066629450  0.86670040299347340  0.87847820016374278
  0.89029068786919829  0.90193887815025398  0.91301850921426619  0.92377387706617242
  0.93449660170511839  0.94503581444943896  0.95454686530806510  0.96393447921996001
  0.97447252954212227  0.98625547883723963  0.99132521803384455  1.00000000000000000
  0.00000215577888764  0.00000478785150899  0.00000861774820235  0.00001537396855747
  0.00002276835205454  0.00002994531521587  0.00003896592244691  0.00004962528716250
  0.00005977118075552  0.00006986781667034  0.00007912848413887  0.00008708906788078
  0.00009439488275105  0.00010069046745489  0.00010617458486567  0.00011292136629935
  0.00012110152477751  0.00012937331312930  0.00013800426443186  0.00014643228385465
  0.00015517730884792  0.00016386778533027  0.00017312605767643  0.00018288514755358
  0.00019303980876764  0.00020370107728246  0.00021538298579804  0.00022860296531125
  0.00024195715797459  0.00025534470850245  0.00026838571701925  0.00028328098671981
  0.00030029779451326  0.00031907722724960  0.00033928606887511  0.00036016459662139
  0.00038178195035121  0.00040467132790952  0.00042914651895794  0.00045402420590912
  0.00048228624765337  0.00051189214909789  0.00053987445804732  0.00056908732092338
  0.00059518520936096  0.00062828697167979  0.00066136698866797  0.00069326571038672
  0.00072558101256091  0.00076182061006078  0.00080296897122146  0.00084731576920317
  0.00089093017318463  0.00093102734865767  0.00099023039698907  0.00105344458573955
  0.00111937764667377  0.00119615800038774  0.00127890254878448  0.00136070087507815
  0.00144524289337496  0.00152743101147681  0.00161799440196751  0.00170381076143172
  0.00179620857550204  0.00188946415729975  0.00198068235480792  0.00208380137696300
  0.00220514081921484  0.00233822068481633  0.00246554079775355  0.00260985052637125
  0.00274909528081566  0.00289173502247188  0.00304552730391221  0.00326171390885294
  0.00356027537534193  0.00392890757144405  0.00437017869417889  0.00486470636975350
  0.00541792566044453  0.00586100035172322  0.00630111277537976  0.00673694310935358
  0.00730724101116708  0.00814092589306611  0.00915119575576047  0.01017507911041361
  0.01136296232255780  0.01310822918853831  0.01597965944096782  0.01955576473437641
  0.02690791331873148  0.04847885864416375  0.16111826526722048  1.00000000000000000
  0.00000697663469776  0.00002252638659845  0.00004154448003689  0.00007188977406469
  0.00011542205428688  0.00017301634093775  0.00023620537154532  0.00029881617948913
  0.00036146039332581  0.00042928844777632  0.00051017363860992  0.00060486282541270
  0.00071421997009760  0.00082718800172436  0.00093293455688119  0.00103012890650546
  0.00112551208791506  0.00122164910053967  0.00132234950754864  0.00142256513106174
  0.00152091526966831  0.00163141871276234  0.00176276911235667  0.00192198285863986
  0.00209577277551489  0.00227018456342724  0.00245531644450459  0.00263192423825333
  0.00280323984339877  0.00298365810559602  0.00317621793423112  0.00337974817953235
  0.00357401455373095  0.00375928195481075  0.00395768970088921  0.00419541982901977
  0.00445178728613410  0.00468882470457707  0.00493430285793639  0.00517000738170124
  0.00545361207194845  0.00576469032906364  0.00608747908712671  0.00637116178648019
  0.00660664913525922  0.00688973109820631  0.00717826905664202  0.00746086151747926
  0.00774103475844191  0.00801737244199309  0.00830420331074674  0.00860193204414342
  0.00891308282869788  0.00921432970611563  0.00949008076247317  0.00975382554999161
  0.01008333710450382  0.01049222203868728  0.01097996008214298  0.01146049275185826
  0.01183936631786370  0.01224547730139449  0.01267536902749929  0.01306614909600527
  0.01348502434817574  0.01392172718874206  0.01434819321618791  0.01475166913729587
  0.01519475552633417  0.01555870996935050  0.01590867704275596  0.01624977423386070
  0.01656394836620872  0.01696121707419940  0.01740363362401037  0.01784528492604903
  0.01848803770987630  0.01928701194300459  0.02020842652888634  0.02149889761155966
  0.02284423160243850  0.02417000011696502  0.02649618548574672  0.02934830426445979
  0.03318913463228976  0.03786868056766053  0.04301533258480322  0.04867282861425731
  0.05436795338107835  0.06184202099529180  0.07456192378539175  0.08624624148165112
  0.10697267925399126  0.15552804010596916  0.26957632114235364  1.00000000000000000
 -0.00132250678398909  0.00674224614864883  0.01431348822812875  0.02268367519468941
  0.03140106417133768  0.03874123417174325  0.04636841905267121  0.05603130341689796
  0.06642921220043221  0.07742513224754252  0.08744817246660522  0.09772105488820257
  0.10889484973741086  0.12085077946013063  0.13275921615104522  0.14314676547723071
  0.15349000740358593  0.16460567523958269  0.17470417467703619  0.18559709045304706
  0.19668170676509492  0.20942423860683879  0.22285978625130831  0.23540947182758631
  0.24636598135203147  0.25584087125710137  0.26434689579903164  0.27238081257271241
  0.28012076737514746  0.28796201911031799  0.29597008504641042  0.30452719733281458
  0.31359320694492526  0.32575912940220902  0.33828264233657096  0.35264367957085141
  0.36662067871752380  0.38190129772316112  0.40148736347990593  0.41701069215971370
  0.42816244107846441  0.43835645570123505  0.44812846592771977  0.45928127120039741
  0.47154823601430651  0.48274843262034622  0.49403315616868743  0.50436614659144174
  0.51409028669225987  0.52306797595763854  0.53127248321349274  0.53915793050225802
  0.54746295258719491  0.55750418321772122  0.56711648209703469  0.57590307717741573
  0.58539882981660263  0.59455498028229636  0.60311322514275933  0.61134164485765730
  0.61995169013493312  0.63071323822266601  0.64261562415371487  0.65360633600655660
  0.66361776417140950  0.67365261638588403  0.68512557613230751  0.69740506626292398
  0.71183989098588141  0.72709991755236392  0.74156918399140426  0.75438904934773676
  0.76543496385115983  0.77532603379010978  0.78488372771977211  0.79499913493968655
  0.80643373466999491  0.81732272607768885  0.82793124215107827  0.83928557727780106
  0.85098551378083653  0.86168681712789197  0.87104570166655482  0.88042722666093032
  0.89013268847713034  0.89905788139139931  0.90837555092928146  0.91872192398751862
  0.92885471609930326  0.93869330563794484  0.94816059738566172  0.95679270826291274
  0.96695582519210210  0.97780437815246435  0.98859179981471679  1.00000000000000000
 -0.00212813133502266  0.01242812150774958  0.02478388887497823  0.03964857944445056
  0.04992210982395628  0.05893482865239332  0.06660801592223915  0.07476092404232747
  0.08307847053630692  0.09168561392811919  0.09990020367594546  0.10827711541671788
  0.11729632932855026  0.12458022086040732  0.13174267515084562  0.13959723828135531
  0.14719861915526286  0.15455809227593162  0.16188475985891682  0.17030914667139063
  0.18042515157479835  0.19166577930692955  0.20358853294152993  0.21617028515039302
  0.22899338072702291  0.24102552953278045  0.25247494942393467  0.26374777893972290
  0.27455249496143425  0.28526608144785698  0.29637433156163379  0.30712685865716538
  0.31738735086152381  0.32659024300774775  0.33505431031986793  0.34403365222856630
  0.35366302115318488  0.36471201941689579  0.37627944788704271  0.38740571870100615
  0.39826351331501214  0.40967276812072856  0.42282384950854529  0.43744092207379587
  0.44888354236779487  0.46143621585334771  0.47317536155081058  0.48403497991307826
  0.49442379204991604  0.50696678212105895  0.51961622300736854  0.53252661757918129
  0.54306358726235648  0.55050105973885111  0.55825816602695133  0.56800007894733540
  0.57705619176984424  0.58578322828493090  0.59412133344241225  0.60393307833311605
  0.61407580158453545  0.62408750495342313  0.63434637991359322  0.64561042243997435
  0.65879657876859099  0.67315453019833871  0.68517894124766698  0.69547419131569144
  0.70597484975048286  0.71748738069590112  0.72655695806247034  0.73628961921713065
  0.74587508595353536  0.75609940318175950  0.76750382501914860  0.77889094504198386
  0.78965529007742941  0.80059661805902638  0.81177729161485102  0.82244424958241669
  0.83433540905976988  0.84535080636275928  0.85639409937525279  0.86705728355257250
  0.87563680750769157  0.88523111701490487  0.89638138087083574  0.90766357085143479
  0.91801061348032031  0.92856897342227940  0.93937526421156436  0.95125028465848382
  0.96367981536825020  0.97601230412309015  0.98885343744211363  1.00000000000000000
 -0.00203621970431941  0.01021592534026339  0.01973966588046028  0.02713210856782430
  0.03302239890576697  0.03889781214678528  0.04568233634613189  0.05415033882796364
  0.06358995167213760  0.07306586782922117  0.08237346814439628  0.09207027008784831
  0.10245343145723519  0.11255103184881597  0.12237361872354527  0.13338445689722767
  0.14558602973525306  0.15727078818111875  0.16859722653996895  0.17866695981212019
  0.18997109871099604  0.20284136075755790  0.21749368386279744  0.23331506374315722
  0.24848782693235377  0.26323353789593773  0.27618794535923452  0.28853110082191641
  0.30101005580425921  0.31436932275221569  0.32914584291590820  0.34153148531569932
  0.35294705549634769  0.36511528979883828  0.37819356951513722  0.38820654581522168
  0.39618236338600382  0.40394713613316086  0.41139606137035045  0.42074858539438359
  0.42949474933062071  0.43872085931725202  0.44832709088393613  0.45841901155220816
  0.46776735206074554  0.47656975419655706  0.48467668049738455  0.49323049151097875
  0.50437036600910778  0.51729701657448168  0.52887276951272144  0.53984777760643665
  0.55046560724390048  0.56011470367354599  0.56835014928359162  0.57664781963642575
  0.58605015155456452  0.59799058491926294  0.61225104485796567  0.62447876496440458
  0.63359969563326557  0.64270654511991909  0.65268771044966056  0.66182103178825125
  0.66964924196530540  0.67723450024632570  0.68512830801636682  0.69436445225051435
  0.70476745778163863  0.71504783021846052  0.72600320383741235  0.73617552083971949
  0.74954152449342959  0.76025570524073594  0.77332673799399676  0.78639897679616477
  0.79944608510441728  0.81290481562085293  0.82460077959846712  0.83529031627697947
  0.84564223122797355  0.85577747717918995  0.86677208003544803  0.87694208151371844
  0.88711189254867062  0.89603375088529935  0.90427176378722673  0.91204650562174516
  0.92073646762816252  0.92954153821109475  0.93876190249189018  0.94637492123308997
  0.95405643478992908  0.96542539492296586  0.98206472299144720  1.00000000000000000
  0.00069962555724060  0.00218023121239865  0.00389923117758712  0.00538372911556816
  0.00675715527794882  0.00804505048761903  0.00927891108924915  0.01049741279020096
  0.01160290193347855  0.01267382236292444  0.01372472561888100  0.01476650188013463
  0.01585607545214602  0.01685530145106363  0.01785510833443144  0.01889397522155953
  0.01995942057395967  0.02106578155766829  0.02214506567804168  0.02335117802379270
  0.02459600947895494  0.02572694189107960  0.02677779362437742  0.02782626704915764
  0.02889192150727411  0.02997097815623124  0.03112179849084522  0.03240196034840316
  0.03381983463399237  0.03529611222024287  0.03672619952146416  0.03806948597724998
  0.03930614626394014  0.04049420303971269  0.04145479115025531  0.04243305607107627
  0.04338792183091851  0.04430525131537045  0.04519825818598228  0.04607872875542674
  0.04707714332784197  0.04804492127716911  0.04910630707076733  0.05018512706224806
  0.05128242595055665  0.05238578163720940  0.05367301808341503  0.05500214700309997
  0.05636636643345173  0.05803787778707568  0.06005431461357404  0.06242091607459421
  0.06509257548443811  0.06777687363860148  0.07017908854213155  0.07215853597174275
  0.07402330739433302  0.07597848672609245  0.07800227959183068  0.08144581551875062
  0.08456358869872613  0.08762555411501710  0.09054733272719215  0.09342329944388419
  0.09665773531262996  0.09921407462981111  0.10236385218848375  0.10789641308663102
  0.11445592425077687  0.12243593083815374  0.12712334366620903  0.12876022499024967
  0.13164110904885398  0.13536580281843488  0.13854102851219646  0.14523478952993849
  0.15400303389037812  0.15891971525165982  0.16215844029935397  0.16583791797355082
  0.17210279297782463  0.18039637035645836  0.19064947283271072  0.20490863872187945
  0.22051222763008888  0.23560116682645213  0.24883920534262077  0.25980227795793437
  0.26659671990080563  0.27306706223667748  0.28336380945342121  0.29475799652858059
  0.30528801766863423  0.34686028201260377  0.53031685940089490  1.00000000000000000
 -0.00407205592632808  0.01595677402686798  0.03202076363545817  0.04636018500631203
  0.05830080107792549  0.06831812729753463  0.07836146441603402  0.08890550759307353
  0.09868927450472466  0.10941795615125889  0.11956904463754321  0.13007048944558536
  0.14075311705445295  0.15024631104591626  0.15926702114790173  0.16929263915183199
  0.18009128994487175  0.19046537181661730  0.19922803863062938  0.20682136065922888
  0.21550170484940348  0.22358246555250966  0.23268041644463924  0.24242349407828884
  0.25263030824777272  0.26412610312525420  0.27790679302774818  0.29053382849897885
  0.30180958665742091  0.31175177420418126  0.32066506158865832  0.32942476417651967
  0.33815889190900489  0.34698270037396567  0.35718903963047116  0.36811752142621579
  0.37946632025209798  0.39151975265554301  0.40402709706749040  0.41707368490353780
  0.43138285230432755  0.44664057217237457  0.46287066014497341  0.47965093619602306
  0.49496811856449374  0.50863201811899084  0.52135366975455311  0.53470619200696967
  0.54648641647936314  0.55560125158761908  0.56390871274110455  0.57191519785378442
  0.58202854513079694  0.59112224789030376  0.59887492109820695  0.60632515159597977
  0.61512130138108634  0.62402875891102749  0.63316150802024129  0.64319716804672689
  0.65393426539655786  0.66510219156812966  0.67441730714473114  0.68367568406140700
  0.69140608323069330  0.70112677388096167  0.71216678853837467  0.72336208131457347
  0.73445310757752647  0.74535949936353407  0.75575986776481974  0.76577219084832304
  0.77420324928644857  0.78157022899092832  0.78831978977995432  0.79491200541631413
  0.80148271281191441  0.81046695685248316  0.81728112798490693  0.82323680891363238
  0.82937417070448172  0.83755257247905002  0.84761402763661708  0.85785507057958033
  0.86813447245905551  0.87947232533511666  0.89353837072866493  0.90756962921382567
  0.91928969961400575  0.92988190477341581  0.94017062847810318  0.95014621097753105
  0.96109987464026680  0.97278786125076433  0.98604510770303133  1.00000000000000000
  0.00217140401207465  0.26170850644091959  0.36908010615110792  0.44744977487038345
  0.50832901413834486  0.55838274947510425  0.59620553176351943  0.63150056228298901
  0.66379820323400918  0.69280911374811849  0.71880008402096141  0.74025883651549795
  0.76109665256743630  0.77947030868327827  0.79535119117527975  0.80958266390989297
  0.82162912560037016  0.83216612225963105  0.84185175845987070  0.85163607950873332
  0.86089514136438217  0.86950386062006912  0.87726881642752019  0.88432844036751534
  0.89056393666453992  0.89656496958160825  0.90183811667197333  0.90800635798248308
  0.91340280985457079  0.91826513222013750  0.92269765222625699  0.92713316396455414
  0.93133381790201175  0.93506629071882863  0.93840138617137736  0.94149370016702771
  0.94455931444007890  0.94769618324866955  0.95056633480421271  0.95268621478037652
  0.95482244977884634  0.95705732261442666  0.95893068348803401  0.96070874253708993
  0.96240351951794900  0.96384215728596423  0.96513934993129136  0.96637917763086567
  0.96763729683547939  0.96895023286529680  0.97026498993876042  0.97152788695786563
  0.97271816031135983  0.97385550236945062  0.97502780994384997  0.97612801665295845
  0.97721341367944259  0.97822188434396573  0.97914092833840627  0.97999018567247176
  0.98081158518299727  0.98156387989003846  0.98228534539070023  0.98300950956884547
  0.98368663472361551  0.98437494254262370  0.98505433095508188  0.98571519041768541
  0.98643129299551002  0.98711951429817468  0.98780222774056847  0.98850198029932812
  0.98916365165229792  0.98979704247405198  0.99036930517053490  0.99089321170061362
  0.99138172656059187  0.99181770736158459  0.99225382218952152  0.99269442454776391
  0.99312044884993578  0.99354668702135462  0.99397743592566679  0.99441910060035466
  0.99478436733088527  0.99513825475393247  0.99547802708549249  0.99582919858929753
  0.99618939044816956  0.99657364186073782  0.99697027291259388  0.99741723112163450
  0.99788375257395912  0.99838513494309489  0.99913029785247953  1.00000000000000000
   9.8525080338936622E-013  -1.0000000000000000     
 F F F F F F F F F F F F F F F F F F F F F F F F F F F F F F F F F F F F F F F F F F F F F F F F F F F F F F F F F F F F F F F F
  <DiscreteSampler_grid>
  grouped_processes
  1 # 1 for a reference and 2 for a running grid.
  10 # Attribute 'min_bin_probing_points' of the grid.
  1 # Attribute 'grid_mode' of the grid. 1=='default',2=='initialization'
  0.0000000000000000 # Attribute 'small_contrib_threshold' of the grid.
  0.5000000000000000 # Attribute 'damping_power' of the grid.
 # binID   n_entries weight   weight_sqr   abs_weight
    10   10   1.836390478031838E+000   3.198162650479984E+001   1.836390478031838E+000
  </DiscreteSampler_grid>
