  0.00985416112094546  0.01445987547788163  0.02293197109826242  0.03255420201451002
  0.04279287011336097  0.05270177220073677  0.06302355363224574  0.07414031775072528
  0.08657105392779377  0.09948420980405932  0.11181061335252326  0.12366606073002760
  0.13473818336554755  0.14502378462309173  0.15495266627148821  0.16469923447557025
  0.17459033630721529  0.18424021216160708  0.19386375855563434  0.20375365822073319
  0.21403181598967896  0.22472637270379861  0.23589256812656120  0.24684069015465218
  0.25728061874724284  0.26779818288513219  0.27910228300394785  0.29138784936583972
  0.30390895926176298  0.31509556039921033  0.32511499404430444  0.33509720087915962
  0.34465210176196465  0.35422037462185502  0.36432481640497849  0.37331513909896408
  0.38425629670942429  0.39431604542707138  0.40463997600433310  0.41497826210707517
  0.42556019959267871  0.43617024867915366  0.44609794478068737  0.45565730622086437
  0.46515069680188409  0.47506906675773541  0.48600395163668092  0.49764265833320837
  0.51015336637471809  0.52219262636784836  0.53419754043293644  0.54661427450986133
  0.55863442504539496  0.56962144555863725  0.57967194122037446  0.58876360116598536
  0.59725578649319333  0.60609288141202500  0.61540970559676866  0.62537006271481244
  0.63547610055201331  0.64537663211076746  0.65611140731053375  0.66739442153437478
  0.67890635713094594  0.69083283309293542  0.70280272424425549  0.71361201892409443
  0.72383128750850989  0.73276794762671360  0.74139648701281458  0.75034764774463547
  0.75920355884569757  0.76894905222551146  0.77823131467354068  0.78741757280128843
  0.79654574882801488  0.80588489570829258  0.81541175583826075  0.82550928799992607
  0.83529248298082115  0.84489023026879284  0.85457762681514537  0.86486240835696049
  0.87584388857312900  0.88781363644993128  0.90048506522191829  0.91328009585097969
  0.92556654725796750  0.93637439831345481  0.94642971411576315  0.95632411935727335
  0.96662038343590240  0.97756634142072474  0.98883509005285797  1.00000000000000000
  0.01133814494563268  0.01492989336011009  0.01703923589045353  0.01885220006912355
  0.02045048420209040  0.02193183793100667  0.02326206806998118  0.02457866400961069
  0.02583183137014253  0.02713972149418985  0.02834617709255179  0.02956087656108806
  0.03072977332151448  0.03193789116745598  0.03325586009092119  0.03452952034809547
  0.03574439881936032  0.03696759181516074  0.03817756585145035  0.03954465398120482
  0.04101312285643093  0.04256013503826639  0.04413189820399656  0.04567717697904556
  0.04710367267490811  0.04845091212423928  0.04981167952210609  0.05118759427367044
  0.05262423121312547  0.05421173446941957  0.05588549221750468  0.05747235045551334
  0.05894945746801464  0.06045915568715797  0.06204607878388246  0.06362850641874729
  0.06513331338517615  0.06658272461052016  0.06815841813480433  0.06986497622677501
  0.07165764702952290  0.07346592744030546  0.07530190150737412  0.07698227123283873
  0.07854860994159814  0.08007351223346615  0.08164739869244511  0.08332222977983525
  0.08503741409916256  0.08682141790244671  0.08855401264412273  0.09048287641626852
  0.09269604349708284  0.09506484423013635  0.09744338386595003  0.09992813963054753
  0.10262424787646740  0.10546151428747154  0.10845368823457152  0.11123882277556719
  0.11348911301704649  0.11570092380325291  0.11813809628878426  0.12050851248989825
  0.12289033479012146  0.12538057723127979  0.12802351140131615  0.13090134489735392
  0.13442277012736067  0.13826921857006583  0.14254443600964992  0.14634958703197826
  0.14959920945124203  0.15269430198380468  0.15561236012145346  0.15852401351776468
  0.16145900318855549  0.16447802416448071  0.16785257387826646  0.17334878974044518
  0.18115519636643607  0.18884129336600489  0.19587309540310316  0.20341802084982868
  0.21151039680275349  0.21991386496397050  0.22903877776284851  0.23872001086085323
  0.25536578575777186  0.28195010601295117  0.30763638277602207  0.32772772408995954
  0.33246313160845248  0.49248713152528184  0.76458745631527825  1.00000000000000000
 -0.00000852263637750  0.00004429690205183  0.00008744673656818  0.00012972009088453
  0.00017311590014361  0.00021692066201636  0.00026621409177242  0.00032049303352534
  0.00038561556514035  0.00045987510414797  0.00053566798641046  0.00061242435891955
  0.00069244698171850  0.00077996652442639  0.00087513160550914  0.00097568669431645
  0.00108372969441312  0.00119853765649867  0.00131755126021080  0.00144054821530772
  0.00155615502155422  0.00167035413723865  0.00178915596808636  0.00190309845551465
  0.00202818174853272  0.00217061202175890  0.00233153960194007  0.00250513117311599
  0.00268250434530254  0.00288172693804529  0.00309334446236272  0.00330582242886990
  0.00351396006570746  0.00372334085006305  0.00394399176157144  0.00417307827337801
  0.00440430438577505  0.00464293205446857  0.00488994704671075  0.00514604077223032
  0.00541936755224429  0.00567966060046719  0.00596564284979153  0.00627065168643265
  0.00658924905610557  0.00693161827845742  0.00731021642651725  0.00772031686924517
  0.00813958316035365  0.00855674819341638  0.00899399156800236  0.00946520725634917
  0.00998184104743633  0.01054283580774053  0.01116021598103754  0.01185867579647906
  0.01262402520746019  0.01345449135331732  0.01430837094085993  0.01521277577520903
  0.01607940703659221  0.01696430558285275  0.01782424320001027  0.01864171267677310
  0.01952195822751732  0.02049892191869463  0.02164120027185277  0.02287106272067637
  0.02431669681766613  0.02588148380645594  0.02734884693779419  0.02878747249377660
  0.03040232661123976  0.03209708662189917  0.03397085545335990  0.03608645672678996
  0.03893370374408036  0.04252980961289365  0.04662810097940055  0.05130603155138582
  0.05699707001882906  0.06336185384855500  0.06953946254710083  0.07602614325856948
  0.08269881662016591  0.08989823261870877  0.09822315154985928  0.10870240702473805
  0.12366370785044982  0.14059411444494080  0.15799959052192039  0.17939231253544671
  0.21260487133713468  0.30793315773365715  0.46907578898683994  1.00000000000000000
 -0.00249459488411130  0.00951401582560218  0.02017155306145662  0.02997292160852076
  0.04004554057002724  0.04992584601702594  0.05958475752818206  0.06905155284027246
  0.07834920483099372  0.08796334356174776  0.09768700109912037  0.10791985680197336
  0.11794770309345534  0.12776239715249588  0.13752914767644744  0.14785376984634141
  0.15886396552422460  0.17032137286037133  0.18207067407925726  0.19514623304090573
  0.20789361960157768  0.22008252012324561  0.23119331954000022  0.24182061325049806
  0.25189807872203240  0.26176906213667078  0.27192948625555702  0.28270082664396368
  0.29372555592824362  0.30441882250447844  0.31483735418515107  0.32494979905754029
  0.33509357757448532  0.34481808779556156  0.35451859546662223  0.36436907198815666
  0.37417762012763950  0.38471031391224331  0.39561967632422823  0.40623301844328291
  0.41585167175254206  0.42525655102627569  0.43465983059536079  0.44413651806118676
  0.45424169043354395  0.46484879509150046  0.47506276564577316  0.48470791094896437
  0.49460108033993089  0.50517810396943963  0.51679346034074303  0.52945501132796724
  0.54248261535913744  0.55609173125810041  0.56832217395347084  0.57902324947269623
  0.59009641229082133  0.60100880560991188  0.61161645235608042  0.62211632615784851
  0.63317800231789123  0.64429107309421951  0.65528565324502130  0.66641796964738576
  0.67756759225187968  0.68888810087418728  0.70041602721988805  0.71255241799962443
  0.72464138869150230  0.73581148028901733  0.74697593537332896  0.75763452887116223
  0.76844745815900206  0.77920306290034613  0.79039142170642507  0.80018108021717183
  0.80915450505874231  0.81863375746482903  0.82884217131954585  0.83909825718109587
  0.84797835386756648  0.85726556778247054  0.86811131032681177  0.87885972757032271
  0.89013566630619190  0.90207890434444404  0.91493766282298039  0.92531483816264126
  0.93493452593740467  0.94451138157544501  0.95489365110465219  0.96488555963753897
  0.97425189053916661  0.98317603715592206  0.99148922712134691  1.00000000000000000
 -0.00180437985582399  0.00925154743771628  0.01941400577420795  0.03054137173962554
  0.04217942959381214  0.05499198883497021  0.06730330667229115  0.07898281079176069
  0.08862036685455900  0.09796132976255001  0.10719454185935920  0.11702025398462250
  0.12668452946815223  0.13588175323849885  0.14471619070226227  0.15381551180162520
  0.16365825202319859  0.17470955563619422  0.18644052187045387  0.19778813986392008
  0.20859665937406935  0.21919321752319335  0.22912565530902146  0.23965434362092083
  0.25025700185464606  0.26141630981204417  0.27321494015863140  0.28457188600270295
  0.29514939632526260  0.30524718454182470  0.31480446074431379  0.32361470822666555
  0.33272707882788094  0.34182021076638369  0.35130494554473973  0.36031231593428970
  0.36893359234375450  0.37785461964186667  0.38796221085509491  0.39858412915065228
  0.41038560610267372  0.42101880274133741  0.43116626256925950  0.44097708662773788
  0.45096344388046666  0.46088041875600211  0.47194126325550018  0.48283237808109453
  0.49300925071833479  0.50322192361987972  0.51378266972728870  0.52429885304261969
  0.53468560374477925  0.54501505993336163  0.55530707118341305  0.56532359069704241
  0.57483182832484558  0.58395697658949430  0.59249571098729703  0.60050828011666835
  0.60884743626396753  0.61757963455226594  0.62736616405268641  0.63790614684034552
  0.64848396533106201  0.65996029021667701  0.67127457130530144  0.68253117274174779
  0.69269776864829624  0.70253617499836563  0.71281592831777507  0.72388408018062578
  0.73522298749178083  0.74712701508555190  0.75910446372022355  0.77097370836096968
  0.78303913510250234  0.79545124127207034  0.80777321087121357  0.82022182163396862
  0.83222641898871874  0.84297191832870511  0.85388167718061658  0.86778818207052544
  0.88044512454396950  0.89186377105117765  0.90256331857142469  0.91295943775141697
  0.92281340825267855  0.93220870894141095  0.94174580891772475  0.95156493937310349
  0.96199079604539639  0.97320351452373344  0.98510989746911781  1.00000000000000000
  0.00030908876063389  0.00943142534079547  0.01616871504798218  0.02260527634177860
  0.02891152356923149  0.03507035135927786  0.04113577530853180  0.04720256283839350
  0.05322804201640314  0.05925723798067173  0.06556329671076881  0.07188599129013043
  0.07840414185015451  0.08442081593058963  0.09139696727484342  0.09835792555547698
  0.10571531200430966  0.11310857820410708  0.12034887282107834  0.12777780316689619
  0.13536591715737786  0.14313923885045221  0.15077994642224099  0.15831829582604917
  0.16565607996741530  0.17332403728430287  0.18148556896538914  0.18968436470495223
  0.19786073660093173  0.20575689854968754  0.21327762705838976  0.22064171125375467
  0.22862882331905068  0.23696237379137758  0.24593179781852600  0.25460064889160816
  0.26309699292861033  0.27159595801005898  0.28018661387519056  0.28835907273482470
  0.29562797555395398  0.30255016623277020  0.30982461127095678  0.31781223640667722
  0.32629168241163659  0.33504831958619541  0.34342428887639381  0.35186619387830687
  0.36223998546142250  0.37317203158538931  0.38346029648119168  0.39346549433734418
  0.40358557868843520  0.41361816774797111  0.42351870889823540  0.43337450034870234
  0.44375611424713934  0.45456969682816950  0.46551326121037551  0.47657992999665327
  0.48793922972979686  0.49985458967646196  0.51239779695800036  0.52482714864098101
  0.53585266238056561  0.54712546898981618  0.55873348436234360  0.57060396153456316
  0.58272551386458482  0.59547396706283795  0.60823177585820232  0.62046277962387197
  0.63170091085023239  0.64196071876822902  0.65222096895031678  0.66268660172485294
  0.67369408839936917  0.68458049227953466  0.69699017599752278  0.71037075602018596
  0.72326220628745219  0.73651682084693104  0.75065022329288134  0.76572974240931690
  0.78143735108786905  0.79733332666896195  0.81326157329462501  0.82941096348361776
  0.84670498752913692  0.86543939313475515  0.88709459699035298  0.90918921225733496
  0.92894352076467201  0.94901032308218902  0.97184863689927148  1.00000000000000000
 -0.00203738777037421  0.00862006373245484  0.01636438965063067  0.02451869764643084
  0.03315672766391357  0.04246291296421052  0.05269169321377518  0.06362680008117640
  0.07484546318079703  0.08542416264956881  0.09529949551739914  0.10500197118164840
  0.11495864781802280  0.12504667888791438  0.13533135374012972  0.14605020132289406
  0.15639242890733207  0.16671487697886725  0.17668422405060552  0.18630116275148223
  0.19566597628275029  0.20518301196713729  0.21645939549389226  0.22863960297647618
  0.24138896689141326  0.25374761724288192  0.26589311227969575  0.27787892681280074
  0.28998331722853471  0.30078177925859445  0.31092685790349545  0.32101253487449033
  0.33135770860385955  0.34200674160590977  0.35215165800709081  0.36153212770848236
  0.37098997747690632  0.38133622544000356  0.39243906151727065  0.40357308654415602
  0.41436468307698543  0.42588360210342630  0.43737623460891079  0.44808776831483144
  0.45829756995906490  0.46842752883424432  0.47810044905937538  0.48705193293623633
  0.49586546841097306  0.50500806888646743  0.51415747638040354  0.52318711023485309
  0.53218481799896911  0.54107478986549551  0.55237103525030762  0.56320605689821412
  0.57342477023820282  0.58359975849698931  0.59394371954060543  0.60461434776892375
  0.61574110818756222  0.62778929314660892  0.64067236275220552  0.65351325888041389
  0.66562748727316590  0.67707919850657550  0.68807071582128043  0.69845967539841192
  0.70855582495770097  0.71879278310362349  0.72960309199757400  0.74149120845133132
  0.75360373927960789  0.76513914046405873  0.77648377248245681  0.78750671396857519
  0.79901980920573379  0.81133019868385159  0.82385186473592764  0.83518730077505610
  0.84464425408591248  0.85332662709538876  0.86214201763984266  0.87154547451819575
  0.88158442172483542  0.89191824277487874  0.90307777060379701  0.91502251388404054
  0.92608608848289664  0.93683110406242598  0.94799569879329815  0.95904538745466361
  0.96941605704958256  0.97954084337092240  0.98989525747035212  1.00000000000000000
 -0.00230782156763221  0.00940914153553978  0.01846397745889819  0.02801993584066473
  0.03716962289873687  0.04575157233386798  0.05406975174240325  0.06319839747304484
  0.07359975718310979  0.08399390189275686  0.09347610636764399  0.10302076623645463
  0.11452228130871656  0.12619272092466360  0.13760341268891435  0.14848388052877107
  0.15965333930642786  0.17060727200541081  0.18091822650887462  0.19094931533751563
  0.20019299708348162  0.20951156850681540  0.21991778971783402  0.23073398664445433
  0.24258317068505428  0.25459256642038697  0.26602118717744777  0.27663323209622226
  0.28766121464572098  0.29805617988811400  0.30917070495881249  0.32036353848150129
  0.33209038705729127  0.34259829370479594  0.35373160299980683  0.36453344424955558
  0.37515884162835872  0.38507312643862224  0.39516791586915156  0.40564390880307755
  0.41685062687734781  0.42844190695855100  0.44007130083990259  0.45146871094803864
  0.46228742068359002  0.47253185064071701  0.48283815785953699  0.49285898727230704
  0.50272517075192968  0.51262278812055539  0.52260362533606142  0.53320200832986298
  0.54443940145938707  0.55603745863666676  0.56760283275170287  0.57875429501209530
  0.59005173246741716  0.60134737448208120  0.61230550234286651  0.62318189880288588
  0.63421609073723217  0.64576448331406888  0.65708688548982397  0.66789692814029611
  0.67849238075402574  0.68905020117681026  0.69938762370662111  0.70995408470506394
  0.72062503060391270  0.73146373872621850  0.74219950538062107  0.75359950827025479
  0.76552703248636733  0.77721637966189328  0.78856499851164696  0.79977987498940306
  0.81069896687817000  0.82136908574515066  0.83165465397389249  0.84153289568737100
  0.85120525254264889  0.86101540070383475  0.87106494704429616  0.88174156788324753
  0.89265436879161986  0.90195692764964752  0.91054065335576251  0.91891748040973986
  0.92799641986637615  0.93728823867226074  0.94613659202252898  0.95472518789127547
  0.96494639096830082  0.97737318432514997  0.98888009077962746  1.00000000000000000
 -0.01515060676042277  0.38553649769688209  0.49246098516869274  0.55738404624634730
  0.60321748735379621  0.63816447632219575  0.66640144501718812  0.69153119168819732
  0.71382362551519829  0.73319589919768946  0.74984047955712141  0.76458059661936328
  0.77722397998319215  0.78822666227302451  0.79793026978364978  0.80711404932765551
  0.81548729248969531  0.82260498761025147  0.82959655040610059  0.83608415665190128
  0.84216945937158949  0.84808283258477613  0.85372225974229277  0.85868027852135831
  0.86343427323867150  0.86814488454864047  0.87274914356885491  0.87695737400317253
  0.88071573014041360  0.88436481720977633  0.88770535776851167  0.89095533426938034
  0.89409452973173154  0.89711535355052663  0.89999480426100720  0.90299288186567028
  0.90598066528249632  0.90904706065676710  0.91206377184690279  0.91484810934512539
  0.91735309422109823  0.91959975449211939  0.92169158767783754  0.92369517225948095
  0.92565294966157929  0.92763348768374210  0.92960491491177377  0.93161397380844013
  0.93357575382125912  0.93540013355525653  0.93715125949047196  0.93884184901881085
  0.94048239268816036  0.94208652601337717  0.94368375366496815  0.94527967065357676
  0.94678548722643574  0.94827861491451415  0.94977957415471426  0.95128260236424589
  0.95276769381249360  0.95423478923165816  0.95565914547526043  0.95705496438311932
  0.95841181768700101  0.95970748444708009  0.96091651983845772  0.96216977003422410
  0.96340330173695299  0.96460257584098896  0.96576624201071593  0.96692106478370832
  0.96805811324324309  0.96917232831898614  0.97026994942535605  0.97136830484939263
  0.97244752783656663  0.97350789769487389  0.97455088252127064  0.97557735065520612
  0.97658569355562874  0.97760056727952049  0.97864341169947999  0.97971404702766574
  0.98080816644649382  0.98192845980688004  0.98307730442010410  0.98430362518713144
  0.98559120687902990  0.98690822224316155  0.98829856315605369  0.98974840971643074
  0.99136659948555350  0.99323533422445154  0.99583510198044234  1.00000000000000000
   1.4266471670124646E-015  -1.0000000000000000     
 F F F F F F F F F F F F F F F F F F F F F F F F F F F F F F F F F F F F F F F F F F F F F F F F F F F F F F F F F F F F F F F F
  <DiscreteSampler_grid>
  grouped_processes
  1 # 1 for a reference and 2 for a running grid.
  10 # Attribute 'min_bin_probing_points' of the grid.
  1 # Attribute 'grid_mode' of the grid. 1=='default',2=='initialization'
  0.0000000000000000 # Attribute 'small_contrib_threshold' of the grid.
  0.5000000000000000 # Attribute 'damping_power' of the grid.
 # binID   n_entries weight   weight_sqr   abs_weight
    10   10   6.122830362305305E-005   1.865731771510472E-008   6.122830362305305E-005
  </DiscreteSampler_grid>
