  0.02988470075105778  0.06294875495216321  0.09396044832116006  0.14677881413197780
  0.14852183948224595  0.15026486483251408  0.15200789018278224  0.15375091553305040
  0.15549394088331855  0.15723696623358671  0.15897999158385487  0.16072301693412300
  0.16246604228439115  0.16420906763465931  0.16595209298492747  0.16769511833519563
  0.16943814368546375  0.17118116903573188  0.17292419438600001  0.17466721973626814
  0.17641024508653627  0.17815327043680443  0.17989629578707256  0.18163932113734069
  0.18338234648760882  0.18512537183787695  0.18686839718814507  0.18861142253841323
  0.19035444788868136  0.19209747323894949  0.19384049858921762  0.19558352393948575
  0.19732654928975391  0.19906957464002203  0.20081259999029016  0.20255562534055829
  0.20429865069082642  0.20604167604109455  0.20778470139136271  0.28601756025430963
  0.37610385181126194  0.38123569502633053  0.38636753824139919  0.39149938145646779
  0.39663122467153644  0.40176306788660510  0.40689491110167375  0.41202675431674246
  0.41715859753181112  0.42229044074687971  0.42742228396194837  0.43255412717701697
  0.44160827570103556  0.46514247592132868  0.47313001507853147  0.48111755423573421
  0.48910509339293695  0.49709263255013969  0.50224191305112076  0.50576686640200641
  0.50929181975289206  0.51281677310377771  0.51634172645466325  0.51986667980554890
  0.52349005455135689  0.52715061781891359  0.53081118108647019  0.53447174435402689
  0.53813230762158359  0.54179287088914019  0.54545343415669689  0.54911399742425349
  0.55277456069181008  0.55643512395936678  0.56009568722692338  0.60140608058912592
  0.71477373307160597  0.75200475018116708  0.75491324508743451  0.75782173999370184
  0.76073023489996927  0.76363872980623670  0.76654722471250414  0.76945571961877157
  0.77209538945611689  0.77449314822696569  0.77689090699781449  0.77928866576866318
  0.78168642453951198  0.78408418331036078  0.78648194208120958  0.78887970085205839
  0.79127745962290719  0.86178446443761059  0.86178446443762058  1.00000000000000000
  0.00003261230622034  0.00007975467736852  0.00008339564713642  0.00008703661690433
  0.00008954764663313  0.00009111269296353  0.00009267773929392  0.00009424278562431
  0.00009580783195471  0.00009737287828510  0.00009893792461549  0.00010052325102555
  0.00010215140092984  0.00010377955083414  0.00010540770073844  0.00010703585064274
  0.00010866400054703  0.00011029215045133  0.00011198994350636  0.00011380214304681
  0.00011561434258726  0.00011742654212771  0.00011923874166815  0.00012105094120860
  0.00012286314074905  0.00015591200083115  0.00026383856641441  0.00044658160815614
  0.00070064535416441  0.00077506126913372  0.00085734823768383  0.00095033103041002
  0.00145917897589130  0.00148233233985358  0.00150548570381586  0.00152863906777813
  0.00155179243174041  0.00157494579570268  0.00159809915966496  0.00162148377394794
  0.00164725444495403  0.00167302511596012  0.00169879578696621  0.00172456645797231
  0.00175033712897840  0.00177610779998449  0.00180187847099059  0.00181402045766434
  0.00182596553031486  0.00183791060296537  0.00184985567561589  0.00186180074826641
  0.00187374582091692  0.00188569089356744  0.00189763596621796  0.00190958103886847
  0.00192152611151899  0.00193347118416950  0.00194541625682002  0.00195736132947054
  0.00196930640212105  0.00198125147477157  0.00199319654742209  0.00200514162007260
  0.00201688505480745  0.00202861336077081  0.00204034166673418  0.00205206997269754
  0.00206379827866090  0.00207552658462426  0.00208725489058762  0.00209898319655098
  0.00211071150251434  0.00212243980847771  0.00213416811444107  0.00214589642040443
  0.00215762472636779  0.00216935303233115  0.00218108133829451  0.00219280964425787
  0.00220453795022123  0.00221626625618460  0.00222799456214796  0.00305643814650035
  0.00517614491287417  0.00876524935422501  0.01484186839135029  0.02189102491799063
  0.02189102491800063  0.02189102491801063  0.02189102491802063  0.02189102491803063
  0.02189102491804062  0.02189102491805062  0.02189102491806062  1.00000000000000000
  0.00000152437327836  0.00000989168655640  0.00001007726091782  0.00001026283527923
  0.00001044840964065  0.00001063398400207  0.00001081955836348  0.00001100513272490
  0.00001119070708631  0.00001139928218513  0.00001166206456961  0.00001192484695410
  0.00001218762933858  0.00001245041172306  0.00001271319410754  0.00001297597649202
  0.00001477501887768  0.00003440028966513  0.00004014204202530  0.00004173422729646
  0.00004332641256763  0.00004491859783879  0.00004672365781527  0.00004858074801432
  0.00005043783821337  0.00005229492841242  0.00005438414819776  0.00005655021773117
  0.00005871628726457  0.00006088235679798  0.00011128507822536  0.00013429002858386
  0.00013613364154316  0.00013797725450245  0.00013982086746174  0.00014166448042103
  0.00014350809338033  0.00014535170633962  0.00014719531929891  0.00014903893225821
  0.00015088254521750  0.00015272615817679  0.00015456977113609  0.00015665906432647
  0.00015880941430115  0.00016095976427584  0.00016311011425053  0.00016526046422521
  0.00016741081419990  0.00016956116417459  0.00017171151414927  0.00017386186412396
  0.00017601221409865  0.00017816256407333  0.00018031291404802  0.00018273107964656
  0.00018521081135163  0.00018769054305671  0.00019017027476178  0.00019265000646686
  0.00019512973817193  0.00019760946987700  0.00020008920158208  0.00020256893328715
  0.00020504866499223  0.00020752839669730  0.00021000812840238  0.00022005475883583
  0.00023353322350304  0.00024720474091832  0.00026292572834676  0.00027864671577521
  0.00031185844855605  0.00053938217752664  0.00099058388085957  0.00101930907820568
  0.00104803427555179  0.00107675947289790  0.00110548467024400  0.00113420986759011
  0.00116258589870809  0.00119072953623267  0.00121887317375724  0.00124701681128181
  0.00127516044880638  0.00130330408633096  0.00133144772385553  0.00269756532964957
  0.00626743446257896  0.01463353066091141  0.02966997377218696  0.02966997377219695
  0.02966997377220695  0.02966997377221695  0.02966997377222695  1.00000000000000000
  0.20514976580937699  0.35835946560404341  0.36255226454142009  0.36674506347879676
  0.37093786241617344  0.37515152275315578  0.38001374422230927  0.38487596569146276
  0.38973818716061626  0.39460040862976975  0.41859177811218645  0.42204004338132861
  0.42548830865047077  0.42893657391961293  0.43238483918875503  0.43583310445789719
  0.43928136972703935  0.44272963499618151  0.44617790026532361  0.44962616553446577
  0.45307443080360793  0.45652269607275009  0.45997096134189225  0.46341922661103441
  0.46686749188017662  0.47031575714931878  0.47376402241846094  0.47721228768760315
  0.48076388372951179  0.48445066240983559  0.48813744109015944  0.49182421977048330
  0.49551099845080715  0.49919777713113095  0.50288455581145486  0.50657133449177860
  0.51025811317210246  0.51394489185242631  0.51763167053275017  0.52131844921307402
  0.52500522789339787  0.52869200657372173  0.53237878525404569  0.53606556393436955
  0.53975234261469340  0.59490166333271122  0.70563265052764546  0.79202811167696963
  0.79364868137018874  0.79526925106340784  0.79688982075662695  0.79851039044984606
  0.80013096014306517  0.80175152983628428  0.80337209952950339  0.80499266922272261
  0.80661323891594172  0.80823380860916083  0.80985437830237994  0.81147494799559905
  0.81309551768881816  0.81471608738203727  0.81633665707525638  0.81795722676847549
  0.81957779646169460  0.82119836615491371  0.82281893584813282  0.82443950554135192
  0.82606007523457103  0.82768064492779014  0.82930121462100925  0.83092178431422836
  0.83254235400744747  0.83416292370066669  0.83578349339388580  0.83740406308710491
  0.83902463278032402  0.84064520247354313  0.84226577216676235  0.84388634185998146
  0.84550691155320057  0.84712748124641968  0.84874805093963879  0.85036862063285801
  0.85198919032607712  0.85360976001929623  0.91736712292908240  0.92498737697164080
  0.93260763101419919  0.94022788505675758  0.94784813909931609  0.95546839314187448
  0.96308663944675221  0.97070367614726827  0.97832071284778432  1.00000000000000000
  0.17275005181630457  0.23047900046254904  0.23179133425843135  0.23310366805431365
  0.23441600185019595  0.23572833564607826  0.23704066944196053  0.23835300323784284
  0.23966533703372514  0.24097767082960744  0.24229000462548975  0.24360233842137205
  0.24491467221725435  0.24622700601313666  0.24753933980901896  0.24885167360490126
  0.25020648765074982  0.25185873456897834  0.25351098148720691  0.25516322840543548
  0.25681547532366406  0.25846772224189263  0.26011996916012120  0.26177221607834977
  0.26342446299657835  0.26507670991480692  0.26672895683303549  0.26838120375126406
  0.27003345066949264  0.32245317577879662  0.35668519722036118  0.36037232890310150
  0.36405946058584182  0.36774659226858220  0.37143372395132251  0.37512085563406283
  0.37880798731680321  0.38249511899954353  0.38618225068228385  0.38986938236502422
  0.39355651404776454  0.39724364573050491  0.40093077741324529  0.40461790909598566
  0.40830504077872604  0.41199217246146641  0.41567930414420678  0.41906969134946653
  0.42235155284070530  0.42563341433194402  0.42891527582318278  0.43219713731442155
  0.43547899880566032  0.43876086029689904  0.44204272178813780  0.44532458327937657
  0.44860644477061529  0.45188830626185406  0.45517016775309282  0.45845202924433154
  0.46173389073557036  0.46501575222680913  0.46829761371804790  0.47157947520928672
  0.47486133670052549  0.47814319819176426  0.54802328198168115  0.62545077141922589
  0.62740465932862088  0.62935854723801576  0.63131243514741064  0.63326632305680552
  0.63522021096620040  0.63717409887559540  0.63912798678499028  0.64108187469438516
  0.64303576260378004  0.64498965051317492  0.64672761760213937  0.64830149907442103
  0.64987538054670280  0.65144926201898445  0.65302314349126611  0.65459702496354788
  0.65617090643582954  0.65774478790811119  0.65931866938039285  0.66089255085267462
  0.66246643232495628  0.66404031379723794  0.66561419526951970  0.69981592320101460
  0.79987728213400600  0.89993864106699717  0.97635633150736489  1.00000000000000000
  0.07279270490010575  0.23201491066359337  0.23486315466052002  0.23771139865744664
  0.24055964265437327  0.24340788665129992  0.24625613064822655  0.24910437464515317
  0.25147916621795569  0.25363679506055514  0.25579442390315466  0.25795205274575417
  0.26010968158835368  0.26226731043095319  0.26442493927355265  0.26658256811615216
  0.26874019695875168  0.27091380599774600  0.27360606056814890  0.27629831513855180
  0.27899056970895469  0.28168282427935759  0.28437507884976049  0.28706733342016338
  0.28975958799056628  0.29245184256096918  0.29514409713137207  0.29783635170177492
  0.30052860627217781  0.30322086084258065  0.30591311541298355  0.30860536998338639
  0.31129762455378929  0.34069478420619587  0.36147303156894023  0.38225127893168442
  0.39839091503971630  0.40577566217378519  0.41316040930785403  0.42054515644192286
  0.42792990357599170  0.43531465071006048  0.43862392603461603  0.44022024734178583
  0.44181656864895563  0.44341288995612538  0.44500921126329518  0.44660553257046498
  0.44820185387763473  0.44979817518480453  0.45139449649197433  0.45299081779914407
  0.45458713910631388  0.45618346041348368  0.45777978172065342  0.45938797370280221
  0.46100246720225913  0.46261696070171598  0.46423145420117290  0.46584594770062981
  0.46746044120008673  0.46907493469954359  0.47068942819900050  0.47230392169845742
  0.47391841519791428  0.47553290869737119  0.47714740219682811  0.47876189569628502
  0.48037638919574188  0.48199088269519880  0.48360537619465566  0.48521986969411252
  0.48683436319356943  0.48844885669302629  0.49006335019248320  0.49167784369194006
  0.49329233719139692  0.49490683069085384  0.49652132419031070  0.49813581768976761
  0.49975031118922447  0.58845123047086911  0.69308447052234823  0.79771771057382734
  0.85635265608157329  0.86109958052266777  0.86584650496376225  0.87059342940485673
  0.87506825921013665  0.87602027228941182  0.87697228536868710  0.87792429844796238
  0.87887631152723755  0.87982832460651283  0.87983256975809732  1.00000000000000000
 -0.00304490078475462  0.00379393749512678  0.00758787499025355  0.01138181248538033
  0.01517574998050711  0.01896968747563389  0.02307099118845758  0.02746904890844832
  0.03186710662843904  0.03626516434842977  0.04066322206842050  0.11862305601811669
  0.21832768513232415  0.31803231424653161  0.41671205162103336  0.42094001441565398
  0.42516797721027466  0.42939594000489528  0.43362390279951596  0.43785186559413658
  0.44207982838875726  0.44630779118337793  0.45053575397799855  0.45476371677261923
  0.45899167956723985  0.46321964236186058  0.46744760515648126  0.47167556795110199
  0.47590353074572267  0.50191939895696558  0.60162402807117310  0.70132865718538051
  0.77154393788784537  0.77388998669241360  0.77623603549698184  0.77858208430155007
  0.78092813310611831  0.78327418191068654  0.78562023071525477  0.78796627951982301
  0.79031232832439124  0.79265837712895937  0.79500442593352760  0.79735047473809584
  0.79969652354266407  0.80204257234723220  0.80438862115180043  0.80673466995636867
  0.80908071876093679  0.81142676756550502  0.81377281637007326  0.81611886517464138
  0.81846491397920962  0.82081096278377785  0.82315701158834609  0.82550306039291421
  0.82784910919748245  0.83019515800205068  0.83254120680661881  0.89937341062585674
  0.91780645226671465  0.91918541121721398  0.92056437016771320  0.92194332911821253
  0.92332228806871175  0.92470124701921097  0.92608020596971030  0.92745916492020952
  0.92883812387070885  0.93021708282120807  0.93159604177170729  0.93297500072220663
  0.93435395967270585  0.93573291862320518  0.93711187757370440  0.93773306268076684
  0.93805741877969961  0.93838177487863239  0.93870613097756517  0.93903048707649794
  0.93935484317543072  0.93967919927436350  0.94000355537329627  0.94032791147222905
  0.94065226757116183  0.94097662367009460  0.94130097976902738  0.94162533586796016
  0.94194969196689293  0.94227404806582571  0.94259840416475849  0.94292276026369126
  0.94324711636262404  0.94357147246155681  0.94376027981440225  1.00000000000000000
  0.15371799071629844  0.52443102130226826  0.52802870927120338  0.53162639724013838
  0.53522408520907350  0.53882177317800850  0.54254016462684407  0.54671470785817000
  0.55088925108949605  0.55506379432082198  0.55923833755214802  0.58344105982874161
  0.67920313648478581  0.77111609123050973  0.77766939981789585  0.78422270840528197
  0.79077601699266820  0.79732932558005420  0.80388263416744032  0.81043594275482633
  0.81698925134221245  0.82354255992959846  0.83009586851698458  0.85456617151006264
  0.85595128728575010  0.85733640306143744  0.85872151883712489  0.86010663461281223
  0.86149175038849968  0.86287686616418702  0.86426198193987447  0.86564709771556192
  0.86703221349124926  0.86841732926693671  0.86980244504262405  0.87118756081831150
  0.87257267659399884  0.87395779236968629  0.87534290814537363  0.87672802392106108
  0.87811313969674842  0.87949825547243587  0.88088337124812333  0.88226848702381067
  0.88365360279949812  0.88503871857518546  0.88642383435087291  0.88780895012656025
  0.88919406590224770  0.89057918167793504  0.89196429745362249  0.89334941322930983
  0.89473452900499728  0.89608901789370832  0.89732596710217094  0.89856291631063367
  0.89979986551909630  0.90103681472755892  0.90227376393602166  0.90351071314448428
  0.90474766235294701  0.90598461156140964  0.90722156076987226  0.90845850997833499
  0.90969545918679762  0.91093240839526035  0.91216935760372297  0.91340630681218571
  0.91464325602064833  0.91588020522911096  0.91774339503992253  0.92069987553737709
  0.92365635603483165  0.92661283653228610  0.92956931702974066  0.93252579752719511
  0.93548227802464967  0.93821309069369552  0.94045886389221878  0.94270463709074215
  0.94495041028926552  0.94719618348778889  0.94944195668631226  0.95168772988483552
  0.95393350308335889  0.95617927628188226  0.95840297406665276  0.96010820588685819
  0.96181343770706362  0.96351866952726906  0.96522390134747438  0.96692913316767981
  0.96863436498788524  0.97033959680809068  0.97167385021845498  1.00000000000000000
  0.05333995421727494  0.33801624116507378  0.34269914899681436  0.34738205682855489
  0.35206496466029541  0.35711538071595555  0.36246503395912644  0.36781468720229726
  0.37316434044546809  0.44119111285881618  0.54195950715590546  0.56373255115433929
  0.56528066843601310  0.56682878571768680  0.56837690299936050  0.56992502028103431
  0.57147313756270801  0.57302125484438171  0.57456937212605541  0.57611748940772922
  0.57766560668940292  0.57921372397107662  0.58076184125275032  0.58230995853442413
  0.58385807581609783  0.58540619309777164  0.58695431037944534  0.58850242766111904
  0.59005054494279285  0.59159866222446655  0.59314677950614036  0.59469489678781406
  0.59624301406948788  0.59779113135116158  0.59933924863283528  0.60088736591450909
  0.60243548319618279  0.60398360047785660  0.60553171775953030  0.60707983504120400
  0.60862795232287781  0.61017606960455151  0.61172418688622521  0.61327230416789902
  0.61482042144957272  0.61636853873124642  0.61791665601292012  0.61946477329459393
  0.62101289057626763  0.62256100785794133  0.62410912513961503  0.66778052072747474
  0.71027655178004068  0.71352845099189732  0.71678035020375386  0.72003224941561039
  0.72328414862746693  0.72653604783932346  0.72978794705118000  0.73303984626303653
  0.73629174547489307  0.73954364468674949  0.74279554389860603  0.74604744311046256
  0.74929934232231910  0.75162388200200114  0.75369373722022204  0.75576359243844293
  0.75783344765666394  0.75990330287488483  0.76197315809310573  0.76404301331132674
  0.76611286852954763  0.76818272374776853  0.77025257896598953  0.77269205377417594
  0.77527568147234405  0.77785930917051227  0.78044293686868038  0.78302656456684860
  0.78561019226501672  0.78819381996318494  0.79077744766135305  0.79336107535952116
  0.79594470305768938  0.79852833075585750  0.80111195845402561  0.80369558615219372
  0.80627921385036194  0.80886284154853005  0.81144646924669817  0.85773956709630206
  0.87757914795299408  0.89667513700908619  0.90099406639734880  1.00000000000000000
   2.2383970175860724E-012  -1.0000000000000000     
 F F F F F F F F F F F F F F F F F F F F F F F F F F F F F F F F F F F F F F F F F F F F F F F F F F F F F F F F F F F F F F F F
  <DiscreteSampler_grid>
  grouped_processes
  1 # 1 for a reference and 2 for a running grid.
  10 # Attribute 'min_bin_probing_points' of the grid.
  1 # Attribute 'grid_mode' of the grid. 1=='default',2=='initialization'
  0.0000000000000000 # Attribute 'small_contrib_threshold' of the grid.
  0.5000000000000000 # Attribute 'damping_power' of the grid.
 # binID   n_entries weight   weight_sqr   abs_weight
    10   10   1.332419643480812E+003   8.287550619209940E+006   1.332419643480812E+003
  </DiscreteSampler_grid>
