  0.00969140342121496  0.01629100848465572  0.02519952249819504  0.03531198109819390
  0.04549245713219186  0.05599493337577571  0.06650145914625952  0.07737101976448564
  0.08833094766907736  0.09925391722215235  0.11008143264221629  0.12037565340517611
  0.13113699661104986  0.14209878472646917  0.15434183083934119  0.16779985177020479
  0.18152419183438684  0.19422848007538882  0.20551536012611571  0.21599085352669448
  0.22587763902140479  0.23507737369636733  0.24400768880696513  0.25378401938651252
  0.26405060296328342  0.27443666573809555  0.28530720072915217  0.29664657233402608
  0.30811086594906373  0.31965184118394668  0.33094327540631074  0.34188777566418183
  0.35252781050363730  0.36317585611357206  0.37432083779295788  0.38648614248622654
  0.39811316112008799  0.40849053399276603  0.41834300423428156  0.42858291950103711
  0.43851249818700155  0.44787072027447850  0.45712461584267172  0.46733150289807557
  0.47807545925852707  0.48825750109439703  0.49905480629018151  0.50988025244409163
  0.52041638775443844  0.53101504213496675  0.54179799468121492  0.55327630423696794
  0.56477033604676985  0.57594759463035650  0.58665521628548267  0.59712041002077265
  0.60750115248358838  0.61833841420861679  0.62982753973781569  0.64128835919643978
  0.65252817013745823  0.66313076329124132  0.67292593692037528  0.68182519160812072
  0.68945846728252003  0.69684554423150658  0.70438459696444500  0.71274563434586424
  0.72224674495965901  0.73280502921527257  0.74378538712911446  0.75393836776080059
  0.76383480620236133  0.77390840354162882  0.78431684738255125  0.79459181685392755
  0.80466826685979398  0.81563385078112638  0.82739060391695296  0.83890052998879039
  0.84968257425350269  0.85997252462063112  0.87037609337251554  0.88086387459863846
  0.89153530293994265  0.90180771664864245  0.91184225769566896  0.92235967711235867
  0.93324367377077544  0.94338736254798217  0.95273108661166006  0.96247514803135925
  0.97234788390611759  0.98247778016432052  0.99120577439181623  1.00000000000000000
  0.00109793159810436  0.00159250217084681  0.00189373245154793  0.00215160206664018
  0.00239194650424025  0.00260898517645604  0.00279927021598517  0.00298448147785246
  0.00318086520707609  0.00339345316027337  0.00360664963082258  0.00381344245713824
  0.00401794290814499  0.00422755786458063  0.00444369333719978  0.00467061572480092
  0.00488926373447199  0.00511014329551765  0.00532966865333519  0.00556624318368379
  0.00581870995746009  0.00610665679485976  0.00642366943269331  0.00673529590506217
  0.00705022255962192  0.00737021786154470  0.00768484100268597  0.00797835349500660
  0.00827405766994402  0.00856684757636960  0.00886334015496687  0.00917759833958534
  0.00951434402250990  0.00989150350658700  0.01028914480046073  0.01066797617982016
  0.01106154842534930  0.01146048838887425  0.01187098331031676  0.01229460873882296
  0.01271422041624031  0.01311930155178480  0.01351417808410155  0.01389077585872763
  0.01433786248488677  0.01482304350728404  0.01534059000115316  0.01589586350154360
  0.01650720358413423  0.01717735782214207  0.01783663455699348  0.01842803382563045
  0.01900954359270600  0.01957773917616050  0.02006748296434036  0.02053894850840202
  0.02102802485566678  0.02159015533101668  0.02217199000574351  0.02274709118098294
  0.02336511939695892  0.02401719942071596  0.02471335404073917  0.02542216761003168
  0.02615105485791859  0.02693119379908560  0.02774534569055048  0.02856196047959247
  0.02978796796126680  0.03111940842785248  0.03245847575033569  0.03384787251389473
  0.03530742540954721  0.03686276217909306  0.03854956558701119  0.04035413647410966
  0.04225693403730391  0.04487339297508683  0.04754441387421759  0.05199915224590582
  0.05856235604253739  0.06512555983916896  0.07053141298975850  0.07585656947627686
  0.08096721489481497  0.08575968509232020  0.09030931357951832  0.09256207922530391
  0.09673046144048705  0.10155444428536271  0.10653404602687279  0.11552304559551917
  0.12991883534750623  0.14898551680365341  0.27827070992252634  1.00000000000000000
 -0.00000133103183600  0.00000386787689822  0.00001266078792798  0.00002233763115163
  0.00003216577040783  0.00004207018759267  0.00005154357618356  0.00006107698565722
  0.00007022397774088  0.00007916436477652  0.00008788241561146  0.00009593537391920
  0.00010337583693871  0.00011111869556140  0.00011998321744027  0.00012993051339558
  0.00014039358720061  0.00015079797503752  0.00016160139886852  0.00017342741370145
  0.00018627559617930  0.00019950661348266  0.00021283424981616  0.00022709337661558
  0.00024104398649063  0.00025546841887913  0.00027107128209856  0.00028750454512698
  0.00030467207294913  0.00032259224357514  0.00034487717879372  0.00036667331325304
  0.00038821887283865  0.00041046713125747  0.00043399544422830  0.00045808670814236
  0.00048447330515432  0.00051624424117509  0.00054812354164447  0.00057770942043696
  0.00060623369791762  0.00063586419563526  0.00066700673881689  0.00070069672362645
  0.00073406191027964  0.00076924107134145  0.00080734934367968  0.00084762520023407
  0.00089185090753661  0.00093984785178322  0.00099002292285013  0.00104366907237468
  0.00109980575174714  0.00115802408012829  0.00121932882037872  0.00128238599701097
  0.00134627627666923  0.00141025356097996  0.00147594053621250  0.00154529402878737
  0.00162497837754488  0.00171504847369314  0.00180304082180644  0.00189540281313426
  0.00199064565848491  0.00210338846810418  0.00223214305641919  0.00236655970282233
  0.00250879116514087  0.00266474481834047  0.00282656843111557  0.00299566575472137
  0.00319699516547153  0.00342896291704321  0.00368361275844387  0.00396293293015445
  0.00424400429448504  0.00454346899708204  0.00490019902429531  0.00527235792994068
  0.00574812183679078  0.00627563057980329  0.00688840732583248  0.00756089550304123
  0.00837164346016227  0.00943915136334216  0.01060584800833084  0.01198501044911331
  0.01394142092492608  0.01634537839195069  0.01946386340706242  0.02356131057519835
  0.03140168466869379  0.04833150028529818  0.23689724582777441  1.00000000000000000
 -0.00311124261925769  0.01099936789058009  0.02288337700917685  0.03482426123858199
  0.04665120682545681  0.05840539143810105  0.07012861283282681  0.08121637834689759
  0.09183803890206473  0.10178572494746761  0.11142265767115338  0.12125438458857526
  0.13165904341427587  0.14266932944198440  0.15374786172671590  0.16480216372590520
  0.17624969138806304  0.18763809513369628  0.19913992488365440  0.21122859402240404
  0.22385291420919021  0.23702544382770951  0.24988497000208029  0.26164644158493738
  0.27297819930650369  0.28441442461741961  0.29554937975545820  0.30581506774815087
  0.31567546377187777  0.32505202176423792  0.33475908250304626  0.34457706412659123
  0.35408615415332656  0.36365008334722060  0.37376163762832082  0.38519883077297457
  0.39667563683211710  0.40789737263259374  0.41907433406617933  0.43036690086148061
  0.44106370765855984  0.45092141756107557  0.46045754394967009  0.46962852322041410
  0.47869227646337564  0.48779225571725426  0.49685082251718771  0.50663837299387071
  0.51686228166696024  0.52896880896129184  0.54257360697903489  0.55674551319572496
  0.57057219852335839  0.58314257658888002  0.59455073064924147  0.60561016011966884
  0.61660161204153163  0.62751333634878326  0.63830678837983235  0.64901629258589943
  0.65977747117080632  0.67059738407805480  0.68138567754877089  0.69178550546166462
  0.70168040477373528  0.71143216585568736  0.72088379095349675  0.72982119292202075
  0.73862404880104882  0.74720742831645026  0.75526989748732998  0.76333429061917157
  0.77221016171660806  0.78067437057524258  0.78903847721557996  0.79767584649327716
  0.80685202698892111  0.81686454210549519  0.82812562722203686  0.84023165922642340
  0.85254249584064545  0.86471946982265524  0.87608585846204967  0.88706403040803661
  0.89769340511786133  0.90806214820614528  0.91724691390433966  0.92609224122683276
  0.93461829448332989  0.94386772670064711  0.95366230125526141  0.96283248272397282
  0.97182540704926235  0.98057833705665209  0.99070950679300385  1.00000000000000000
 -0.00314732157984112  0.01277108790779792  0.02444597134282689  0.03410465254043388
  0.04365577722066353  0.05365199071981325  0.06423918855923764  0.07394423772194268
  0.08469692280641554  0.09746716372748444  0.10911312408623740  0.11898280624751842
  0.12861306802478703  0.13836056322034998  0.14841643024203552  0.15858436031353304
  0.16846379200811207  0.17942510996197614  0.19088051485533097  0.20238438993407881
  0.21288424878041662  0.22213358809989475  0.23066076840867383  0.23849333958391450
  0.24641750570816398  0.25455053827810747  0.26345160524829492  0.27202556494054420
  0.28082366022530530  0.28980064092564806  0.29952116798835443  0.30899150500316114
  0.31880243747545711  0.32903534982613980  0.33974812514035480  0.35092471342756465
  0.36244626762988730  0.37379930554342317  0.38544508365745939  0.39751377009745514
  0.40950261153722806  0.42142944671784527  0.43311561937640869  0.44504761873686843
  0.45747451807071426  0.46908620389844047  0.48028675920017316  0.49209403581369288
  0.50306869901247586  0.51282426785918800  0.52240874986991603  0.53270104465700840
  0.54372721624383380  0.55642784111672072  0.56935524606495791  0.58167773177186755
  0.59280894030942155  0.60371631760773048  0.61405187602196321  0.62430037477255984
  0.63460992013918771  0.64484471214646777  0.65493748941674323  0.66462140979103890
  0.67452996432546919  0.68465376089344132  0.69520050506722353  0.70552403925353635
  0.71595458899723252  0.72699726622551208  0.73918753996872000  0.75242977944467093
  0.76533680039993801  0.77676677443836217  0.78668858094065630  0.79642721195123944
  0.80613746625815286  0.81619141514284332  0.82668719912251409  0.83758804241106610
  0.84891973526863573  0.86026647990234373  0.87189589631630482  0.88369761420557325
  0.89413743812372670  0.90337098993716136  0.91245565276680385  0.92332463188543579
  0.93530282596497760  0.94605817697437145  0.95544334661132069  0.96468835943545306
  0.97400411263745656  0.98280822724446903  0.99145646327523218  1.00000000000000000
  0.00228279095419207  0.00928398636405868  0.01449361363863464  0.01883787700004576
  0.02454842184712981  0.03071656730373725  0.03692859092378650  0.04343397926076079
  0.04979083835729361  0.05599893654237976  0.06297707238077015  0.06995640043743644
  0.07710114896232781  0.08389721407541055  0.09048353266527095  0.09716708420486818
  0.10368727172308857  0.10986072780690705  0.11593894220258161  0.12226614506883178
  0.12884420588491499  0.13534590242767844  0.14146887557249999  0.14752708731090750
  0.15373634233579758  0.15996098854378754  0.16659586901690643  0.17389690755788897
  0.18185487915889462  0.18976727862145532  0.19716128149969731  0.20440419893123374
  0.21147328252947306  0.21848882255440419  0.22560004556898361  0.23267736111591958
  0.24072720684654911  0.24946588766054259  0.25872594913444830  0.26755201164265502
  0.27580827911409378  0.28379378176390191  0.29169857631924428  0.29950734570997639
  0.30721796291929804  0.31476120790207784  0.32264563360073395  0.33014697296619067
  0.33803066302922602  0.34640868190615076  0.35512384000441760  0.36310540510565398
  0.37079254789538207  0.37872077745675797  0.38703965838616516  0.39558788593852678
  0.40372607305259706  0.41158278491451034  0.41989249678999729  0.42931669063019962
  0.43930206129349181  0.44943317349186718  0.45962895125694470  0.46978875282591698
  0.47944647785394912  0.48857056593734127  0.49799902941765672  0.50861053043420379
  0.51974162311316674  0.53120524483234599  0.54260113621453565  0.55425678711316162
  0.56583532329660713  0.57776892252984047  0.58926598450277035  0.60071084391307972
  0.61280605780585373  0.62538032184379100  0.63872550233912895  0.65429991575664437
  0.67045575135023150  0.68608736635231227  0.70209688554442440  0.71867097144378866
  0.73658155943447601  0.75538412547680167  0.77324426781122180  0.79065767618421012
  0.80841299309574022  0.82746284951123461  0.84800775994175193  0.86995375841415379
  0.89145374040597303  0.91690521760793220  0.95016666552103579  1.00000000000000000
 -0.00144965646848192  0.00686992704583062  0.01474538844161515  0.02382381422403555
  0.03303725582817310  0.04210961728588317  0.05139197334841106  0.06115470726472007
  0.07193324357722282  0.08303217021761987  0.09433203708630451  0.10627846698701864
  0.11810878192759761  0.12998130846051975  0.14217232570217403  0.15406043136897854
  0.16518346351593613  0.17515576475680691  0.18522339823854550  0.19589295911185406
  0.20673591907311981  0.21720166306453026  0.22777293069704055  0.23789605380433404
  0.24736572802892057  0.25612231373030403  0.26434046090025487  0.27423248883321127
  0.28438708062454637  0.29484836607151871  0.30432253571465911  0.31334750617981960
  0.32275279526005796  0.33339244247959476  0.34477507188549195  0.35591277075054989
  0.36634239290340276  0.37652670241880559  0.38677821606883533  0.39679964789467581
  0.40638581464526441  0.41631812573405375  0.42673754970769312  0.43795281585418971
  0.44912786760615492  0.46064595901939170  0.47333286098095190  0.48603652159387711
  0.49804922185443551  0.50917599965988902  0.52000604415491136  0.53107529015306121
  0.54198907966418974  0.55262455744221384  0.56352664002836028  0.57443024321570268
  0.58453247805176367  0.59425189415349600  0.60512182737836318  0.61658350079135482
  0.62726235483990622  0.63708600561845741  0.64717117344962283  0.65719591984940717
  0.66769346147177155  0.67840012024674823  0.68854843666909471  0.69828120807136318
  0.70771961961357155  0.71719384073282566  0.72683824178773382  0.73721716878474386
  0.74818172395096783  0.75855540311562430  0.76805237421335937  0.77802981302218743
  0.78876380906803678  0.80021882316816462  0.81167942863455167  0.82316840042930406
  0.83435567774879205  0.84496196134695301  0.85574712848524970  0.86683333093201376
  0.87889495585504984  0.89084066672290385  0.90311850178628916  0.91455177639224416
  0.92588859906893395  0.93675096617652998  0.94738846851375058  0.95770553854461360
  0.96791406662158375  0.97801342004286107  0.98890122886203735  1.00000000000000000
 -0.00353255669229403  0.01294355310088241  0.02660583029028909  0.03896794470274947
  0.05099170180361185  0.06219836837066634  0.07354400257439797  0.08478009114702449
  0.09546819808428039  0.10501057092330095  0.11406545379009497  0.12376040465778404
  0.13404628898047455  0.14392381033399929  0.15297974808535283  0.16219611812121382
  0.17195894098508935  0.18171027126717695  0.19108168854565749  0.20028265640318543
  0.20986087970740466  0.22063096562067652  0.23090052006746609  0.24106408101494448
  0.25118006057635733  0.26122897662194039  0.27143208243014816  0.28097478406674575
  0.29052782208187689  0.30080251429956362  0.31119802530813007  0.32152998375142006
  0.33195774260648303  0.34260026844661023  0.35458959587231487  0.36593917210695959
  0.37748387469290107  0.38796775036446979  0.39811496110043976  0.40772341146172003
  0.41702703649426814  0.42635843723122269  0.43547378655499613  0.44512876437975302
  0.45533499860651505  0.46593518104376608  0.47674178738204198  0.48775322964539219
  0.49846638129412157  0.50836311421574198  0.51793880930531289  0.52784795335530910
  0.53804177858880942  0.54804769690960864  0.55800335224884934  0.56917648014345268
  0.58163263112257446  0.59364658645844515  0.60414274233877907  0.61445132149411286
  0.62435947111105916  0.63390919473890062  0.64385198977901914  0.65444228686991557
  0.66489260446700948  0.67513797836627665  0.68538088804307939  0.69805785702360523
  0.71104639060874297  0.72367561024897897  0.73371907564036554  0.74241404668776312
  0.75123785211920047  0.75976921578513279  0.77034277354253888  0.78012908202453968
  0.78881597248001178  0.79752903243994921  0.80618015858118186  0.81515183206486164
  0.82461794765140162  0.83587770194838784  0.84961935629933072  0.86232277549112690
  0.87395330540085092  0.88584217917145025  0.89795313143859556  0.90970303120380669
  0.92102694751614123  0.93244195882590530  0.94385405358143837  0.95526315224933767
  0.96647448074611875  0.97764758846616306  0.98878577918726196  1.00000000000000000
 -0.01985451157817170  0.37383791056018345  0.48575491854732988  0.55088761098817784
  0.59899878047419108  0.63529854443820799  0.66426326672148583  0.68931193878482333
  0.71122099743122635  0.72996726418491942  0.74643610496805479  0.76084341462384475
  0.77362023780088573  0.78532652735011554  0.79602114960374437  0.80535769117529110
  0.81378441215793873  0.82154423793134179  0.82930355567685665  0.83653241322478078
  0.84350404489800157  0.85013362928328595  0.85635487969064472  0.86213328727235050
  0.86770105460297364  0.87294413141468197  0.87760552381477852  0.88171589132165207
  0.88560313902762555  0.88940405786532284  0.89325887015418304  0.89695965760023622
  0.90049009050398510  0.90384088321265299  0.90707133282056207  0.91008915984711980
  0.91300175055005317  0.91594601697618006  0.91850973024538585  0.92095451319029187
  0.92334304866966188  0.92560686673274462  0.92796660009434739  0.93016495597042814
  0.93236092257906567  0.93453120261436007  0.93672069315721262  0.93881259448133603
  0.94086275714875112  0.94279406509510377  0.94460213391562042  0.94629771271857255
  0.94793551296207779  0.94958127263002856  0.95119786785778904  0.95274243032777917
  0.95420914864535455  0.95566093241120875  0.95708204879564063  0.95846576279501805
  0.95979407987701237  0.96105062186705481  0.96237666731514848  0.96379903618047413
  0.96519578976539977  0.96653353442670875  0.96782266401962347  0.96908562686824484
  0.97025661596814627  0.97143017557711098  0.97257182025083022  0.97368636237455874
  0.97479169471701532  0.97591358297713360  0.97701352787612339  0.97810638050480281
  0.97921009164255379  0.98031100002800398  0.98142488384790116  0.98252743816332588
  0.98357423257837495  0.98463292205063679  0.98569022557412789  0.98672395529833912
  0.98769969895282828  0.98861698272837162  0.98953078584654586  0.99044467948852744
  0.99134197203673668  0.99222340995231961  0.99310230676872024  0.99401289700678164
  0.99506805599575343  0.99629976406055909  0.99793372845073058  1.00000000000000000
   1.5694287908126798E-017  -1.0000000000000000     
 F F F F F F F F F F F F F F F F F F F F F F F F F F F F F F F F F F F F F F F F F F F F F F F F F F F F F F F F F F F F F F F F
  <DiscreteSampler_grid>
  grouped_processes
  1 # 1 for a reference and 2 for a running grid.
  10 # Attribute 'min_bin_probing_points' of the grid.
  1 # Attribute 'grid_mode' of the grid. 1=='default',2=='initialization'
  0.0000000000000000 # Attribute 'small_contrib_threshold' of the grid.
  0.5000000000000000 # Attribute 'damping_power' of the grid.
 # binID   n_entries weight   weight_sqr   abs_weight
    10   10   3.506210861037804E-007   4.464307364371464E-013   3.506210861037804E-007
  </DiscreteSampler_grid>
