  0.05549728251286470  0.67110175314869591  0.67553683963072508  0.67997192611275437
  0.68440701259478354  0.68900361837216872  0.69397245981744682  0.69894130126272491
  0.70391014270800301  0.70942147139037415  0.71933034585431344  0.72969346716676786
  0.80164022530974688  0.87358698345272578  0.87584650065040881  0.87670995941758911
  0.87757341818476930  0.87843687695194961  0.87930033571912980  0.88016379448631010
  0.88102725325349041  0.88189071202067060  0.88275417078785090  0.88361762955503109
  0.88448108832221140  0.88534454708939170  0.88620800585657189  0.88707146462375219
  0.88793492339093238  0.88879838215811269  0.88966184092529299  0.89052529969247318
  0.89138875845965349  0.89225221722683368  0.89311567599401398  0.89397913476119428
  0.89484259352837447  0.89570605229555478  0.89655083245697687  0.89739238319127801
  0.89823393392557915  0.89907548465988030  0.89991703539418144  0.90075858612848259
  0.90160013686278373  0.90244168759708487  0.90328323833138602  0.90412478906568716
  0.90496633979998831  0.90580789053428945  0.90664944126859059  0.90749099200289174
  0.90833254273719288  0.90917409347149403  0.91001564420579517  0.91085719494009632
  0.91169874567439746  0.91254029640869860  0.91338184714299975  0.91422339787730089
  0.91506494861160204  0.91590649934590318  0.91674798645898314  0.91758887931371014
  0.91842977216843702  0.91927066502316401  0.92011155787789101  0.92095245073261800
  0.92179334358734499  0.92263423644207188  0.92347512929679887  0.92431602215152586
  0.92515691500625286  0.92599780786097985  0.92683870071570684  0.92767959357043372
  0.92852048642516072  0.92936137927988771  0.93020227213461470  0.93104316498934170
  0.93188405784406869  0.93272495069879557  0.93356584355352257  0.93440673640824956
  0.93524762926297655  0.93608852211770355  0.93692941497243054  0.93812279978275026
  0.94006024973655822  0.94199769969036629  0.94393514964417435  0.94587259959798242
  0.94781004955179038  0.94974749950559845  0.95056291028082052  1.00000000000000000
 -0.00002083346607947  0.00132921900487721  0.00161652310735635  0.00182122413629768
  0.00186192801266616  0.00190263188903463  0.00194362564392158  0.00198767787688642
  0.00203173010985126  0.00207578234281609  0.00211975203707603  0.00216362647939667
  0.00220750092171732  0.00225137536403796  0.00230893394273835  0.00237872255121831
  0.00244851115969827  0.00252317898510463  0.00259870850006336  0.00283107306058590
  0.00404625028887979  0.00578132204073011  0.00658231952902995  0.00687439313002372
  0.00690441597921999  0.00693443882841626  0.00696446167761253  0.00699448452680881
  0.00702450737600508  0.00705453022520135  0.00708455307439762  0.00711457592359389
  0.00714459877279017  0.00717462162198644  0.00720464447118271  0.00723466732037898
  0.00726469016957525  0.00729471301877153  0.00732473586796780  0.00735475871716407
  0.00738478156636034  0.00741480441555661  0.00744545917127151  0.00747795174114593
  0.00751044431102035  0.00754293688089477  0.00757542945076919  0.00760792202064361
  0.00764041459051802  0.00767290716039244  0.00770539973026686  0.00773789230014128
  0.00777038487001570  0.00780287743989012  0.00783537000976454  0.00786786257963895
  0.00790035514951337  0.00793284771938779  0.00796534028926221  0.00799783285913663
  0.00803032542901105  0.00806396341099467  0.00809913683676010  0.00813431026252553
  0.00816948368829095  0.00820465711405638  0.00823983053982181  0.00827500396558724
  0.00831017739135267  0.00834535081711810  0.00838052424288352  0.00841569766864895
  0.00845087109441438  0.00848604452017981  0.00852121794594523  0.00855639137171066
  0.00859156479747609  0.00862673822324152  0.00866191164900695  0.00869708507477237
  0.00899181023307713  0.00965208066900176  0.01379109553549264  0.01971239660359706
  0.02318284351581926  0.02318284351582926  0.02318284351583925  0.02318284351584925
  0.02318284351585925  0.02318284351586925  0.02318284351587925  0.02318284351588925
  0.02318284351589925  0.02318284351590925  0.02318284351591925  1.00000000000000000
  0.00006394572006157  0.00006765901521604  0.00007137231037051  0.00007508560552498
  0.00007921030113417  0.00008349251303697  0.00008777472493977  0.00013261299206876
  0.00019044936364216  0.00019160787192226  0.00019276638020237  0.00019392488848248
  0.00019508339676258  0.00019624190504269  0.00019740041332279  0.00019855892160290
  0.00019971742988301  0.00020087593816311  0.00020203444644322  0.00020319295472333
  0.00020435146300343  0.00020550997128354  0.00020666847956365  0.00020782698784375
  0.00020898549612386  0.00021014400440397  0.00021130251268407  0.00021255473205409
  0.00021384420065110  0.00021513366924811  0.00021642313784512  0.00021771260644213
  0.00021900207503913  0.00022029154363614  0.00022158101223315  0.00022287048083016
  0.00022415994942717  0.00022544941802417  0.00022673888662118  0.00022802835521819
  0.00022931782381520  0.00023060729241221  0.00023189676100922  0.00023318622960622
  0.00023447569820323  0.00023578888183992  0.00023722411479528  0.00023865934775064
  0.00024009458070601  0.00024152981366137  0.00024296504661673  0.00024440027957210
  0.00024583551252746  0.00024727074548283  0.00024870597843819  0.00025014121139355
  0.00025157644434892  0.00025301167730428  0.00025444691025964  0.00025588214321501
  0.00025731737617037  0.00025875260912573  0.00026018784208110  0.00026162307503646
  0.00035473048666949  0.00058189134644786  0.00095288507345449  0.00156376886221446
  0.00249158643613670  0.00259848066284177  0.00270537488954684  0.00281749351058026
  0.00293647129511971  0.00305544907965916  0.00318524425541099  0.00331767154966489
  0.00374188759840887  0.00489878305703503  0.00522861986546617  0.00559227086817502
  0.00597132356993583  0.00637994616286961  0.00906943002566150  0.01487976116158173
  0.02164660085367499  0.02334253215152094  0.02509880919037290  0.03145193713939254
  0.04337459559154268  0.04337459559155268  0.04337459559156268  0.04337459559157268
  0.04337459559158268  0.04337459559159268  0.04337459559160268  1.00000000000000000
  0.03525369962056485  0.03878900238385048  0.04395462644787627  0.05625413564177787
  0.07357962977825934  0.13004320068108893  0.21246531990317125  0.29488743912525367
  0.32091804532656371  0.33162376764925633  0.34232948997194906  0.35303521229464185
  0.36374093461733448  0.37444665694002716  0.45316199493666898  0.53558411415875140
  0.61800623338083371  0.62937592340611148  0.63415758531756727  0.63893924722902307
  0.64372090914047886  0.64850257105193465  0.65328423296339055  0.65806589487484635
  0.66284755678630214  0.66755014301802174  0.67193898131713869  0.67632781961625565
  0.68071665791537261  0.68510549621448957  0.69046507936446311  0.69699019026531372
  0.70351530116616434  0.71004041206701507  0.71656552296786569  0.72309063386871641
  0.73483920917202994  0.81726132839411214  0.89587391333404032  0.89674263810701682
  0.89761136287999332  0.89848008765296972  0.89934881242594622  0.90021753719892272
  0.90108626197189912  0.90195498674487562  0.90282371151785212  0.90369243629082852
  0.90456116106380502  0.90542988583678152  0.90629861060975792  0.90716733538273442
  0.90803606015571081  0.90890478492868731  0.90977350970166382  0.91064223447464021
  0.91151095924761671  0.91237968402059322  0.91324840879356961  0.91411713356654611
  0.91498585833952262  0.91585458311249901  0.91671005459936850  0.91737550941794366
  0.91804096423651882  0.91870641905509398  0.91937187387366925  0.92003732869224442
  0.92070278351081958  0.92136823832939474  0.92203369314796990  0.92269914796654506
  0.92336460278512023  0.92403005760369539  0.92469551242227055  0.92536096724084571
  0.92602642205942087  0.92669187687799603  0.92735733169657120  0.92802278651514647
  0.92868824133372163  0.92935369615229679  0.93001915097087196  0.93068460578944712
  0.93135006060802228  0.93201551542659744  0.93268097024517260  0.93334642506374776
  0.93401187988232293  0.93467733470089809  0.93534278951947325  0.93600824433804841
  0.93667369915662357  0.93733915397519874  0.96471530596415189  1.00000000000000000
  0.00269883473714192  0.21365139230217028  0.21896945127100734  0.22428751023984436
  0.22965642608441017  0.23559070354871314  0.24152498101301609  0.24745925847731903
  0.29639619305178383  0.37752923174447317  0.42834503281178465  0.45090694994714231
  0.47346886708250013  0.50328137422039831  0.50996878229726106  0.51665619037412380
  0.52334359845098666  0.53003100652784951  0.53671841460471237  0.54340582268157522
  0.55009323075843797  0.55678063883530082  0.57424454836286132  0.65537758705555071
  0.73651062574824022  0.81764366444092962  0.83409732484897836  0.83504447890581979
  0.83599163296266132  0.83693878701950286  0.83788594107634429  0.83883309513318582
  0.83978024919002736  0.84072740324686879  0.84167455730371032  0.84262171136055186
  0.84356886541739329  0.84451601947423482  0.84546317353107636  0.84641032758791779
  0.84735748164475932  0.84830463570160086  0.84925178975844229  0.85019894381528383
  0.85114609787212536  0.85209325192896679  0.85304040598580833  0.85398756004264986
  0.85493471409949129  0.85588186815633283  0.85682902221317425  0.85777617627001579
  0.85872333032685721  0.85967048438369875  0.86061763844054029  0.86156479249738172
  0.86251194655422325  0.86345910061106468  0.86440625466790622  0.86535340872474764
  0.86630056278158918  0.86724771683843060  0.86819487089527214  0.86914202495211368
  0.87008917900895510  0.87103633306579664  0.87198348712263807  0.87293064117947961
  0.87387779523632103  0.87482494929316257  0.87577196365475785  0.87671894634474912
  0.87766592903474039  0.87861291172473166  0.87955989441472282  0.88050687710471409
  0.88145385979470536  0.88240084248469663  0.88334782517468791  0.88429480786467918
  0.88524179055467034  0.88618877324466161  0.88713575593465288  0.88808273862464415
  0.88902972131463542  0.88997670400462658  0.89092368669461786  0.89187066938460913
  0.89281765207460040  0.89376463476459167  0.89471161745458294  0.89565860014457410
  0.90438415059924859  0.91458535591761270  0.91458535591762269  1.00000000000000000
  0.08671402533849079  0.30149457423726622  0.31132248180786570  0.32182649106292655
  0.33242253340440170  0.33923643530875880  0.34569466483088679  0.35215289435301472
  0.35861112387514266  0.36506935339727054  0.37152758291939841  0.37798581244152635
  0.38444404196365423  0.39090227148578210  0.41512414120504176  0.49670291410389372
  0.57828168700274574  0.65986045990159781  0.69556386788342583  0.70775982271248417
  0.71995577754154250  0.73215173237060094  0.74434768719965916  0.77709784825431449
  0.79330464798712719  0.79803706209684977  0.80276947620657246  0.80750189031629516
  0.81223430442601774  0.81696671853574043  0.82169913264546313  0.82643154675518571
  0.83116396086490840  0.83589649353033046  0.84062912654194533  0.84536175955356008
  0.85009439256517494  0.85428663674848138  0.85514643338467178  0.85600623002086218
  0.85686602665705258  0.85772582329324298  0.85858561992943350  0.85944541656562390
  0.86030521320181430  0.86116500983800470  0.86202480647419510  0.86288460311038551
  0.86374439974657591  0.86460419638276631  0.86546399301895671  0.86632378965514723
  0.86718358629133763  0.86804338292752803  0.86890317956371843  0.86976297619990883
  0.87062277283609923  0.87148256947228964  0.87234236610848004  0.87320216274467055
  0.87406195938086095  0.87492175601705136  0.87542142323481742  0.87588503663079997
  0.87634865002678242  0.87681226342276486  0.87727587681874741  0.87773949021472986
  0.87820310361071230  0.87866671700669485  0.87913033040267730  0.87959394379865985
  0.88005755719464229  0.88052117059062474  0.88098478398660729  0.88144839738258973
  0.88191201077857218  0.88237562417455473  0.88283923757053717  0.88330285096651973
  0.88376646436250217  0.88423007775848461  0.88469369115446717  0.88515730455044961
  0.88562091794643205  0.88608453134241461  0.88654814473839705  0.88701175813437949
  0.88747537153036204  0.88793898492634449  0.88840259832232704  0.88886621171830948
  0.88932982511429193  0.88966507116953530  0.88966507116954530  1.00000000000000000
 -0.00291926841323043  0.00740627339152217  0.01481254678304435  0.02235339705902068
  0.03047906609457484  0.03860473513012899  0.04229244528428902  0.04329661857275686
  0.04430079186122471  0.04530496514969255  0.04630913843816040  0.04731331172662824
  0.04831748501509608  0.04932165830356393  0.05032583159203177  0.05133000488049961
  0.05233417816896745  0.05333835145743530  0.05434252474590313  0.05534669803437098
  0.05635087132283882  0.05735504461130667  0.05835921789977451  0.05936339118824235
  0.06036756447671019  0.06137173776517803  0.06237591105364588  0.06338008434211373
  0.06438425763058156  0.06538843091904940  0.06639260420751725  0.06739677749598509
  0.06840095078445294  0.06940512407292078  0.07040929736138862  0.07141347064985647
  0.07241764393832431  0.07342181722679215  0.07442599051526000  0.07543016380372784
  0.07643433709219567  0.07743851038066352  0.07844268366913136  0.07944685695759920
  0.08045103024606705  0.08145520353453489  0.08245937682300274  0.08346355011147058
  0.08446772339993844  0.08547189668840630  0.08647606997687414  0.08748024326534200
  0.08848441655380986  0.08948858984227770  0.09049276313074556  0.09149693641921341
  0.09250110970768127  0.09350528299614912  0.09450945628461697  0.09551362957308483
  0.09651780286155268  0.09752197615002053  0.09852614943848839  0.09953032272695624
  0.10053449601542409  0.10153866930389194  0.10254284259235980  0.10354701588082765
  0.13693677692353959  0.17007630352078051  0.17530099142508712  0.18052567932939370
  0.18575036723370031  0.19097505513800689  0.19619974304231350  0.20142443094662008
  0.20664911885092668  0.21187380675523332  0.21709849465953995  0.22232318256384659
  0.22754787046815325  0.28822988851240910  0.37380841553002875  0.44359198702835184
  0.46741181820677347  0.49123164938519520  0.55407609845847816  0.62725349594112745
  0.64041322244498233  0.65307029320291587  0.66537535037039364  0.67079246441523244
  0.67079246441524243  0.67079246441525242  0.67079246441526241  1.00000000000000000
  0.01153879960378007  0.01370417326567062  0.01586954692756116  0.01803492058945171
  0.02020029425134225  0.02471572494621004  0.03020201276738501  0.03568830058855999
  0.04117458840973497  0.12345075863659109  0.13229375071322064  0.13971548187878557
  0.14713721304435054  0.15455894420991556  0.16198067537548058  0.16940240654104557
  0.17682413770661051  0.18424586887217548  0.23795003550418897  0.32779229421774425
  0.41763455293129975  0.43832151026337002  0.43937623590580305  0.44043096154823602
  0.44148568719066900  0.44254041283310197  0.44359513847553500  0.44464986411796797
  0.44570458976040095  0.44675931540283398  0.44781404104526695  0.44886876668769993
  0.44992349233013290  0.45097821797256593  0.45203294361499891  0.45308766925743188
  0.45414239489986485  0.45519712054229788  0.45625184618473086  0.45730657182716383
  0.45836129746959681  0.45941602311202984  0.46047074875446281  0.46152547439689584
  0.46258020003932881  0.46363492568176184  0.46468965132419482  0.46574437696662785
  0.46679910260906082  0.46785382825149385  0.46890855389392683  0.46996327953635986
  0.47101800517879283  0.47207273082122586  0.47312745646365884  0.47418218210609181
  0.47523690774852484  0.47629163339095781  0.47734635903339084  0.47840108467582382
  0.47945581031825685  0.48051053596068982  0.48156526160312280  0.48261998724555583
  0.48367471288798880  0.48472943853042177  0.48578416417285475  0.48683888981528778
  0.48789361545772075  0.48894834110015373  0.49000306674258670  0.49105779238501973
  0.49211251802745271  0.49316724366988568  0.49422196931231871  0.49527669495475168
  0.49633142059718466  0.49738614623961763  0.49844087188205066  0.49949559752448364
  0.50628073458154466  0.51831811954861162  0.53035550451567881  0.54239288948274589
  0.55443027444981297  0.59211303346149102  0.68195529217504636  0.72599945094530671
  0.75100825070836708  0.78945545277252527  0.85803166635524641  0.87184885161134595
  0.88497338159140504  0.91015774128643379  0.96548188130060830  1.00000000000000000
  0.14556580384572340  0.16494773077609268  0.18487295857046454  0.25124508307153537
  0.32462637279769740  0.39800766252385944  0.47138895225002153  0.54477024197618362
  0.61815153170234560  0.69153282142850769  0.76491411115466967  0.79470360474728807
  0.79948294171472356  0.80426227868215916  0.80904161564959465  0.81382095261703025
  0.81860028958446585  0.82337962655190133  0.82815896351933693  0.83293830048677242
  0.83771763745420802  0.84249697442164373  0.84727631138907933  0.85205564835651493
  0.85947221673951701  0.86897520901764580  0.87847820129577447  0.88798119357390315
  0.89748418585203182  0.90698717813016061  0.91649017040828940  0.94513141355734520
  0.95607216243466997  0.95894042997362117  0.95970568513948151  0.96047094030534186
  0.96123619547120220  0.96200145063706244  0.96276670580292278  0.96353196096878313
  0.96429721613464336  0.96506247130050371  0.96582772646636406  0.96659298163222429
  0.96735823679808464  0.96812349196394498  0.96888874712980533  0.96965400229566556
  0.97041925746152591  0.97118451262738625  0.97194976779324649  0.97271502295910683
  0.97348027812496718  0.97424553329082741  0.97501078845668776  0.97577604362254811
  0.97654129878840845  0.97730655395426869  0.97807180912012903  0.97883706428598938
  0.97950010673055321  0.98008581796682315  0.98067152920309297  0.98125724043936291
  0.98184295167563285  0.98242866291190278  0.98301437414817261  0.98360008538444255
  0.98418579662071248  0.98477150785698242  0.98535721909325225  0.98594293032952218
  0.98652864156579212  0.98711435280206206  0.98770006403833188  0.98828577527460182
  0.98887148651087176  0.98945719774714169  0.99004290898341152  0.99062862021968145
  0.99121433145595139  0.99180004269222133  0.99238575392849115  0.99297146516476109
  0.99355717640103103  0.99414288763730096  0.99472859887357079  0.99531431010984073
  0.99590002134611066  0.99648573258238049  0.99707144381865043  0.99765715505492036
  0.99824286629119030  0.99882857752746013  0.99941428876373006  1.00000000000000000
   8.6895211542384610E-010  -1.0000000000000000     
 F F F F F F F F F F F F F F F F F F F F F F F F F F F F F F F F F F F F F F F F F F F F F F F F F F F F F F F F F F F F F F F F
  <DiscreteSampler_grid>
  grouped_processes
  1 # 1 for a reference and 2 for a running grid.
  10 # Attribute 'min_bin_probing_points' of the grid.
  1 # Attribute 'grid_mode' of the grid. 1=='default',2=='initialization'
  0.0000000000000000 # Attribute 'small_contrib_threshold' of the grid.
  0.5000000000000000 # Attribute 'damping_power' of the grid.
 # binID   n_entries weight   weight_sqr   abs_weight
    10   10   3.623207577042686E+003   5.260904403364189E+007   3.623207577042686E+003
  </DiscreteSampler_grid>
