  0.00901446092152123  0.01874430773838320  0.03040184063617940  0.04224645773132173
  0.05274719887227550  0.06349532597338747  0.07414222413814188  0.08397299037617363
  0.09402900151770160  0.10424622980727842  0.11456208696041023  0.12394468308153049
  0.13312213300751835  0.14252113789160312  0.15280067235011680  0.16334434866657571
  0.17365387640576538  0.18346457131859356  0.19304906986699005  0.20319583333673263
  0.21382888839740002  0.22507794183795826  0.23660821386149267  0.24879694451865234
  0.26008714959578039  0.27167258391600879  0.28263301205151481  0.29390230870298878
  0.30542081499300616  0.31499049855068312  0.32368580790616480  0.33286115096332652
  0.34232756231376227  0.35172580121791186  0.36202684558979092  0.37242605133006018
  0.38322945701019784  0.39389816988669635  0.40296753245932471  0.41194952327006146
  0.42103975876648309  0.43078622600158584  0.44097141059042949  0.45144132009831339
  0.46231321489505522  0.47452691108834033  0.48477063964378952  0.49448691229877467
  0.50511755022304439  0.51626993423942424  0.52823744083236046  0.54002809740698454
  0.55254154011469947  0.56489034583512943  0.57638688753812417  0.58723718002688208
  0.59744677358277798  0.60726532632159347  0.61720611468236775  0.62732640458968636
  0.63766563385636932  0.64843404385772507  0.65991905145306018  0.67207769746657386
  0.68359069428921038  0.69442617523379324  0.70342157292878305  0.71257731762447218
  0.72213659825931587  0.73272972217536358  0.74384600321694594  0.75507786355984063
  0.76642535093818565  0.77723381860058005  0.78785263840852771  0.79692364339233113
  0.80566944564641652  0.81450270343217201  0.82355332496625433  0.83293696355645019
  0.84194225573406678  0.85175391185152738  0.86216041322822301  0.87392404029264659
  0.88640972445918376  0.89908765869479201  0.91198653856556189  0.92514469951943679
  0.93753085095383082  0.94885905277833271  0.95906817252387355  0.96812868186895018
  0.97664131861210646  0.98464094191535623  0.99035582253437648  1.00000000000000000
  0.00003799137072942  0.00008024901282198  0.00011031647463631  0.00014121785924709
  0.00017359004118376  0.00021111230917937  0.00025451023596300  0.00030345046194472
  0.00035430580326418  0.00040601867162423  0.00045819664423239  0.00051081001234838
  0.00056598088678472  0.00062136032628291  0.00068522871562549  0.00075986514080713
  0.00084619548017188  0.00094292910046887  0.00103366386933674  0.00111729295333439
  0.00120110448754215  0.00128826990437262  0.00138198257055589  0.00148094946682137
  0.00158943100316242  0.00170114680716877  0.00181481008321961  0.00194095940515425
  0.00207582887607907  0.00221118964040122  0.00234896715030783  0.00248852366634414
  0.00265409714806470  0.00282177671105843  0.00298753908377793  0.00315776836729834
  0.00333456488778813  0.00351496865660855  0.00369455742459030  0.00388049585542939
  0.00407791518770666  0.00428636158682481  0.00450016944547818  0.00472008386471815
  0.00494595067174805  0.00516454447339930  0.00538952256083743  0.00562794389719426
  0.00588405538095654  0.00618937648760136  0.00649324264177488  0.00678380758360480
  0.00707714249905883  0.00739064845666749  0.00773752035651563  0.00811458467617690
  0.00851151861606160  0.00893475477505026  0.00941412709785516  0.00997940619086866
  0.01061619542256711  0.01122137845733872  0.01181201084817393  0.01240908562080838
  0.01302745334650483  0.01373047056773943  0.01455501822880452  0.01548540732108258
  0.01665886571889834  0.01797232779651421  0.01917615659659730  0.02017166578428770
  0.02119264887607723  0.02230379700615361  0.02354526005219185  0.02494562287761548
  0.02658915337393562  0.02851699802417908  0.03042282950884289  0.03244292387969269
  0.03483069932690779  0.03761003079723081  0.04110488658560612  0.04496944683197263
  0.04903367326816037  0.05323421985804054  0.05805525502660711  0.06453727195314241
  0.07291179489436225  0.08297691511272771  0.09598396005028294  0.11463669098337076
  0.14299237157272845  0.15463987960019698  0.17823000419859183  1.00000000000000000
  0.00001992540173938  0.00006178374791790  0.00011480949859980  0.00017859228007107
  0.00025619302302360  0.00035770787587139  0.00047251944516675  0.00061988259610357
  0.00078426046455787  0.00096945788118810  0.00117162972255945  0.00138200450616601
  0.00160667679816872  0.00185175709582770  0.00212147201556088  0.00239551038575814
  0.00268727287199026  0.00297381658073014  0.00328016358828695  0.00361191297548107
  0.00396997818118475  0.00430636304888978  0.00464343567694614  0.00498159783379522
  0.00534350741197249  0.00572738305011069  0.00612597526710851  0.00657454522325833
  0.00708610004700730  0.00764808879920745  0.00822037223234991  0.00875237903245069
  0.00924162534287177  0.00973428585785899  0.01026036778644453  0.01084743833652061
  0.01147096399646452  0.01207936313012716  0.01265924497163247  0.01324635328679377
  0.01386540134236095  0.01451163101922335  0.01516290037467494  0.01586222711365159
  0.01652555684155827  0.01730024858164646  0.01814893232526625  0.01904500642853131
  0.02010550877761768  0.02127539711197600  0.02248863486359583  0.02375578307309857
  0.02503590971164996  0.02656369473267169  0.02805288512056509  0.02948701899410435
  0.03092187856973451  0.03242506519096856  0.03406729487872374  0.03589096116523957
  0.03779383065250872  0.03955202992616657  0.04147748242298564  0.04357310382620046
  0.04578908198341426  0.04801694070786428  0.05027054086611968  0.05268074252298212
  0.05546899506241846  0.05866390713216519  0.06198411930710395  0.06554894437943129
  0.06917071353345351  0.07396574936941470  0.07932867246150559  0.08476717890811185
  0.09030755699153660  0.09609142648548023  0.10104066348870093  0.10466762344986152
  0.10835218063313629  0.11224675422382298  0.11650034561918808  0.12174309774844301
  0.12749640774457921  0.13268982498520529  0.13677738853696775  0.14106805552084900
  0.14660916363432955  0.15509231711575516  0.16654639481745778  0.17183033324103283
  0.18350851529873261  0.30006232419074319  0.45721210028720966  1.00000000000000000
 -0.00227602026666083  0.00944101867797627  0.02074152313922430  0.03284049683672316
  0.04493258936140013  0.05425730552097306  0.06340685868810773  0.07280217580056617
  0.08187352443397475  0.09106233263747476  0.09982746747873851  0.10919189814606819
  0.11918518033809768  0.13014156636224114  0.14157065045324704  0.15230230427457872
  0.16257719611141278  0.17215933844161893  0.18119688581141100  0.18997061797281065
  0.19870072218231527  0.20777306477384105  0.21716184287954224  0.22688741449581731
  0.23792815102942680  0.24820743976218115  0.26032316987173787  0.27169837429802579
  0.28359377795228141  0.29508834453891325  0.30705420184914689  0.31816299539858806
  0.32858342395489404  0.33975932138778553  0.35134840495672692  0.36172419044790155
  0.37179003878173233  0.38218127706444038  0.39324272949490119  0.40339544413904416
  0.41312427802671198  0.42313969294935810  0.43330237123355531  0.44304479963783550
  0.45185981201110242  0.46175384628881422  0.47224528989026043  0.48245461784687277
  0.49183320046982187  0.50130621576676371  0.51172858868299831  0.52362294608766591
  0.53585757177767546  0.54739692499145465  0.55849516422833667  0.56986932937915147
  0.58197636986010881  0.59419816063087261  0.60615810960717587  0.61828347739381295
  0.63088558367976089  0.64313889198746110  0.65427715350054438  0.66581120143651285
  0.67767204182803387  0.68919537324804314  0.69960270933224089  0.70930715384633836
  0.71908385700829724  0.72852658359624156  0.73733364850704219  0.74597298667881384
  0.75455396166441524  0.76326649371519895  0.77218434212742182  0.78120392908884861
  0.79057362130397635  0.80039288520895746  0.81082317024789718  0.82144415626654388
  0.83119489961174242  0.84055578615465754  0.84961670529943534  0.85918754975657308
  0.86938116401892918  0.88178707528547007  0.89577381784423837  0.91026867556827995
  0.92353201939865492  0.93538525240048176  0.94638306220147195  0.95692646297151140
  0.96753180877858747  0.97839338718283364  0.98927577936308597  1.00000000000000000
 -0.00170787955893145  0.00800084083571625  0.01794882804135067  0.02771766568930121
  0.03778121950900353  0.04768986607378169  0.05715887569537680  0.06670456722770629
  0.07661233564732328  0.08675928634908811  0.09757682910051797  0.10790038595439699
  0.11795905494656540  0.12846399735267694  0.13918246825118502  0.14952990401815780
  0.15934958363195084  0.16933003440597069  0.18031178306982648  0.19300358618366550
  0.20546097177717076  0.21613653902756025  0.22697026980346915  0.23826754442234449
  0.24975660694590029  0.25948844490957501  0.26909704502112947  0.27893997651569574
  0.28832153480270095  0.29649015098615833  0.30442543788118714  0.31303775327234939
  0.32304522727631163  0.33300412778720412  0.34336362825777650  0.35335484376703113
  0.36267883636788090  0.37162365638141265  0.37938510464079267  0.38638132420069254
  0.39334040722350505  0.40055834867113599  0.40842761589329102  0.41680646161804746
  0.42603013420571401  0.43590057479018446  0.44708869971215826  0.45893861964857852
  0.47024068741215563  0.48134851847457627  0.49197932413111156  0.50202708904419613
  0.51210232847157366  0.52318218276957729  0.53542928500661191  0.54818026623129101
  0.56050997350054044  0.57245153422409567  0.58422617536585031  0.59541164749061204
  0.60697724932105657  0.61943299994710044  0.63252759383657309  0.64594842289690235
  0.65813035246201523  0.67011540477161979  0.68000075543469796  0.69054391572616269
  0.70082741694622785  0.71119382997848113  0.72184178377676600  0.73242857639596659
  0.74339441669909290  0.75480364808240430  0.76719898083502447  0.77911923952809736
  0.79084528869466753  0.80050057492093252  0.81055153636508459  0.81979019160835509
  0.82849289016985406  0.83733901575998848  0.84655567244790253  0.85725575187486269
  0.86948669529119849  0.88088362007251819  0.89155522748201355  0.90231524326485546
  0.91373219802896588  0.92595229380115429  0.93912345098066341  0.95308241067084121
  0.96580195853740158  0.97667988344504342  0.98763522989397490  1.00000000000000000
 -0.00189787489504288  0.00853748029496470  0.01812685132601522  0.02818570213294634
  0.03924955821460717  0.05127194993208028  0.06466619413614880  0.07597303535474462
  0.08716922999390773  0.09726229880478995  0.10797457937925922  0.11805955293394362
  0.12773572120442600  0.13749785483593116  0.14713957711425590  0.15786340641595131
  0.16969803352208679  0.18225189080871287  0.19361588185190445  0.20338202621776341
  0.21256401598817892  0.22165904943920398  0.23085145433176532  0.23972634685552963
  0.24829204012405803  0.25709368653402287  0.26610681373762091  0.27526133524127810
  0.28403959308749255  0.29323116664721605  0.30257023724458515  0.31193620036459868
  0.32057468846761716  0.32954807953899384  0.33925154906401228  0.34935430310544635
  0.35943902985289383  0.36961464632446672  0.37886073349291904  0.38847175491696578
  0.39839855987872669  0.40938171185222638  0.42044436504341864  0.43181811073164994
  0.44277906330958949  0.45489633619935199  0.46717380757353777  0.47979765780808581
  0.48961874462817773  0.49953808256957072  0.50960441449020677  0.51973919118991385
  0.52989283934381937  0.53973054927379627  0.55112839594012974  0.56315361907323636
  0.57506134318931901  0.58705288904734065  0.59956776210951634  0.61147059113558289
  0.62320364268242345  0.63508911408592128  0.64799409327754254  0.66113591940346983
  0.67373517076645073  0.68492415179423582  0.69559136956512047  0.70613076957945320
  0.71674347372730729  0.72727867454458461  0.73779503390658097  0.74846641627734778
  0.75969770624477662  0.77158516810525135  0.78278340317876249  0.79411883012958928
  0.80586315856112345  0.81698388006573042  0.82800357416458314  0.83869184728222168
  0.84936923917286344  0.85932083860168951  0.86834031781528487  0.87792799569110469
  0.88788548549833057  0.89815665178886384  0.90842653440535903  0.91934268440104439
  0.93114560661562995  0.94232572655917268  0.95199834829063057  0.96156491544741163
  0.97049418534776044  0.97947628191767333  0.98889392451248403  1.00000000000000000
  0.00980394228938964  0.01741284321027472  0.02587187327692108  0.03292254091190756
  0.03897656506785479  0.04417467460892553  0.04899024515687743  0.05364805299199492
  0.05818934043554283  0.06256684077631064  0.06668971604361992  0.07038314429438521
  0.07422569991449829  0.07803518344181218  0.08179890131630058  0.08536888941717298
  0.08882726573468705  0.09223438142917090  0.09560242520030922  0.09897033409006700
  0.10240926607156239  0.10584500897089139  0.10932506794175416  0.11267244585553644
  0.11595292399123887  0.11920111190283249  0.12240237632303796  0.12551206019966638
  0.12857278129702313  0.13179078157193513  0.13539364239762711  0.13927377978333233
  0.14306517475935718  0.14673845864350979  0.15045445631889667  0.15416421355605703
  0.15781657667242552  0.16149755757381346  0.16515164011910258  0.16861729811647047
  0.17214763009902670  0.17587552853035798  0.17971033248018795  0.18331326263374054
  0.18676843057687442  0.19031074583210361  0.19398023364502420  0.19775431256622444
  0.20164332779505323  0.20542764545293396  0.20913186058431477  0.21322580253561216
  0.21745469095819064  0.22165272527675700  0.22556833572028587  0.22959476122968114
  0.23449686611774556  0.23932226749028265  0.24405372703070052  0.24897873137387469
  0.25486305278766314  0.26077403934469956  0.26646252853068131  0.27169916824409690
  0.27683367208825244  0.28180609980091664  0.28673391367412610  0.29201252460345156
  0.29771961306189193  0.30439292706074522  0.31136241104907209  0.31867770660005396
  0.32648108606480342  0.33524694252592452  0.34375811146678614  0.35049644675971403
  0.35677310256470629  0.36278993620463768  0.36942519439149912  0.37815037487188763
  0.39142717154898293  0.40332400361388587  0.41364628434491585  0.42550726725106314
  0.44077706790567728  0.45285006855066046  0.46593461207212722  0.47727272269051424
  0.48389870932465784  0.49110497863793295  0.49884669199995835  0.50859058453541250
  0.56415439285677915  0.64474818896461439  0.68314494978413520  1.00000000000000000
 -0.00265208710230150  0.01057288707129472  0.02251571959210109  0.03482530701608658
  0.04657427393527677  0.05811965585984897  0.06866128012124759  0.07846836675067244
  0.08809629976663806  0.09824486206697175  0.10818793639918650  0.11761192549082103
  0.12600554195899069  0.13422543960784800  0.14241198982589592  0.15062729937315197
  0.15975258830536232  0.16873442449024778  0.17884463452397206  0.18752328349535971
  0.19678944306190549  0.20569330020312410  0.21552476251414121  0.22614222011349661
  0.23676232169027775  0.24692589128452316  0.25555695047480459  0.26385890601354262
  0.27325717110775294  0.28301591553256611  0.29262569871468758  0.30195330483483601
  0.31101673780261319  0.32266648189066249  0.33576787327268004  0.34890156028835001
  0.36167332823498477  0.37353128069649144  0.38560129314559216  0.39854843115016203
  0.41191670751588116  0.42536455425923664  0.43811912596903257  0.45190695756182980
  0.46642346002967711  0.48080720786326386  0.49453060267353283  0.50761456689119022
  0.52136835271428661  0.53654359413130437  0.55317158527636168  0.56847911008067609
  0.58264990381224868  0.59639135867287341  0.60980600482852154  0.62191766007614191
  0.63295839059868431  0.64385109136923047  0.65476317086931179  0.66515008630216610
  0.67465927370155820  0.68370351892274828  0.69333923811202325  0.70314584236246680
  0.71292052159347086  0.72245007051518950  0.73230280557800931  0.74240017238279599
  0.75268862207607623  0.76272245997321542  0.77291034633361710  0.78292523835792660
  0.79272863910658753  0.80154487315278400  0.81160904086986796  0.82053785242316135
  0.82985695258242009  0.83878095498637950  0.84729812879070865  0.85551605855831625
  0.86362752686578625  0.87149258554611042  0.87971774775543909  0.88787678355770805
  0.89631507464734272  0.90476551303724129  0.91418541533470810  0.92379682011205888
  0.93278472329257689  0.94140440524821067  0.95065474091887447  0.96030659230112969
  0.97076340899947700  0.98122668457608275  0.99085935076401310  1.00000000000000000
 -0.00043291223437098  0.40212698102373484  0.51123995572518366  0.57545360411065061
  0.62390386436405476  0.66040825419997362  0.69043067853422557  0.71311592818588676
  0.73234542560222327  0.74944959885702722  0.76455359868674588  0.77829251370949182
  0.79086970783415977  0.80150789894466634  0.81087987651767246  0.81917245862529753
  0.82685854879469212  0.83417896172851180  0.84080953758710086  0.84701912080098718
  0.85296263037631215  0.85840440115284422  0.86339181825634959  0.86814839767620688
  0.87270531478550661  0.87699564570948418  0.88101177297061006  0.88492777820580337
  0.88875018355290847  0.89252290144430968  0.89615264478112777  0.89957175745586782
  0.90279651874101441  0.90578983743888164  0.90858986222852989  0.91125174673097109
  0.91381959553747660  0.91617388395069854  0.91844265280569093  0.92059704872382575
  0.92267405875290631  0.92472811347355599  0.92679480155645633  0.92885229630116162
  0.93078382745057409  0.93268817447926844  0.93454847991617840  0.93637709527271140
  0.93805992816289197  0.93959028453065685  0.94103417179738125  0.94240214318450144
  0.94376725757742219  0.94512138664749679  0.94649303774207727  0.94786973218385839
  0.94933923108197626  0.95086750145276488  0.95241268585315086  0.95395292257131481
  0.95542560625472650  0.95679396792198679  0.95804350079854728  0.95919580333793675
  0.96030168408664951  0.96143373294043422  0.96260389823946735  0.96382794440761055
  0.96503572180868480  0.96619744379024530  0.96732011655760008  0.96838699275152962
  0.96942003071720406  0.97042924349515125  0.97143117116953870  0.97245313335281502
  0.97347605375384427  0.97448468038337721  0.97549831643942064  0.97655734776636971
  0.97774803704374280  0.97889095185974706  0.98001140061256520  0.98114296024459713
  0.98228751198452302  0.98335980779990861  0.98444550119302732  0.98550325829748664
  0.98655168962147377  0.98762992718945797  0.98874263137562446  0.99004984704525401
  0.99157259569999601  0.99342126630406691  0.99595680132429998  1.00000000000000000
   4.7520981527088145E-019  -1.0000000000000000     
 F F F F F F F F F F F F F F F F F F F F F F F F F F F F F F F F F F F F F F F F F F F F F F F F F F F F F F F F F F F F F F F F
  <DiscreteSampler_grid>
  grouped_processes
  1 # 1 for a reference and 2 for a running grid.
  10 # Attribute 'min_bin_probing_points' of the grid.
  1 # Attribute 'grid_mode' of the grid. 1=='default',2=='initialization'
  0.0000000000000000 # Attribute 'small_contrib_threshold' of the grid.
  0.5000000000000000 # Attribute 'damping_power' of the grid.
 # binID   n_entries weight   weight_sqr   abs_weight
    10   10   7.079911510830508E-007   4.762990165447117E-012   7.079911510830508E-007
  </DiscreteSampler_grid>
