  0.00941962775061133  0.01806163815124543  0.02829830090388726  0.03839449320803143
  0.04788681492524340  0.05757742632633662  0.06737992288465636  0.07770252948851614
  0.08822536991180639  0.09984481328515474  0.11113305385930169  0.12170391222681122
  0.13226607738382101  0.14301340896429535  0.15333157777370943  0.16337323863115635
  0.17348261661794548  0.18371344822541885  0.19403048937752115  0.20321550256799464
  0.21298479652208249  0.22262356867406896  0.23289713948518675  0.24333973189924482
  0.25433131094585754  0.26487490390553908  0.27539277698325820  0.28573613819533811
  0.29609031801161906  0.30642160221788473  0.31726407207315782  0.32831490243274114
  0.33871525567730831  0.34826528065902235  0.35785808402590191  0.36817735042424449
  0.37912252385914358  0.38999516613483681  0.40054966906000500  0.41040242770889240
  0.42010340227801302  0.42939933922271745  0.43873359653157035  0.44815847814014420
  0.45738239367077066  0.46680011487548850  0.47639090306741350  0.48609274915337169
  0.49560730154407734  0.50490401230372584  0.51438668596529324  0.52392084613532208
  0.53352728836410679  0.54380489959182299  0.55454783542078778  0.56493706050667603
  0.57427324556921866  0.58331809285960767  0.59255676407637048  0.60228419610533124
  0.61248489894102420  0.62215827914941613  0.63164449610763651  0.64133330185458681
  0.65144708840327270  0.66282602679500058  0.67297455290701935  0.68342864788850066
  0.69409881525185091  0.70627430418388593  0.71940686418446831  0.73254432513749601
  0.74492158783266726  0.75655812381383625  0.76735875070303095  0.77721007812917386
  0.78711770894244426  0.79863775384159552  0.80998921999391627  0.82050575368596401
  0.83067327586413764  0.84113238830733239  0.85194278403833856  0.86322346292827457
  0.87472271188786743  0.88668123195840287  0.89915247766056650  0.91143419589926433
  0.92314557934130659  0.93424958511012923  0.94528951288063057  0.95659104868138711
  0.96762291335660378  0.97855838669575312  0.98917547222633029  1.00000000000000000
  0.00003517081888299  0.00006405129920361  0.00009372143682037  0.00012135100877786
  0.00014907991010700  0.00017800312596245  0.00021321250771875  0.00025258553733392
  0.00029383874576085  0.00033671775920888  0.00038460360891279  0.00043680250004956
  0.00049278432373473  0.00055026780881536  0.00060897830826108  0.00066916571076143
  0.00073130131686485  0.00079539168390082  0.00086746038590322  0.00093952661413807
  0.00101821953571530  0.00109928690339017  0.00117605936318659  0.00125918881932765
  0.00134013588152242  0.00142616976670040  0.00152758115814670  0.00163829996197635
  0.00174908654030432  0.00185750280936347  0.00196325731677514  0.00206494654374242
  0.00217026890945278  0.00228480416682015  0.00241208687927517  0.00254694414969021
  0.00268796141035134  0.00283363069690952  0.00298195492333128  0.00313075741294823
  0.00327824379429801  0.00343313907651985  0.00359435273696363  0.00374973008713418
  0.00393000800945072  0.00412356794122325  0.00432581167507236  0.00454118816545691
  0.00475874126431479  0.00496792848696442  0.00518222392911691  0.00541372328583796
  0.00565492933981388  0.00591306399884173  0.00618337074105215  0.00646856585938766
  0.00678072831057004  0.00712126542589481  0.00746462094412890  0.00779252397375032
  0.00812660229515592  0.00847362547610939  0.00884695634336358  0.00925010095586159
  0.00967335382370792  0.01009878040952603  0.01055572231024005  0.01104576427205841
  0.01157810689835409  0.01215758875281700  0.01276057140831806  0.01339707595610806
  0.01404315536586103  0.01471571233232840  0.01548739671008077  0.01634260496491288
  0.01728742724895740  0.01834391088131026  0.01948365494190126  0.02082537719054749
  0.02245501477178014  0.02412521351780661  0.02584374570622354  0.02798808535925675
  0.03056582697192045  0.03309870883158331  0.03571608290265797  0.03911084177206180
  0.04362515742723409  0.05005660503486370  0.05907292347385736  0.07178473006339679
  0.08903839748107457  0.12119646855846222  0.20236861200623518  1.00000000000000000
  0.00003811167325217  0.00012459665041027  0.00024022346130165  0.00041110015399927
  0.00061033883677342  0.00082672102117915  0.00107070523487321  0.00132312417470942
  0.00157323769058918  0.00183859369380706  0.00214993867003051  0.00249016508943305
  0.00284500002091181  0.00320142353762262  0.00355592325046750  0.00390790866497811
  0.00426890766337297  0.00463806174859978  0.00503263357055553  0.00541884679376669
  0.00583276306957663  0.00623759103197879  0.00668085337936537  0.00710800321600704
  0.00753754039509797  0.00795841532812550  0.00839052856650686  0.00884289043978280
  0.00931625207392188  0.00979176272013773  0.01024096434575468  0.01072298969839805
  0.01121128185819436  0.01171675177157698  0.01223905956230881  0.01277259914059930
  0.01333655434071187  0.01394959546000041  0.01460252782923404  0.01526647612031228
  0.01592474921204887  0.01659052082070878  0.01726936940329917  0.01797986231851994
  0.01874496393915039  0.01949221032661138  0.02027389622668951  0.02104155032558235
  0.02181767074736930  0.02264261561397849  0.02352112816880596  0.02444051652820226
  0.02540460782317002  0.02641109155720309  0.02740844685135974  0.02839670676479722
  0.02942261216213939  0.03042843465431657  0.03147593638303449  0.03259158652411395
  0.03388253840097432  0.03524504235733748  0.03659171419176696  0.03795858516076367
  0.03934611378418210  0.04074330070632402  0.04215709432090403  0.04363119929043337
  0.04521948937858793  0.04680477530620524  0.04856846290307611  0.05065236755501659
  0.05279989304450888  0.05517896005644813  0.05768784376812668  0.06022637803653422
  0.06280127439216211  0.06560023688749828  0.06881701728878935  0.07230569137159321
  0.07576132337458316  0.07981591765311999  0.08452208689182036  0.08904791679444007
  0.09377267806826585  0.09994375275681691  0.10522088278936595  0.11115412493552193
  0.11874798547628455  0.12628821708982282  0.13360766515556405  0.14012075757571399
  0.14809765949146894  0.17397977946788087  0.26075964104139715  1.00000000000000000
 -0.00270447352649404  0.01002475444598321  0.02162454003474494  0.03375854284302387
  0.04563363264089749  0.05642199427375103  0.06709267769119559  0.07802639768887205
  0.08868192584513548  0.09901329866177208  0.10890314241989821  0.11855844898846252
  0.12879401212655700  0.13978331451959644  0.15145453099751888  0.16354869846260761
  0.17507884603329918  0.18535377196948530  0.19485376184881512  0.20431712406829511
  0.21430946122424793  0.22466947362142989  0.23486769582930500  0.24490938849901925
  0.25524989320528202  0.26603154809037582  0.27722082837080181  0.28867438166254999
  0.29942231036896716  0.30950506995724747  0.31923392283836027  0.32892950112271968
  0.33860633773883342  0.34797890132430204  0.35713723819887516  0.36741020220276444
  0.37769626492205333  0.38872408316616269  0.39984590267258452  0.41125620476946201
  0.42167098787846902  0.43101502551642756  0.44061476754053064  0.45017737553565867
  0.46062662833763229  0.47062264576851631  0.48086480558258138  0.49143141742719770
  0.50238064072723554  0.51384431102421779  0.52443946346049009  0.53458985553854377
  0.54425399156422327  0.55473923179733842  0.56562146599887597  0.57702529399581615
  0.58846987900025904  0.59997925154787357  0.61158704346794024  0.62325875463724922
  0.63451766255079656  0.64525533115877898  0.65551726492123907  0.66606175804946988
  0.67708294695288251  0.68815345562427821  0.69935585156174240  0.71026915318716355
  0.72101965894917841  0.73145678887386434  0.74151424193037474  0.75132017643863469
  0.76085659103737302  0.77082199013881847  0.78154174812812116  0.79250071557539226
  0.80288366022177193  0.81271625012685478  0.82287359012217587  0.83356876189329776
  0.84425996677010218  0.85433095945796722  0.86437643584794677  0.87444168835169356
  0.88490891043913811  0.89535688434350746  0.90606605022600251  0.91680410488682451
  0.92732497517939450  0.93772057476392012  0.94850064360854769  0.95916350588239530
  0.97006064448016582  0.98020324980914619  0.99025996232981472  1.00000000000000000
 -0.00242097161814046  0.00924105081302626  0.01956577390409805  0.03013096280834487
  0.04097624177987920  0.05206510822646458  0.06307247630998981  0.07409629363683340
  0.08487686687057516  0.09569673906580213  0.10673835564360828  0.11803721547044844
  0.12924964061407859  0.14020377009550411  0.15111575823199550  0.16195891998721043
  0.17261234516205326  0.18304042093716191  0.19302085670203950  0.20268365179990724
  0.21259450483573900  0.22287786080129660  0.23305617785463464  0.24270531148007757
  0.25272732810605664  0.26308185116746319  0.27373255236450528  0.28326263001416957
  0.29244947053515513  0.30116025652579725  0.31005818109050193  0.31911906169968757
  0.32840376685971401  0.33812181169929423  0.34781572608537853  0.35763865555801200
  0.36720753801962386  0.37712629403603420  0.38738667285075074  0.39805128409584212
  0.40881591859638844  0.42002772911846342  0.43235795656698395  0.44544016227699906
  0.45856057259946725  0.47136774990688074  0.48395857521160618  0.49618261023236876
  0.50763111620517609  0.51844679618789780  0.52896009589532433  0.53952347802919798
  0.54954054501441019  0.55941146890740123  0.56919518337801045  0.57898554603162422
  0.58861971054148299  0.59756638476508750  0.60627199818096744  0.61539399258962035
  0.62468173732115828  0.63457904743106319  0.64527135445268702  0.65664725641814348
  0.66792649731463249  0.67811135053622051  0.68766350643702534  0.69757385986597698
  0.70801489794408901  0.71806989270808086  0.72850506431830142  0.73968866726996818
  0.75118829655747432  0.76200925599385838  0.77311371408757690  0.78502583800790693
  0.79642834833813481  0.80722201294952589  0.81803488416786940  0.82879892677582456
  0.83936042530524479  0.84990684936561955  0.86101177378893512  0.87194975375812911
  0.88163123884427208  0.89053139805789905  0.89974989266179495  0.90978837101303267
  0.92122709970454253  0.93290074324271355  0.94520132501007448  0.95746273610522992
  0.96901032021143463  0.97962192343080090  0.98960398525557558  1.00000000000000000
 -0.00227663037654634  0.00877899883749034  0.01780755851793236  0.02763958557631103
  0.03758389294084052  0.04776713494456997  0.05799745139639920  0.06802541985399120
  0.07783047651597499  0.08709219252457510  0.09638599568268856  0.10589528922325189
  0.11576537950660186  0.12576012791576746  0.13592727509048860  0.14711149405051513
  0.15802831592755839  0.16858225754992978  0.17821155052792476  0.18790231282342099
  0.19833809708673325  0.20916647439395311  0.21973354037239953  0.22997291340118228
  0.24021782027872815  0.25063993864666834  0.26084462754092308  0.27062202583312084
  0.28062459806399986  0.29073952751194498  0.30139566362282944  0.31232286910812790
  0.32333716237235838  0.33467301835758551  0.34595169742940657  0.35644989884611922
  0.36590395568476242  0.37512040191505586  0.38469536567616441  0.39488011788928989
  0.40490529194511288  0.41492563400362559  0.42519866576133297  0.43587027001334339
  0.44659431869494742  0.45691895494497303  0.46659237987994689  0.47575148596182948
  0.48521629082731865  0.49500427009601150  0.50534800779339839  0.51577446233993185
  0.52722082014542615  0.53927877951049874  0.55130170965121628  0.56272375360463267
  0.57400841731775465  0.58498234209708833  0.59573730727718432  0.60695060588175653
  0.61850060896103021  0.62964952430509336  0.63994242041157356  0.64983537117278478
  0.65958843424995817  0.66904243290649701  0.67829833693902009  0.68817510164966567
  0.69896230434246676  0.70985787386902188  0.72093449655897734  0.73157894905838006
  0.74281252812089693  0.75358672708221330  0.76448604133167919  0.77528725580626490
  0.78628315141883998  0.79785061313551708  0.81021377167608455  0.82339054753246266
  0.83638210829644122  0.84874028273591584  0.86059472327660791  0.87227441117545190
  0.88377005800580688  0.89566327054348727  0.90691285428245960  0.91808075917502230
  0.92875024611356793  0.93887314268530841  0.94833363735843801  0.95779152266714462
  0.96763891002248881  0.97818492578772920  0.98919997458527475  1.00000000000000000
  0.01072644804246514  0.01313710726052003  0.01578175468352509  0.01783439632981484
  0.01958872505465909  0.02140557940780088  0.02323399514263312  0.02506107651104771
  0.02688416304529442  0.02870712057474819  0.03044081596851512  0.03214367812484020
  0.03380541326762917  0.03542964479222518  0.03702449025614648  0.03858589762823857
  0.04022213392379055  0.04183958388493550  0.04342712376436522  0.04499435453070383
  0.04656447529542353  0.04820871864150111  0.04985834428459638  0.05151969054561784
  0.05318267022213374  0.05482615980490251  0.05650854329147039  0.05821551032034894
  0.05993185270475233  0.06165229449413789  0.06332656797362925  0.06496395775577071
  0.06663313027271010  0.06831552797882882  0.07003240409004888  0.07174069304691727
  0.07354367730007390  0.07542095546799944  0.07730407732639942  0.07912907205995208
  0.08087002754195620  0.08253598263781271  0.08414662232890015  0.08576087135435251
  0.08747058319711050  0.08924787504038693  0.09108503069815836  0.09297220190420603
  0.09492918105806367  0.09693669707424038  0.09896808434012901  0.10104951027919686
  0.10317182873785544  0.10535137685505193  0.10754153059430537  0.10991923212587131
  0.11254605827709128  0.11505762364318353  0.11738623770755263  0.11959039034065062
  0.12170579271281717  0.12395650696221568  0.12646405067602540  0.12900940619158863
  0.13184837788821027  0.13461253053298128  0.13795878769930089  0.14117949142892608
  0.14404798486753545  0.14687033739178304  0.14983521149049556  0.15319839807728633
  0.15644834830086313  0.15944530293567863  0.16247906434951392  0.16572492850446474
  0.16910185257074578  0.17261457208920053  0.17606137663516683  0.17972728804111543
  0.18346537156529308  0.18764008380422173  0.19270325290969950  0.19802729731495008
  0.20269200673198426  0.20745504972471435  0.21693371511194548  0.22929808924234973
  0.24060994689600509  0.25721441965470904  0.26945954011037410  0.27989380320213242
  0.29504082525122627  0.31222208179082228  0.34343515723736612  1.00000000000000000
 -0.00336848674687581  0.01395636929434260  0.02791280551820946  0.04126543397304833
  0.05389199216342938  0.06619719135790647  0.07859626322487435  0.09080652123554941
  0.10278556253538834  0.11482408357906999  0.12645412856975755  0.13760277860345560
  0.14884110697662919  0.16079028160955675  0.17278148577749497  0.18394872664912687
  0.19456259930987835  0.20497306810762395  0.21503994631812173  0.22469946211137026
  0.23481534116672614  0.24504804606406425  0.25527776041376454  0.26419266162861754
  0.27351854074750309  0.28238056063078459  0.29176539865235485  0.30096078917599556
  0.30982383589770418  0.31871723566279403  0.32791899127939828  0.33777235267003552
  0.34771679699528479  0.35717905457338389  0.36655058644721117  0.37628371492611906
  0.38649459821499627  0.39659914378004474  0.40678187701191715  0.41737832484814180
  0.42737364478666601  0.43716469235122135  0.44738168326856509  0.45750611338548153
  0.46887188447485040  0.47988653991040464  0.49055694627815183  0.50104705691719753
  0.51162406188719467  0.52227792249539240  0.53235093617961682  0.54212748305400726
  0.55233350926230840  0.56339982706112990  0.57487929528160953  0.58545914401191823
  0.59533329238899613  0.60468250402096069  0.61360144426279861  0.62229004328724169
  0.63124873182298824  0.64039421034304600  0.64992801344888695  0.65971051054687080
  0.66964610829060778  0.67999276567905098  0.68996147993951173  0.69879445468082979
  0.70787955582897133  0.71705636467554545  0.72648447361372026  0.73450659472225399
  0.74223861275177305  0.74993710459524199  0.75879105970775595  0.76810687117815923
  0.77721346857908391  0.78647717454737776  0.79550317052922137  0.80517005550688936
  0.81471882587051314  0.82448483913719373  0.83477071317156404  0.84503515176331512
  0.85502445979565644  0.86478407273039493  0.87522931768951395  0.88665664579120651
  0.89876835412185474  0.91165358360327864  0.92621042552035271  0.94164461102416730
  0.95707093975857760  0.97186546287685949  0.98628241783990556  1.00000000000000000
  0.00317384429790044  0.18355971702709334  0.26358638908665621  0.31712482914283580
  0.35771617348938944  0.39217822914409040  0.42152807399463216  0.44711194994976761
  0.47057771276516608  0.49214554481966638  0.51263260413811562  0.53162757518554538
  0.54895685511986414  0.56553614886216841  0.58131544950471581  0.59622875093332794
  0.61042805617740759  0.62353784715284444  0.63573055895429109  0.64704115982144694
  0.65755034151800484  0.66747231624468950  0.67688938273860022  0.68624763570116210
  0.69500943737175458  0.70332084497606540  0.71108700056870144  0.71860738979745686
  0.72586835611690692  0.73279443198352034  0.73941970963386205  0.74605319038763074
  0.75265135234646618  0.75928950688529340  0.76597334044877019  0.77237217426330396
  0.77826393117610138  0.78386298546407607  0.78946509612670035  0.79499943710204080
  0.80037489242084614  0.80559092468386384  0.81056855520983351  0.81521255741523690
  0.81961831266575935  0.82407560898774168  0.82826163216166571  0.83237388480787722
  0.83632797719366514  0.84018900227457660  0.84398927346489316  0.84774241650281024
  0.85146743432979255  0.85513817913408696  0.85868902162762017  0.86212203738234061
  0.86548966342475087  0.86891559592411416  0.87241340022277591  0.87585796756699485
  0.87928316435386422  0.88259370110584667  0.88585993166250521  0.88912614731273909
  0.89236162000743935  0.89555866174539811  0.89855432300912053  0.90140369933263376
  0.90414129468351323  0.90685812825859513  0.90954053022333226  0.91217021019639855
  0.91478357358997153  0.91746712583143997  0.91999963375821103  0.92247903907894424
  0.92495789487609170  0.92746017012421578  0.92997864873544556  0.93248592656462148
  0.93503322398824695  0.93763224124354838  0.94028979458553708  0.94301824379478105
  0.94563564057039795  0.94836182916203526  0.95109349435559642  0.95379615920039174
  0.95654362526023928  0.95967300589505133  0.96307422700677470  0.96677760938225077
  0.97106079889747232  0.97662251722775351  0.98529158469705080  1.00000000000000000
   1.1063928596433085E-018  -1.0000000000000000     
 F F F F F F F F F F F F F F F F F F F F F F F F F F F F F F F F F F F F F F F F F F F F F F F F F F F F F F F F F F F F F F F F
  <DiscreteSampler_grid>
  grouped_processes
  1 # 1 for a reference and 2 for a running grid.
  10 # Attribute 'min_bin_probing_points' of the grid.
  1 # Attribute 'grid_mode' of the grid. 1=='default',2=='initialization'
  0.0000000000000000 # Attribute 'small_contrib_threshold' of the grid.
  0.5000000000000000 # Attribute 'damping_power' of the grid.
 # binID   n_entries weight   weight_sqr   abs_weight
    10   10   1.840552782519527E-006   8.292168215681442E-012   1.840552782519527E-006
  </DiscreteSampler_grid>
