  0.00989014449958313  0.01596181783210600  0.02472691053791090  0.03500918096238028
  0.04541588352322563  0.05568994374655845  0.06646969079039165  0.07825312047150673
  0.08986586740813050  0.10041346242230899  0.11065496791455454  0.12047479974053206
  0.13035083258316632  0.14036780964329676  0.15034894466094398  0.16047375050342319
  0.17042270191626432  0.18003648080677351  0.18963482668809559  0.19929510495589978
  0.20898741625371464  0.21892291841112174  0.22915268220799515  0.23958721199556582
  0.24959947129411630  0.25913355046801378  0.26882337298445708  0.27943737508515776
  0.29035673780377269  0.30101431703432030  0.31128315000864637  0.32132325581418708
  0.33113308897488242  0.34111582058089523  0.35136850867296143  0.36186146408641234
  0.37241070497012041  0.38299230511802995  0.39380322516515359  0.40518826414634579
  0.41737619190455388  0.42998775460475058  0.44211771149580537  0.45392413032788020
  0.46495757397523452  0.47623708052503222  0.48756041122284871  0.50028871859362312
  0.51235946624958861  0.52435603128613739  0.53568629539958446  0.54651541865894571
  0.55770494313158137  0.56871262959894942  0.57929742553485986  0.58957131053573497
  0.59988070964865747  0.61064669966936924  0.62101841245466594  0.63098842312901660
  0.64104532613037335  0.65141514973886383  0.66211777891224610  0.67276824510579947
  0.68337943400648604  0.69392919612271009  0.70426518273738548  0.71454116851030269
  0.72503726181070849  0.73596205761344380  0.74709436226329295  0.75796408714930985
  0.76839598037637902  0.77837808383699247  0.78810960255911566  0.79752896816414320
  0.80668990325534984  0.81607133572180968  0.82593044413757721  0.83649576699959860
  0.84700525489211986  0.85748785936509364  0.86773188633165443  0.87768491510612934
  0.88723525893461130  0.89723601180305046  0.90723164748509411  0.91660433891010018
  0.92591635574104159  0.93520327685069582  0.94489739390254823  0.95481937695720265
  0.96529037866893685  0.97584330518800066  0.98735692991498680  1.00000000000000000
  0.00002462349403680  0.00003624785446710  0.00004889128992815  0.00006465593269628
  0.00008321452475730  0.00010243487641546  0.00012304087540761  0.00014682966753460
  0.00017347441304719  0.00020333332022448  0.00023487090142854  0.00026756799593751
  0.00030178592663518  0.00033852161349998  0.00037730629301735  0.00041848622255162
  0.00046120517293423  0.00050656159619569  0.00055619515760741  0.00060479220196006
  0.00065663961447333  0.00071162599614033  0.00076767528309744  0.00082709753123752
  0.00088710471710016  0.00095211696774658  0.00102101934461713  0.00109851201349021
  0.00118034226105395  0.00126251393745850  0.00134643956868983  0.00143191987375572
  0.00152059819336118  0.00160435489490902  0.00169020498898796  0.00177775100108490
  0.00186691996316680  0.00195924598752838  0.00205362806658615  0.00214846560086635
  0.00224877269540660  0.00236034129030863  0.00247813175560533  0.00260448712712657
  0.00273488921227569  0.00286491173401803  0.00298925339118731  0.00311522455432441
  0.00325422861067962  0.00340332595907648  0.00355318892939079  0.00370289933435189
  0.00385961011781489  0.00402542011612265  0.00419212411247643  0.00438332252980617
  0.00457916736629472  0.00479887125892023  0.00503767189589528  0.00528683720800986
  0.00553855629875084  0.00578744753684906  0.00603527732070463  0.00628960494304298
  0.00656088878413038  0.00686398947945728  0.00720550368516860  0.00757049822187962
  0.00796252990942381  0.00838633785901379  0.00885015229786576  0.00939786419616767
  0.00999502069080306  0.01065710674761692  0.01129969003228546  0.01203404564698711
  0.01284460291661454  0.01373542829759590  0.01472161161159469  0.01583276821126865
  0.01712690989063040  0.01863638140355273  0.02026283074760900  0.02206991520569247
  0.02428086104190325  0.02682626055266858  0.03033319379375462  0.03460613525280737
  0.03944573263266153  0.04522872502093771  0.05357731017403816  0.06997042887467707
  0.10924693084011398  0.19758091166459843  0.31026883320740251  1.00000000000000000
 -0.00000374005594037  0.00002005173048572  0.00005163461148017  0.00008041185268893
  0.00010421376302913  0.00012714339784569  0.00015300955290253  0.00018059330880943
  0.00021107401235353  0.00024331414176367  0.00027720415709805  0.00031397658755564
  0.00035374144361261  0.00039372446058486  0.00043324229313925  0.00047485723564628
  0.00052022499958975  0.00056672091093939  0.00061678355260176  0.00066995953716073
  0.00072941402197820  0.00078787709744512  0.00084750062908263  0.00090996887339229
  0.00097508025010481  0.00104290184809178  0.00111512330100751  0.00119008891609187
  0.00126410542939222  0.00134280842535952  0.00142356928211031  0.00150565941134004
  0.00158979679638050  0.00167693863287449  0.00176602857292953  0.00185568262176034
  0.00194299109690337  0.00203910787824729  0.00214406316287173  0.00225571561921944
  0.00236822257289683  0.00248017103661501  0.00260670217901380  0.00273681118977420
  0.00286576302947050  0.00299805417162987  0.00313129215015878  0.00326411894461335
  0.00340050358048117  0.00354402489326433  0.00369690102449473  0.00386432156763913
  0.00404989165945419  0.00424784699175501  0.00445190004594841  0.00465937892988182
  0.00486105552386158  0.00506666648454803  0.00527885812162746  0.00549648634320787
  0.00572497376139192  0.00597536603043240  0.00624216390825646  0.00652618751939477
  0.00684762824161272  0.00718052387978651  0.00757610199989610  0.00798727799285748
  0.00840841893427991  0.00882899124575444  0.00931829464241754  0.00987263082845211
  0.01044664560669908  0.01107420158480471  0.01174129859122922  0.01245412094200767
  0.01322912898805145  0.01414736296509050  0.01516644574745890  0.01622942877117400
  0.01736900709581788  0.01877172271379056  0.02029521318149515  0.02204527205255280
  0.02401848020044881  0.02619113706824890  0.02874324110746793  0.03181852814346421
  0.03577708602581310  0.04100892992137467  0.04766254459926647  0.05733433377317932
  0.07242328487288327  0.10777977452185850  0.23658735388297414  1.00000000000000000
 -0.00308793271044320  0.01111022692815790  0.02324397648434072  0.03457477005500083
  0.04593014136836628  0.05708759832635496  0.06800733493594407  0.07904258143358157
  0.08996782907664803  0.10114608070959887  0.11178714878248439  0.12174075496453064
  0.13199206615372028  0.14215988577722999  0.15306953043396851  0.16319795737158524
  0.17385044157866023  0.18450254829090329  0.19531912759715264  0.20549414848481556
  0.21692722791624200  0.22881436128798041  0.24024720507364422  0.25227607577688227
  0.26417691069184729  0.27605320436048386  0.28754898100515708  0.29881943935644245
  0.30973300564862571  0.31936403983673639  0.32903238807144031  0.33840670688571467
  0.34813424201858262  0.35786821480867498  0.36766235261263147  0.37760061082011204
  0.38770191728363584  0.39741370784971747  0.40736169024204044  0.41726319844340576
  0.42753308847300725  0.43828129627245915  0.44932146000009909  0.46057663483927180
  0.47191783948668831  0.48291223296551011  0.49385263499760612  0.50402241038193751
  0.51423647418707341  0.52541793373069801  0.53775890721645048  0.54924099504440249
  0.56045055546774303  0.57020080944658613  0.57987488945960175  0.58925038060756596
  0.59822441408803961  0.60704827270873829  0.61576686835147554  0.62451339667854955
  0.63404313367676657  0.64377628328003222  0.65446336087953449  0.66561919589933505
  0.67663293854420037  0.68739268007233822  0.69808685135014337  0.70886068880119391
  0.71972106007202974  0.73057078097774020  0.74121798035279463  0.75136877774363575
  0.76074930734010870  0.76978307898078635  0.77869065541107618  0.78779200427224372
  0.79705245699846639  0.80610739342709192  0.81509536505634028  0.82449526318313460
  0.83438061605062841  0.84570359487554159  0.85823293247258625  0.87051023818614304
  0.88144351593422743  0.89122251101092853  0.90095262885965988  0.91108953622700417
  0.92157897497746943  0.93257871199516318  0.94380000214799875  0.95461859524556836
  0.96502817021733478  0.97587696184747974  0.98755553723027112  1.00000000000000000
 -0.00218874754774981  0.00973167467006426  0.01943086601890939  0.02953957544636562
  0.03938694067853874  0.04897811661613480  0.05777379243731044  0.06681272052037286
  0.07613246059733519  0.08621685075189810  0.09656919561344089  0.10695333556961664
  0.11716398844458600  0.12733963143821045  0.13700495006917948  0.14755474213422043
  0.15754492589444805  0.16786631366003951  0.17806108629105039  0.18811193370023280
  0.19779687884618366  0.20716379942137433  0.21699914165767550  0.22731050851252418
  0.23800327700965673  0.24815356370408242  0.25808009369226365  0.26845827764298508
  0.27989605808819068  0.29240074600227423  0.30481927484234256  0.31745938359295151
  0.33020824517304675  0.34228422813776110  0.35356076038290152  0.36466909697965472
  0.37570914652599602  0.38652228033666075  0.39803048181883355  0.40987297401620099
  0.42170847206968265  0.43297032314423339  0.44319944936251310  0.45264142338726615
  0.46241963200537051  0.47152488986389174  0.48071021975146105  0.48999357599279680
  0.49914470926241755  0.50875150159448657  0.51881860962975435  0.52925834200102573
  0.54048230519450957  0.55167677801292747  0.56348136235498292  0.57543776597198670
  0.58737037712825790  0.59846751838344170  0.60881665167868959  0.61893594265507013
  0.62955549166119507  0.63911579119832385  0.64899666872319328  0.65823352892189013
  0.66746185175246286  0.67665214373062965  0.68619884789125341  0.69700116487303143
  0.70890768493193035  0.72149163114062498  0.73428053188843279  0.74638283019247320
  0.75817102153178051  0.76903305365836350  0.77978341624251257  0.79083859456558925
  0.80257116484692848  0.81447496002953612  0.82542995021325616  0.83646587992702992
  0.84781556292451521  0.85856628892126829  0.86831754556805774  0.87872501008033255
  0.88960085881391204  0.90013268776923583  0.90971674753407150  0.91915430271838805
  0.92886748996916935  0.93834767213865689  0.94853597950201596  0.95927896256800160
  0.96997721787856261  0.98016266274495378  0.99027484961457113  1.00000000000000000
 -0.00201063661658603  0.01039304875230162  0.01973995308544524  0.02923655278008499
  0.03874632639794511  0.04906818526122782  0.06031521711353923  0.07192609398153019
  0.08383557695908622  0.09479235234466847  0.10535368145692815  0.11539157399428977
  0.12543556080788293  0.13617702380619007  0.14671328927828634  0.15744292475413357
  0.16757105707215805  0.17793079086417463  0.18819602885638778  0.19840038881422056
  0.20946512310028670  0.22099820928118069  0.23225251002316386  0.24314027403278687
  0.25415727995792792  0.26574663774308716  0.27716332642284458  0.28781817002649124
  0.29895758665891065  0.31056081265651037  0.32243030233070058  0.33456652055253017
  0.34679627152747178  0.35790236743947618  0.36684561321594078  0.37587433040037349
  0.38540615123935862  0.39477497984245463  0.40393485536065610  0.41303221677455176
  0.42272380189037556  0.43347003678176632  0.44434458605127536  0.45524823444438356
  0.46543375891866084  0.47527895535092740  0.48580771921697002  0.49681213838931970
  0.50736312974529096  0.51793864996915573  0.52885944488405257  0.54019727036619569
  0.55122701932150242  0.56177006860532075  0.57221060221626119  0.58262529018435905
  0.59286797229123578  0.60254492830613249  0.61226378959660555  0.62177082687134788
  0.63121297702144252  0.64042606543197900  0.64991822923613363  0.65999543311227116
  0.67049954854801574  0.68100471315907340  0.69140024178416504  0.70140677623500114
  0.71178479166500697  0.72199048970355417  0.73230836811889655  0.74265153844456555
  0.75335872760892864  0.76471190742066220  0.77626796543410492  0.78786263557711278
  0.79934619375051175  0.81082833750664240  0.82179315498060013  0.83194596268684429
  0.84165241401828128  0.85151891397280099  0.86191968868726010  0.87222880094949529
  0.88197992602944042  0.89167449188789139  0.90140928541276655  0.91161038316759113
  0.92269285801341350  0.93408397107574415  0.94444382055531162  0.95438661643760514
  0.96566249226028222  0.97766863381256830  0.98919517321597017  1.00000000000000000
  0.01044924198523989  0.01447350272672649  0.01770068259565199  0.02019917192692234
  0.02272139124179271  0.02513215648544913  0.02746281117441526  0.02969734591144593
  0.03186811725029022  0.03402356570412202  0.03615435690444315  0.03834356716100992
  0.04051767832756676  0.04256636924219553  0.04457748431900718  0.04665762820486257
  0.04881805848583556  0.05104941488554224  0.05321261093435359  0.05536124082349813
  0.05747750787772822  0.05963258557628655  0.06174387402967615  0.06378007166701290
  0.06576192892216544  0.06770712029138527  0.06968168298582256  0.07180514400123975
  0.07403315398572156  0.07626240545876833  0.07835555752138820  0.08047569397908548
  0.08268481089227860  0.08485723761426531  0.08710869602272654  0.08938412531477674
  0.09177995036034485  0.09413631769263447  0.09657212975606792  0.09901500653393792
  0.10156170074915362  0.10426567155322301  0.10693708478885650  0.10960111545181586
  0.11243257626087125  0.11561528085334948  0.11896257045237438  0.12222107146109844
  0.12579341333415250  0.12998843616454239  0.13406548146141789  0.13814711869489182
  0.14202693517118664  0.14624697033981024  0.15095018610364749  0.15569937382735580
  0.16027012260330320  0.16479487070231957  0.16938899612062594  0.17442256076791482
  0.17983801833619481  0.18579122808354748  0.19121838247327377  0.19629427000434313
  0.20106634969453285  0.20665054896589002  0.21224192252399973  0.21752465720542846
  0.22214917801563286  0.22720432024082796  0.23476936823626399  0.24162031791746463
  0.24667333157665902  0.25136138837951039  0.25542312391177108  0.26081049816871577
  0.26754529394041016  0.27567895341486609  0.28330413609484267  0.29163281240586753
  0.30158546815845050  0.31402238220525708  0.33629326350109601  0.35334244969434003
  0.36285033475114736  0.37160452871159988  0.38010794444427970  0.38914289521009998
  0.39787473743900137  0.41050171607119251  0.41995321133983288  0.42972043664916665
  0.46200370068054092  0.51544982059663191  0.60186216011020699  1.00000000000000000
 -0.00299652480264516  0.01186076410005343  0.02363031211577320  0.03619456511828048
  0.04928892470747633  0.06234314421522362  0.07587613084305429  0.08867256444970724
  0.10041397552739724  0.11110903999258034  0.12154606074580308  0.13291933355548488
  0.14448138113480091  0.15604529803272923  0.16789646401696121  0.18031584237760725
  0.19250847791628006  0.20444104721116957  0.21659860113904289  0.22880691185109506
  0.23953382800135767  0.24910447125965574  0.25874344410786987  0.26874543197919559
  0.27924572526762165  0.28936063306083121  0.29901391033208341  0.30892400073137732
  0.31996249697207374  0.33155929135459622  0.34299754801099042  0.35390913124240519
  0.36334301167667371  0.37255979755593310  0.38160676035926644  0.39089087755476787
  0.39974529767397909  0.40792928922988869  0.41613234161898999  0.42498447171585046
  0.43413912187773279  0.44341218649711822  0.45266908704031095  0.46172756591361230
  0.47102624871855464  0.48087776825501199  0.49101449449538465  0.50056003338812272
  0.50901365804222387  0.51716042100108872  0.52576869182289299  0.53467716529083975
  0.54395475318700037  0.55337284383305041  0.56288553779973227  0.57238866971650426
  0.58182884947050162  0.59070378941539659  0.59943742379304166  0.60782546873694288
  0.61626209149069910  0.62493594678255504  0.63462501551195949  0.64467171797243594
  0.65500409754798417  0.66541846506563018  0.67610242217935845  0.68718060925789659
  0.69875200517962022  0.71092358595382443  0.72316106663548774  0.73457166777530514
  0.74488322834432219  0.75470077606971442  0.76415334579962557  0.77358520632738925
  0.78307252021906093  0.79276059780086372  0.80262919938446198  0.81308938905416750
  0.82408401717597279  0.83540635574170641  0.84730509402897392  0.85908946094760330
  0.87052653271928015  0.88203831031472157  0.89489533165066404  0.90813570345254779
  0.92111473047866510  0.93286650637494339  0.94408485080752202  0.95450838592955412
  0.96485330658347146  0.97526709893466212  0.98710132294333619  1.00000000000000000
  0.01047983984424086  0.30372489590150614  0.39795427243464132  0.45586622266956950
  0.49723859508714019  0.53173165628688068  0.55931311455703492  0.58317764454204435
  0.60293525163630046  0.61949031853578151  0.63519888977480010  0.64991900687557413
  0.66340352425670224  0.67521523175222364  0.68615134072379425  0.69652174290134838
  0.70626551696661188  0.71525653443363912  0.72367722785482902  0.73182942354080438
  0.73979740919300307  0.74764129122260659  0.75509220366253438  0.76219626388650830
  0.76911776627480133  0.77548646956820300  0.78141240820136582  0.78701936512739346
  0.79234502966344744  0.79726183213508495  0.80200606603104807  0.80666669138131575
  0.81115416474586044  0.81530820858644948  0.81921301950421943  0.82307636891654845
  0.82700753344506672  0.83090763715223326  0.83469326531387589  0.83833107525474748
  0.84188383869598804  0.84547741314479419  0.84901849065572932  0.85248887243761229
  0.85581914330668363  0.85897499087758411  0.86201402619820633  0.86502794643789216
  0.86786905344175203  0.87073285467641071  0.87358841202436144  0.87633894405513224
  0.87903038569132097  0.88179022935113527  0.88449015531256436  0.88721093700009657
  0.88993998922527140  0.89265737952518331  0.89533161538839845  0.89791967547663698
  0.90037866781748477  0.90292592054252685  0.90542163106189433  0.90796055114720187
  0.91045701440390925  0.91294274432998102  0.91536508101564651  0.91765443024234394
  0.91989101824528885  0.92218563273373166  0.92442891872345756  0.92661264281368716
  0.92882436248423794  0.93109589956706085  0.93341126429495946  0.93574213073309320
  0.93804988276507950  0.94039104040332488  0.94276464068209265  0.94518312461537690
  0.94768220325729291  0.95030796812481277  0.95308124781927983  0.95581838183181944
  0.95868784763381787  0.96188010661168355  0.96553932435468071  0.97017544938646394
  0.97496784287482174  0.97882730240021221  0.98206597853508792  0.98506146966580010
  0.98800221140821542  0.99106788883982344  0.99495884215656383  1.00000000000000000
   4.9588245794225157E-008  -1.0000000000000000     
 F F F F F F F F F F F F F F F F F F F F F F F F F F F F F F F F F F F F F F F F F F F F F F F F F F F F F F F F F F F F F F F F
  <DiscreteSampler_grid>
  grouped_processes
  1 # 1 for a reference and 2 for a running grid.
  10 # Attribute 'min_bin_probing_points' of the grid.
  1 # Attribute 'grid_mode' of the grid. 1=='default',2=='initialization'
  0.0000000000000000 # Attribute 'small_contrib_threshold' of the grid.
  0.5000000000000000 # Attribute 'damping_power' of the grid.
 # binID   n_entries weight   weight_sqr   abs_weight
    10   10   4.128356312262148E+005   6.515430037077170E+011   4.128356312262148E+005
  </DiscreteSampler_grid>
