  0.00961662560768754  0.01603743246374310  0.02574407115993564  0.03533246631905982
  0.04511064198519125  0.05550242585047175  0.06527205243143443  0.07389876096256978
  0.08251768525827956  0.09209952186119297  0.10239698685709117  0.11355831029089553
  0.12486341744615700  0.13534642343346293  0.14511164409251726  0.15447776857681333
  0.16391833788798149  0.17353983789627608  0.18365500591337258  0.19411103013410413
  0.20441768177876268  0.21492371954645056  0.22591437758348670  0.23738430683370634
  0.24951469608114329  0.26186754216260905  0.27294789532403618  0.28166454527625040
  0.28995660054540767  0.29902448528621489  0.30870947334896442  0.31828048849875534
  0.32729653939185921  0.33695492893154722  0.34778398349310818  0.35964052366836408
  0.37227201041869779  0.38510980912352488  0.39782381581700549  0.40971822941243941
  0.42148174177956271  0.43386130462661826  0.44700917978596749  0.46090017405104428
  0.47456155956969381  0.48670805201635825  0.49703239959319617  0.50676931039262485
  0.51627711156369682  0.52682534230307410  0.53745680710517774  0.54985486288302321
  0.56161232010250217  0.57203285810748572  0.58155055196511352  0.59076045889327289
  0.60004435210668849  0.60919459483234562  0.61945110480248633  0.62967292295562571
  0.64061088521928344  0.65112981633494016  0.66210290009757156  0.67280335215307208
  0.68352849508414382  0.69391506916695900  0.70438816645238800  0.71570319861378817
  0.72729057689146392  0.73864588161230837  0.74879329705344277  0.75783038673861625
  0.76584025990343663  0.77428275370141808  0.78286528251570020  0.79142860812842031
  0.79980911547185773  0.80795995739657800  0.81860441645293291  0.82948717378008996
  0.83948322898054184  0.84938303238670221  0.85949550292232391  0.87064856056765283
  0.88193348196654231  0.89262507401653290  0.90356865738097580  0.91427551448274602
  0.92461420785624993  0.93544382647228363  0.94689146943737867  0.95898762246611857
  0.97006776101048964  0.98093475263949881  0.99129908933381683  1.00000000000000000
  0.00000227407208993  0.00000319594377385  0.00000446768123308  0.00000617494940033
  0.00000828706301154  0.00001067687056077  0.00001346047201741  0.00001655342749740
  0.00002022684657436  0.00002450585558703  0.00002914634326970  0.00003360997646835
  0.00003766408801208  0.00004185964486475  0.00004632026709387  0.00005083835894614
  0.00005521647306377  0.00005989767925931  0.00006497084442216  0.00007058650579737
  0.00007613317748602  0.00008168622767849  0.00008770301582315  0.00009457099480932
  0.00010231584768682  0.00011024614421476  0.00011847317880070  0.00012694535924608
  0.00013526987850013  0.00014361268929526  0.00015144421316009  0.00016036714942174
  0.00016948861114063  0.00017941361211126  0.00019057857228065  0.00020252986331197
  0.00021563916953647  0.00023015428145726  0.00024526162842634  0.00026070443641302
  0.00027673641561917  0.00029155893397567  0.00030668815989206  0.00032186174433645
  0.00033797523735454  0.00035489856148611  0.00037163322833945  0.00038899712514363
  0.00040803019099585  0.00042846677306708  0.00045031442352993  0.00047556843371155
  0.00050087897709059  0.00052615940870089  0.00055146986256060  0.00057740043357522
  0.00060422934028344  0.00063143874045287  0.00065794938735368  0.00068466689968392
  0.00071503258735146  0.00074913035422471  0.00078489189587260  0.00082218676350742
  0.00086274712870532  0.00090893112717364  0.00096099251333537  0.00101593028209012
  0.00108092299197616  0.00114305211899373  0.00120731877407443  0.00127728281097487
  0.00135192358237433  0.00144174066229590  0.00154038610664751  0.00164263816926675
  0.00175307537232981  0.00187627803891631  0.00201374676226415  0.00216069650114914
  0.00232473403286483  0.00252961782109933  0.00280764336442369  0.00315521755461027
  0.00357881017927832  0.00413991338844020  0.00485225212387411  0.00566387340189789
  0.00654512403794662  0.00760653701111417  0.00897140292518620  0.01110302843948769
  0.01500189652044992  0.03448265109669143  0.22858035092468604  1.00000000000000000
 -0.00000090494398726  0.00000238193521091  0.00000843851053105  0.00001559228401724
  0.00002320292422536  0.00003101214073602  0.00003881868911121  0.00004623616188631
  0.00005329156993684  0.00006042039897845  0.00006787813864526  0.00007582312764497
  0.00008359303101095  0.00009107295685991  0.00009844228958291  0.00010624245145185
  0.00011430022205825  0.00012238884908375  0.00013029507416798  0.00013787412946644
  0.00014550119133570  0.00015382575983837  0.00016275412914268  0.00017273460564729
  0.00018308264870964  0.00019342907392020  0.00020439948186019  0.00021519039620718
  0.00022542550528647  0.00023595530852013  0.00024607431868000  0.00025549617018830
  0.00026573949845799  0.00027600295284557  0.00028746682889435  0.00030074879446982
  0.00031550158465278  0.00033177533456079  0.00034993524642268  0.00036681556843651
  0.00038369672148932  0.00039975256085863  0.00041613587621491  0.00043329678632634
  0.00045180713313300  0.00047151990259196  0.00049185819028718  0.00051426023252775
  0.00054149433295829  0.00057152297607926  0.00060228396791291  0.00063475150530924
  0.00066751007536567  0.00069794139589623  0.00072913565060913  0.00076099237708892
  0.00079581742967830  0.00083206687348348  0.00086786264874605  0.00090623184424112
  0.00095065427422357  0.00100393497453652  0.00106332737537020  0.00112173828873222
  0.00118287804684818  0.00124320743966616  0.00130257371526659  0.00136316525053219
  0.00142742067000912  0.00150424867561300  0.00159312737949196  0.00168156813087253
  0.00176955799856866  0.00187079297982162  0.00197735209834939  0.00209630835163223
  0.00221920792672712  0.00235942382719879  0.00251056985391366  0.00266687231743032
  0.00283087677567433  0.00300904489125372  0.00322853564545722  0.00348420281635010
  0.00377343477529073  0.00408066719262798  0.00446276370332565  0.00497266203822985
  0.00574412260223472  0.00679817953707188  0.00770232641275221  0.00970816937777010
  0.01625812535370829  0.02334800714329860  0.29153073785873379  1.00000000000000000
 -0.00256940343418305  0.01140701793227602  0.02297047381256978  0.03396015985731936
  0.04504665713405028  0.05675069786992479  0.06796767119462981  0.07860728589391348
  0.09024545068739200  0.10213503886218843  0.11308975302798262  0.12369225787852059
  0.13413706214769103  0.14494034061107483  0.15572699354614022  0.16655609915998026
  0.17789560805667989  0.18959905589873810  0.20137094505628075  0.21365489989640910
  0.22551903495554901  0.23489124022312152  0.24270837716677468  0.25043065508268425
  0.25851357960070509  0.26760415262494447  0.27581681956352716  0.28326506225127457
  0.29119724496071475  0.30077992364727368  0.31185007545263332  0.32391463873395293
  0.33653982855167586  0.34876285738592511  0.36001233719456843  0.37176810411712213
  0.38340063016584264  0.39500026394275956  0.40550964031433667  0.41585393995279812
  0.42657641572357247  0.43822504478689017  0.44940691403392058  0.45966800757281856
  0.47004278949596601  0.47976118254440675  0.49001200133386641  0.50004558199990112
  0.51049968889831021  0.52111570593002399  0.53229599197881017  0.54365649215803169
  0.55515034075667857  0.56658241691129296  0.57721567238430616  0.58744410596078167
  0.59753654521738031  0.60791752588429016  0.61864138964403226  0.62975726812741994
  0.64140775309238218  0.65204309946325989  0.66171660778067176  0.67073690158463095
  0.67963172645894843  0.68856968367300753  0.69712354986812530  0.70509923624853343
  0.71311933058641308  0.72161631162347417  0.73141052620324765  0.74327302061811762
  0.75458030012795774  0.76811377794423585  0.78003914388145446  0.79185378440019549
  0.80331227090810542  0.81431053029896583  0.82405984146770606  0.83329162608594287
  0.84287968953240011  0.85366442924750852  0.86484285169076081  0.87580554705780023
  0.88782395580436069  0.89889457156458841  0.90954153576031860  0.92020167278485521
  0.93054702336176209  0.94060295287172879  0.95013225503811882  0.95990210975881907
  0.96998241191781576  0.98058900508130664  0.99008007617239069  1.00000000000000000
 -0.00238825891131587  0.00944669919564023  0.01921665490237365  0.02943578401978321
  0.03993291739984094  0.05029175993487207  0.06083867671417268  0.07192544706538553
  0.08325769521378956  0.09363730912956848  0.10367121275082662  0.11369298655169421
  0.12420532667317009  0.13532071877424590  0.14847937503469361  0.16229604831633643
  0.17448051937357792  0.18572438709557093  0.19686932208872815  0.20828629234070770
  0.21843920823418658  0.22856477207464249  0.23843523560745558  0.24813408613609145
  0.25728779492582643  0.26640327453176538  0.27648345142565928  0.28682902023486806
  0.29764015981217368  0.30827049099032255  0.31886748926747305  0.32831455043809571
  0.33805942065819850  0.34731304400205304  0.35566633357531791  0.36359400268967956
  0.37181374263144151  0.38100067045827901  0.39069253818824629  0.40009147170505072
  0.40978700796185891  0.42133455725377478  0.43561344896360621  0.44966234323164034
  0.46269748578657083  0.47500210645884572  0.48685187193554058  0.49909543161235664
  0.51214904777640058  0.52590894062492410  0.53680037226159705  0.54818335454945855
  0.56058656072496593  0.57227318418411433  0.58336819798553297  0.59261023508543731
  0.60238554498571117  0.61228467681671173  0.62180678452711147  0.63124986002359462
  0.64042654172945768  0.64879119339434044  0.65883907046356915  0.66879384513935369
  0.67986573845865339  0.69033508197492022  0.70175480405680146  0.71219103223868363
  0.72248269609940663  0.73243534226083984  0.74250874526868238  0.75306626204513605
  0.76464728107217972  0.77641624105064122  0.78810064250118650  0.80038988230087293
  0.81298788549036227  0.82556442374721317  0.83630633616666394  0.84569488363926859
  0.85486991458833750  0.86468561498344942  0.87468667132394229  0.88363309656988875
  0.89226847056935255  0.90098723114333734  0.91000651156839263  0.91912890363422894
  0.92777699565871441  0.93625207577190139  0.94512328678152546  0.95460378079018893
  0.96463600704161612  0.97486724678767911  0.98699701376522209  1.00000000000000000
 -0.00206132731679691  0.00885121381185701  0.01872610541748922  0.02869481314349673
  0.03947962302184570  0.05062933987639199  0.06231625932911067  0.07482792153845272
  0.08743926665729909  0.09956105046537224  0.11204128725222491  0.12391057413204588
  0.13336719867287761  0.14248590302541309  0.15280028047754471  0.16422678222346518
  0.17504834680784004  0.18550594994080055  0.19773315101180405  0.20957646512474948
  0.21990734805473558  0.22988327544802156  0.24013526070018035  0.25095060886468862
  0.26126615699175920  0.27028623031193683  0.27858066883218452  0.28712785097385379
  0.29593826966505349  0.30425243010692854  0.31297407796413995  0.32290234096180120
  0.33353250097536069  0.34367403795803675  0.35301987437154247  0.36170112625079248
  0.37024461441505513  0.37919065793932627  0.38824166958209594  0.39715703484318526
  0.40550411676149056  0.41356555959777641  0.42182782227549154  0.43021979500802748
  0.43907579409260833  0.44864195733128232  0.45872316391751822  0.46981676181435306
  0.48104244504369498  0.49175697296824045  0.50274966054732217  0.51319265947409753
  0.52336161803379522  0.53325598379112982  0.54301458693514548  0.55344815153029780
  0.56523615115674275  0.57926811907957720  0.59339426797071448  0.60590763519638069
  0.61705111387795009  0.62755704240196886  0.63882297277137490  0.65052736607595607
  0.66231563444425956  0.67477036626780285  0.68669396339148969  0.69840394751277901
  0.71029924809722988  0.72296067289622368  0.73609129788577687  0.74807823192967982
  0.75889958800791468  0.76936053795139858  0.78003931079227018  0.79131349587473421
  0.80229717202589756  0.81235358510199240  0.82166203828336182  0.83089353319180814
  0.84123068147676017  0.85079674995678667  0.86108180950761670  0.87186312741462313
  0.88457788262119419  0.89792382128868153  0.91064696178620019  0.92267441161669628
  0.93426012794183855  0.94469687901644950  0.95421583799559284  0.96362089439679388
  0.97310622535206415  0.98252297766454655  0.99155383913354944  1.00000000000000000
  0.00078553577905382  0.00168680750926513  0.00299505334026710  0.00416635415194651
  0.00523146533968452  0.00622783116238200  0.00720558649602690  0.00818240460216318
  0.00914560438913004  0.01008310442115315  0.01106013533077190  0.01204531661812252
  0.01305273742063903  0.01407956090211657  0.01506747870630986  0.01608125728045942
  0.01710964176520231  0.01818543657603409  0.01928900188578179  0.02034613971488237
  0.02135897897917416  0.02234091643552431  0.02347265840437419  0.02468258771808128
  0.02595153296020419  0.02726064285984257  0.02858047329431287  0.02996132194198532
  0.03130907448240068  0.03263893111845834  0.03387755624344284  0.03492642032771189
  0.03599799041573189  0.03708874540039672  0.03825487807907183  0.03947763411592174
  0.04086349417289877  0.04206145025641495  0.04320773597717457  0.04438907244154330
  0.04558305978367964  0.04676788864548277  0.04791682380061546  0.04902027825390769
  0.05011833755116860  0.05126684216087325  0.05222502914453141  0.05324912343719425
  0.05428865551060842  0.05541218073752772  0.05683884670209707  0.05850103619738456
  0.06012862694834051  0.06136526909987730  0.06256385960596091  0.06380349995608368
  0.06521875124936934  0.06715124797590981  0.06945477661216884  0.07138567039779735
  0.07281691330924486  0.07414251683965474  0.07546906197039151  0.07681213055525582
  0.07838472538520221  0.08026092481067511  0.08221841615156089  0.08417166732927971
  0.08614169788619920  0.08781688464774104  0.08949674688515331  0.09121047805328676
  0.09340656213211607  0.09615920809558659  0.09819980844620667  0.10052601671433495
  0.10307851600946152  0.11786505416771588  0.12813819135212809  0.13178053305779802
  0.13432377622255731  0.13675526282386127  0.13991327101553389  0.14422833432217066
  0.14830501001721383  0.15267779228113729  0.15825895388947067  0.16807345644589633
  0.17304139118813391  0.17989621218490293  0.19293955416331085  0.19825832322636039
  0.20698855575137420  0.23731641411573912  0.34162962983762518  1.00000000000000000
 -0.00300698571171877  0.01033580741100836  0.02284274613098056  0.03534873752598038
  0.04710274611504239  0.05929862623072704  0.07150709800314083  0.08305577716637035
  0.09400177271819082  0.10527695375279489  0.11623683277841577  0.12753051668679496
  0.13925315070897615  0.15293182556380128  0.16586862429942487  0.17674938637846965
  0.18677458864753307  0.19652625961873199  0.20641922502449894  0.21694089554550072
  0.22744912322730743  0.23789866374128882  0.24837513625483318  0.25862648277063011
  0.26936704181128834  0.27875814973751906  0.28866734167717922  0.29902843816507296
  0.31005223851816527  0.32120956233611053  0.33303602959313677  0.34646879346823189
  0.35852592578832593  0.36842633951069553  0.37808355090321744  0.38793448316044793
  0.39724036893854930  0.40536176551647568  0.41328794834812094  0.42233890277226765
  0.43224735442483253  0.44151358017710701  0.44987449287546960  0.45862737693911926
  0.46850123830567908  0.47842160923646682  0.48770705468270509  0.49700010443334569
  0.50688784031581480  0.51767588498056394  0.52830029513466614  0.53858047150042931
  0.54956554523777401  0.55997549700159543  0.57019361902515286  0.58022502974432610
  0.58996485679496513  0.59983931442838567  0.60876942857714089  0.61749712076905516
  0.62625446360834724  0.63528649093867218  0.64568709919285061  0.65631388341402386
  0.66717538434568635  0.67799965064410139  0.68956519632141544  0.70135505118626296
  0.71287767687515180  0.72347469552936361  0.73456674274280953  0.74570396414841689
  0.75670035303388838  0.76783265410058055  0.78060370754929376  0.79256152429788307
  0.80241273458003748  0.81202057989253340  0.82105423907032449  0.83022453606416902
  0.83965192564395419  0.84924019412374385  0.85936408809453757  0.87006781748932538
  0.88088908967432944  0.89171503145749331  0.90289209824607564  0.91440760653960940
  0.92570725012344524  0.93628782637050156  0.94644109781718921  0.95699167166505883
  0.96862882924263638  0.97938069659660942  0.98978749394225340  1.00000000000000000
 -0.03034155095880376  0.36060642221515554  0.47281239179577034  0.53735556553826358
  0.58771229714164719  0.62602104966221717  0.65753489391137043  0.68289077712606483
  0.70447905290302670  0.72244283559946210  0.73892202128422013  0.75374700808899309
  0.76715409874314733  0.78035029550245627  0.79276074852885681  0.80335528408685908
  0.81281712278156748  0.82158742376179483  0.83037051643952031  0.83837567885467335
  0.84579265250664548  0.85264913831055511  0.85893187774980073  0.86472660772790910
  0.86989201746651823  0.87460559014741990  0.87886066729836299  0.88298810622828972
  0.88713921662814388  0.89129637613873414  0.89544787157596162  0.89932863273678654
  0.90289484606964487  0.90624337132961597  0.90947955619999177  0.91263256556305739
  0.91560514688729100  0.91845622422614337  0.92091468312348435  0.92353915702358080
  0.92606170378771380  0.92865114754144629  0.93122565286419234  0.93376568086029366
  0.93618795677439159  0.93838662467602796  0.94036054565819915  0.94217124412012854
  0.94388097471606980  0.94554634459525455  0.94714738152498412  0.94869736684132877
  0.95025366709454895  0.95180135950567091  0.95341867177220263  0.95498019692219671
  0.95650883834023404  0.95795868919990135  0.95929488547075614  0.96052200208507332
  0.96177049525630376  0.96311392958103215  0.96440848408987145  0.96569830897979658
  0.96696176402541567  0.96820859293746686  0.96944979215613591  0.97061417640585779
  0.97175029557145065  0.97283620594173248  0.97392899996602489  0.97502194576824563
  0.97603574985987629  0.97703185496626710  0.97801759172169078  0.97900212563303923
  0.97999027675262962  0.98099018500172586  0.98198016991718651  0.98296770656110466
  0.98395582098102818  0.98496868789520053  0.98594203781180079  0.98687487584475675
  0.98776088155962127  0.98860034794670204  0.98939370270594051  0.99021027954702612
  0.99103477523633587  0.99186810280800874  0.99275394866030275  0.99370373631429898
  0.99474802206714097  0.99600675728345056  0.99770546055399012  1.00000000000000000
   7.6845478998970684E-008  -1.0000000000000000     
 F F F F F F F F F F F F F F F F F F F F F F F F F F F F F F F F F F F F F F F F F F F F F F F F F F F F F F F F F F F F F F F F
  <DiscreteSampler_grid>
  grouped_processes
  1 # 1 for a reference and 2 for a running grid.
  10 # Attribute 'min_bin_probing_points' of the grid.
  1 # Attribute 'grid_mode' of the grid. 1=='default',2=='initialization'
  0.0000000000000000 # Attribute 'small_contrib_threshold' of the grid.
  0.5000000000000000 # Attribute 'damping_power' of the grid.
 # binID   n_entries weight   weight_sqr   abs_weight
    10   10   2.004341099228720E+005   2.226496775805239E+011   2.004341099228720E+005
  </DiscreteSampler_grid>
