  0.00968401267459589  0.01543079122956820  0.02371133559905193  0.03328336233053577
  0.04300575584387505  0.05303677072783006  0.06386548200372918  0.07529721697469059
  0.08695846852475859  0.09825111337925641  0.10887777745720720  0.11903203749729802
  0.12974706821009466  0.14127876250285187  0.15295824739566946  0.16355488303034721
  0.17333522777401858  0.18296939761288983  0.19285294649876433  0.20319082761469179
  0.21346565277957621  0.22390365662845318  0.23466623472481968  0.24519378710404938
  0.25610208402120715  0.26770624416564021  0.27922048237207359  0.29050457441193250
  0.30116955255209549  0.31257345100477263  0.32347331062847806  0.33464534872738932
  0.34562413656591728  0.35678513506983400  0.36648921136606327  0.37656699660356358
  0.38707720152570735  0.39858529839481988  0.41096398827687125  0.42247715199309299
  0.43334726908452448  0.44416707834264074  0.45569110571760602  0.46789148084433141
  0.47990464911362640  0.49093961949326353  0.50113558455424168  0.51077271048072703
  0.52016479253111914  0.52929472916944986  0.53807405974392974  0.54777805633738252
  0.55770288995374329  0.56791449474936040  0.57726338583578152  0.58797239522768030
  0.59940896123847376  0.61067098343500370  0.62214942369112525  0.63245413207121448
  0.64190425892560454  0.65076962882000067  0.65987121441416108  0.66927035205036367
  0.67880702459344111  0.68814290350929785  0.69838158813956874  0.70874258092722497
  0.71942642562141879  0.73037491254613196  0.74160198280718248  0.75306993446357806
  0.76444207908950579  0.77618446092539450  0.78766302920920783  0.79879591940447858
  0.81004503430289776  0.82007166135108178  0.82954570724390220  0.83890700829531462
  0.84879905725794713  0.85987576791771880  0.87007280401397602  0.87955672154814524
  0.88913488965760690  0.89970755356291143  0.91089134402803018  0.92168847458308789
  0.93079052187290501  0.93971916621515550  0.94838557489905095  0.95752148257658487
  0.96682056486750678  0.97632501458501708  0.98696290890810756  1.00000000000000000
  0.01128888503726682  0.01499866921022813  0.01713374675839619  0.01883076063680220
  0.02026408577778668  0.02159704361422036  0.02289884863757901  0.02417575040350677
  0.02544864144767435  0.02677535337437894  0.02812629351833865  0.02948187132949156
  0.03083342354977018  0.03215145089684573  0.03341005824026978  0.03455832134467175
  0.03567004836233484  0.03683862076970004  0.03806154159667756  0.03932461841727626
  0.04065569238503801  0.04207929490508452  0.04358496144560738  0.04509422478030998
  0.04652856527860821  0.04792150624485596  0.04928942459720439  0.05061905296365448
  0.05192687319723211  0.05323109019161439  0.05459256281728326  0.05605139331174047
  0.05761500388920865  0.05939121953160341  0.06092599570841829  0.06254814308410388
  0.06436012993527304  0.06619175056414354  0.06798958069911218  0.06985047811684113
  0.07194674657879280  0.07411669805769840  0.07623634750619258  0.07836011565464110
  0.08054043598749978  0.08271722148559393  0.08492712334611091  0.08710538036736654
  0.08923062675704017  0.09139982990020577  0.09365852896375272  0.09601228162981389
  0.09848047383345725  0.10095818891923886  0.10344367972149540  0.10590470982215731
  0.10803244052716292  0.11019785465458221  0.11247779098040137  0.11501292806030555
  0.11768093085923929  0.12029538558275955  0.12301005958719539  0.12633715173538640
  0.13011331989623112  0.13387805227947011  0.13764445107925141  0.14173548970596520
  0.14634212855052678  0.15102785563830912  0.15630051509802967  0.16133840935547097
  0.16584037352864178  0.17064022471505999  0.17552470255387914  0.18013191727771383
  0.18437607555316690  0.18886160033789573  0.19400571592377555  0.19971067126790543
  0.20615440963297821  0.21251712308810181  0.21915530831886573  0.24821106323783731
  0.26817659831671758  0.28060565610526245  0.28951219710172454  0.29821872255803455
  0.30691148653590261  0.31864738700383144  0.33792969074686169  0.35754096354125381
  0.37506108582931208  0.38457438844962921  0.46065413789513432  1.00000000000000000
 -0.00000885662776755  0.00004855543209422  0.00008839272809675  0.00012457840047658
  0.00016590545457133  0.00021397229041509  0.00026578430485223  0.00032555892453191
  0.00038781547783751  0.00044798112807130  0.00051369606443158  0.00058286761597469
  0.00065419520550452  0.00072856224321832  0.00081258060225948  0.00091432563797041
  0.00102178345613035  0.00113959871402907  0.00125324885391247  0.00136765689726106
  0.00148998474916627  0.00161441580703666  0.00174923136131009  0.00189056901362364
  0.00203469537913845  0.00219053621498887  0.00235243571671774  0.00251171568065112
  0.00266483668601406  0.00281780519207448  0.00299049919334294  0.00316783027527475
  0.00333413496967235  0.00356043491167694  0.00380298765993992  0.00405350658243112
  0.00430884091874719  0.00456986316257702  0.00484514924657862  0.00514199192212445
  0.00542523069776737  0.00570576049961131  0.00598963101979697  0.00630512214089746
  0.00665395864362901  0.00702275106482354  0.00741203721661807  0.00782753614342274
  0.00826239191531950  0.00871861480968132  0.00920348744384616  0.00967194240237540
  0.01015062205163362  0.01062186961302963  0.01111551582899920  0.01166815436720455
  0.01224957142139969  0.01286490849409608  0.01353653663720000  0.01427749386286432
  0.01510306715482857  0.01596111289349475  0.01683550016927080  0.01782239732229992
  0.01889063190127511  0.02000766618431423  0.02116173691282889  0.02240409585009551
  0.02374586148939842  0.02511752119645709  0.02658050624424812  0.02816846021724046
  0.02991493281613109  0.03187363510065205  0.03387176750244746  0.03616918657623133
  0.03883771370581118  0.04193863276081186  0.04560294612493203  0.04990562347480990
  0.05491057652042671  0.06006156257611473  0.06553305724202753  0.07104177294495986
  0.07683911530602969  0.08376342208304977  0.09103097324915319  0.10065674105453297
  0.11454834769308432  0.12905092431323034  0.14346971277838810  0.18292966863498514
  0.23788231279170319  0.29205493178737651  0.55300349918655300  1.00000000000000000
 -0.00280515755443642  0.01089133341932488  0.02220248716543390  0.03468470092537677
  0.04701572193840190  0.05943021870978004  0.07178665969206972  0.08313003560777550
  0.09377120047199827  0.10430876870997421  0.11502762870147630  0.12589821530134582
  0.13627679098142054  0.14644515050350249  0.15671574594249135  0.16735968212657940
  0.17842588577615642  0.18966215070938588  0.20121032291913421  0.21160354705412662
  0.22109826521089077  0.23037090200421162  0.23989304621373905  0.24965250110078163
  0.25798686631899398  0.26632479892228661  0.27524323495556258  0.28473182095038357
  0.29371941666265577  0.30292616601608530  0.31301116870675677  0.32468858534285444
  0.33664665733532184  0.34763067294381611  0.35893605068731338  0.37006829138482250
  0.38069148734382802  0.39047415535291313  0.39999797514443891  0.40979156506585490
  0.41972783220557131  0.42972499685300741  0.43990218504207668  0.45121059343360292
  0.46385566972060210  0.47654910513018484  0.48891536937440444  0.50103461760894730
  0.51302492812146139  0.52485256737568042  0.53649291884650430  0.54787406798719018
  0.55862246535209070  0.56892161880641201  0.57853208168370007  0.58893528449571464
  0.60024383445751395  0.61131620274380061  0.62210294855962600  0.63307714706680884
  0.64408859611943436  0.65456936551406475  0.66411512766420711  0.67334651912595467
  0.68253717544919090  0.69150592414761292  0.70044553688240674  0.70982149112502357
  0.71957585023014659  0.72934119994811308  0.73921459323751149  0.74935207723364705
  0.75945461588101837  0.76934197261081261  0.77920897193515748  0.78922758781212654
  0.79903556876070536  0.80841771550004149  0.81815962399583619  0.82842940889267214
  0.83894881771657426  0.84976107883927110  0.86022965546036545  0.87091531038711245
  0.88168153965872842  0.89209016825778098  0.90240932754227632  0.91242934877620552
  0.92220918484112580  0.93190193522394971  0.94217607271081782  0.95363176630432733
  0.96490155566256308  0.97625018950709441  0.98780408260552721  1.00000000000000000
 -0.00282475601083084  0.01050351733952303  0.02145443594009970  0.03172785656493222
  0.04180655150128226  0.05158608678780949  0.06117652814663620  0.07098791520942213
  0.08106329834073840  0.09208277159904532  0.10320565420574798  0.11425454433153397
  0.12539236005111748  0.13634982263728207  0.14697345402332515  0.15704226472304256
  0.16730767687595902  0.17694363969665669  0.18599377827014565  0.19497346452964956
  0.20432956380043271  0.21406359085923610  0.22415696443604613  0.23403325668111163
  0.24402625631464214  0.25421115654125598  0.26468054531566954  0.27551061727113640
  0.28658771101691050  0.29777506146646315  0.30913132428513468  0.32076869606776170
  0.33259515803271877  0.34468764150332182  0.35669925583173268  0.36823408678423514
  0.37907737199511732  0.38934131719690407  0.39948545292446158  0.40985645986425895
  0.42043752850008298  0.43129317293971814  0.44274634363360360  0.45461710892308188
  0.46603390375557635  0.47667115099636126  0.48734439452341366  0.49784611979215226
  0.50822264520845617  0.51886181787313590  0.53076253388912598  0.54278418438015952
  0.55463320582486231  0.56659887561813749  0.57859838422654375  0.59037301258174502
  0.60260608067669452  0.61280495677157631  0.62373484943899526  0.63380898972769295
  0.64353408575666449  0.65268212308097251  0.66191061353311875  0.67264580451954170
  0.68433845175945240  0.69610550224102463  0.70764736449024324  0.71883905898284906
  0.72962442363813806  0.73934935831997017  0.74844938018673224  0.75749179145505352
  0.76699700713490415  0.77689882066016080  0.78712793858966190  0.79689225383354589
  0.80633182048024510  0.81558785903309605  0.82483404265965565  0.83427361589347637
  0.84328864922915014  0.85252932990220065  0.86261761161247208  0.87304727835893436
  0.88445053564824949  0.89577045145134204  0.90578185595068117  0.91567379397146043
  0.92572575135356394  0.93556782620916079  0.94513676013102754  0.95495006448539532
  0.96598956579665052  0.97775432007553509  0.98903982809568658  1.00000000000000000
 -0.00091406088205016  0.00644122803865678  0.01294698831802740  0.01953349788285793
  0.02603605289038151  0.03268737591872098  0.03960046934618213  0.04691176660381920
  0.05457748437024928  0.06187780374256376  0.06922219527011020  0.07626392453375806
  0.08333848701001277  0.09053014941952195  0.09796421734702562  0.10534372431754978
  0.11217752376571910  0.11864489115104034  0.12516319074094417  0.13189702901620601
  0.13879639890227019  0.14553228283539454  0.15230069193489112  0.15921916318429391
  0.16642467400915023  0.17402710505520144  0.18191589058363061  0.18995769474487439
  0.19815040827392158  0.20614423501754681  0.21419868756605048  0.22232555940586188
  0.23039326885330064  0.23876177684034780  0.24724473500946073  0.25602714504593743
  0.26490547167281336  0.27378237669821370  0.28294745051671122  0.29235839883684761
  0.30176540820268816  0.31091417540151817  0.31976958195728072  0.32856254166188931
  0.33748143079602938  0.34645566294992286  0.35586642567949545  0.36618992933300354
  0.37646873302533129  0.38620116775951602  0.39544405021480866  0.40420910311149061
  0.41374434513536323  0.42327362961251858  0.43195667185697423  0.44045852036525890
  0.44887912400406921  0.45744920431899200  0.46653471510251610  0.47620855778397203
  0.48635567421934967  0.49676592156985000  0.50666052146602780  0.51627236127752618
  0.52638503293854688  0.53690582088416183  0.54750714581304960  0.55735485544777030
  0.56758277910340171  0.57886078257662021  0.59047397764022103  0.60232273638938116
  0.61419059443409918  0.62592546959166373  0.63739347106697808  0.64982978524189738
  0.66353470934074843  0.67738593611964126  0.69089830957552534  0.70455139631806596
  0.71922637013044377  0.73537574068344580  0.75173905059649726  0.76928790900487620
  0.78772300711657628  0.80453634210055480  0.82117522518765429  0.83887806522627173
  0.85809935903508106  0.87794275312686842  0.89644394618601009  0.91430655440612973
  0.93374538618595493  0.95481797406495028  0.97669288190918480  1.00000000000000000
 -0.00199459858489528  0.00794182927512694  0.01658288386963728  0.02583284379392676
  0.03467598196207616  0.04339835860366795  0.05316053471254421  0.06301059447457613
  0.07292499264979814  0.08280041451217256  0.09268875084245515  0.10285016513875188
  0.11321585579292168  0.12432600930376952  0.13600572512772041  0.14743267194728160
  0.15804009969076974  0.16971962838645202  0.18166366961627217  0.19265265343363197
  0.20253887156286510  0.21206070842507607  0.22191533948460793  0.23255990984089203
  0.24408227639461733  0.25534025397250981  0.26603030988703885  0.27651797126514832
  0.28745512830647063  0.29854672650013436  0.30961165130237239  0.32045911626223544
  0.33082850081636034  0.34092049799323670  0.35096172839501238  0.36120515602970843
  0.37125709408380753  0.38097950693994714  0.39041931340704694  0.40028269692189772
  0.41086103914737399  0.42164931861134980  0.43255574227825333  0.44350143953554266
  0.45458854491094713  0.46481549744501649  0.47438885058374564  0.48386375877972931
  0.49339082162038200  0.50280928567376415  0.51233879779554825  0.52263012018653765
  0.53408687685271006  0.54587079849625475  0.55796431231386401  0.57017892924030855
  0.58300536743645537  0.59448660333599457  0.60549049868368432  0.61702745401368764
  0.62840502759900807  0.63971954610033055  0.65028784519495564  0.66083139293410931
  0.67066537883794552  0.68011442312114079  0.68997366223122414  0.70063008227999901
  0.71171289133154148  0.72290203362239502  0.73443508607330754  0.74602916189197932
  0.75727762782917885  0.76800633714621303  0.77962296389610963  0.79091853248004018
  0.80076625668766965  0.80983929654701903  0.81966069526972229  0.82885641355918949
  0.83778502188682413  0.84672728283231380  0.85580321403654847  0.86788327428780299
  0.87915685019072298  0.89056421526841700  0.90122079127643639  0.91109159952937080
  0.92154586331416066  0.93211634497029339  0.94264756468465338  0.95421216965962541
  0.96518030103155683  0.97692735771866956  0.98801112932020607  1.00000000000000000
 -0.00236067094292233  0.00999423605405013  0.01994903988712709  0.02997282614161022
  0.03972478756210340  0.05027933999365424  0.06089658080590018  0.07140183866264560
  0.08176026974972635  0.09286831761059733  0.10336258017725983  0.11375768971366136
  0.12394021942272498  0.13508061746931674  0.14624484425292411  0.15819284612579210
  0.16969953875838872  0.18133467090467523  0.19159872062554717  0.20186951528587968
  0.21252656533399911  0.22304747365782526  0.23285157302864959  0.24248498136780283
  0.25243314571973874  0.26347004752905412  0.27457966226898878  0.28474770312008207
  0.29448608386154101  0.30442364730333121  0.31555004716776025  0.32854560484814649
  0.34081703512719008  0.35230933743713794  0.36226748189694435  0.37155198708174020
  0.38003121591858491  0.38838776325528007  0.39688343262313747  0.40601396582070098
  0.41500712089933939  0.42427994585859269  0.43410973804254982  0.44450511353228572
  0.45607046517523026  0.46743404410758482  0.47868896590613907  0.49011300161110100
  0.50162740850141918  0.51388711479276095  0.52529739584368162  0.53586063505790116
  0.54637907318749579  0.55716044086053573  0.56741768318003871  0.57698754056609292
  0.58654943764117373  0.59590328591591857  0.60555028166036540  0.61466396188384576
  0.62368755382734276  0.63410978784429994  0.64438196769720191  0.65474019941791528
  0.66512786217803122  0.67536889484163898  0.68568070526085045  0.69591897165331962
  0.70693073360915160  0.71856123761042567  0.73070532595692039  0.74314615196920175
  0.75532333869959778  0.76730002427786703  0.77774144970951531  0.78765992865658052
  0.79727004886865371  0.80697818571265789  0.81729717533536628  0.82733230696292137
  0.83842915934536488  0.85023914513959764  0.86182447668753837  0.87255313909717858
  0.88285694772291146  0.89276816095649081  0.90265951798620703  0.91199979481247417
  0.92181543402539690  0.93166914298602588  0.94170252383906561  0.95211690927019577
  0.96304203096090479  0.97474366087553621  0.98705006632458969  1.00000000000000000
 -0.01118220617104387  0.37784868067171529  0.48927839877303814  0.55853837665753381
  0.60544543457527289  0.64136457663233837  0.67113575795821767  0.69578858785329334
  0.71653325345603491  0.73536446436585523  0.75161601458407545  0.76604025417205346
  0.77865538157754499  0.79012109424830956  0.79976679035833176  0.80850679816093096
  0.81628216110517005  0.82329172456506616  0.83003456922755192  0.83657211386526931
  0.84276543334940113  0.84882154095077078  0.85435285622901325  0.85925825203336048
  0.86386845718648175  0.86856658504866779  0.87302470079625927  0.87715798053526073
  0.88091708819926684  0.88449995296693706  0.88794864293734421  0.89137349617230210
  0.89478216573895741  0.89793891031444906  0.90085026339001295  0.90354887264806150
  0.90616521385957005  0.90867782903689454  0.91113362859602443  0.91357889893647826
  0.91612244537175747  0.91835962760007317  0.92046259500013994  0.92248326757626642
  0.92449428033071812  0.92650142341405706  0.92846659798152364  0.93038050173824238
  0.93227415270525849  0.93417024282870365  0.93605609558857394  0.93788948312813536
  0.93953851353346163  0.94119807817912915  0.94277296350315098  0.94425344078647044
  0.94568200978376715  0.94708489259027329  0.94847365714693654  0.94985713606759647
  0.95128401919430261  0.95272532617404071  0.95416463265962581  0.95558453801959231
  0.95693984224795670  0.95828804709538973  0.95964115687326079  0.96095817109280179
  0.96219719129043590  0.96342793139820426  0.96463934355805792  0.96583984219901287
  0.96703540458651094  0.96823575264300588  0.96944116975419936  0.97064220125599798
  0.97183157108601237  0.97299163686859935  0.97412295858634035  0.97524478159377836
  0.97636211034839404  0.97747809385632645  0.97860257819811092  0.97974232610586165
  0.98090077022757471  0.98207289240539619  0.98330238397265990  0.98455830118440002
  0.98583193040397388  0.98716112311776838  0.98854235888917530  0.99000114777644654
  0.99158357551862264  0.99348906182932772  0.99606147038160964  1.00000000000000000
   1.0273264214945338E-015  -1.0000000000000000     
 F F F F F F F F F F F F F F F F F F F F F F F F F F F F F F F F F F F F F F F F F F F F F F F F F F F F F F F F F F F F F F F F
  <DiscreteSampler_grid>
  grouped_processes
  1 # 1 for a reference and 2 for a running grid.
  10 # Attribute 'min_bin_probing_points' of the grid.
  1 # Attribute 'grid_mode' of the grid. 1=='default',2=='initialization'
  0.0000000000000000 # Attribute 'small_contrib_threshold' of the grid.
  0.5000000000000000 # Attribute 'damping_power' of the grid.
 # binID   n_entries weight   weight_sqr   abs_weight
    10   10   1.573699350476539E-004   2.314352149952453E-007   1.573699350476539E-004
  </DiscreteSampler_grid>
