  0.05282194309778285  0.05871858559818612  0.06733704502059232  0.08082132374391764
  0.14442645205569477  0.21950633123798644  0.24466513563026990  0.26245222356350828
  0.28023931149674675  0.31851130640161418  0.37521500481587650  0.37608329455064149
  0.37695158428540648  0.37781987402017153  0.37868816375493652  0.37955645348970152
  0.38042474322446657  0.38129303295923156  0.38216132269399661  0.38302961242876160
  0.38389790216352659  0.38476619189829164  0.38563448163305664  0.38650277136782163
  0.38737106110258668  0.38823935083735167  0.38910764057211666  0.38997593030688171
  0.39084422004164671  0.39171250977641170  0.39258079951117675  0.39344908924594174
  0.39431737898070673  0.39518566871547178  0.39605395845023678  0.39692224818500182
  0.39779053791976682  0.39865882765453187  0.39952711738929686  0.40039540712406191
  0.40126369685882690  0.40213198659359195  0.40300027632835694  0.40386856606312199
  0.40473685579788699  0.40560514553265203  0.40647343526741703  0.40734172500218208
  0.40821001473694707  0.40907830447171212  0.40994659420647711  0.41081488394124216
  0.41168317367600715  0.41255146341077220  0.41341975314553719  0.41428804288030224
  0.41515633261506724  0.41602462234983228  0.41689291208459728  0.41776120181936233
  0.41862949155412732  0.41949778128889237  0.42036607102365736  0.42123436075842235
  0.42210265049318740  0.42297094022795240  0.42383922996271739  0.42470751969748244
  0.42557580943224743  0.42644409916701242  0.42731238890177747  0.42818067863654247
  0.42904896837130746  0.42991725810607251  0.43078554784083750  0.43165383757560249
  0.43252212731036754  0.43339041704513254  0.43425870677989753  0.43512699651466258
  0.43599528624942757  0.43686357598419256  0.45754912584917634  0.52744038482418387
  0.56949450775833510  0.63370654216554811  0.70878642134783976  0.78386630053013140
  0.85894617971242304  0.88228864130813833  0.89155963651034531  0.89973972973520622
  0.90698688200657862  0.91343736225811190  0.91343736225812189  1.00000000000000000
  0.00002905278224679  0.00008306279743306  0.00009479562208009  0.00010595631894712
  0.00012642645537487  0.00018363194812670  0.00028678054082168  0.00040291845036715
  0.00040511205899874  0.00040730566763033  0.00040949927626192  0.00041169288489351
  0.00041388649352510  0.00041608010215669  0.00041827371078829  0.00042046731941988
  0.00042266092805147  0.00042485453668306  0.00042704814531465  0.00042924175394624
  0.00043143536257783  0.00043362897120942  0.00043582257984101  0.00043801618847260
  0.00044020979710419  0.00044240340573578  0.00044459701436737  0.00044679062299896
  0.00044910892569265  0.00045155050465512  0.00045399208361760  0.00045643366258007
  0.00045887524154255  0.00046131682050503  0.00046375839946750  0.00046619997842998
  0.00046864155739245  0.00047108313635493  0.00047352471531741  0.00047596629427988
  0.00047840787324236  0.00048084945220483  0.00048329103116731  0.00048573261012978
  0.00048817418909226  0.00049061576805474  0.00049305734701721  0.00049549892597969
  0.00049794050494216  0.00050059363778504  0.00050331121818847  0.00050602879859190
  0.00050874637899533  0.00051146395939876  0.00051418153980219  0.00051689912020562
  0.00051961670060905  0.00052233428101248  0.00052505186141591  0.00052776944181934
  0.00053048702222277  0.00053320460262620  0.00053592218302963  0.00053863976343306
  0.00054135734383649  0.00054407492423992  0.00054679250464335  0.00054951008504678
  0.00055222766545021  0.00056273869937769  0.00085462999409632  0.00089789156922068
  0.00094115314434505  0.00098854694765876  0.00103669890611939  0.00108822435066593
  0.00114181951212108  0.00121347000046625  0.00131310451787455  0.00141720665516655
  0.00193748529701413  0.00302579332684044  0.00472401149447650  0.00738692087718644
  0.01154726546357039  0.01804476586590751  0.02073797562375446  0.02073797562376446
  0.02073797562377445  0.02073797562378445  0.02073797562379445  0.02073797562380445
  0.02073797562381445  0.02073797562382445  0.02073797562383445  1.00000000000000000
  0.00000540161203942  0.00000588167928066  0.00000648703418415  0.00000714042012239
  0.00000719494298370  0.00000724946584502  0.00000730398870633  0.00000735851156765
  0.00000741303442896  0.00000746755729028  0.00000752208015159  0.00000757660301291
  0.00000763112587422  0.00000768564873554  0.00000774017159685  0.00000779469445817
  0.00000784921731948  0.00000790374018080  0.00000795826304211  0.00000801278590343
  0.00000806730876474  0.00000812183162605  0.00000817635448737  0.00000823087734868
  0.00000828540021000  0.00000834297458066  0.00000840656885779  0.00000847016313491
  0.00000853375741204  0.00000859735168917  0.00000866094596629  0.00000872454024342
  0.00000878813452055  0.00000885172879767  0.00000891532307480  0.00000897891735193
  0.00000904251162906  0.00000910610590618  0.00000916970018331  0.00000923329446044
  0.00000929688873756  0.00000936048301469  0.00000942407729182  0.00000948767156894
  0.00000955126584607  0.00000961486012320  0.00000967845440033  0.00000974802772491
  0.00000982220270373  0.00000989637768255  0.00000997055266137  0.00001004472764019
  0.00001011890261902  0.00001019307759784  0.00001026725257666  0.00001034142755548
  0.00001041560253430  0.00001048977751312  0.00001056395249194  0.00001063812747076
  0.00001071230244959  0.00001078647742841  0.00001086065240723  0.00001093482738605
  0.00001100900236487  0.00001108317734369  0.00001115735232251  0.00001123152730133
  0.00001130570228016  0.00001841549736839  0.00003391527068210  0.00006205244298879
  0.00008753310123438  0.00010881306487938  0.00012731224519508  0.00014895501495025
  0.00024294676712179  0.00044767287066538  0.00082490134172029  0.00089995986767422
  0.00095994217554666  0.00102260193611248  0.00108684838816056  0.00120936254684263
  0.00222756498319336  0.00410293091232104  0.00755697321454303  0.01391846429897474
  0.02499425833247906  0.02550603072719524  0.02550603072720524  0.02550603072721523
  0.02550603072722523  0.02550603072723523  0.02550603072724523  1.00000000000000000
  0.00837897857030230  0.01770788336670067  0.03175172515554786  0.06973606188484821
  0.14059287026744882  0.18110007012176357  0.22852066203848284  0.29937747042108348
  0.33716604597665989  0.34452558058728316  0.35188511519790638  0.35924464980852960
  0.36660418441915277  0.37396371902977593  0.38132325364039910  0.38868278825102226
  0.39784546205411020  0.46870227043671092  0.53955907881931164  0.55368938709550786
  0.56608067342075186  0.57847194824370540  0.59086322306665895  0.60325449788961261
  0.64590716216632238  0.64663897731464659  0.64737079246297069  0.64810260761129490
  0.64883442275961911  0.64956623790794332  0.65029805305626753  0.65102986820459174
  0.65176168335291595  0.65249349850124005  0.65322531364956427  0.65395712879788848
  0.65468894394621269  0.65542075909453690  0.65615257424286111  0.65688438939118532
  0.65761620453950942  0.65834801968783363  0.65907983483615784  0.65981164998448205
  0.66054346513280626  0.66127528028113047  0.66200709542945468  0.66273891057777878
  0.66347072572610299  0.66420254087442721  0.66493435602275142  0.66566617117107563
  0.66639798631939984  0.66702087486478245  0.66758057136016546  0.66814026785554859
  0.66869996435093171  0.66925966084631472  0.66981935734169784  0.67037905383708085
  0.67093875033246397  0.67149844682784698  0.67205814332323011  0.67261783981861312
  0.67317753631399624  0.67373723280937925  0.67429692930476237  0.67485662580014538
  0.67541632229552850  0.67597601879091151  0.67653571528629464  0.67709541178167765
  0.67765510827706077  0.67821480477244378  0.67877450126782690  0.67933419776320991
  0.67989389425859303  0.68045359075397605  0.68101328724935917  0.68157298374474218
  0.68213268024012530  0.68269237673550842  0.68325207323089143  0.68381176972627455
  0.68437146622165757  0.68493116271704069  0.68549085921242370  0.68605055570780682
  0.68661025220318983  0.68716994869857295  0.71657276646959833  0.78742957485219911
  0.85098916689554849  0.85098916689555848  0.85098916689556847  1.00000000000000000
  0.05164032777150476  0.06053935825369929  0.07649450286413070  0.13022311118909646
  0.20597560883963995  0.27200833582575817  0.28017825109295541  0.28834816636015270
  0.29646821673476453  0.30455415816123027  0.31264009958769601  0.32072604101416174
  0.32881198244062748  0.33933202144409630  0.35293948638007661  0.42308747507795269
  0.47089131988956867  0.52227974934225729  0.59803224699280089  0.67378474464334448
  0.74953724229388785  0.77146357993883508  0.77234029504865664  0.77321701015847821
  0.77409372526829978  0.77497044037812135  0.77584715548794303  0.77672387059776460
  0.77760058570758617  0.77847730081740774  0.77935401592722930  0.78023073103705087
  0.78110744614687255  0.78198416125669412  0.78286087636651569  0.78373759147633726
  0.78461430658615883  0.78549102169598040  0.78636773680580208  0.78724445191562364
  0.78812116702544521  0.78899788213526678  0.78987459724508835  0.79075131235490992
  0.79162802746473160  0.79250474257455317  0.79338145768437474  0.79425817279419630
  0.79513488790401787  0.79601160301383944  0.79688831812366101  0.79776503323348258
  0.79864174834330415  0.79951846345312572  0.80039517856294728  0.80127189367276885
  0.80214860878259042  0.80302532389241210  0.80390203900223367  0.80477875411205524
  0.80565546922187681  0.80653218433169838  0.80740889944151994  0.80828561455134151
  0.80916232966116308  0.81003904477098465  0.81091575988080622  0.81179247499062779
  0.81266919010035354  0.81354590520967818  0.81442262031900270  0.81529933542832733
  0.81617605053765196  0.81705276564697660  0.81792948075630123  0.81880619586562586
  0.81968291097495050  0.82055962608427513  0.82143634119359976  0.82231305630292439
  0.82318977141224903  0.82406648652157366  0.82494320163089829  0.82581991674022293
  0.82669663184954745  0.82757334695887208  0.82845006206819671  0.82932677717752135
  0.83020349228684598  0.83108020739617061  0.83195692250549524  0.83283363761481988
  0.85107736396196276  0.92424750234945430  0.96030557552973417  1.00000000000000000
  0.04643559058507289  0.04685916686557073  0.04728274314606858  0.04770631942656642
  0.04812989570706426  0.04855347198756210  0.04897704826805994  0.04940062454855779
  0.04982420082905563  0.05024777710955347  0.05067135339005131  0.05109492967054916
  0.05151850595104700  0.05194208223154484  0.05236565851204267  0.05278923479254052
  0.05321281107303836  0.05363638735353620  0.05405996363403404  0.05448353991453188
  0.05490711619502972  0.05533069247552756  0.05575426875602540  0.05617784503652325
  0.05660142131702109  0.05702499759751892  0.05744857387801677  0.05787215015851461
  0.05829572643901245  0.05871930271951029  0.05914287900000813  0.05956645528050597
  0.05999003156100381  0.06041360784150165  0.06083718412199950  0.06126076040249734
  0.06168433668299518  0.06210791296349302  0.06255339660966076  0.06327165892544917
  0.06398992124123759  0.06470818355702600  0.06542644587281440  0.06614470818860282
  0.06686297050439123  0.06758123282017964  0.06829949513596804  0.06901775745175645
  0.06973601976754487  0.07045428208333328  0.07117254439912168  0.07189080671491010
  0.07260906903069851  0.07332733134648692  0.07404559366227532  0.07476385597806373
  0.07548211829385215  0.07620038060964056  0.07691864292542896  0.07763690524121739
  0.07835516755700579  0.07907342987279420  0.07979169218858261  0.08050995450437103
  0.08122821682015943  0.08194647913594784  0.08266474145173626  0.08814382645359352
  0.15770625297331584  0.22726867949303814  0.25818923530604621  0.27035343828417646
  0.28251764126230688  0.29468183828482547  0.30684601723608879  0.33250907064257634
  0.38343240731238304  0.42745469673091918  0.47207687629141082  0.54163930281113315
  0.61120172933085537  0.68076415585057759  0.75032658237029981  0.81988900889002214
  0.86234264655175852  0.87846124446930907  0.89457984238685950  0.91069844030441016
  0.92121614383255113  0.92844062746573619  0.93566511109892114  0.94243862899741226
  0.94905861549651505  0.95567860199561772  0.96244156757990507  1.00000000000000000
 -0.00304378437210488  0.00049497521915057  0.00098995043830115  0.00148492565745172
  0.00197990087660229  0.00247487609575286  0.00296985131490344  0.00346482653405401
  0.00395980175320458  0.00445477697235516  0.00494975219150573  0.00544472741065630
  0.00593970262980688  0.00643467784895745  0.00692965306810803  0.00742462828725860
  0.00791960350640918  0.00841457872555975  0.00890955394471033  0.00940452916386090
  0.00989950438301147  0.01039447960216205  0.01088945482131263  0.01138443004046320
  0.01187940525961377  0.01237438047876435  0.01286935569791492  0.01336433091706550
  0.01385930613621607  0.01435428135536665  0.01484925657451722  0.01534423179366780
  0.01583920701281837  0.01633418223196895  0.01682915745111952  0.01732413267027010
  0.01781910788942067  0.01831408310857124  0.01880905832772182  0.01930403354687239
  0.01979900876602297  0.02029398398517354  0.02078895920432412  0.02142256359827755
  0.02206981986529948  0.02271707613232141  0.02336433239934334  0.02401158866636527
  0.02465884493338719  0.02530610120040912  0.02595335746743105  0.02660061373445297
  0.02724787000147490  0.02789512626849683  0.02854238253551876  0.02918963880254068
  0.02983689506956261  0.03048415133658454  0.03113140760360647  0.03177866387062839
  0.03242592013765032  0.03307317640467225  0.03372043267169418  0.03436768893871611
  0.03501494520573803  0.03566220147275996  0.03630945773978188  0.03695671400680382
  0.03760397027382574  0.03825122654084767  0.03889848280786960  0.03954573907489152
  0.04019299534191345  0.04084025160893538  0.04148750787595731  0.08383397694721481
  0.09228970802540859  0.10074543910360237  0.10884480269002765  0.11670199457436660
  0.12455918645870555  0.18423091075209119  0.24698237915577681  0.30973384755946243
  0.37248531596314804  0.43523678436683366  0.49798825277051928  0.56073972117420490
  0.62349118957789051  0.68624265798157613  0.74899412638526175  0.81174559478894737
  0.87449706319263298  0.89942467610041288  0.89942467610042287  1.00000000000000000
  0.03868823846181242  0.08044534473360580  0.09537585101531255  0.10837135313014098
  0.12136685524496932  0.12560316881513353  0.12644040257063244  0.12727763632613137
  0.12811487008163028  0.12895210383712921  0.12978933759262812  0.13062657134812705
  0.13146380510362596  0.13230103885912489  0.13313827261462380  0.13397550637012273
  0.13481274012562164  0.13564997388112057  0.13648720763661948  0.13732444139211838
  0.13816167514761732  0.13899890890311623  0.13983614265861516  0.14067337641411407
  0.14151061016961297  0.14234784392511191  0.14318507768061081  0.14402231143610975
  0.14485954519160865  0.14569677894710759  0.14653318295857620  0.14736942526243399
  0.14820566756629178  0.14904190987014956  0.14987815217400735  0.15071439447786514
  0.15155063678172292  0.15238687908558068  0.15322312138943847  0.15405936369329626
  0.15489560599715405  0.15573184830101183  0.15656809060486962  0.15740433290872741
  0.15824057521258517  0.15907681751644295  0.15991305982030074  0.16074930212415853
  0.16158554442801631  0.16242178673187410  0.16325802903573186  0.16409427133958965
  0.16493051364344744  0.16576675594730522  0.16660299825116301  0.16743923433898633
  0.16827546991454145  0.16911170549009655  0.16994794106565164  0.17078417664120676
  0.17162041221676186  0.17245664779231698  0.17329288336787207  0.17412911894342717
  0.17496535451898229  0.17580159009453739  0.17663782567009248  0.17747406124564760
  0.17831029682120270  0.17914653239675779  0.17998276797231291  0.18081900354786801
  0.18165523912342310  0.18249147469897822  0.18332771027453332  0.18416394585008841
  0.18500018142564353  0.18583641700119863  0.18667265257675372  0.18758282196559187
  0.19537506850444739  0.20316731504330288  0.21411066289653760  0.23796975096293757
  0.30211317181531822  0.34888879655762839  0.42123448582900402  0.49358017510037960
  0.56592586437175518  0.63827155364313071  0.71061724291450634  0.78296293218588198
  0.85530862145725772  0.92765431072863325  0.97698367039362588  1.00000000000000000
  0.02012359698613501  0.05581093317416719  0.10034600414497516  0.16902446907775229
  0.23770293401052939  0.30638139894330652  0.32439010874191926  0.33744311694373202
  0.35049612514554496  0.36354913334735772  0.38342967540515055  0.45210814033792762
  0.52078660527070475  0.58946507020348193  0.62844240053651568  0.63557558001057324
  0.64270875948463080  0.64984193895868836  0.65697511843274603  0.66410829790680370
  0.67124147738086126  0.67837465685491871  0.68550783632897627  0.73699785363337766
  0.80567631856615474  0.87435478349893181  0.89632079694836242  0.89703008324095457
  0.89773936953354661  0.89844865582613864  0.89915794211873079  0.89986722841132283
  0.90057651470391498  0.90128580099650701  0.90199508728909905  0.90270437358169120
  0.90341365987428324  0.90412294616687539  0.90483223245946742  0.90554151875205946
  0.90625080504465161  0.90696009133724365  0.90766937762983568  0.90837866392242783
  0.90908795021501987  0.90979723650761202  0.91050652280020405  0.91121580909279609
  0.91192509538538824  0.91263438167798028  0.91334366797057231  0.91405295426316446
  0.91476224055575650  0.91547152684834854  0.91618081314094069  0.91682814877385888
  0.91734077298174388  0.91785339718962888  0.91836602139751389  0.91887864560539900
  0.91939126981328401  0.91990389402116901  0.92041651822905401  0.92092914243693913
  0.92144176664482413  0.92195439085270914  0.92246701506059414  0.92297963926847915
  0.92349226347636426  0.92400488768424927  0.92451751189213427  0.92503013610001927
  0.92554276030790428  0.92605538451578939  0.92656800872367440  0.92708063293155940
  0.92759325713944440  0.92810588134732952  0.92861850555521452  0.92913112976309953
  0.92964375397098453  0.93015637817886954  0.93066900238675465  0.93118162659463966
  0.93169425080252466  0.93220687501040966  0.93271949921829467  0.93323212342617978
  0.93374474763406479  0.93425737184194979  0.93476999604983479  0.93528262025771991
  0.93579524446560491  0.93630786867348992  0.93635398546854653  1.00000000000000000
   4.0601833939508792E-011  -1.0000000000000000     
 F F F F F F F F F F F F F F F F F F F F F F F F F F F F F F F F F F F F F F F F F F F F F F F F F F F F F F F F F F F F F F F F
  <DiscreteSampler_grid>
  grouped_processes
  1 # 1 for a reference and 2 for a running grid.
  10 # Attribute 'min_bin_probing_points' of the grid.
  1 # Attribute 'grid_mode' of the grid. 1=='default',2=='initialization'
  0.0000000000000000 # Attribute 'small_contrib_threshold' of the grid.
  0.5000000000000000 # Attribute 'damping_power' of the grid.
 # binID   n_entries weight   weight_sqr   abs_weight
    10   10   1.162532124304608E+005   1.327133033669949E+011   1.162532124304608E+005
  </DiscreteSampler_grid>
