  0.03294887943921401  0.42951453456043687  0.44270346747274580  0.45645252738890429
  0.53660624067401219  0.54293917260615510  0.54428689078612402  0.54563460896609284
  0.54698232714606176  0.54833004532603058  0.54967776350599939  0.55102548168596832
  0.55237319986593714  0.55372091804590606  0.55506863622587488  0.55641635440584380
  0.55776407258581262  0.55911179076578155  0.56045950894575036  0.56180722712571929
  0.56315494530568810  0.56450266348565703  0.56585038166562585  0.56719809984559466
  0.56854581802556359  0.56989353620553240  0.57124125438550133  0.57258897256547014
  0.57393669074543907  0.57528440892540789  0.57663212710537681  0.57797984528534563
  0.57932756346531455  0.58067528164528337  0.58202299982525230  0.58337071800522111
  0.58471843618519004  0.58606615436515885  0.58741387254512778  0.58876159072509660
  0.59010930890506552  0.59145702708503445  0.59280474526500326  0.59415246344497219
  0.59550018162494101  0.59684789980490993  0.59819561798487886  0.59954333616484767
  0.60089105434481660  0.60223877252478542  0.60358649070475434  0.65580840165420129
  0.74648550507669309  0.83341529399030068  0.83535611951119426  0.83729694503208785
  0.83923777055298143  0.84117859607387502  0.84311942159476860  0.84506024711566219
  0.84700107263655577  0.84894189815744936  0.85088272367834294  0.85282354919923653
  0.85476437472013012  0.85670520024102359  0.85864602576191718  0.86058685128281076
  0.86252767680370435  0.86446850232459793  0.86640932784549141  0.86835015336638499
  0.87029097888727858  0.87223180440817216  0.87417262992906564  0.87611345544995922
  0.87805428097085281  0.87999510649174639  0.88193593201263998  0.88387675753353345
  0.88581758305442704  0.88775840857532062  0.88969923409621421  0.89164005961710779
  0.89358088513800127  0.89552171065889485  0.91998884853088103  0.92543786112300563
  0.93088687371513024  0.93633588630725495  0.94044371613767330  0.94418717582680278
  0.94793063551593226  0.95167409520506174  0.95369741297125932  1.00000000000000000
  0.00000765627682554  0.00002577217244857  0.00002900153127459  0.00004902960003964
  0.00009240435622001  0.00017415060071998  0.00032821312045763  0.00042174135684084
  0.00048540530606590  0.00058246564484659  0.00075707344742909  0.00082416104683950
  0.00089834052244474  0.00097976032239003  0.00121739270224694  0.00229395119387137
  0.00432250762106268  0.00814489459306428  0.01336424255911463  0.01378549583682296
  0.01420674911453128  0.01462800239223960  0.01504925566994792  0.01552523841106142
  0.01600359833141999  0.01648195825177855  0.01696031817213711  0.01726233129314511
  0.01748457994674314  0.01770682860034116  0.01792907725393918  0.01815132590753721
  0.01837357456113524  0.01859582321473326  0.01881807186833129  0.01904032052192931
  0.01926256917552734  0.01949666269273855  0.01976582206052501  0.02003498142831147
  0.02030414079609793  0.02057330016388439  0.02084245953167085  0.02111161889945731
  0.02138077826724376  0.02164993763503023  0.02191909700281669  0.02220530077045224
  0.02251094837143599  0.02281659597241974  0.02312224357340350  0.02342789117438725
  0.02373353877537101  0.02403918637635476  0.02434483397733851  0.02465048157832227
  0.02495612917930602  0.03866531240407443  0.07286148218053615  0.08990351844875577
  0.09075742059931467  0.09161132274987356  0.09246522490043246  0.09331912705099135
  0.09417302920155024  0.09502693135210914  0.09588083350266803  0.09673473565322693
  0.09758863780378582  0.09844253995434472  0.09929644210490361  0.10015034425546251
  0.10100424640602140  0.10181196322255547  0.10257239049416131  0.10333281776576715
  0.10409324503737299  0.10485367230897882  0.10561409958058467  0.10637452685219051
  0.10713495412379635  0.10789538139540220  0.10865580866700804  0.10941623593861388
  0.11017666321021972  0.11093709048182557  0.11169751775343141  0.11245794502503725
  0.11321837229664308  0.11397879956824893  0.11473922683985477  0.13541225927567246
  0.13541225927568246  0.13541225927569245  0.13541225927570244  1.00000000000000000
  0.00000112136257048  0.00012532555161517  0.00015628440586950  0.00027244192679361
  0.00041542179175088  0.00046087131365713  0.00051128777991480  0.00062122983394336
  0.00088079798576435  0.00094856448973933  0.00102391182836220  0.00110426139917612
  0.00128798254493581  0.00224309505866531  0.00391132835064119  0.00681744130165432
  0.01187807747061322  0.01904815000053139  0.01927662216867115  0.01950509433681091
  0.01973356650495068  0.01996203867309044  0.02019051084123021  0.02041898300936997
  0.02064745517750973  0.02087592734564950  0.02110439951378926  0.02135205141517561
  0.02160635057830248  0.02186064974142935  0.02211494890455622  0.02236924806768309
  0.02262354723080996  0.02287784639393682  0.02313214555706369  0.02338644472019056
  0.02365037577121274  0.02393342146948556  0.02421646716775838  0.02449951286603121
  0.02478255856430403  0.02506560426257685  0.02534864996084968  0.02563169565912250
  0.02591474135739532  0.02619778705566814  0.04391717689101694  0.04597593676330564
  0.04720930827684704  0.04844267979038844  0.04967605130392983  0.05102906219514614
  0.05240185672969194  0.05377465126423774  0.05514744579878354  0.05663711516019872
  0.05816509339983526  0.05969307163947178  0.06122104987910831  0.08862868652336414
  0.10609891177354396  0.10697365454728217  0.10784839732102039  0.10872314009475860
  0.10959788286849682  0.11047262564223503  0.11134736841597324  0.11222211118971147
  0.11309685396344968  0.11397159673718790  0.11484633951092611  0.11572108228466434
  0.11659582505840255  0.11746501107502713  0.11822854839981464  0.11899208572460217
  0.11975562304938968  0.12051916037417719  0.12128269769896471  0.12204623502375223
  0.12280977234853974  0.12357330967332726  0.12433684699811477  0.12510038432290230
  0.12586392164768981  0.12662745897247732  0.12739099629726483  0.12815453362205234
  0.12891807094683988  0.12968160827162739  0.13044514559641490  0.14739149408190919
  0.14739149408191918  0.14739149408192917  0.14739149408193916  1.00000000000000000
  0.04704415400822963  0.04784942922911362  0.04865470444999761  0.04945997967088160
  0.05026525489176559  0.05107053011264958  0.05187580533353357  0.05268108055441756
  0.05348635577530154  0.05429163099618554  0.05509690621706953  0.05590218143795352
  0.05670745665883751  0.05751273187972149  0.05831800710060549  0.05912328232148947
  0.05992855754237347  0.06073383276325746  0.06153910798414144  0.06234438320502544
  0.06361664406890261  0.06500076495977783  0.06638488585065307  0.06776900674152829
  0.06915312763240351  0.07053724852327874  0.07192136941415396  0.07330549030502918
  0.07468961119590441  0.07607373208677963  0.07745785297765485  0.07884197386853008
  0.08022609475940530  0.08161021565028052  0.08299433654115575  0.15720979407357377
  0.25504884761937230  0.28618810258251964  0.30449660301644216  0.31508612721929058
  0.31968075468175294  0.32427538214421525  0.32887000960667762  0.33346470975096903
  0.33806188052208963  0.34265905129321023  0.34725622206433082  0.35185339283545142
  0.35645056360657201  0.36104773437769255  0.36564490514881309  0.37024207591993363
  0.37483924669105423  0.46941782940933291  0.48097272414752001  0.48297865581645083
  0.48498458748538159  0.48699051915431241  0.48899645082324317  0.49100238249217398
  0.49300831416110480  0.49501424583003556  0.49702017749896638  0.49902610916789714
  0.50103204083682795  0.50303797250575877  0.50504390417468947  0.50704983584362029
  0.50905576751255111  0.51106169918148192  0.51306763085041274  0.51507356251934344
  0.51707949418827426  0.51908542585720507  0.52109135752613589  0.52309728919506671
  0.52510322086399752  0.52710915253292834  0.52911508420185904  0.53112101587078986
  0.53312694753972067  0.53513287920865149  0.53713881087758231  0.53914474254651312
  0.54115067421544394  0.60643535477889843  0.62825753868569223  0.65007972259248614
  0.69013869460373733  0.75515118431122297  0.76842177096279574  0.78092697148034218
  0.79639302030247228  0.79944730202356984  0.79944730202357983  1.00000000000000000
  0.10385357936223355  0.14665202913833220  0.14747072494333113  0.14828942074833007
  0.14910811655332901  0.14992681235832794  0.15074550816332688  0.15156420396832582
  0.15238289977332475  0.15320159557832369  0.15402029138332263  0.15483898718832156
  0.15565768299332050  0.15647637879831944  0.15729507460331837  0.15811377040831731
  0.15893246621331625  0.15975116201831518  0.16056985782331412  0.16138855362831306
  0.16220724943331200  0.16302594523831093  0.16384464104330987  0.16466333684830881
  0.16548203265330774  0.16630072845830668  0.16725049163563410  0.16830618911370082
  0.16936188659176754  0.17041758406983426  0.17147328154790098  0.17252897902596773
  0.17358467650403445  0.17464037398210117  0.17569607146016789  0.17675176893823460
  0.17780746641630132  0.17886316389436804  0.17991886137243479  0.18097455885050151
  0.18203025632856823  0.18308595380663495  0.18414165128470167  0.18519734876276839
  0.18625304624083511  0.18730874371890185  0.19052731284203236  0.19422441397957660
  0.19792151511712083  0.20161861625466507  0.20531571739220930  0.20901582704141772
  0.21272929758914871  0.21644276813687971  0.22015623868461071  0.22386970923234170
  0.22758317978007270  0.23129665032780369  0.23501012087553463  0.23872359142326560
  0.24243706197099657  0.24615053251872751  0.24986400306645848  0.26787138388959703
  0.28642214481149114  0.30497290573338515  0.36342269996145976  0.44911604157116725
  0.53480938318087490  0.62050272479058255  0.70619606640029009  0.73076950155024856
  0.73295933372723976  0.73514916590423107  0.73733899808122239  0.73952883025821370
  0.74171866243520501  0.74390849461219621  0.74609832678918753  0.74828815896617884
  0.75039392266876737  0.75219860994726395  0.75400329722576043  0.75580798450425690
  0.75761267178275338  0.75941735906124985  0.76122204633974633  0.76302673361824291
  0.76483142089673939  0.76663610817523586  0.76844079545373234  0.77024548273222881
  0.82861331678057892  0.87115919987360635  0.87115919987361634  1.00000000000000000
  0.02171265681584674  0.03420942054216539  0.04732285088097970  0.06134879608123319
  0.12546074928979506  0.12697699322070535  0.12849323715161565  0.13000948108252597
  0.13152572501343626  0.13304196894434656  0.13455821287525685  0.13607445680616714
  0.13759070073707744  0.13910694466798773  0.14062318859889802  0.14213943252980832
  0.14365567646071861  0.14517192039162893  0.14668816432253923  0.14820440825344955
  0.14972065218435984  0.15123689611527016  0.15275314004618046  0.15426938397709078
  0.15578562790800110  0.15730187183891142  0.15881811576982172  0.16033435970073204
  0.16185060363164236  0.16336684756255265  0.16488309149346297  0.16639933542437330
  0.16791557935528359  0.16943182328619388  0.17094806721710418  0.17246431114801447
  0.17398055507892476  0.17549679900983506  0.17701304294074538  0.17852928687165567
  0.18004553080256597  0.18156177473347626  0.18307801866438655  0.18459426259529685
  0.18611050652620714  0.19600860346849153  0.29779220774905818  0.39957581202962467
  0.50135941631019132  0.54536531234188790  0.55148899183409683  0.55761267132630576
  0.56373635081851470  0.56986003031072374  0.57598370980293268  0.58210738929514161
  0.58823106878735065  0.59435474827955970  0.60047842777176863  0.64464689139444775
  0.68178512706966832  0.70107722237303549  0.72036931767640289  0.73035413401378879
  0.73253701033560259  0.73471988665741639  0.73690276297923019  0.73908563930104398
  0.74126851562285767  0.74345139194467147  0.74563426826648527  0.74781714458829907
  0.75000002091011286  0.75218289723192666  0.75436577355374035  0.75654864987555415
  0.75873152619736794  0.76091440251918174  0.76309727884099554  0.76528015516280923
  0.76746303148462303  0.76964590780643682  0.77182878412825062  0.77401166045006442
  0.77619453677187822  0.77837741309369202  0.78056028941550581  0.78274316573731961
  0.78492604205913341  0.78710891838094721  0.78929179470276101  0.79147467102457481
  0.88449785881879972  0.96351650142761314  0.98220766119486869  1.00000000000000000
  0.00805761745640824  0.00852479836282446  0.00899197926924069  0.00945916017565691
  0.00992634108207313  0.01039352198848935  0.01086070289490557  0.01132788380132180
  0.01179506470773802  0.01226224561415424  0.01272942652057046  0.01319660742698669
  0.01366378833340291  0.01413096923981913  0.01459815014623535  0.01506533105265158
  0.01553251195906780  0.01599969286548402  0.01646687377190025  0.01693405467831647
  0.01740123558473269  0.01786841649114892  0.01833559739756514  0.01880277830398136
  0.01926995921039758  0.01973714011681381  0.02020432102323003  0.02067150192964625
  0.02147387289305006  0.02245389037933794  0.02343390786562582  0.02441392535191371
  0.02539394283820159  0.02637396032448948  0.02735397781077736  0.02833399529706524
  0.02931401278335313  0.03029403026964101  0.03127404775592890  0.03225406524221677
  0.03323408272850466  0.03421410021479254  0.03519411770108043  0.03617413518736831
  0.03715415267365620  0.03813417015994408  0.03911418764623197  0.04009420513251985
  0.04107422261880773  0.04209124545034341  0.04316483458482258  0.04423842371930176
  0.04531201285378092  0.04638560198826010  0.04745919112273926  0.04853278025721843
  0.04960636939169760  0.05067995852617678  0.05175354766065595  0.05282713679513512
  0.05390072592961429  0.05497431506409346  0.05604790419857264  0.05712149333305181
  0.05819508246753098  0.05926867160201015  0.06034226073648932  0.06141584987096850
  0.06248943900544767  0.07948635272078365  0.09664146181951291  0.14750487956361008
  0.22470936166107119  0.30191384375853214  0.37911832585599309  0.45632280795345403
  0.50155952811620075  0.50515070892278735  0.50874188972937395  0.51233307053596056
  0.51592425134254716  0.51951543214913376  0.52280272842849262  0.52591385202132879
  0.52902497561416506  0.53213609920700122  0.53524722279983739  0.53835834639267355
  0.54146946998550971  0.61397758951269732  0.69118207161015821  0.76838655370761910
  0.84559103580508022  0.92279551790254122  0.97874176899592080  1.00000000000000000
 -0.00035965840021769  0.02035583114197937  0.04214350124347717  0.13786580276536087
  0.23358810428724480  0.27429254732798014  0.27995500461260858  0.28561746189723697
  0.29127991918186541  0.29694237646649374  0.30260483375112213  0.30826729103575046
  0.31392974832037884  0.31959220560500717  0.32525466288963550  0.33091712017426389
  0.38821020805059570  0.48393250957247963  0.52886011106751141  0.54192237450879432
  0.55498463795007713  0.56804690139136005  0.58110916483264285  0.66275658156972805
  0.75847888309161171  0.79256900861086843  0.79395023374051843  0.79533145887016854
  0.79671268399981865  0.79809390912946865  0.79947513425911876  0.80085635938876887
  0.80223758451841887  0.80361880964806898  0.80500003477771909  0.80638125990736909
  0.80776248503701920  0.80914371016666931  0.81052493529631930  0.81190616042596941
  0.81328738555561941  0.81466861068526952  0.81604983581491963  0.81743106094456963
  0.81881228607421974  0.82019351120386985  0.82157473633351985  0.82295596146316996
  0.82433718659282007  0.82571841172247007  0.82709963685212018  0.82848086198177029
  0.82986208711142029  0.83124331224107040  0.83262453737072051  0.83400576250037051
  0.83538698763002062  0.83676821275967073  0.83814943788932084  0.83953066301897095
  0.84091188814862095  0.84229311327827106  0.84367433840792116  0.84505556353757127
  0.84643678866722127  0.84781801379687138  0.84919923892652149  0.85058046405617160
  0.85196168918582171  0.85334291431547171  0.89280090249398569  0.91816551263869217
  0.92016217141688861  0.92215883019508493  0.92415548897328126  0.92615214775147769
  0.92814880652967402  0.93014546530787034  0.93214212408606678  0.93413878286426311
  0.93613544164245943  0.93777563392364804  0.93864629762712959  0.93951696133061124
  0.94038762503409290  0.94125828873757456  0.94212895244105610  0.94299961614453776
  0.94387027984801941  0.94474094355150096  0.94561160725498261  0.94648227095846427
  0.94735293466194581  0.94822359836542747  0.94871527353922525  1.00000000000000000
  0.11972230275471993  0.17838869031650262  0.19030927733094993  0.20292284424671894
  0.26166807015230620  0.35433408135275762  0.37175055064588314  0.38916701993900871
  0.40658348923213433  0.45599167433829985  0.54938803735941055  0.64278440038052098
  0.73618076340163174  0.75161157456269057  0.75350301258839969  0.75539445061410881
  0.75728588863981794  0.75917732666552706  0.76106876469123619  0.76296020271694531
  0.76485164074265444  0.76674307876836356  0.76863451679407269  0.77052595481978181
  0.77241739284549094  0.77430883087120006  0.77620026889690918  0.77809170692261831
  0.77998314494832754  0.78187458297403667  0.78376602099974579  0.78565745902545492
  0.78754889705116404  0.78944033507687317  0.79133177310258240  0.79322321112829153
  0.79511464915400065  0.79700608717970967  0.79889752520541879  0.80078896323112791
  0.80268040125683704  0.80457183928254616  0.80646327730825529  0.80835471533396441
  0.81024615335967354  0.81213759138538266  0.85613396722411517  0.86156448025430910
  0.86699499328450291  0.87242550631469684  0.87785601934489077  0.88328653237508459
  0.88871704540527852  0.89414755843547233  0.89957807146566626  0.90500858449586019
  0.91043909752605412  0.91586961055624805  0.91777821512191959  0.91908097426578472
  0.92038373340964985  0.92168649255351509  0.92298925169738022  0.92429201084124535
  0.92559476998511048  0.92689752912897572  0.92820028827284085  0.92950304741670597
  0.93080580656057110  0.93210856570443634  0.93341132484830147  0.93471408399216660
  0.93601684313603173  0.93731960227989697  0.93837916317527570  0.93939963469299848
  0.94042010621072114  0.94144057772844392  0.94246104924616669  0.94348152076388936
  0.94450199228161213  0.94552246379933491  0.94654293531705758  0.94756340683478035
  0.94858387835250313  0.94960434987022579  0.95062482138794857  0.95164529290567135
  0.95266576442339401  0.95368623594111679  0.95470670745883957  0.95572717897656223
  0.95674765049428501  0.95776812201200778  0.95937568346659330  1.00000000000000000
   1.3285897859842225E-011  -1.0000000000000000     
 F F F F F F F F F F F F F F F F F F F F F F F F F F F F F F F F F F F F F F F F F F F F F F F F F F F F F F F F F F F F F F F F
  <DiscreteSampler_grid>
  grouped_processes
  1 # 1 for a reference and 2 for a running grid.
  10 # Attribute 'min_bin_probing_points' of the grid.
  1 # Attribute 'grid_mode' of the grid. 1=='default',2=='initialization'
  0.0000000000000000 # Attribute 'small_contrib_threshold' of the grid.
  0.5000000000000000 # Attribute 'damping_power' of the grid.
 # binID   n_entries weight   weight_sqr   abs_weight
    10   10   3.601177373224773E+003   4.017823859088431E+007   3.601177373224773E+003
  </DiscreteSampler_grid>
