  0.00773620678644369  0.02204204690757735  0.03673541263673307  0.04885423046982112
  0.06001305495725720  0.07099731915524411  0.08233829254223146  0.09280355266282996
  0.10279118294964046  0.11258824083946606  0.12199840083705221  0.13082835878348198
  0.13941591554494190  0.14897004410499382  0.15955507746216849  0.17019794092952753
  0.18010877054007537  0.18931236922057665  0.19825400534978438  0.20710296055116950
  0.21548337739380666  0.22370550405230699  0.23305614410053116  0.24338058895299358
  0.25433041713458615  0.26410552256718828  0.27286967800710354  0.28062923961810776
  0.28859656679641055  0.29756544404667079  0.30753253809844905  0.31732768503765862
  0.32687277464866610  0.33692423879019867  0.34759401586686389  0.35818142699552996
  0.36837087831382437  0.37880964348895968  0.38941615340330726  0.39954308698861196
  0.40850702647135984  0.41742178335233460  0.42664623224589587  0.43583369801239452
  0.44560180672521155  0.45547893922326960  0.46657986093834680  0.47940392046497365
  0.49297695052450469  0.50451407648203161  0.51490905611214699  0.52546805142527941
  0.53678484540198557  0.55007278787703662  0.56388275112154274  0.57712393035314735
  0.58967069765722602  0.60142414150837586  0.61285481939927156  0.62453443643940987
  0.63616392413450917  0.64678113005687454  0.65688935788961755  0.66630442650406918
  0.67624674604795376  0.68637297188004165  0.69454703687520880  0.70298420679485374
  0.71128384936351607  0.72016885823197241  0.73058621012125846  0.74105041420454820
  0.75169646500364262  0.76229450376636043  0.77351227989721016  0.78585366707249682
  0.79889516192914034  0.81182755521627936  0.82307915833596135  0.83330825401824127
  0.84330276723447406  0.85309616553313727  0.86306907470982452  0.87390435569919633
  0.88623451217885196  0.89953817091919686  0.91276601046185146  0.92652020883196873
  0.93902342436802211  0.95006144511428225  0.95981880844050083  0.96781537115081395
  0.97547398511325267  0.98315002672761631  0.99050695442080006  1.00000000000000000
  0.00000218540365967  0.00000292675385375  0.00000425371304952  0.00000599187597211
  0.00000796711209532  0.00001046742282789  0.00001356197278259  0.00001663240100174
  0.00001956302940828  0.00002300365117880  0.00002750895596031  0.00003266324773247
  0.00003732842500264  0.00004165279664517  0.00004629781747174  0.00005189638982780
  0.00005852889266340  0.00006624454215047  0.00007406758581464  0.00008210543653991
  0.00009041039037592  0.00009917362991698  0.00010868932329988  0.00011755248540494
  0.00012542941147251  0.00013315644365400  0.00014204094914185  0.00015108448058846
  0.00016038320639105  0.00017061798821685  0.00018189478878355  0.00019437544927553
  0.00020767033225909  0.00022156706185860  0.00023598962329299  0.00025081287179657
  0.00026721305034337  0.00028452849763537  0.00030400950506228  0.00032426760786728
  0.00034428483336609  0.00036428445537820  0.00038378449365666  0.00040412956231714
  0.00042508904063155  0.00044668988019902  0.00046848010915764  0.00049022049922041
  0.00051177825190072  0.00053403037675447  0.00055941090823647  0.00058392404152379
  0.00060919365306007  0.00063557961194068  0.00066444739501744  0.00069719447207114
  0.00073419857674657  0.00077511034975868  0.00082072665099128  0.00086575691928229
  0.00091289725107732  0.00095713818859844  0.00100688054893057  0.00106370295751790
  0.00112834146384749  0.00120412101198962  0.00129025509766789  0.00137715416991206
  0.00146698929764287  0.00155917254517360  0.00166741015622995  0.00178594522071225
  0.00190548434411835  0.00202400664994097  0.00214196459082589  0.00228454435509745
  0.00243545711387835  0.00264398179882433  0.00284703120940051  0.00308002968746208
  0.00332732388881459  0.00363333421967079  0.00398781492519422  0.00438509958925065
  0.00485298600066181  0.00544034517201773  0.00614468841442708  0.00718396994909128
  0.00838690096588250  0.01009579684734001  0.01275526927044524  0.01591886175130930
  0.02244763740786691  0.04905310591897104  0.29612062266112105  1.00000000000000000
 -0.00000134974195489  0.00000404265600203  0.00001336209162391  0.00002285397658098
  0.00003152711775320  0.00003928614155583  0.00004618549016243  0.00005259074092839
  0.00005951857754873  0.00006673260219846  0.00007421345318485  0.00008209876890465
  0.00009059690140994  0.00009932645247617  0.00010727936580043  0.00011548074139084
  0.00012387294555093  0.00013284133897445  0.00014217708149260  0.00015106418229158
  0.00015963799295345  0.00016816669391079  0.00017675104886954  0.00018561099775207
  0.00019532821587312  0.00020613529843277  0.00021765296460189  0.00023028718020427
  0.00024108735699027  0.00025225229174254  0.00026445018111817  0.00027757570562194
  0.00029054626441740  0.00030209778698762  0.00031353654421072  0.00032689722759708
  0.00034358086953980  0.00036335717033925  0.00037973297372836  0.00039613660118036
  0.00041305333244077  0.00042885662885150  0.00044428314559638  0.00046318947124275
  0.00048314449645803  0.00050605291641780  0.00052954216414217  0.00055323239064767
  0.00057788314550983  0.00060161664106367  0.00062828599090331  0.00066452538845726
  0.00070346515926458  0.00074780189722560  0.00079453417974369  0.00084070336031830
  0.00088706559144124  0.00093353427688938  0.00098188273787721  0.00103884938385117
  0.00109913990289372  0.00116375851496817  0.00122988049393156  0.00129590615896691
  0.00135755345079474  0.00142197248893425  0.00149103028364801  0.00156862155762364
  0.00167571048301314  0.00180152858189124  0.00192044887362167  0.00204031491780409
  0.00215891494703084  0.00227380883260997  0.00239537150334267  0.00253095265338029
  0.00270670434701888  0.00289988032416059  0.00310945749445282  0.00334037935105633
  0.00358308803093197  0.00385025041311640  0.00419396596033604  0.00460106859772091
  0.00503096791540952  0.00554870610149808  0.00620568778819025  0.00704287990771166
  0.00835235306414806  0.01006567076119702  0.01258381444975312  0.01680793096563038
  0.02089901136400589  0.02837102677127407  0.07678501914887234  1.00000000000000000
 -0.00268689333478002  0.00970168112992233  0.02159694441010973  0.03189204867486653
  0.04145829481467903  0.05041932781081471  0.05984505631110867  0.06975638745362713
  0.08031617518006724  0.09059649218126142  0.09990858980965907  0.10918441056953203
  0.11909060048848238  0.12885873374740767  0.13856483371566794  0.14828915367174941
  0.15822341604036899  0.16799475052694535  0.17755253596151777  0.18752433269068847
  0.19769919613545453  0.20810273656989489  0.21840167175419750  0.22844551621488263
  0.23862166570748466  0.24860687997964351  0.25905837675047716  0.26927189333927809
  0.27839515410185695  0.28746737671176908  0.29682765144014445  0.30563291436772505
  0.31436290178429949  0.32386529245330925  0.33284455129154977  0.34371666065286088
  0.35426178795270319  0.36679830450103584  0.37910553595679719  0.39124205382141092
  0.40196809690331192  0.41371934382158443  0.42499679164452631  0.43759583619194620
  0.45043635160731582  0.46426011317423627  0.47773917806259558  0.48838623520078789
  0.49786358393772417  0.50731133660464822  0.51641099055902362  0.52539278133337131
  0.53478053757738631  0.54477508721573331  0.55548078924564714  0.56627065280715216
  0.57780002874136216  0.58977813606700424  0.60142132926019476  0.61252831471944480
  0.62360313218326702  0.63497431918596625  0.64602217705109344  0.65694401065219887
  0.66779784619120919  0.67942651559262257  0.69186723876636047  0.70477730870407385
  0.71724335269303641  0.72839375353939395  0.73825364566043927  0.74808172997501898
  0.75782803090417894  0.76722901293365786  0.77659354209568143  0.78602712965563193
  0.79546482148518638  0.80580914424715222  0.81533379044066467  0.82384389972538985
  0.83327281761823824  0.84493318450097377  0.85898348848541595  0.87163031152672432
  0.88527881991410173  0.89720038298384175  0.90694163000966321  0.91691455390034338
  0.92662802330641381  0.93619597350623684  0.94556444136182005  0.95611954390825571
  0.96811312632984414  0.97964849527879816  0.98998170973302957  1.00000000000000000
 -0.00186875020738655  0.00769147402376240  0.01768195243031210  0.02884937920266016
  0.04124346140710469  0.05276754576062630  0.06412741832599170  0.07452659864960380
  0.08477500449449138  0.09472489336637659  0.10484119763012593  0.11532089451978182
  0.12660213957424388  0.13791730409783784  0.15085282124207589  0.16433144304726555
  0.17807187820553100  0.18986750589211351  0.19955735191864596  0.20834946996416634
  0.21680124730903794  0.22516319097978593  0.23398980203130426  0.24305903240119536
  0.25305734738926161  0.26493194411832260  0.27543131113680075  0.28479024685162935
  0.29420921091874253  0.30455010162886215  0.31704882260895495  0.33076825377601388
  0.34539070634358171  0.35877781451655194  0.37123946451247775  0.38271421587398335
  0.39400069602647464  0.40476677463611449  0.41527723943846923  0.42623438723817014
  0.43814318860614748  0.45120162646932277  0.46496916413260275  0.47815554811626249
  0.49001611860437416  0.50031844520939528  0.50968813831640181  0.51941685315671371
  0.52984671179197007  0.53951103399087197  0.54781636596682171  0.55579496022252917
  0.56486122264615235  0.57484365307536123  0.58442834715228664  0.59380022296050616
  0.60267358953406702  0.61189624054670977  0.62100166327447537  0.62821754488858439
  0.63473372498350056  0.64161751002310308  0.65041295878069638  0.65984215339114682
  0.66928706698889562  0.67870400967603994  0.68870789734125204  0.70053117857163327
  0.71405770570022664  0.72735152967805339  0.74012200378172477  0.75156322011365617
  0.76199314569653631  0.77185253284034050  0.78148426631283041  0.79078014329058988
  0.79990584743600268  0.80938829875194851  0.82049366128291956  0.83158704179802523
  0.84120926691171416  0.84891159540300021  0.85693092226691092  0.86516990131158300
  0.87471694419310364  0.88532211348057677  0.89572037422312079  0.90695918472419501
  0.91911707559783029  0.93107256657697068  0.94283528935887195  0.95450939683834179
  0.96577257885277956  0.97790836266185055  0.98903380307287403  1.00000000000000000
 -0.00215630963505727  0.00990421051853686  0.01933699732562417  0.02852058565823433
  0.03776747972174348  0.04680679094358154  0.05540865116234143  0.06344788529891499
  0.07309350773202171  0.08323445243898282  0.09497392999778791  0.10721527271746706
  0.12037125100877560  0.13342140915177464  0.14587344034240515  0.15700378079648084
  0.16746590845991544  0.17775213677338733  0.18847536669421164  0.19916128644419959
  0.21033411305235217  0.22181945440215009  0.23342197383717397  0.24525003371790072
  0.25727711560838468  0.26895636262898509  0.27962735009825823  0.29113519182496678
  0.30362705223191605  0.31615822619657213  0.32653755774037507  0.33741434707210660
  0.34782650501468504  0.35774328743403266  0.36720661450328806  0.37650963734778281
  0.38689409369208461  0.39788791831401399  0.40862738539627819  0.41956523541151874
  0.43027152189776585  0.44056721675889021  0.45084012293940823  0.46159238081208076
  0.47148838917813979  0.48210158896461475  0.49069118030756553  0.49933345179594701
  0.50807650080782363  0.51786649707126553  0.52782332841600310  0.53723101915093541
  0.54518595132462244  0.55353039397236681  0.56257498107320147  0.57274785267383777
  0.58518104301136420  0.59821411750232178  0.60875783427394248  0.61917144749342534
  0.62994455788564452  0.64132178588641331  0.65250359928433888  0.66298018682706972
  0.67352877856813120  0.68382015522610706  0.69279010087274850  0.70011796951261518
  0.70665650410962433  0.71360881737785520  0.72113966957196263  0.72953171078913948
  0.73829174932905106  0.74684569521264355  0.75709715125274912  0.76886438904610088
  0.78216473561182576  0.79693160460701018  0.81112873334005564  0.82518842618334731
  0.83715592303017750  0.84782109652383941  0.85767330780489437  0.86690828472505033
  0.87612756131634373  0.88561014708231800  0.89466020188182183  0.90441081028937886
  0.91362863994010168  0.92291710073503563  0.93293953103391380  0.94312595381201902
  0.95501130273567891  0.96955830349865468  0.98458280424026201  1.00000000000000000
  0.00077061399350896  0.00175284639739756  0.00306053827569238  0.00424170346539828
  0.00534650747021572  0.00641366463286266  0.00745071537168687  0.00849983462811390
  0.00956275682752902  0.01063061526015778  0.01163229041199255  0.01264765112069228
  0.01365533307035743  0.01465756935718794  0.01573245694239035  0.01676526879732439
  0.01777192055208160  0.01876370831609290  0.01975879987215604  0.02078996073868767
  0.02171751580619798  0.02267830928514880  0.02370074872301164  0.02475214573121716
  0.02578192204767065  0.02683012175820309  0.02793359760168069  0.02906205076733935
  0.03019067444120781  0.03134513131021192  0.03245695497584748  0.03364967871713297
  0.03485387620481278  0.03610144784687636  0.03749426103680389  0.03885088072451291
  0.04008937370362844  0.04131084407729734  0.04243391332944958  0.04344949725432246
  0.04447977981091709  0.04557525293410444  0.04670682681958394  0.04789741809901971
  0.04912889506081448  0.05042424608427457  0.05176120766348249  0.05308415745199038
  0.05440197920271523  0.05558771712062441  0.05668270023184280  0.05781543165971865
  0.05898604813197406  0.06010819668648653  0.06125477019903647  0.06250704490416101
  0.06390734111087852  0.06544559455502633  0.06693462628885587  0.06814110878935926
  0.06935796613337968  0.07083815071965723  0.07268982727930534  0.07438615552659736
  0.07577099711917060  0.07719900143333758  0.07863684900121322  0.08014303145343786
  0.08166687932730436  0.08332435123473708  0.08529131445650988  0.08742812607515023
  0.08922064404124860  0.09090228329617361  0.09287083871602225  0.09588888935691325
  0.09908572465419895  0.10202138147577128  0.10460618842517928  0.10703494054774276
  0.10925399383309430  0.11183722993932757  0.11564651157853222  0.11876026018895040
  0.12121256792931849  0.12353310791346402  0.12700271940699132  0.13161724718989720
  0.13655544727100272  0.14176047054713495  0.14797175391019726  0.15517361821348927
  0.16652111522783963  0.35817354984316341  0.37726511449739603  1.00000000000000000
 -0.00256620285401669  0.01052400590521110  0.02120888989042079  0.03219337521418882
  0.04198696256488239  0.05203936662302917  0.06309633154000166  0.07485386644821071
  0.08602071569210860  0.09708909736538633  0.10900628463727960  0.12091289702302624
  0.13298646547213994  0.14495150011360874  0.15591355915373850  0.16699529719499651
  0.17890592806370437  0.19071570884444378  0.20302858299310195  0.21464978303254900
  0.22623340976056072  0.23553304664278418  0.24426899533374200  0.25302775715111880
  0.26225595680303859  0.27150379518294943  0.28134058726555800  0.29193423034074706
  0.30406194795936342  0.31541341574091425  0.32462590273021363  0.33298714991361322
  0.34122278639785353  0.34931987225410416  0.35761514356513846  0.36828645219821710
  0.37805597919111317  0.38752811594359932  0.39675647079248866  0.40611166647269736
  0.41537102048453522  0.42450553190381374  0.43365264981349483  0.44298176783668303
  0.45261167343619652  0.46289313752363254  0.47410629049134811  0.48516090680135637
  0.49626790539881199  0.50610204603958164  0.51566074576150689  0.52489898607714414
  0.53409811784678807  0.54501483255842564  0.55480405407577160  0.56351013332237243
  0.57189333565787992  0.57980689874705349  0.58783347228423777  0.59776267528711058
  0.60935207655595114  0.62048689087110431  0.63139392017301910  0.64244129490090662
  0.65288143998961379  0.66312527742597061  0.67291381395085337  0.68327619023196717
  0.69296259271789995  0.70210545244167977  0.71141056287499460  0.72169519159535189
  0.73335003020752942  0.74487331985568139  0.75598595842870131  0.76786322819457120
  0.78082994627577917  0.79371065933734841  0.80437847981563504  0.81410060834758680
  0.82362290996289478  0.83396521922692768  0.84570633599708156  0.85821026174729775
  0.87287479001687263  0.88886042126336651  0.90388876392651407  0.91563142282514465
  0.92688206599520262  0.93727463766333596  0.94672087792774695  0.95686315002792133
  0.96766858152985702  0.97846031635829311  0.98903544620006500  1.00000000000000000
  0.01259831199916003  0.35339240360082330  0.45717984130365341  0.52337740992944082
  0.57210214142336901  0.61168461648339778  0.64373422530964741  0.66981295352343628
  0.69291343407717187  0.71392905858818101  0.73244761366255462  0.74857223266241968
  0.76269006241934323  0.77499297314332261  0.78627223690676240  0.79661879168943495
  0.80594947649090409  0.81461959416143803  0.82268070596764120  0.83049253157776803
  0.83795373418721220  0.84500603013824360  0.85155642876847037  0.85731553638839619
  0.86254958757318079  0.86782009393942805  0.87302258987277559  0.87795244765364255
  0.88267086093459335  0.88745669186520471  0.89228258891320600  0.89667908109450989
  0.90051292588573106  0.90403252922038480  0.90736052039762372  0.91063098920792529
  0.91393609319625901  0.91711388721778442  0.92001209804059803  0.92280937766711879
  0.92558063053356754  0.92830141558430601  0.93083189716160364  0.93313227334279114
  0.93535114356106364  0.93745187397289786  0.93934077428573048  0.94116726121275429
  0.94300212483896106  0.94482502327171936  0.94664879130759838  0.94847083031720869
  0.95029104433562361  0.95207987945189787  0.95389331690255275  0.95553157576479841
  0.95704397840839817  0.95855870350862660  0.96005227290844541  0.96155899288172764
  0.96312727474254867  0.96469889980225143  0.96609256228544349  0.96739890066915224
  0.96863659603146202  0.96983713732818011  0.97105351098784354  0.97227583873697365
  0.97343607387720310  0.97460951079547287  0.97569381497679786  0.97682734312734798
  0.97801042138911454  0.97919519552692180  0.98031889088713409  0.98128586386279293
  0.98216986373825910  0.98299349480658538  0.98385223838466118  0.98476485037720518
  0.98571212875952452  0.98665288423039121  0.98754995000801615  0.98842343806887911
  0.98927825275076220  0.99012667780425445  0.99099794970737254  0.99172421938821387
  0.99245321089421867  0.99318809506431849  0.99392474929814145  0.99471720608711522
  0.99563069928868930  0.99675919220631093  0.99818068914300773  1.00000000000000000
   1.9340383743102048E-006  -1.0000000000000000     
 F F F F F F F F F F F F F F F F F F F F F F F F F F F F F F F F F F F F F F F F F F F F F F F F F F F F F F F F F F F F F F F F
  <DiscreteSampler_grid>
  grouped_processes
  1 # 1 for a reference and 2 for a running grid.
  10 # Attribute 'min_bin_probing_points' of the grid.
  1 # Attribute 'grid_mode' of the grid. 1=='default',2=='initialization'
  0.0000000000000000 # Attribute 'small_contrib_threshold' of the grid.
  0.5000000000000000 # Attribute 'damping_power' of the grid.
 # binID   n_entries weight   weight_sqr   abs_weight
    10   10   9.117459446109433E+006   8.199919202007422E+014   9.117459446109433E+006
  </DiscreteSampler_grid>
