  0.00963580885544352  0.01531212686789393  0.02167313832077788  0.02756722356807362
  0.03414071030508356  0.04189770523581506  0.04916841369422574  0.05591473698908730
  0.06279035602444692  0.06941406938651819  0.07611761355112544  0.08333896105795689
  0.08961818088543175  0.09528658568309673  0.10175329941800654  0.11029302235190966
  0.11822531499712842  0.12426820284293524  0.13075339992396659  0.13719310800889165
  0.14472040606557496  0.15523457599466581  0.16775828822611250  0.18447582277116117
  0.20278906273911440  0.22032038868753523  0.23624833453181870  0.24997251523658970
  0.26335396556356894  0.27633479867443095  0.28847768395680223  0.29985823788191268
  0.31090874554803316  0.32114364255387262  0.33176994464485110  0.34223025630543019
  0.35297685905524068  0.36405991899190060  0.37522095593684068  0.38644481414364962
  0.39627025290449147  0.40519298234620493  0.41384224690455795  0.42335786908865969
  0.43517593299349205  0.44802844050991603  0.46105760505339394  0.47385279445011225
  0.48467321410832398  0.49388437163130144  0.50294060586526801  0.51160540088592577
  0.52062841591626752  0.52987776840134060  0.54041267180459140  0.55302752044810299
  0.56538509304411189  0.57634518913227728  0.58730002726716657  0.59962725012509899
  0.61138349811331982  0.62172943945815584  0.63284975376931318  0.64444607287534339
  0.65508817307791112  0.66646613515299347  0.68033208150568603  0.69302352054881133
  0.70444544626480665  0.71523978051336712  0.72590500887312981  0.73660311054021455
  0.74681992396932506  0.75974884335291892  0.77227698210154261  0.78413089896517785
  0.79529091522764628  0.80660564473206275  0.81781449365243619  0.82910074814855328
  0.84060186686325988  0.85321309893366992  0.86616241294966068  0.87796959400077246
  0.88981284988267206  0.90152412848979124  0.91264601944711476  0.92343791319195889
  0.93420001169312594  0.94480228287297507  0.95436951878487908  0.96376028726518315
  0.97432495466818103  0.98617217218861053  0.99130138204570217  1.00000000000000000
  0.00000215714136216  0.00000479162462474  0.00000860546823442  0.00001530499553737
  0.00002253946432981  0.00002959341214602  0.00003827210285294  0.00004877230036364
  0.00005895359262476  0.00006907703571561  0.00007847180593396  0.00008657561140022
  0.00009393174207580  0.00010036610300074  0.00010585158373343  0.00011234156386581
  0.00012040359683278  0.00012860602661574  0.00013725003028149  0.00014570121866074
  0.00015442137399714  0.00016318908395268  0.00017248087473368  0.00018221404454101
  0.00019226037771433  0.00020277490834181  0.00021429518257425  0.00022750509004478
  0.00024089759069143  0.00025432608127961  0.00026736420153612  0.00028218926359346
  0.00029903401340330  0.00031753874417158  0.00033774854285429  0.00035852494474403
  0.00038003741325109  0.00040273505376676  0.00042702736202840  0.00045162812887958
  0.00047930350282078  0.00050877162551616  0.00053692701478798  0.00056622657430913
  0.00059257561953986  0.00062479516156024  0.00065779759439173  0.00069011941589551
  0.00072265015879613  0.00075872478045765  0.00079968202931763  0.00084387338118775
  0.00088751544188662  0.00092786371957321  0.00098678157876221  0.00105009070949286
  0.00111630991968943  0.00119336232305519  0.00127593687027915  0.00135800727874818
  0.00144267005270029  0.00152478402711149  0.00161534587333554  0.00170195418648297
  0.00179414542984984  0.00188736544992963  0.00197777355832026  0.00207954913401532
  0.00219947488463553  0.00233263103612300  0.00245961825126061  0.00260348589404868
  0.00274129023762678  0.00288380509236416  0.00303588536200016  0.00324567005050176
  0.00353916974753557  0.00390596958901647  0.00434978710323306  0.00484350724029061
  0.00540055858685908  0.00584459537772587  0.00628997034619672  0.00672827236917876
  0.00729766708044011  0.00813357952343340  0.00914863733164641  0.01016948513493878
  0.01135172486140315  0.01308735897626123  0.01595515360156366  0.01953509995926320
  0.02685246513251140  0.04840816419478106  0.16108692009694617  1.00000000000000000
  0.00000698186398120  0.00002245734101390  0.00004144369637340  0.00007215794849280
  0.00011587611969347  0.00017319091722704  0.00023686682297323  0.00029962222719699
  0.00036217230362911  0.00042967959639649  0.00051044496947170  0.00060747736598992
  0.00071850300436348  0.00083204695699481  0.00093633618112636  0.00103229802738049
  0.00112763652913707  0.00122357646082476  0.00132439069572453  0.00142509193849346
  0.00152368233534799  0.00163444078021540  0.00176556663885344  0.00192658307240418
  0.00210097764591922  0.00227676987569320  0.00246080427573341  0.00263777809219415
  0.00280925451295475  0.00299005967993464  0.00318437315585799  0.00339323886978198
  0.00359943044587032  0.00378743595402486  0.00397707723517865  0.00419849391527911
  0.00442625170671996  0.00465657962231393  0.00489742709936204  0.00513472860405039
  0.00541462941715140  0.00572823064618776  0.00606222179081653  0.00635404775831997
  0.00658760001335474  0.00686734447846817  0.00715347847414816  0.00743656779176465
  0.00771819528747803  0.00799525405597870  0.00828282716659203  0.00857876046743800
  0.00889225300603633  0.00919442645972799  0.00947240469541886  0.00973280382271041
  0.01005487956703342  0.01045824334989085  0.01094122684972042  0.01142699098672183
  0.01180937994132195  0.01221225097210632  0.01264480675682751  0.01303920906118521
  0.01345443209416122  0.01389210318184034  0.01431916421008988  0.01472411289557610
  0.01516412743118182  0.01553454839116765  0.01588874092643680  0.01624034946043645
  0.01656017603433661  0.01696052848557830  0.01740229118367271  0.01784409537407071
  0.01848728544327301  0.01928738624956691  0.02020485449560493  0.02153647930868522
  0.02290479354985962  0.02422961531983135  0.02661726726005576  0.02950380211127754
  0.03335928983477345  0.03796320937840272  0.04306211066691442  0.04871586707690915
  0.05441663642133501  0.06190132554486931  0.07448640958619310  0.08622931272832500
  0.10716119293245695  0.15545672622431880  0.26952162284606085  1.00000000000000000
 -0.00132408486389241  0.00673338131534483  0.01428500161775629  0.02232440624442063
  0.03060228662976164  0.03777399032489907  0.04521033101829972  0.05468101734767083
  0.06488058811738066  0.07604703704272857  0.08610132941820631  0.09628069789770091
  0.10741163704415670  0.11926233813758778  0.13146841878550350  0.14187853467699602
  0.15222646555394259  0.16331670816041974  0.17358593862007432  0.18449086837645151
  0.19563301708616285  0.20821519423870666  0.22163215150520241  0.23435115665040313
  0.24549908767957498  0.25514868817377045  0.26372669837450252  0.27183168394329349
  0.27959433739786943  0.28746859215778814  0.29553553813945410  0.30407218398280017
  0.31310678253421126  0.32505610914480559  0.33734989985029973  0.35186353724405461
  0.36573706764126923  0.38112691727180892  0.40038753150071860  0.41608605578957930
  0.42761193705830253  0.43792785404491114  0.44767065233291775  0.45882135995771051
  0.47124996969336275  0.48247464503088294  0.49383024447090507  0.50420653574666752
  0.51398406772792493  0.52301328120878710  0.53121973435714298  0.53913903056228496
  0.54743778337777094  0.55735017455364877  0.56727189212406837  0.57601472162903544
  0.58550490678295619  0.59475417739656655  0.60327801443999685  0.61158753307978442
  0.62024067008613271  0.63119617191783173  0.64319895808747674  0.65429793255832502
  0.66440151921228419  0.67435933747055377  0.68598578697388890  0.69835851645169533
  0.71277001376560889  0.72793543806032246  0.74230603521118432  0.75522604973689744
  0.76632608728306884  0.77601077781895522  0.78556237568009479  0.79560020447269231
  0.80696717219131664  0.81771820566859521  0.82822183871840505  0.83953025622925070
  0.85121159986759998  0.86191617374869123  0.87128298091145484  0.88066211276594530
  0.89035803197618224  0.89915779040468857  0.90845748544677629  0.91880099069206222
  0.92890626725193903  0.93873706954451008  0.94824559817915133  0.95689206842039387
  0.96709243805314538  0.97791116738409678  0.98864600283793025  1.00000000000000000
 -0.00213250968082086  0.01250513503127958  0.02488716919121573  0.03974963973553927
  0.04994493311545666  0.05895207254800157  0.06664690825656343  0.07475956430197685
  0.08266070884467647  0.09090476919713099  0.09899263867361345  0.10736722860540975
  0.11631893201047520  0.12377365721676069  0.13084012283847524  0.13870599870548334
  0.14637448567230660  0.15372073852453849  0.16108240401478063  0.16932086025350870
  0.17925109850497487  0.19041898639149016  0.20227669902157963  0.21478670116626195
  0.22762825861337077  0.23979813468364974  0.25128094648473753  0.26258928726327690
  0.27350088521953453  0.28422849809085166  0.29535319739596327  0.30623259276719850
  0.31651747879480718  0.32585061918874697  0.33431407925842660  0.34318651732194105
  0.35275672913157025  0.36359903254419185  0.37516406369904981  0.38627209117783634
  0.39699866744895218  0.40825550884473505  0.42100518639276019  0.43599007520342259
  0.44757672210078409  0.45985989186727916  0.47177348988117651  0.48270828462973286
  0.49299589583630066  0.50535237167012148  0.51808111616438113  0.53097142126227848
  0.54196731748484117  0.54966529322449731  0.55735334763178546  0.56694665596267158
  0.57601094918022455  0.58473598685025463  0.59311299819262375  0.60275797506938000
  0.61291588595726232  0.62297638118386545  0.63322595089535305  0.64434290436763109
  0.65738839573060515  0.67194703172175951  0.68415140140447062  0.69445752823250351
  0.70493308747950378  0.71654492060477160  0.72565226638690972  0.73534856455822506
  0.74498802463526193  0.75515930347214943  0.76656686560288545  0.77806729774886862
  0.78888286939070595  0.79983483825465651  0.81112938682205626  0.82181375691098701
  0.83380889182624596  0.84487217708110596  0.85596609444686689  0.86666500317740258
  0.87535090675036209  0.88495628955122108  0.89610688606251798  0.90744079210903417
  0.91784111516158018  0.92842557671336023  0.93926959164713808  0.95115594716711149
  0.96359491428202781  0.97593583553541041  0.98881461518749270  1.00000000000000000
 -0.00204071655130505  0.01023826940847599  0.01977059735816569  0.02714807490599590
  0.03302109106683659  0.03888243373141913  0.04565777938787329  0.05410099145279167
  0.06353861957240152  0.07303317429492119  0.08237505739655317  0.09210352094397597
  0.10251346744893529  0.11263158186432345  0.12247898903055447  0.13351387226336900
  0.14573518474978855  0.15743135165713648  0.16878483271615760  0.17889256826084210
  0.19026218390277533  0.20323073609253625  0.21781920779443617  0.23335611048638430
  0.24829418957999555  0.26267039747920917  0.27569549406224042  0.28807471580563571
  0.30054903495022595  0.31379875883627822  0.32881701844253752  0.34118267618079451
  0.35271082061259723  0.36490254778859932  0.37789190969707481  0.38814220123077492
  0.39611288181599968  0.40389496717628148  0.41135892760634690  0.42057138024721469
  0.42938330439028027  0.43863462534315850  0.44826446280574711  0.45833957547646659
  0.46774178611593348  0.47653394824086398  0.48457017091932419  0.49305933336881103
  0.50416201026741092  0.51705990431750226  0.52869490981807865  0.53976136792386553
  0.55036919958745778  0.56005908782718727  0.56839342388634773  0.57670189030786168
  0.58621655489867197  0.59823085976976864  0.61256066726757152  0.62473340314470827
  0.63371183255051933  0.64275315635157049  0.65263990136551842  0.66184816236609723
  0.66967790152508644  0.67731037424249552  0.68525851475100352  0.69456530455519883
  0.70481049331771350  0.71491787665959450  0.72571498645259591  0.73571154417232543
  0.74913793909441329  0.75999128306191388  0.77305957990397445  0.78615119663757027
  0.79915606688517504  0.81264506508546919  0.82434177126807051  0.83507389268798904
  0.84549133223123918  0.85567411474470301  0.86671260164009467  0.87688284968602981
  0.88704503491027631  0.89595319315738164  0.90419377472711082  0.91197099361341094
  0.92068226184945834  0.92946239185654056  0.93869085242902095  0.94631189071166766
  0.95400095109965277  0.96539357227968892  0.98204385826014640  1.00000000000000000
  0.00069912028540843  0.00218067681219970  0.00389187023969273  0.00537213909445449
  0.00674124710899163  0.00802600690443906  0.00925829549780574  0.01047834475596065
  0.01158980992200414  0.01266242138923944  0.01371413783074800  0.01475812127089817
  0.01584654590101923  0.01684999399495744  0.01785429656747254  0.01890003668026065
  0.01997971545880001  0.02109986782170424  0.02218378671828830  0.02341067019194308
  0.02465600608231607  0.02578323464526966  0.02683120841891416  0.02787569967535239
  0.02894534768148300  0.03002515101611987  0.03117309379653446  0.03244961063233324
  0.03386541302023899  0.03534474963654770  0.03677746680998539  0.03810793820332490
  0.03929806389157389  0.04046084586909009  0.04140621445836629  0.04235101032492333
  0.04330325468024949  0.04418038451313075  0.04508059320627080  0.04591647557691426
  0.04691955478041161  0.04789513391367811  0.04892769722202087  0.04999934456847229
  0.05107362601795450  0.05215980960656103  0.05339348361670546  0.05471489577914713
  0.05605054278549941  0.05761925221122256  0.05958766626786458  0.06185813743070567
  0.06448487914459092  0.06721768703493954  0.06973751326178887  0.07181796287880345
  0.07375449686353315  0.07573411921627846  0.07771641649867148  0.08073649937984763
  0.08393942718714782  0.08707134142810560  0.09012257094722233  0.09304458653533916
  0.09622056998942992  0.09897831344970826  0.10174519677327178  0.10715994559531701
  0.11345452400309546  0.12161261224276804  0.12697973246088301  0.12862085283883687
  0.13131785810035862  0.13511566384814261  0.13831078450561038  0.14477859531063633
  0.15373785191553402  0.15866184094313279  0.16197923485065496  0.16555523151070331
  0.17179008606351617  0.18047971744249636  0.19081989149446116  0.20493296329941052
  0.22032884253091886  0.23539937740734460  0.24867750536128624  0.25968383333790834
  0.26650951325961969  0.27297142642905092  0.28317756773281488  0.29449955780101050
  0.30512614627694762  0.34551327272280496  0.53024833281948969  1.00000000000000000
 -0.00407923520298465  0.01601473982242866  0.03209989024361418  0.04643678604693541
  0.05836792204777590  0.06838278957216010  0.07842208651654746  0.08895487265058910
  0.09873305119153819  0.10946919481534731  0.11968213774210630  0.13018643041267980
  0.14078851618982088  0.15016409903653502  0.15903789111168215  0.16888723268456357
  0.17957068419669328  0.18998300456345688  0.19885930554039985  0.20634839106728842
  0.21508539557945636  0.22312073151304057  0.23208088096380367  0.24167502027957269
  0.25181412287362231  0.26306594142094258  0.27689996747630741  0.28972505426126965
  0.30111869880117959  0.31113843925229689  0.32010556071542756  0.32887264156153784
  0.33773304413469840  0.34662636585936701  0.35685173395535297  0.36774962930288546
  0.37907163181881509  0.39113313156307716  0.40360521814311684  0.41662813761021972
  0.43097705657527602  0.44627763053675384  0.46265727174742977  0.47943482578657598
  0.49483344065282420  0.50851494917276907  0.52110474267709572  0.53424039471985185
  0.54581513810888782  0.55481613936384011  0.56319365162033808  0.57112636139591888
  0.58123322656787813  0.59042001227090957  0.59825187446459804  0.60570790018426024
  0.61440394786798447  0.62336203782877531  0.63247598867759935  0.64252829621248109
  0.65325413699332446  0.66440732422799409  0.67367564413427861  0.68285182859398386
  0.69057903045785063  0.70007263176174250  0.71099590989030126  0.72226276828031066
  0.73351858820897164  0.74454566209987527  0.75495987152679389  0.76504027846156342
  0.77360139771965220  0.78097477277062199  0.78778049255171823  0.79438430876282495
  0.80087111026755164  0.80994126932580146  0.81688308805325338  0.82286244000668540
  0.82895516156563531  0.83698352664619502  0.84702019967976305  0.85729560744620892
  0.86759986552748425  0.87888694891788333  0.89293985525098285  0.90707366561723490
  0.91889436540764335  0.92960041207872857  0.93996600729596425  0.95003824310501628
  0.96108053559917539  0.97280533734435859  0.98607356758659770  1.00000000000000000
  0.00214857330475145  0.26220531632506999  0.36961537354293533  0.44802500629657116
  0.50893066109645424  0.55897393745241397  0.59685374179884687  0.63218633361717425
  0.66447828086060945  0.69348638925148387  0.71946338847384517  0.74082945302647574
  0.76169227539053397  0.78003359135702188  0.79589502256633982  0.81009658652857164
  0.82209031085932915  0.83260735730439916  0.84227286549687796  0.85206335235519737
  0.86128776189535150  0.86989001459454951  0.87763269830360546  0.88467854972055326
  0.89090102752795786  0.89687321301825096  0.90216793292091402  0.90831586028427913
  0.91370237884185834  0.91853776263414011  0.92295601851395415  0.92739454980033464
  0.93158653052257467  0.93530691064368998  0.93862468944466615  0.94170518242273915
  0.94477220842660625  0.94791040480628608  0.95077796083321509  0.95287469109266998
  0.95501251847644697  0.95721385669595049  0.95905474863658746  0.96083232574555666
  0.96252822170873520  0.96396243091365685  0.96525791886419754  0.96649699906859032
  0.96775561812755151  0.96907400686176914  0.97038642382382478  0.97164638805668069
  0.97283590891520777  0.97397422286579904  0.97514884285022763  0.97625519070352584
  0.97733767605256028  0.97834172497209215  0.97925886527649986  0.98009620593085423
  0.98091117061942412  0.98165905680639720  0.98238069056005961  0.98310435104192129
  0.98377969435796442  0.98446555598359309  0.98513816246955566  0.98578819895263814
  0.98649006160529251  0.98716425466881874  0.98783202674694381  0.98853124743755649
  0.98918657835186141  0.98981424692991571  0.99038491793663253  0.99090629445739065
  0.99138872598827543  0.99182330661696017  0.99225608283267763  0.99269450450714458
  0.99312160614174128  0.99354858461833062  0.99397950424188064  0.99442143196845156
  0.99478816625767197  0.99514232352349652  0.99548227003104361  0.99583326586177723
  0.99619339584201061  0.99657704201663877  0.99697293563750766  0.99741893619340438
  0.99788421095160007  0.99838396402480867  0.99912832399276874  1.00000000000000000
   1.4221942506199875E-012  -1.0000000000000000     
 F F F F F F F F F F F F F F F F F F F F F F F F F F F F F F F F F F F F F F F F F F F F F F F F F F F F F F F F F F F F F F F F
  <DiscreteSampler_grid>
  grouped_processes
  1 # 1 for a reference and 2 for a running grid.
  10 # Attribute 'min_bin_probing_points' of the grid.
  1 # Attribute 'grid_mode' of the grid. 1=='default',2=='initialization'
  0.0000000000000000 # Attribute 'small_contrib_threshold' of the grid.
  0.5000000000000000 # Attribute 'damping_power' of the grid.
 # binID   n_entries weight   weight_sqr   abs_weight
    10   10   1.700081986224385E+000   2.741201346461267E+001   1.700081986224385E+000
  </DiscreteSampler_grid>
