  0.12474924819277977  0.15413949667327570  0.16244566001321817  0.17115443359911081
  0.18027920604559086  0.20798171497784729  0.30613985555812356  0.40429799613839967
  0.50245613671867584  0.60061427729895200  0.66971206227335189  0.67902286668669343
  0.68833367110003485  0.69764447551337638  0.70695527992671781  0.71037252638051562
  0.71276596184915220  0.71515939731778888  0.71755283278642545  0.71994626825506214
  0.72233970372369871  0.72473313919233529  0.72712657466097197  0.72944301122185773
  0.73131488074634787  0.73318675027083813  0.73505861979532838  0.73693048931981864
  0.73880235884430889  0.74067422836879915  0.74254609789328929  0.74441796741777955
  0.74628983694226980  0.74816170646676006  0.75002145093560468  0.75121734571443610
  0.75241324049326741  0.75360913527209883  0.75480503005093014  0.75600092482976156
  0.75719681960859286  0.75839271438742428  0.75958860916625559  0.76078450394508701
  0.76198039872391832  0.76317629350274974  0.76437218828158104  0.76556808306041246
  0.76676397783924377  0.76795987261807508  0.76915576739690650  0.77035166217573781
  0.77169153042568839  0.77312849413206897  0.77456545783844954  0.77600242154483012
  0.77743938525121059  0.77887634895759117  0.78031331266397175  0.78175027637035233
  0.78318724007673290  0.78462420378311348  0.78606116748949406  0.78749813119587453
  0.78893509490225511  0.79037205860863569  0.79182132806274153  0.79338250821621203
  0.79494368836968243  0.79650486852315294  0.79806604867662334  0.79962722883009385
  0.80118840898356425  0.80274958913703465  0.80431076929050516  0.80587194944397555
  0.80743312959744606  0.80899430975091646  0.81055548990438686  0.81211667005785737
  0.81549631956835988  0.81946778775556273  0.82343925594276568  0.82741072412996852
  0.83138219231717148  0.83535366050437432  0.83932512869157727  0.84329659687878022
  0.84726806506598318  0.85123953325318613  0.87997826950468494  0.96042426066794384
  0.97078838447698657  0.98098807803697941  0.99049403901848965  1.00000000000000000
  0.00000348157554541  0.00035071516198824  0.00036901884373423  0.00038977520418168
  0.00041263742459557  0.00051779431408478  0.00096588931118761  0.00180149174731910
  0.00335946717025813  0.00626383119503433  0.01167804927610014  0.01198794468247729
  0.01229199346181677  0.01259604224115625  0.01290009102049573  0.01320413979983521
  0.01353576471837950  0.01387473839595442  0.01421371207352934  0.01455268575110426
  0.01489165942867918  0.01518143248107818  0.01541861464518143  0.01565579680928468
  0.01589297897338793  0.01613016113749118  0.01636734330159443  0.01660452546569768
  0.01684170762980093  0.01707888979390418  0.01728891861322440  0.01749495383933358
  0.01770098906544276  0.01790702429155195  0.01811305951766113  0.01831909474377031
  0.01852512996987949  0.01873116519598868  0.01893720042209786  0.01914323564820704
  0.01934927087431623  0.01957314846610459  0.01980821996876224  0.02004329147141990
  0.02027836297407756  0.02051343447673521  0.02074850597939287  0.02098357748205053
  0.02121864898470819  0.02145372048736584  0.02168879199002350  0.02192386349268116
  0.02220414016540673  0.02254943483968874  0.02289472951397076  0.02324002418825277
  0.02358531886253478  0.02393061353681680  0.02427590821109881  0.02462120288538083
  0.02496649755966284  0.02525679442473040  0.02552859337807132  0.02580039233141224
  0.02607219128475316  0.02634399023809408  0.02661578919143500  0.02688758814477592
  0.02715938709811684  0.02743118605145776  0.02770298500479868  0.02797478395813960
  0.02824658291148052  0.02851158909737563  0.02875649282988620  0.02900139656239677
  0.02924630029490735  0.02949120402741792  0.02973610775992849  0.02998101149243907
  0.03022591522494964  0.03047081895746021  0.03071572268997079  0.03096062642248136
  0.03120553015499193  0.03145043388750251  0.03169533762001308  0.03194024135252366
  0.03218514508503423  0.04434066432292865  0.07620522447468096  0.07620522447469097
  0.07620522447470097  0.07620522447471098  0.07620522447472099  1.00000000000000000
  0.00011459918662077  0.00011903619134780  0.00012347319607483  0.00013054778578957
  0.00013792005935646  0.00025112718577469  0.00045637219563674  0.00062523338712693
  0.00064075455161162  0.00065627571609630  0.00067179688058098  0.00068731804506567
  0.00070458453200297  0.00072186024296306  0.00073913595392316  0.00075641166488326
  0.00077465756831401  0.00079388616353130  0.00081311475874858  0.00083234335396586
  0.00085157194918315  0.00154956751483725  0.00181642912721852  0.00183546674508676
  0.00185450436295500  0.00187354198082324  0.00189257959869147  0.00191161721655971
  0.00193065483442795  0.00194969245229618  0.00196873007016442  0.00198776768803266
  0.00200689913146396  0.00202808880341062  0.00204927847535727  0.00207046814730392
  0.00209165781925057  0.00211284749119722  0.00213403716314387  0.00215522683509052
  0.00217641650703718  0.00219760617898383  0.00221879585093048  0.00224080512106739
  0.00226439012000551  0.00228797511894363  0.00231156011788175  0.00233514511681987
  0.00235873011575799  0.00238231511469611  0.00240590011363423  0.00242948511257235
  0.00245307011151047  0.00247665511044859  0.00278923607415987  0.00283945820512631
  0.00288968033609275  0.00293990246705919  0.00299012459802563  0.00304034672899208
  0.00309176903419791  0.00314708396783064  0.00320239890146336  0.00325771383509609
  0.00331302876872882  0.00336834370236155  0.00342365863599428  0.00346463382177181
  0.00350475718630412  0.00354488055083644  0.00358500391536875  0.00362512727990107
  0.00366525064443338  0.00370537400896570  0.00374549737349801  0.00378562073803033
  0.00382776319995631  0.00387486121018634  0.00392195922041636  0.00396905723064639
  0.00401615524087642  0.00406325325110644  0.00411035126133647  0.00415744927156649
  0.00420454728179652  0.00460702829343447  0.00837914936235353  0.01522251504630810
  0.02770768710323310  0.05033253987545305  0.05900254714754751  0.05900254714755751
  0.05900254714756751  0.05900254714757751  0.05900254714758751  1.00000000000000000
  0.11896121104558310  0.23048317537475577  0.23179968408284479  0.23311619279093382
  0.23443270149902282  0.23574921020711184  0.23706571891520087  0.23838222762328989
  0.23969873633137892  0.24101524503946795  0.24233175374755694  0.24364826245564597
  0.24496477116373500  0.24628127987182402  0.24759778857991305  0.24891429728800207
  0.25029102526064279  0.25195102238549605  0.25361101951034937  0.25527101663520269
  0.25693101376005595  0.25859101088490921  0.26025100800976253  0.26191100513461585
  0.26357100225946911  0.26523099938432237  0.26689099650917569  0.26855099363402896
  0.27021099075888227  0.33482229863219115  0.37645603460091581  0.37885274873460756
  0.38124946286829925  0.38364617700199100  0.38604289113568269  0.38843960526937443
  0.39083631940306618  0.39323303353675787  0.39562974767044962  0.39802646180414136
  0.40042317593783311  0.40281989007152486  0.40521660420521660  0.40761331833890835
  0.41001003247260009  0.41240674660629184  0.41480346073998359  0.41720017487367533
  0.41959688900736708  0.42199360314105883  0.42439031727475052  0.42678703140844226
  0.42918374554213401  0.43158045967582570  0.43397717380951745  0.43637388794320914
  0.49176914164103785  0.59413605978085449  0.66943349576842648  0.67892635049016070
  0.68841920521189481  0.69791205993362893  0.70740491465536315  0.71689776937709737
  0.72639062409883159  0.80159791944297609  0.90396483758279278  0.92104426465703215
  0.92604198695728179  0.93103970925753143  0.93603743155778107  0.93934799582355533
  0.94196054687764030  0.94457309793172528  0.94718564898581026  0.94979820003989535
  0.95241075109398032  0.95502330214806530  0.95763585320215028  0.96024596341970991
  0.96285518467020326  0.96546440592069671  0.96807362717119017  0.97068284842168362
  0.97329206967217696  0.97590129092267042  0.97851051217316387  0.98094916904300411
  0.98333052291262857  0.98571187678225303  0.98809323065187760  0.99047458452150205
  0.99285593839112662  0.99523729226075108  0.99761864613037565  1.00000000000000000
  0.05596285661061607  0.23115156921780006  0.23313647176893337  0.23512137432006669
  0.23710627687120001  0.23909117942233332  0.24107608197346664  0.24306098452459995
  0.24504588707573327  0.24703078962686659  0.24901569217799990  0.25120803839969691
  0.25360445168432666  0.25600086496895647  0.25839727825358622  0.26079369153821602
  0.26319010482284577  0.26558651810747558  0.26798293139210533  0.27037934467673513
  0.27784100224746378  0.28648652220111420  0.29513204215476457  0.30377756210841494
  0.31242308206206526  0.41254934261267073  0.46295704381923208  0.47141829263076240
  0.47987954144229272  0.48834079025382299  0.49680203906535320  0.50526328787688346
  0.51372453668841367  0.53696884839325254  0.63791630590394011  0.66797932499393520
  0.66981471071838572  0.67165009644283624  0.67348548216728676  0.67532086789173729
  0.67715625361618781  0.67899163934063833  0.68082702506508885  0.68266241078953938
  0.68449779651399001  0.68633318223844053  0.68816856796289105  0.69000395368734158
  0.69183933941179210  0.69367472513624262  0.69551011086069314  0.69734549658514366
  0.69918088230959419  0.70101626803404471  0.70285165375849523  0.70468703948294575
  0.70652242520739628  0.70835781093184680  0.71019319665629743  0.71202858238074795
  0.71386396810519848  0.71569935382964900  0.71753473955409963  0.71937012527855015
  0.72120551100300068  0.72304089672745120  0.72487628245190183  0.72671166817635235
  0.72854705390080288  0.79603500253994242  0.81416971026533547  0.81616483453094157
  0.81815995879654779  0.82015508306215390  0.82215020732776001  0.82414533159336612
  0.82614045585897222  0.82813558012457844  0.83013070439018455  0.83212582865579066
  0.83396841754669049  0.83557715346943151  0.83718588939217264  0.83879462531491367
  0.84040336123765469  0.84201209716039582  0.84362083308313685  0.84522956900587787
  0.84683830492861900  0.84844704085136002  0.85005577677410116  0.85166451269684218
  0.85327324861958320  0.89905254248930833  0.96017539898554471  1.00000000000000000
  0.06451803048451740  0.07362787561120861  0.08273772073789983  0.09369191925366774
  0.11073327242860935  0.23034280301230473  0.27276312890871152  0.27568053107667601
  0.27859793324464049  0.28151533541260493  0.28443273758056942  0.28735013974853391
  0.29026754191649839  0.29318494408446283  0.29610234625242726  0.29901974842039175
  0.30193715058835618  0.30485455275632062  0.30777195492428505  0.31068935709224949
  0.31360675926021397  0.31652416142817841  0.31944156359614284  0.32235896576410727
  0.32527636793207171  0.32819377010003620  0.33111117226800063  0.36183727524488069
  0.48144680582857602  0.54728224064529429  0.55859188709422691  0.56990153354315953
  0.58121117999209215  0.59252082644102477  0.60383047288995750  0.62661886426895708
  0.62865236850187478  0.63068587273479237  0.63271937696770997  0.63475288120062756
  0.63678638543354515  0.63881988966646275  0.64085339389938034  0.64288689813229793
  0.64492040236521564  0.64695390659813323  0.64898741083105083  0.65102091506396842
  0.65305441929688612  0.65508792352980372  0.65712142776272131  0.65915493199563902
  0.66118843622855661  0.66322194046147420  0.66525544469439191  0.66728894892730950
  0.66932245316022709  0.67135595739314469  0.67338946162606228  0.67542296585897987
  0.67745647009189758  0.67948997432481517  0.68152347855773276  0.68355698279065036
  0.68559048702356795  0.68771245518223878  0.69119680177758269  0.69468114837292660
  0.69816549496827052  0.70164984156361443  0.70513418815895834  0.70861853475430225
  0.71210288134964628  0.71558722794499019  0.71907157454033410  0.72255592113567813
  0.72604026773102204  0.72952461432636595  0.73300896092170986  0.73649330751705377
  0.73997765411239769  0.74346200070774160  0.74694634730308551  0.76478472178549894
  0.81539362558782025  0.82020771276222759  0.82502179993663505  0.82983588711104239
  0.83446067417812597  0.83858261577000648  0.84270455736188699  0.84682649895376749
  0.85094844054564789  0.88039046941630117  0.97551608482996621  1.00000000000000000
  0.00835116983921731  0.02241457067347650  0.02399580801361974  0.02557704535376299
  0.02715828269390623  0.02873952003404948  0.03032075737419272  0.03190199471433596
  0.03348323205447920  0.03506446939462245  0.03664570673476569  0.03822694407490893
  0.03980818141505218  0.04138941875519542  0.04330099748474402  0.04528281179923783
  0.04726462611373165  0.04924644042822548  0.05122825474271930  0.05321006905721312
  0.05519188337170694  0.05717369768620077  0.05915551200069458  0.06113732631518841
  0.06312179233534615  0.06511209452479218  0.06710239671423822  0.06909269890368425
  0.07108300109313029  0.07307330328257632  0.07506360547202236  0.07705390766146838
  0.07904420985091443  0.08103451204036045  0.08302481422980650  0.17939293789979002
  0.25128460233960337  0.25467490773182683  0.25806521312405034  0.26145551851627385
  0.26484582390849737  0.26823612930072083  0.27162643469294434  0.27501674008516791
  0.27840704547739142  0.28179735086961499  0.28518765626183851  0.28857796165406202
  0.29196826704628559  0.29535857243850910  0.29874887783073256  0.30213918322295608
  0.30552948861517959  0.30891979400740310  0.31231009939962662  0.33688441097155231
  0.34155241841585371  0.34622042586015506  0.35088843330445646  0.35555644074875786
  0.36022444819305921  0.36489245563736056  0.36956046308166191  0.37422847052596320
  0.37889647797026454  0.38356448541456589  0.38823249285886724  0.39290050030316859
  0.43809060272951206  0.55177211307805696  0.62887174441416416  0.63975199976346087
  0.65063225511275768  0.66151251046205450  0.67239276581135121  0.68327302116064803
  0.68923921207321237  0.69208338538163350  0.69492755869005474  0.69777173199847586
  0.70061590530689710  0.70346007861531823  0.70630425192373947  0.70847659210194280
  0.70897647777920547  0.70947636345646814  0.70997624913373081  0.71047613481099348
  0.71097602048825614  0.71147590616551881  0.71197579184278148  0.71247567752004415
  0.71278441349665311  0.71278441349666311  0.71278441349667310  1.00000000000000000
  0.03701632817586271  0.03913227603195333  0.04124822388804394  0.05003143155648578
  0.06045814931435958  0.15455589443845311  0.26902888738987418  0.30020421268232633
  0.31084630089410603  0.31475956772803759  0.31743485456742476  0.32011014140681193
  0.32278542824619905  0.32546071508558622  0.32813600192497339  0.33081128876436050
  0.33348657560374767  0.33616186244313484  0.33883714928252201  0.34151243612190924
  0.34418772296129641  0.34686300980068357  0.34953829664007074  0.35221358347945791
  0.35489401203673732  0.35758834553999463  0.36028267904325201  0.36297701254650933
  0.36567134604976670  0.36836567955302402  0.37106001305628139  0.37375434655953871
  0.43654944902582743  0.46094600658863266  0.46417271284909783  0.46739941910956301
  0.47062612537002813  0.47385283163049330  0.47707953789095847  0.48030624415142359
  0.48353295041188871  0.48675965667235382  0.48998636293281894  0.49321306919328406
  0.49643977545374918  0.49966648171421429  0.50289318797467941  0.50611989423514459
  0.50934660049560965  0.51257330675607482  0.51580001301653988  0.51902671927700506
  0.57121356374547427  0.62737493459487204  0.63185477141436275  0.63633460823385357
  0.64081444505334428  0.64529428187283511  0.64977411869232593  0.65425395551181664
  0.65873379233130747  0.66321362915079829  0.66769346597028911  0.67217330278977994
  0.67665313960927065  0.68113297642876147  0.68561281324825218  0.72956774798168500
  0.73143540773279014  0.73330306748389540  0.73517072723500065  0.73703838698610591
  0.73890604673721116  0.74077370648831631  0.74264136623942156  0.74450902599052682
  0.74637668574163207  0.74824434549273722  0.75008887395110035  0.75157082511425488
  0.75305277627740952  0.75453472744056405  0.75601667860371868  0.75749862976687321
  0.75898058093002774  0.76046253209318238  0.76194448325633690  0.76342643441949154
  0.76490838558264607  0.76639033674580070  0.76787228790895523  0.76935423907210976
  0.77105401409714924  0.87502834305410337  0.87505609194437661  1.00000000000000000
  0.12985622485478709  0.40523122520825650  0.41462911708317973  0.42474242674632290
  0.43505378415761253  0.50059843061027831  0.50378472283438935  0.50697101505850051
  0.51015730728261155  0.51334359950672259  0.51652989173083363  0.51971618395494468
  0.52258907560795975  0.52529275939119902  0.52799644317443839  0.53070012695767765
  0.53340381074091692  0.53610749452415629  0.53881117830739556  0.54151486209063482
  0.54419874627467646  0.54688145263268573  0.54956415899069500  0.55224686534870426
  0.55492957170671342  0.55761227806472269  0.56029498442273196  0.56326785637534016
  0.56758012963497184  0.57189240289460352  0.57620467615423532  0.58051694941386700
  0.58683878470409157  0.59694412057565271  0.63517736541054182  0.72941878927299386
  0.73128122643920013  0.73314366360540650  0.73500610077161277  0.73686853793781903
  0.73873097510402541  0.74059341227023168  0.74245584943643805  0.74431828660264432
  0.74618072376885058  0.74804316093505696  0.74990559810126323  0.75176803526746960
  0.75363047243367587  0.75549290959988213  0.75735534676608851  0.75921778393229478
  0.76108022109850115  0.76294265826470742  0.76480509543091368  0.76666753259712006
  0.76852996976332633  0.77039240692953270  0.77225484409573897  0.77411728126194534
  0.77597971842815161  0.77784215559435799  0.77970459276056425  0.78156702992677063
  0.78342946709297701  0.78529190425918327  0.78715434142538965  0.78901677859159591
  0.79087921575780229  0.85441043717264553  0.91780719638528363  0.92047640278596243
  0.92314560918664124  0.92581481558732004  0.92848402198799884  0.93115322838867765
  0.93382243478935645  0.93649164119003525  0.93916084759071405  0.94183005399139286
  0.94449926039207166  0.94716846679275046  0.94983767319342927  0.95250687959410807
  0.95517608599478687  0.95784529239546568  0.96050527534531582  0.96316319452619958
  0.96582111370708335  0.96847903288796700  0.97113695206885076  0.97379487124973452
  0.97645279043061817  0.97911070961150193  0.98947251600546549  1.00000000000000000
   1.7694702573663805E-012  -1.0000000000000000     
 F F F F F F F F F F F F F F F F F F F F F F F F F F F F F F F F F F F F F F F F F F F F F F F F F F F F F F F F F F F F F F F F
  <DiscreteSampler_grid>
  grouped_processes
  1 # 1 for a reference and 2 for a running grid.
  10 # Attribute 'min_bin_probing_points' of the grid.
  1 # Attribute 'grid_mode' of the grid. 1=='default',2=='initialization'
  0.0000000000000000 # Attribute 'small_contrib_threshold' of the grid.
  0.5000000000000000 # Attribute 'damping_power' of the grid.
 # binID   n_entries weight   weight_sqr   abs_weight
    10   10   8.184466858492234E+002   1.682628766246308E+006   8.184466858492234E+002
  </DiscreteSampler_grid>
