  0.00960322379736627  0.01626147940193577  0.02413342530077976  0.03336951555719399
  0.04288157343769376  0.05255363552099221  0.06228951189397318  0.07237671828383418
  0.08253441964569881  0.09286611855963813  0.10308416477822066  0.11317466515895912
  0.12330088861310322  0.13372910680017130  0.14397903930041034  0.15351541593262921
  0.16261120978995769  0.17209863767451347  0.18177551626460106  0.19132099702795841
  0.20065554048373940  0.20996899761720261  0.21972450782703781  0.22904523788574491
  0.23898893561244505  0.24935409428576327  0.26095664439440985  0.27239904190754755
  0.28340445361036348  0.29436641760396143  0.30505427952366271  0.31521090015736442
  0.32529117804701324  0.33555221405509628  0.34604799418613452  0.35652941923622838
  0.36679556370689420  0.37691053649833561  0.38719742448248906  0.39821381715851661
  0.41023551635855182  0.42203736099528866  0.43300041134117812  0.44371356505578935
  0.45418364298422825  0.46451570389713187  0.47464148545455348  0.48490125550341218
  0.49554788518048976  0.50619754372697079  0.51660243506028714  0.52653776766230764
  0.53583835955861725  0.54558657303504199  0.55572071074396590  0.56670784369050398
  0.57766409646447714  0.58853960177499764  0.59842912596869469  0.60797240395609731
  0.61719026899767770  0.62712077478907613  0.63726675412601019  0.64795966256687243
  0.65908399767830717  0.67112860972472121  0.68312125855526706  0.69472628750599474
  0.70618596206441675  0.71681531095360085  0.72801783379061757  0.74027629887127511
  0.75167353754084432  0.76198635594027075  0.77218014535060608  0.78278939508460532
  0.79334312201484702  0.80361228775772464  0.81448950785580532  0.82642290652580019
  0.83835244994083702  0.84966285463143154  0.86056662863623601  0.87127813488596040
  0.88199031207471135  0.89314547655914045  0.90469318794845677  0.91623731751239534
  0.92744249373856458  0.93826863352975709  0.94884561330404504  0.95934726465104947
  0.97002958688152074  0.98057985552036586  0.99139503832767761  1.00000000000000000
  0.00002205055807746  0.00003684180722497  0.00005174719625876  0.00006725037153466
  0.00008467675280040  0.00010476712551716  0.00012815782590889  0.00015347952358824
  0.00017895078211327  0.00020599658594562  0.00023594586389338  0.00026974567029578
  0.00030604657124179  0.00034266104280574  0.00037963129745229  0.00041686263500947
  0.00045750124348381  0.00050354997768922  0.00055503427639904  0.00060864376604324
  0.00065948121893414  0.00070788105899396  0.00075854145076960  0.00081451830578819
  0.00087586470536039  0.00093982843451803  0.00100633485422247  0.00107451784865762
  0.00114414959454554  0.00121903865347315  0.00129893099486954  0.00138378941303311
  0.00147388514929330  0.00156550421226370  0.00165216200463461  0.00173613078015400
  0.00182163282463208  0.00191188029480439  0.00200461002270141  0.00210269443079961
  0.00219965603755311  0.00229992821443729  0.00240452354224379  0.00251566726919520
  0.00263665584829913  0.00276485553923342  0.00289213005425256  0.00302469941069644
  0.00315430618561791  0.00329387419003291  0.00344857784685633  0.00361295384673970
  0.00378419733840669  0.00397269641127256  0.00416517989454801  0.00436243832166813
  0.00457833346462401  0.00479319163481919  0.00500906881297389  0.00522769289598195
  0.00545259919694312  0.00569279543493121  0.00594918773236261  0.00622024540361812
  0.00651710175198170  0.00681417213002089  0.00710448038723384  0.00742767813277745
  0.00777658797861346  0.00816896376591993  0.00860011324893904  0.00904477613821090
  0.00951220793148520  0.01002842117739285  0.01063709431854074  0.01129819925448814
  0.01200347334731361  0.01282385430582224  0.01362904338972269  0.01444619753452605
  0.01531348640932320  0.01629909784503324  0.01745109476413212  0.01873130656361486
  0.02022605945757732  0.02210113221130858  0.02432557079990743  0.02706552415020759
  0.03026627275140243  0.03416694320855420  0.03881939946030667  0.04558142511555886
  0.05766111804832078  0.08117115045529862  0.17159858594766766  1.00000000000000000
 -0.00000453900782009  0.00002246034636181  0.00005261425867509  0.00008090672586361
  0.00010661326671200  0.00013149701771722  0.00015864543553915  0.00018876284174316
  0.00022048633204688  0.00025849231682534  0.00029717340560565  0.00033451603066328
  0.00037187447454853  0.00040956387898464  0.00044806343450027  0.00048893956693404
  0.00053365683856288  0.00058188677710344  0.00063250683081316  0.00068813244145915
  0.00074533521862702  0.00080409789403434  0.00086134377443282  0.00091816828732245
  0.00097616715729390  0.00103763972043394  0.00110480717323324  0.00117748105958089
  0.00125268377389812  0.00132793915448589  0.00140535119636162  0.00148226504830547
  0.00156059841305036  0.00164201599447671  0.00172641769971089  0.00181223385241920
  0.00190039785931161  0.00199210686207915  0.00208573990672562  0.00218264801547985
  0.00228753137432266  0.00239514479831194  0.00251151228314542  0.00263967264799229
  0.00277650341894460  0.00291775559872645  0.00306255949174295  0.00320851739008941
  0.00335501914465449  0.00351613668628410  0.00367928915215380  0.00384490954308090
  0.00401026284413574  0.00418002113424288  0.00435970799388821  0.00455026844533506
  0.00474894736453848  0.00495104934411466  0.00516691071256198  0.00539097458258462
  0.00562515537757978  0.00586644962792745  0.00613303877935638  0.00641441467249390
  0.00672731724877092  0.00708302263407497  0.00745428975243976  0.00783322351357601
  0.00821167272981528  0.00860595180273880  0.00905323735488314  0.00954693117723090
  0.01007594479966835  0.01064541607179746  0.01128504955721737  0.01203477374712297
  0.01285398157473842  0.01371496957032319  0.01467196881353465  0.01573172053839131
  0.01693841087298160  0.01826890588264342  0.01972007228677049  0.02128439867532818
  0.02303795419379496  0.02566304749212275  0.02911990368302275  0.03305504811298874
  0.03723216957371286  0.04262503032114198  0.05027127376930952  0.06165413816898205
  0.08531346714313448  0.15358917491561264  0.22944169552131802  1.00000000000000000
 -0.00291297282201745  0.01228360130855787  0.02411257521575347  0.03524162571573643
  0.04581385081579881  0.05611173958371431  0.06625208194464317  0.07577061344776875
  0.08593600369461331  0.09662136116757770  0.10698335985087767  0.11702945372299677
  0.12654212132304754  0.13598688768777439  0.14564385003511415  0.15584585051275451
  0.16696893750023295  0.17912465257621740  0.19054463458556223  0.20165205837810196
  0.21174899899313626  0.22231940577188203  0.23262140044294763  0.24345625759382308
  0.25432616534080432  0.26514987369220611  0.27608163861292240  0.28704438215095440
  0.29771495051238872  0.30806454282402085  0.31809913529487466  0.32767326145403408
  0.33729362539399493  0.34682805058303179  0.35649166022687184  0.36607353420175948
  0.37564620102248786  0.38560332451253410  0.39552448161117298  0.40518673443697706
  0.41494518423550958  0.42484094864771810  0.43453441737691734  0.44433164526897795
  0.45433118944966550  0.46416846016784780  0.47390112469424572  0.48413799204682706
  0.49513705726250890  0.50650482173949618  0.51836172497129374  0.53127244144897845
  0.54449633061169911  0.55704586442936632  0.56846681851608583  0.57913476483751825
  0.58963322405367191  0.60014972873719841  0.61047412895227959  0.62068697157127350
  0.63108734635381558  0.64148866401243165  0.65182599639067529  0.66141890437046547
  0.67132939803034652  0.68209734970300684  0.69300277793344744  0.70413316934899517
  0.71520549060698901  0.72623529129241582  0.73705274223501582  0.74725610809916121
  0.75765967482400309  0.76831706865354776  0.77914526283433838  0.79042675252611216
  0.80246554110115798  0.81474433021964976  0.82625233283100818  0.83732089032989976
  0.84831020003786539  0.85915261941921284  0.87038318599288522  0.88151476862782907
  0.89186813619385075  0.90132557768704014  0.91083189295547362  0.92096948753299845
  0.93122075732388809  0.94088702672186553  0.95014309940989494  0.95935432942000309
  0.96920983336142652  0.97927347905543105  0.98952648110257480  1.00000000000000000
 -0.00278418265157530  0.01046262597548002  0.02062913106672761  0.03036461231436883
  0.04005071316813092  0.05060399248649512  0.06104006590331575  0.07116953109394865
  0.08131484538961579  0.09245745429597613  0.10401836956301459  0.11535424895060566
  0.12595940499871852  0.13584254102663079  0.14588796572077375  0.15692679659320241
  0.16842484237919494  0.17848641055647196  0.18928473226357634  0.19966614068327782
  0.20933899476035506  0.21866277262387868  0.22841720408894683  0.23906112223951909
  0.24993696835801357  0.26022472559795090  0.27036818215172337  0.28075115386677046
  0.29116476387743068  0.30130503654067714  0.31102819165794043  0.32038496106611514
  0.32979563492914449  0.33917059351785928  0.34839342941692830  0.35775400719094569
  0.36714937807394277  0.37677946323699185  0.38727540902540042  0.39857848532312612
  0.41001142527600970  0.42137273618945276  0.43277210938001470  0.44395541548363110
  0.45489302315833902  0.46520750989396037  0.47494149738777541  0.48439372413286336
  0.49326934233564368  0.50207301901042500  0.51091724234923441  0.51995806816750145
  0.52958141429688210  0.53882359767132559  0.54965481423810814  0.56069161036986470
  0.57252120935738726  0.58455568951315462  0.59623062093197099  0.60759730157134417
  0.61899287794335556  0.63006956073780918  0.64084736146036114  0.65180688659571284
  0.66276710839274755  0.67368662837223159  0.68467396013639881  0.69604541280344778
  0.70793250347500414  0.71988297624550524  0.73100674868193583  0.74119641387038337
  0.75091139082103575  0.76052630541174449  0.76996752854109485  0.77905607814767375
  0.78827094151414734  0.79800822415715589  0.80816023130989989  0.81893450361717846
  0.83087047569989148  0.84472887897767268  0.85744406016025954  0.86970545646297781
  0.88204370803607046  0.89462440625835205  0.90591390834636376  0.91655748299168449
  0.92641297657990318  0.93632377710053249  0.94711726791787765  0.95811247074223060
  0.96852175702678245  0.97847128130752803  0.98883782296189682  1.00000000000000000
 -0.00240898239795407  0.00913400076764801  0.01940633883011845  0.03092002164744734
  0.04106101017380590  0.05082266024835320  0.06057351162125616  0.07035300573397782
  0.08066641802702207  0.09153593979823249  0.10252204417317345  0.11444415788828208
  0.12645481696706040  0.13816873630737000  0.14966362609481623  0.16112603962473176
  0.17231287154925917  0.18295334109229891  0.19293952710904627  0.20239754324637102
  0.21172050604961365  0.22131275963456393  0.23120920826106797  0.24186630544628629
  0.25228782415596257  0.26302577999312488  0.27341948725010384  0.28430938112836363
  0.29555550789234741  0.30671585281928143  0.31776453023398282  0.32890663341848403
  0.34030102983589128  0.35174602719033293  0.36301832646917193  0.37397305113992113
  0.38514825597224617  0.39621715339446617  0.40770929123713362  0.41939547029189694
  0.43043011785712620  0.44044517726889026  0.44935855402985192  0.45865030939332746
  0.46879730312815227  0.47935795061940178  0.49105900869031649  0.50169689731913691
  0.51288495331781259  0.52291126389648745  0.53298281144668502  0.54305668092297332
  0.55310287199598551  0.56330585239755537  0.57387421093740576  0.58446340918929740
  0.59455585675898992  0.60475034475676026  0.61484055487145794  0.62448139549754778
  0.63383578337437951  0.64285065003783992  0.65246019736564798  0.66280879328012055
  0.67335230462054307  0.68400441052682870  0.69389733837884715  0.70344305230877613
  0.71270859553763977  0.72186674281888141  0.73124186010087022  0.74097161236113718
  0.75110464511058184  0.76130871375787701  0.77107201843014139  0.78091623808946420
  0.79064098543785477  0.80140373703294721  0.81201380088871389  0.82373451325941882
  0.83437723350764015  0.84543288398280136  0.85632052316295193  0.86788964849473893
  0.87927295713940568  0.88966384186215730  0.89967252413666521  0.90928665088188299
  0.91945186645369548  0.93008223169928683  0.94180368167108253  0.95390565824440365
  0.96529790524356129  0.97691487594467297  0.98803722439695729  1.00000000000000000
  0.01041297969885478  0.01463402879172915  0.01794139260246142  0.02052375728454131
  0.02303655482412604  0.02541610284740294  0.02773174036230881  0.03001965392131983
  0.03228959947375577  0.03451848479817644  0.03681285902924544  0.03917530679023520
  0.04143191296552154  0.04351499077505111  0.04551336710258407  0.04753197639073500
  0.04955240651931201  0.05159220321121513  0.05367195411196708  0.05581849403481925
  0.05804868293108237  0.06035127229832248  0.06264643865157066  0.06481272865088350
  0.06691241989948268  0.06897532232241232  0.07104819161601712  0.07320042755889454
  0.07545365533090975  0.07786234212161822  0.08031913146567152  0.08276323258344154
  0.08515920667452101  0.08759510910198569  0.09005623649024166  0.09266561931524930
  0.09534575969535085  0.09808518909544159  0.10090690031771514  0.10359526790361910
  0.10657127567572168  0.10954030733172050  0.11272735215417964  0.11600685814450494
  0.11928156570434570  0.12262064438551175  0.12600038620807191  0.12950120747517072
  0.13288828747367229  0.13609158617411196  0.13930691881556828  0.14248236097528474
  0.14560845659450261  0.14935712434332990  0.15359109498495305  0.15832710493499905
  0.16264420540118396  0.16650215849739852  0.17074018796832532  0.17534095287779375
  0.18021327031644779  0.18524940163959117  0.19036662939827764  0.19555418873238678
  0.20116360752748805  0.20635574971570447  0.21171123136086284  0.21783120167011444
  0.22396210334559677  0.23139012886763488  0.23878855633529389  0.24517555928008794
  0.25212649259657782  0.25802109026935505  0.26535700142761481  0.27269307643370239
  0.28091072695173702  0.28781249323213232  0.29737667938879275  0.30603058287777635
  0.31425209311577412  0.32030685925469760  0.32720682794236483  0.33611490881606604
  0.34363300925446094  0.35267899416939724  0.35869298646669628  0.37521146520167969
  0.38772666908147935  0.39550086184822886  0.40198203062022636  0.41368968799416050
  0.43127438155695524  0.48788976740894702  0.50953773972911376  1.00000000000000000
 -0.00267662065068466  0.01100006611204071  0.02201340256984182  0.03383944565800528
  0.04482956033879564  0.05535541608846842  0.06580172780294077  0.07676159458032858
  0.08837446204774785  0.10016338516665549  0.11199541148303385  0.12360931818350157
  0.13532887912148686  0.14764538358797727  0.16040133715205837  0.17293049357140153
  0.18484521467932818  0.19612989214804796  0.20711730564890449  0.21832379814222752
  0.22963710223717715  0.24065164241200385  0.25092392905995398  0.26134853964513532
  0.27228219135984344  0.28321578368880945  0.29407744071667291  0.30462685520971300
  0.31474835962872522  0.32440181590475081  0.33371512466330544  0.34274172172821199
  0.35173223206669968  0.36020737586880108  0.36863208203517178  0.37744429731541912
  0.38650570891843067  0.39603157464709887  0.40545671704798081  0.41552024129636561
  0.42492395502699776  0.43362059388684743  0.44201649839401558  0.45072238945032816
  0.45966196535911213  0.46870256601094745  0.47780356487298820  0.48688788866648014
  0.49616912399137542  0.50592319853346035  0.51623340677310126  0.52705074985723765
  0.53780787125049190  0.54674592949744016  0.55437605871406592  0.56265446703563138
  0.57098317533869358  0.57942154563765302  0.58826174891635774  0.59720059205871823
  0.60637827228001906  0.61651645452767778  0.62610682791890271  0.63602331005207713
  0.64637652347170005  0.65775532009275872  0.66823981749574002  0.67838830160715924
  0.68884853867809392  0.70012315270689096  0.71145690078338064  0.72280423968306440
  0.73458209228038440  0.74625609256829573  0.75754202264750092  0.76825422269908450
  0.77828740926081996  0.78872645458281876  0.80029198281552538  0.81253603372847327
  0.82475123018341590  0.83605210108493122  0.84672183280851965  0.85741496663638572
  0.86797991496722326  0.87839668793702119  0.88864666164996819  0.89967537472805259
  0.91214762538408833  0.92511999882263207  0.93822205589564867  0.95103540304922274
  0.96350163369887110  0.97552132515799572  0.98762625434206530  1.00000000000000000
  0.00722063055598252  0.30332749958748573  0.39812306388649743  0.45604420789132477
  0.49712867869583172  0.52951681231919523  0.55714280116483872  0.58056595115197474
  0.60096443415325040  0.61901330246839237  0.63517596610968718  0.64977533655000697
  0.66315355237752038  0.67516434908881562  0.68643665085229377  0.69729079716292963
  0.70792358108122122  0.71759627328325026  0.72619170035914060  0.73412089678947956
  0.74168743881199073  0.74883860086493315  0.75529939367129151  0.76169307599823255
  0.76817543535418187  0.77440267094948012  0.78046460804107476  0.78632012036279397
  0.79173639187699019  0.79682578106297053  0.80173525655987687  0.80675485214126075
  0.81178573880220362  0.81617053735616518  0.82010834723338233  0.82371733104336686
  0.82720440850332411  0.83067887878418945  0.83428530896591602  0.83794906930310686
  0.84167335395169329  0.84529237580658845  0.84876103218695176  0.85218344097109078
  0.85557317609271666  0.85889041000962374  0.86216042196908393  0.86530858456318283
  0.86844496753081202  0.87149685751411954  0.87463190039040117  0.87761878262550674
  0.88062401592816075  0.88358880168777887  0.88641160665931440  0.88909197625611647
  0.89170066430894512  0.89417561754856845  0.89656513423532025  0.89877680595641474
  0.90095576326943327  0.90311969095763001  0.90534550362888233  0.90769206371313316
  0.91015661205702236  0.91273598712560000  0.91525048155732658  0.91786669344204219
  0.92047472760393978  0.92302534756740384  0.92531663148936139  0.92743412622662824
  0.92958367663684727  0.93172842072209128  0.93381904624920320  0.93597770289843651
  0.93828319213328459  0.94065071774887188  0.94293990053222654  0.94526422829794576
  0.94762564027138563  0.95008658697676518  0.95267730496614800  0.95540009584503927
  0.95831094197801625  0.96159313103238642  0.96546609087020496  0.97043719414717822
  0.97530900209384408  0.97920229128374225  0.98249769073372750  0.98553353274092226
  0.98854241797636233  0.99174225379653724  0.99541867555413821  1.00000000000000000
   7.1131174395687973E-008  -1.0000000000000000     
 F F F F F F F F F F F F F F F F F F F F F F F F F F F F F F F F F F F F F F F F F F F F F F F F F F F F F F F F F F F F F F F F
  <DiscreteSampler_grid>
  grouped_processes
  1 # 1 for a reference and 2 for a running grid.
  10 # Attribute 'min_bin_probing_points' of the grid.
  1 # Attribute 'grid_mode' of the grid. 1=='default',2=='initialization'
  0.0000000000000000 # Attribute 'small_contrib_threshold' of the grid.
  0.5000000000000000 # Attribute 'damping_power' of the grid.
 # binID   n_entries weight   weight_sqr   abs_weight
    10   10   1.803978675966068E+006   1.576438308299316E+013   1.803978675966068E+006
  </DiscreteSampler_grid>
