  0.00943810521852188  0.01638925495881673  0.02532118994892400  0.03615289648380361
  0.04631776819117718  0.05664023035497370  0.06687205451087457  0.07691815363885394
  0.08730378762814231  0.09834936427189032  0.10978940916840260  0.12124272602068109
  0.13271340982768545  0.14459358034157568  0.15634649439753320  0.16809372018124161
  0.17919949757727172  0.18985184528224100  0.20060347096902861  0.21101839876556902
  0.22134012368292705  0.23168677594849274  0.24183732203337927  0.25235891995711157
  0.26278061327498825  0.27343760226481761  0.28300094679813015  0.29230560635020009
  0.30123604595071429  0.31046285586971789  0.32029661209877319  0.33065206697062249
  0.34209028213247683  0.35431655032259257  0.36726799705686392  0.37971143997186618
  0.39149881274512310  0.40208353148489029  0.41247920796050563  0.42295637164205102
  0.43381944211476170  0.44443561671350296  0.45405723500021250  0.46402107843893492
  0.47452743752728277  0.48533093743646266  0.49628184798217756  0.50789777940128689
  0.51976331841069467  0.53122723817718365  0.54221647617398683  0.55227500855016520
  0.56199148125868670  0.57136417088529667  0.58026965650966988  0.58903183200633380
  0.59740998577470183  0.60654824961044063  0.61664839646629421  0.62675540246377026
  0.63708275102614542  0.64717773500002229  0.65762191673509263  0.66742658276677658
  0.67770837804427353  0.68814910152415720  0.69928280695324252  0.71079055403259139
  0.72256025843875626  0.73346296768468755  0.74348155747918598  0.75397803223220083
  0.76479223920642692  0.77610158724654321  0.78699884986826529  0.79747948330262552
  0.80790598174852124  0.81869919572858019  0.82951626908026077  0.84017017136471983
  0.85015674246016626  0.85973464455125115  0.86942209028998518  0.87939119515570108
  0.88934548609450925  0.89914056674236187  0.90888101174842229  0.91907963283440119
  0.92904958953489758  0.93984600706208921  0.95107116540299141  0.96232952817172568
  0.97232651028409300  0.98192165075594529  0.99117685771815167  1.00000000000000000
  0.01094004397597947  0.01402974571373494  0.01553341050502210  0.01672064993413827
  0.01774557266876004  0.01862602129490159  0.01942271844796944  0.02020177599195851
  0.02098946417343035  0.02180224648398357  0.02260887840370724  0.02341105032005409
  0.02419860456093308  0.02496399120258419  0.02571330642056365  0.02646459824504088
  0.02720723920180902  0.02793167371808350  0.02865735993116801  0.02937766463815651
  0.03009781963558037  0.03080959555883769  0.03151420926519985  0.03224038319450878
  0.03297838684902730  0.03376566006834011  0.03456102239627255  0.03540004024716280
  0.03627541076209783  0.03716059144284013  0.03804341078737433  0.03890445239718166
  0.03979386316652787  0.04070302018173039  0.04161315778147263  0.04254709140372585
  0.04352654869246025  0.04450852998929303  0.04545201972444870  0.04638267821306428
  0.04731373232098562  0.04826762783092789  0.04925601281080138  0.05026611196062073
  0.05130507834209819  0.05238403880611155  0.05353380034321466  0.05479724367050924
  0.05610435670101916  0.05738705523824331  0.05865922632058953  0.05994699229547697
  0.06125686539759108  0.06261933613809584  0.06402848064725127  0.06549138456706635
  0.06701996813633060  0.06856874300631045  0.07013353087811314  0.07176430562722179
  0.07354423242220706  0.07545094803847108  0.07725457971498675  0.07895167180575258
  0.08072165468344591  0.08258352041737956  0.08453281351898796  0.08650199166740644
  0.08842816306780237  0.09062699063382328  0.09280581070660376  0.09513975001887291
  0.09768392025972716  0.10053425874209061  0.10389169135684395  0.10724531185285358
  0.11078057627450127  0.11459571480381441  0.11882911424740968  0.12356817633882779
  0.12861822808082218  0.13269783247780673  0.13635612909262357  0.14004170572383637
  0.14396152858420871  0.14805434654251148  0.15581461289691589  0.17119640620757881
  0.19008512749316656  0.20436757492683338  0.22409734725713557  0.24919232799634786
  0.27848458762516615  0.31081996381825122  0.72344465804037072  1.00000000000000000
 -0.00000621071111095  0.00003903904108582  0.00008029554157207  0.00011522015342389
  0.00015174791404851  0.00019128796229020  0.00023695750411769  0.00029026144852779
  0.00034725524029905  0.00041336940114016  0.00048568220452996  0.00055720199765528
  0.00062585690361555  0.00069674350584048  0.00077328490343576  0.00085692059595483
  0.00094429547326770  0.00103529885394558  0.00113422014427893  0.00124106312448962
  0.00134914690944867  0.00145856508168596  0.00156829004293206  0.00168761505799832
  0.00181138380316998  0.00193591193538223  0.00206329097232011  0.00219792517246702
  0.00233739365333583  0.00248481258550705  0.00264225853252213  0.00280668646470647
  0.00297460274819852  0.00314692295074252  0.00332930872892715  0.00351114725650640
  0.00370475658337913  0.00391511483095234  0.00413315185432910  0.00435417152969139
  0.00458047081498696  0.00481319341562089  0.00505632373358122  0.00531412937364619
  0.00558763083802615  0.00587903200768943  0.00619086611952344  0.00651369908176902
  0.00685443309185573  0.00721134072305957  0.00759235483389392  0.00799709383916468
  0.00842317807244829  0.00886594899657985  0.00931806569609775  0.00979755634483030
  0.01026433718676433  0.01073647636453954  0.01124953382754216  0.01180644584258450
  0.01237652373718126  0.01296331646410216  0.01356583187838732  0.01428300054790268
  0.01512234931022803  0.01600936673029670  0.01695402666818966  0.01797064737667225
  0.01904572332452302  0.02015903758559644  0.02133043128428736  0.02256708040600690
  0.02393224922023905  0.02531646179067834  0.02690152503813876  0.02857557781483471
  0.03040305463409326  0.03238094227651800  0.03473325015147868  0.03721761569123523
  0.03972425860974550  0.04240805877560693  0.04548260857756058  0.04934514185718055
  0.05406190950220720  0.05925420566862680  0.06453958256462861  0.07073634263907706
  0.07856413650521446  0.08804837063441945  0.09977148754418991  0.11647106078325671
  0.14579437663496173  0.19287063614980726  0.54143851880830096  1.00000000000000000
 -0.00172913207317463  0.00915971243758702  0.01854984335132621  0.02858888001872855
  0.03885458070328658  0.04945614586804165  0.06066321102434207  0.07158225329504753
  0.08234352303566086  0.09248247581104317  0.10259189155422542  0.11277712437682844
  0.12354846405199850  0.13426209611231665  0.14477003393372181  0.15456806326803280
  0.16416170396806801  0.17381885137864850  0.18377818303549009  0.19371586661855739
  0.20348050728856956  0.21335005027292847  0.22354730466537479  0.23416851917984766
  0.24472251026969871  0.25464146897828382  0.26420888943120185  0.27380717254083609
  0.28330781128257165  0.29278867022103056  0.30213157911685257  0.31114942448757660
  0.32027558697879344  0.32964911127288304  0.33964334581364514  0.34995694393559001
  0.36093992616813253  0.37325289007836499  0.38498893834223208  0.39678487405597990
  0.40742278637126411  0.41849166847813291  0.42952823442375593  0.44116444221259660
  0.45226915110705945  0.46383079591169685  0.47516553797418104  0.48551048021273979
  0.49576185013036689  0.50636423165713196  0.51708448891101100  0.52727025265739336
  0.53726283148249476  0.54782507831417770  0.55841214501657221  0.56960369326815552
  0.58096156553645728  0.59303460643493433  0.60480168627571507  0.61650749690428375
  0.62757140714005233  0.63804323187564116  0.64810182732182675  0.65814497804702243
  0.66834752473628034  0.67784533166184513  0.68677824803713627  0.69609974135605979
  0.70627855944875750  0.71713703144305840  0.72844167867478493  0.74053968131751724
  0.75276945263729034  0.76368959703584327  0.77443484688783737  0.78480309230086698
  0.79531991460140483  0.80564772933401985  0.81622936005609747  0.82724703704656211
  0.83899388072825709  0.85136763737194898  0.86202121004459942  0.87197502627719603
  0.88184757441109130  0.89210810065479895  0.90236621366741443  0.91254061221466842
  0.92296885491083569  0.93471758579774378  0.94702947679705052  0.95911778745666854
  0.97029159512429897  0.98060142517520255  0.99043257940841634  1.00000000000000000
 -0.00243230044884576  0.00843091403035154  0.01810973502710700  0.02830193690133152
  0.03895197547512341  0.04965201818741567  0.05992251300956198  0.07009832692443058
  0.08011532998063706  0.09010008234516005  0.10015303756911978  0.11014647809411302
  0.12015589913220964  0.13022069744109788  0.14034505932213182  0.15032959256936462
  0.16047513835357763  0.17107996632972106  0.18180840623894387  0.19151119333095423
  0.20068817182394175  0.21000147417720824  0.21976074752458225  0.22992364357121692
  0.24012925301990973  0.25016350388463382  0.26117534221690242  0.27279086559477966
  0.28388008992777142  0.29519496179375243  0.30602826747429196  0.31687642464296245
  0.32791219225095908  0.33922707314186856  0.35062920420268223  0.36152333210803300
  0.37253008824514022  0.38339560336229350  0.39403841131090694  0.40374045970854744
  0.41356237237461752  0.42416394162986620  0.43460756713636528  0.44513574868160344
  0.45591912723143618  0.46805862373862595  0.48017768564805979  0.49150887737042098
  0.50234467566653385  0.51277430819037750  0.52303927305849562  0.53267561380141615
  0.54235091883980735  0.55283255554963817  0.56444880021143384  0.57659314382806359
  0.58786572824868033  0.59855634353345033  0.60879685269130190  0.61896293188973306
  0.62950988484710724  0.64049309962120593  0.65167625918525918  0.66234654845054430
  0.67230996215539562  0.68211242783577031  0.69246443411148206  0.70345067673895778
  0.71421659961170181  0.72445292214846457  0.73476634950596442  0.74576642457301734
  0.75732256115537022  0.76851643806713554  0.77857840188098437  0.78828363503416488
  0.79870885984288997  0.80920946928177340  0.81907779454278962  0.82849853337271506
  0.83884775526980093  0.84918620242800646  0.85966326444160313  0.87014710226251935
  0.88046525430242140  0.89105959219530462  0.90144813457624762  0.91237832284967979
  0.92243496074302322  0.93261479161144478  0.94308529285095410  0.95377707759261787
  0.96493360640748482  0.97620657933908350  0.98824532748310090  1.00000000000000000
 -0.00163569758139471  0.00748594295452328  0.01540277369862138  0.02291874005510506
  0.03020125006909190  0.03737245002624123  0.04447012667087611  0.05155124255496069
  0.05861957337175396  0.06560902658450153  0.07247092941844872  0.07947044736254472
  0.08685540298966685  0.09439250577488349  0.10171491830695703  0.10854114535849921
  0.11511928887465282  0.12181892965160496  0.12886160035647667  0.13664622303036869
  0.14443604283373665  0.15243282187251311  0.16027503938107016  0.16769359276628892
  0.17539997255690409  0.18301016775961398  0.19080181320561976  0.19843897163347685
  0.20608179159693973  0.21440500787098274  0.22257783891374283  0.23129777010040267
  0.24010283731054435  0.24947986176279266  0.25922983881778194  0.26894799062364355
  0.27839218101256047  0.28741576849239053  0.29612938502883390  0.30481067680162732
  0.31340032488076619  0.32195925736601277  0.33034391384029377  0.33892567853457067
  0.34722757331250276  0.35614315410784736  0.36489523426251463  0.37358639588668219
  0.38284645586251276  0.39225812292791296  0.40160758197051327  0.41123130988326168
  0.42115230435510265  0.43161353767006483  0.44225365021891672  0.45304019521604005
  0.46396906664914161  0.47501088025379740  0.48612516384025434  0.49707812562236120
  0.50747693533210725  0.51742899187034497  0.52756762386023071  0.53845157356696849
  0.55021452193135900  0.56270873428444146  0.57532188179586041  0.58771101924685543
  0.59986263228487857  0.61195008327076361  0.62399544056903244  0.63619173977400945
  0.64825534287980890  0.65994442895196692  0.67169962080388812  0.68406125561282138
  0.69722087179833625  0.71077674360393128  0.72459699169439673  0.73869867122523547
  0.75324654749289788  0.76664623122195397  0.78048125368956767  0.79466654891353639
  0.80909104488207451  0.82454015960049398  0.84063046733764824  0.85728627097902377
  0.87447224936733881  0.89098666493751177  0.90753944043516555  0.92453864485130077
  0.94290557087365168  0.96242981692565777  0.98118213097238660  1.00000000000000000
 -0.00207942649899785  0.00969808945633987  0.01898211996086512  0.02849498276995416
  0.03833510848788302  0.04814048022173756  0.05819195227324509  0.06729428951881150
  0.07634994283589142  0.08546395343489101  0.09526141544906347  0.10504086092956748
  0.11470482489197956  0.12441976021664491  0.13405964326518929  0.14387296658599355
  0.15388562752288007  0.16380435997697704  0.17362147235285091  0.18324760482214142
  0.19340405426041474  0.20388848791847827  0.21422862441658611  0.22440476450829877
  0.23456527535292920  0.24503270099397090  0.25591065246425232  0.26721626836597567
  0.27894995886585122  0.29043917589963830  0.30142897290160442  0.31203231717310631
  0.32242414039269568  0.33237825675071647  0.34171322400441612  0.35086185451142821
  0.36055398268241973  0.37095175900584337  0.38159063421735928  0.39207757500177765
  0.40269267694406052  0.41312008969055236  0.42344069988402555  0.43368873868687152
  0.44434887060874800  0.45502804693046084  0.46578538248603257  0.47672171747602066
  0.48767013669462927  0.49858833016911586  0.50972174541163062  0.52104268478566784
  0.53243519583272725  0.54308092389469387  0.55298607962161328  0.56274055895950514
  0.57249509214090422  0.58235677895508653  0.59228106883756326  0.60284912311204464
  0.61467075832529705  0.62694835300931118  0.63885537575094320  0.65026080737034608
  0.66125575758440935  0.67208484449680206  0.68275213461437856  0.69373565195130249
  0.70530830830611480  0.71739450978087704  0.72929630163190096  0.74047207418887317
  0.75100738103272346  0.76124722394485911  0.77160349833648278  0.78245353676113705
  0.79380363023911438  0.80516617294502457  0.81620973694899157  0.82705327643817483
  0.83793857013567163  0.84897910267686427  0.86063985073190730  0.87255378517516335
  0.88371853448887838  0.89516271642991641  0.90583834189376555  0.91712750120171738
  0.92816515360609841  0.93875374563471925  0.94903828179361893  0.95937939358477831
  0.97033356238910762  0.98065013849971261  0.99041047760769518  1.00000000000000000
 -0.00249496939598824  0.00992187612499336  0.02038787171999716  0.03154432341967848
  0.04268203507777913  0.05342717482511458  0.06392400725678557  0.07423254825964498
  0.08493049065167980  0.09535991369159651  0.10610000874510980  0.11663395142501175
  0.12726154163160580  0.13781100251132780  0.14839561166483231  0.15940423140715695
  0.17128332312169009  0.18344465636231705  0.19461679184455946  0.20507283536366203
  0.21570613020660431  0.22643096905468446  0.23661985517558837  0.24650815088398798
  0.25675730306884226  0.26677075369270914  0.27691720588915214  0.28733217328076233
  0.29945497044384645  0.31119586535614946  0.32101782702128795  0.33028590650863404
  0.33977543157267948  0.34933260932273580  0.35847474009884328  0.36699959921033687
  0.37557748178998007  0.38509926316926923  0.39524420093511892  0.40583852103464041
  0.41638159682324560  0.42724602585450738  0.43765735917104026  0.44810148358020341
  0.45873607152324836  0.46926794266010474  0.47933730691194637  0.48878454604307892
  0.49757983376540549  0.50653368290645528  0.51582406752565280  0.52609726804856016
  0.53685406740456543  0.54795067664360975  0.55929270876513704  0.57071646310326041
  0.58262503687930589  0.59517101186151011  0.60761230997663829  0.61959246773330823
  0.63130174475450895  0.64317908469982787  0.65550800013764243  0.66778413134270731
  0.67951880810432685  0.69075471292048485  0.70188483642730781  0.71324382974366263
  0.72509366405056053  0.73593920122248790  0.74650392029150159  0.75744773378563546
  0.76884218291068429  0.77977330653363075  0.79034689035072114  0.80015840044915032
  0.80944510868121500  0.81899592125308196  0.82919489912330846  0.83969005645580574
  0.84985675892981694  0.85979830668583979  0.86984949261745792  0.88012029416129234
  0.89043853529203376  0.90062012014525028  0.91081776734789588  0.92116633028395534
  0.93209760926196372  0.94249622834712476  0.95237376540160523  0.96152102812341711
  0.97088158912158995  0.98058309146639622  0.99045125373994991  1.00000000000000000
  0.00128693304473180  0.28918576678790614  0.37984601435909793  0.43557897904310999
  0.47454334283799837  0.50562587286068095  0.53303698688945533  0.55672863390147120
  0.57687555394073609  0.59425669467250319  0.61027445209050646  0.62552109118595789
  0.63930180359320543  0.65175392191947656  0.66336905078450104  0.67385013185278286
  0.68331877813401276  0.69213030844597978  0.70062366895758144  0.70891441970177760
  0.71689656224174625  0.72470105579340316  0.73209944937494964  0.73913769089899617
  0.74587779937737830  0.75229385155966111  0.75834654901003085  0.76411090600938270
  0.76971816015657357  0.77479616956437114  0.77978459626532737  0.78493876606911883
  0.79017941481493736  0.79527665271767756  0.79999595343602670  0.80431024913685700
  0.80837212620830490  0.81232279904465787  0.81618336587027651  0.82002733439661191
  0.82391704334078153  0.82789761694930708  0.83181009472799083  0.83561900031596981
  0.83917496595807983  0.84260383055818178  0.84583202636924304  0.84891599690326225
  0.85191393908444890  0.85491678423224826  0.85795539184136438  0.86103934634951373
  0.86423731814944493  0.86729074207934009  0.87027455999593151  0.87317151753584388
  0.87595332426711403  0.87864837102238047  0.88130537511897988  0.88394556406181590
  0.88654838858440776  0.88910799792619144  0.89174743675794643  0.89441775160686798
  0.89713897063793835  0.89988641037059802  0.90251107802195896  0.90503762191491943
  0.90751829027453113  0.90996662537956285  0.91235844544574685  0.91471117885090736
  0.91701735543953589  0.91936514904139011  0.92172059564812192  0.92402297645631781
  0.92630667549746615  0.92863205275514871  0.93104655192709818  0.93355993598359455
  0.93613558923583451  0.93876277231686389  0.94152938764576000  0.94416693157190690
  0.94681890285637837  0.94949755562335736  0.95222472692405247  0.95502183977289279
  0.95785984499204946  0.96101431632954004  0.96446113885221640  0.96820561300526198
  0.97245038346968282  0.97762319384844731  0.98501415464828279  1.00000000000000000
   2.5134964158330638E-018  -1.0000000000000000     
 F F F F F F F F F F F F F F F F F F F F F F F F F F F F F F F F F F F F F F F F F F F F F F F F F F F F F F F F F F F F F F F F
  <DiscreteSampler_grid>
  grouped_processes
  1 # 1 for a reference and 2 for a running grid.
  10 # Attribute 'min_bin_probing_points' of the grid.
  1 # Attribute 'grid_mode' of the grid. 1=='default',2=='initialization'
  0.0000000000000000 # Attribute 'small_contrib_threshold' of the grid.
  0.5000000000000000 # Attribute 'damping_power' of the grid.
 # binID   n_entries weight   weight_sqr   abs_weight
    10   10   3.903105407538954E-005   6.541663038648637E-009   3.903105407538954E-005
  </DiscreteSampler_grid>
