  0.01003990174855789  0.01504639295233586  0.02381738587286870  0.03424412664737966
  0.04433122884304429  0.05406003531390002  0.06444022195718846  0.07600026031542897
  0.08784894333596134  0.09897329550308115  0.11009495911964944  0.12156740436715092
  0.13294795297503537  0.14433560134805595  0.15564843453877289  0.16696687897549597
  0.17723324637119425  0.18703482202026683  0.19713346717653443  0.20760937405786667
  0.21797868183097310  0.22854881338961311  0.23920185791912740  0.25036937845239293
  0.26134070788789976  0.27200709400148676  0.28309600458088974  0.29424774164199125
  0.30431760003026920  0.31491236366406833  0.32499586918072765  0.33522801405457264
  0.34496929709760144  0.35539217969085918  0.36626815233601467  0.37608772357799319
  0.38576252487277318  0.39594134525942870  0.40726108037321057  0.41927200488105121
  0.43084333610791203  0.44141826590824806  0.45126466754932071  0.46123810353009942
  0.47108688673654142  0.48075388267030589  0.49037839671691408  0.50005945227684911
  0.50982469881989567  0.51981856510739721  0.53024957315110965  0.54090139531229320
  0.55185124677702102  0.56317875340963164  0.57500523240623735  0.58637074940674982
  0.59746890254855090  0.60952051864246204  0.62214750155491816  0.63401393440797460
  0.64525309151965549  0.65704130940108796  0.66857347914316512  0.67903784996844097
  0.68886267169468784  0.69806366131709707  0.70687340952276467  0.71554210413604069
  0.72469369381816240  0.73496750006123712  0.74589643354250013  0.75682692452167932
  0.76786224717347673  0.77937797161209443  0.79091678037982172  0.80233352519649159
  0.81368674648799233  0.82514239137092948  0.83574654832647666  0.84576101319245578
  0.85655780963974026  0.86767777714884187  0.87819758253806512  0.88802964431697862
  0.89783519229426867  0.90892666850768011  0.91884138320156439  0.92771395603724549
  0.93669133773845603  0.94582533131571300  0.95562091881438171  0.96551504307756342
  0.97490324904485226  0.98667748265331401  0.99008773703424768  1.00000000000000000
  0.00108116998399861  0.00159040564128197  0.00189534631446184  0.00213481042907212
  0.00235745959533643  0.00256251537130946  0.00276472514025034  0.00296231775282197
  0.00317302784182571  0.00336523328835225  0.00355995630331469  0.00374763735891520
  0.00394847973230195  0.00415222181863069  0.00437126007155402  0.00459794531712189
  0.00480805557245014  0.00502637715981538  0.00527001517703678  0.00551537334315215
  0.00575026742315014  0.00597658649767826  0.00619049368259061  0.00642043338372681
  0.00665882085449107  0.00689017950942120  0.00712124942007648  0.00736172113685270
  0.00762969469198063  0.00792008656346814  0.00820712714836167  0.00850095830688292
  0.00879706864795591  0.00911829184499136  0.00945095347739831  0.00979162354312984
  0.01014185528476172  0.01048062331586797  0.01081444002382147  0.01115386021554929
  0.01150673768862217  0.01188166827333765  0.01227225087479378  0.01267226604337047
  0.01307958053595339  0.01347810525024995  0.01384879599966240  0.01425694608567490
  0.01471763494321100  0.01515528188135232  0.01569902623145694  0.01614426226603793
  0.01676225206267529  0.01756977511733403  0.01850284760808059  0.01949081810655497
  0.02045125171819553  0.02126203828758417  0.02208320055133940  0.02283052934332686
  0.02357358540552864  0.02435669667217737  0.02530022829004971  0.02621466047781791
  0.02731313832713359  0.02853346335852600  0.02995712326320778  0.03142720677362610
  0.03281676984284114  0.03414360516826225  0.03521529050507031  0.03646579719930280
  0.03750011837808807  0.03855679088160402  0.03975597074135034  0.04108393624102917
  0.04230186739786145  0.04347909383272590  0.04477708068107115  0.04638490897250417
  0.04830170408102864  0.05007854862054053  0.05189704468626020  0.05426830381897453
  0.05769897839537309  0.06200034007003004  0.07496161661024991  0.09255130432813237
  0.10191933903317257  0.10871831700551081  0.11531188714973045  0.12102879383324550
  0.14717727268329359  0.22948139743332724  0.56019568078523696  1.00000000000000000
 -0.00000372410229683  0.00000968928874908  0.00002494771168618  0.00003982978918914
  0.00005221323503818  0.00006380741868614  0.00007476205444305  0.00008507388731361
  0.00009566284853785  0.00010524415212804  0.00011454375420944  0.00012428199450782
  0.00013496599509708  0.00014706444988882  0.00016067081946831  0.00017520609569687
  0.00019074911391202  0.00020674151902058  0.00022290693855143  0.00023948573990225
  0.00025666985900846  0.00027429920061733  0.00029247277151524  0.00031122961485461
  0.00033102737748473  0.00035164301739085  0.00037184764073766  0.00039139537172436
  0.00041286904817023  0.00043452913965888  0.00045640360321420  0.00048085675399002
  0.00050655577029740  0.00053538388214335  0.00056815110760182  0.00060390991209439
  0.00064219516658661  0.00068295099364247  0.00072673066600845  0.00077107858933709
  0.00080725790776393  0.00084675431055598  0.00088927329754774  0.00093341264052995
  0.00097708006631564  0.00101906294555770  0.00106892075676452  0.00112632098269616
  0.00118766975016818  0.00125234612888165  0.00132094546450368  0.00139397648518072
  0.00147358042486426  0.00156282718981207  0.00166146445515424  0.00176799788959505
  0.00188169432370414  0.00200154202450122  0.00212944193300760  0.00226134709076369
  0.00239666122782998  0.00253367624716316  0.00267136336839321  0.00281861861688475
  0.00299143604371487  0.00318370213050073  0.00338993599786972  0.00359085970987446
  0.00378940693518839  0.00400807648730818  0.00424240614708488  0.00450853633543077
  0.00483502918500486  0.00528618628169271  0.00583940045454528  0.00643545595747440
  0.00704382400634045  0.00769855537607217  0.00844039259070882  0.00924411437263010
  0.01019452699586730  0.01192752122748317  0.01363094023945520  0.01505981491669150
  0.01664563862917559  0.01871281679804361  0.02141432689340310  0.02475787017346063
  0.03020719437130629  0.03764987204934249  0.04508415197257148  0.05305499367166198
  0.06199375665003704  0.07216008996500445  0.11798139081112431  1.00000000000000000
 -0.00210889841996386  0.00783204888291433  0.01711840642520260  0.02695514958698014
  0.03756616341946957  0.04805794256417758  0.05876300937680785  0.06937357995163999
  0.08018980193806852  0.09064110735029259  0.10054123017995614  0.11070865715421262
  0.12036802873662936  0.12938978116828723  0.13807372337810142  0.14769015273732705
  0.15928130483733247  0.17073600476377188  0.18167311310633083  0.19282781147188910
  0.20447974750200412  0.21641086979325513  0.22778236702788968  0.23872972321206890
  0.24900727544195164  0.25913491382694798  0.26963093646618952  0.28237656697184677
  0.29516468460106021  0.30651783204443228  0.31680547778044521  0.32663870930330008
  0.33709924169951816  0.34792415597536663  0.35894169673056564  0.36872369655002318
  0.37918857061150052  0.39011378214652881  0.40136408255768280  0.41279751333595194
  0.42435039408772873  0.43591403534380407  0.44695130615577849  0.45788549182053806
  0.46952563036037293  0.48133426174599570  0.49171460923066984  0.50204958055185167
  0.51248373692463900  0.52328432904419964  0.53410042902121668  0.54480239315376433
  0.55667366206992364  0.56787369032879409  0.57823833793021184  0.58867039163295987
  0.59909507134032980  0.60934218833954412  0.61884299450438029  0.62826106922734248
  0.63851862474794951  0.64963713058259653  0.66126214060985966  0.67250131067675634
  0.68272234582520752  0.69277305818920021  0.70308099924878553  0.71383548165284350
  0.72520898616461082  0.73678186757599651  0.74813570535542229  0.75871698039178248
  0.76926457155407724  0.78043712738028104  0.79185183497860778  0.80277563453865863
  0.81312460383108731  0.82338348435840825  0.83370058434207361  0.84379706140786481
  0.85319659769852008  0.86218413799260452  0.87176084471761639  0.88112657054812860
  0.89029738481519882  0.89983101882207561  0.90973170654679902  0.91945421960799301
  0.92875932323077859  0.93811907274913320  0.94900123038335116  0.95998021976312686
  0.97003825445110858  0.97995503698051212  0.98987947585201708  1.00000000000000000
 -0.00312828837162933  0.01189188577465064  0.02433463895686407  0.03691320176568715
  0.04759214593242064  0.05730445674353619  0.06689663433471239  0.07662600212128851
  0.08693786806038564  0.09721345466287580  0.10788028565344261  0.11941130143224682
  0.13189823810861215  0.14536900606970776  0.15845473394538451  0.17036460893618618
  0.18168416774254598  0.19288629409250449  0.20361584432009680  0.21335791554847663
  0.22242987158169594  0.23184493103906864  0.24150662494215686  0.25152121756981238
  0.26128288905149405  0.27106194428313640  0.28115238092081429  0.29155323005400546
  0.30179877383854570  0.31129887495118719  0.31994707907999415  0.32840051464397946
  0.33744820709598405  0.34741410868393224  0.35837603965874182  0.36851058479934784
  0.37861962367651397  0.38909274344979156  0.40019912185292839  0.41187125150482240
  0.42222612934730114  0.43218049572781397  0.44190766887500665  0.45106255601161993
  0.45982098989342796  0.46812568948390004  0.47636993688691304  0.48509745426299972
  0.49473354208348130  0.50504197194746303  0.51636348091637907  0.52787522396276021
  0.53955780885626103  0.55049548636843137  0.56052145436117762  0.57048029844647863
  0.58060807362662992  0.59031554168303602  0.59965853112795864  0.60920790483487097
  0.61969703668571385  0.63005755790863716  0.64013741859730977  0.65051439533923572
  0.66198891440749397  0.67298438666416338  0.68366720751542398  0.69433551998829357
  0.70543447210239540  0.71656334140935340  0.72799951910328564  0.74030551965194991
  0.75268121638448826  0.76495489427920238  0.77702530907644152  0.78886422838071046
  0.80067505508144265  0.81241627382943760  0.82403881404513324  0.83514967267292894
  0.84539215324569661  0.85491510449507602  0.86481322200637190  0.87502319670254347
  0.88608881483618118  0.89660186685098253  0.90636428090575638  0.91604244389289324
  0.92587678082445490  0.93534918883177742  0.94455476243497483  0.95392658585966206
  0.96455844616590480  0.97734234528488806  0.98891915466705649  1.00000000000000000
 -0.00109967294323789  0.00452907185661832  0.00969031831180256  0.01506015008030580
  0.02055514858410214  0.02676992013700687  0.03320247196536491  0.03965739593751551
  0.04662685160447291  0.05389224847768587  0.06057058970747589  0.06771171295710271
  0.07420905317490584  0.08112985792394328  0.08820548093866512  0.09519775174839969
  0.10277253840748531  0.11089719911131589  0.11922425584561357  0.12725868445482061
  0.13469273487362837  0.14255234178341261  0.15019959828758242  0.15749243960407361
  0.16451373928060342  0.17161048125261291  0.17894069140309926  0.18722030926356664
  0.19549903652898221  0.20363372606972621  0.21137963062246409  0.21918258317869010
  0.22696535647609226  0.23455323903738415  0.24207762010474454  0.25002524213503313
  0.25840916271953118  0.26721468662163855  0.27634710625265957  0.28521498309337884
  0.29436666184902149  0.30368241900101994  0.31270793919868517  0.32119070449859100
  0.32944977145936344  0.33738678892965307  0.34622803247655387  0.35456027610186636
  0.36284973564910333  0.37146352817208189  0.38013113757844824  0.38898403010502786
  0.39827816046285924  0.40761176592666259  0.41699052597046277  0.42619094132758178
  0.43526961969086003  0.44485917817847576  0.45473225411180046  0.46453178935590345
  0.47381272708898392  0.48327367313795683  0.49333892743759233  0.50386088733638057
  0.51431565246070510  0.52502252331661881  0.53608620145901964  0.54759527079605941
  0.55964233813615827  0.57255714964692328  0.58554310422002465  0.59781967719189688
  0.61004896666080022  0.62274792592477379  0.63546640917531261  0.64862666107509015
  0.66234699751730852  0.67551921306982743  0.68834980038814120  0.70191152747897934
  0.71553420111658428  0.72939804600512836  0.74403684717286733  0.75811820860523704
  0.77183336369916122  0.78631988090154026  0.80156823248000419  0.81742490995073214
  0.83559580200852979  0.85655527588089264  0.87859402607983239  0.90019084529282212
  0.92107015982732476  0.94381296049409502  0.96895943629357351  1.00000000000000000
 -0.00243690053041167  0.01089777591478254  0.02222491774360121  0.03244641529899158
  0.04257968683023854  0.05262937802943561  0.06281142493628780  0.07287162700119901
  0.08272138899856547  0.09296031013718825  0.10347696301104757  0.11338097436318806
  0.12268709906686429  0.13197425776589869  0.14136363776328500  0.15121934139973900
  0.16162679685948134  0.17255072596586912  0.18385238126689127  0.19517177257985774
  0.20652933952653407  0.21771234367308795  0.22866946515104020  0.23982692394731905
  0.25139169855707427  0.26291940355494697  0.27353881374117839  0.28351992495842188
  0.29344389201208948  0.30380060417789673  0.31507179321765860  0.32716861203214787
  0.33880126804385968  0.34987032200255352  0.36028764471333646  0.37042509103487431
  0.38068088905553388  0.39084678738607970  0.40092104369915665  0.41103713428333050
  0.42148255070254476  0.43272218620341057  0.44497073529714487  0.45804754914796969
  0.47196506710724756  0.48347710189611387  0.49323999518796763  0.50263190491199861
  0.51086490156626363  0.51908251416042728  0.52759611914417692  0.53604787491566297
  0.54525280264510256  0.55509250251400422  0.56489690972979301  0.57447683507652170
  0.58392636820771371  0.59338817606697825  0.60348425072967515  0.61352723938336706
  0.62323801417456814  0.63394105432552561  0.64490868756645914  0.65562255171568273
  0.66609913394492659  0.67697139514530824  0.68838905658805494  0.69998286005514998
  0.71242450508966626  0.72500698574097411  0.73571293199469823  0.74459433704901679
  0.75385271147943433  0.76332061751082880  0.77290831566484275  0.78178228778066272
  0.79046377798827772  0.79979664298259168  0.80957904767475652  0.82039283915209127
  0.83156290579721470  0.84211395949033196  0.85241678153746558  0.86240257526959352
  0.87314230476129562  0.88473888934815526  0.89614423886076078  0.90701768831390872
  0.91792274234002091  0.92931553657042176  0.94131971307885465  0.95316919340038775
  0.96481025404855125  0.97600797866839184  0.98808140017708868  1.00000000000000000
 -0.00243557649678625  0.01011027950565089  0.02053298243802065  0.03117562255919722
  0.04119482353904162  0.05132144121609241  0.06135011809259565  0.07176750589284585
  0.08212673780160976  0.09257946387718897  0.10353593996823753  0.11458605009021400
  0.12672258913485121  0.13935280216855023  0.15098193332181128  0.16203818869260977
  0.17234665203153085  0.18266926205443262  0.19303564700264575  0.20330129758962462
  0.21295760233422012  0.22356437527427644  0.23477645117684487  0.24740095985790614
  0.25910965832828231  0.27031936316577282  0.27972294091046596  0.28985200850703075
  0.30039080406636265  0.31183230866583450  0.32228551582832454  0.33238228162469513
  0.34167962806971752  0.35122520909055033  0.36100294473773037  0.37092688025251574
  0.38095066208979972  0.39056722857186194  0.40095366368855001  0.41209930562732150
  0.42302442988497124  0.43335905050745599  0.44487286085265543  0.45637806932582448
  0.46872402474354735  0.48076035945807322  0.49434566152041887  0.50540683056893143
  0.51465491530677232  0.52323810899373857  0.53145200896774181  0.53988254811417358
  0.54960064788066409  0.55964917971699712  0.57030048756818408  0.58296525226888762
  0.59462853876960364  0.60631542030038976  0.61732288746136654  0.62816815115858204
  0.63924363637130410  0.65004331719654151  0.66019969938436174  0.67015788693180667
  0.68033730351857080  0.69082684824610652  0.70099499695800382  0.71096475422952843
  0.72227025959673685  0.73337248518265918  0.74439254209378225  0.75489928748018653
  0.76538360464255417  0.77520700698076350  0.78435231700958563  0.79327826910649901
  0.80233537641537500  0.81185382425809782  0.82208939312973039  0.83276338586122067
  0.84408093409025686  0.85532728072150221  0.86671411393559361  0.87822017168890454
  0.88972798785677876  0.90042741437284479  0.90979394597328578  0.91897038257061792
  0.92731067269360823  0.93658585334107258  0.94648171312326579  0.95574548858850394
  0.96644726248276058  0.97681036079655037  0.98818985218884947  1.00000000000000000
 -0.03250531491875675  0.36454132577867238  0.47723744015786340  0.54351843132378452
  0.59208511531966490  0.62962746219093768  0.66019214149156646  0.68623301102426504
  0.70798957219303393  0.72605103251853276  0.74146489892189305  0.75527406101336858
  0.76815147223522007  0.78028890730013223  0.79161037360394537  0.80189169496974377
  0.81173641367575089  0.82080159284902587  0.82929631591725605  0.83738125546682318
  0.84508338095785807  0.85225375503891354  0.85798852476305476  0.86328499990917651
  0.86860662912168107  0.87398728229818590  0.87907437064333449  0.88370410041618386
  0.88805952290973600  0.89221163895621314  0.89616858076884387  0.89973150757798181
  0.90323637209488261  0.90652366142841423  0.90972519612291869  0.91285438834776245
  0.91581717907850579  0.91863383250797581  0.92126776441414882  0.92400686137363197
  0.92672857643639628  0.92945931234921730  0.93199205654557660  0.93429503665520508
  0.93644996982536144  0.93844651319831007  0.94032671097762854  0.94218700389303844
  0.94399901086790206  0.94572352950456884  0.94740360168085735  0.94902957996196124
  0.95068257816060064  0.95234929135011825  0.95394630782969270  0.95560804307011782
  0.95718346314976055  0.95871016749837423  0.96019312687211167  0.96160036020882056
  0.96296206360231928  0.96429940913066081  0.96561988005949217  0.96694522678798556
  0.96824685020804391  0.96949169744343366  0.97071058713186498  0.97196100306852851
  0.97317061698412644  0.97433965427886893  0.97547304101729648  0.97656952352544524
  0.97754172353155366  0.97850907088357686  0.97944684317656672  0.98033819080336371
  0.98124572236260166  0.98216868020070036  0.98308828880215005  0.98401196675205616
  0.98496392733649651  0.98588605105087479  0.98683221375962260  0.98774795630111911
  0.98860397610484896  0.98939417957748976  0.99017638177146095  0.99096333736037046
  0.99175932062227046  0.99268881873664661  0.99364650175804980  0.99462192570938668
  0.99561123533383966  0.99680987173874802  0.99823781764983988  1.00000000000000000
   1.3380006446942096E-015  -1.0000000000000000     
 F F F F F F F F F F F F F F F F F F F F F F F F F F F F F F F F F F F F F F F F F F F F F F F F F F F F F F F F F F F F F F F F
  <DiscreteSampler_grid>
  grouped_processes
  1 # 1 for a reference and 2 for a running grid.
  10 # Attribute 'min_bin_probing_points' of the grid.
  1 # Attribute 'grid_mode' of the grid. 1=='default',2=='initialization'
  0.0000000000000000 # Attribute 'small_contrib_threshold' of the grid.
  0.5000000000000000 # Attribute 'damping_power' of the grid.
 # binID   n_entries weight   weight_sqr   abs_weight
    10   10   6.153712609555142E-005   1.212340442024904E-008   6.153712609555142E-005
  </DiscreteSampler_grid>
