  0.00870280646885480  0.01845201501169759  0.03089927907523168  0.04253735363942580
  0.05320237332180243  0.06367442316971805  0.07324720879064858  0.08329459916152648
  0.09117521396590207  0.09954425972783765  0.10789945742808249  0.11655811488677555
  0.12484453733678372  0.13307314226125735  0.14178354813888194  0.15089563047669557
  0.16034572165482730  0.16863121171919251  0.17718630666715790  0.18720002160584065
  0.19682759995688884  0.20598182874705484  0.21567920408224769  0.22624163529221961
  0.23742630065601503  0.24914451049479680  0.26130720069329549  0.27284619310686919
  0.28329052626615864  0.29305398361370349  0.30287499337432838  0.31298578030652296
  0.32338477090813067  0.33475868965392680  0.34680183137777054  0.35734968469388911
  0.36633712557532161  0.37551559339303187  0.38532663544815365  0.39528780430618837
  0.40487035895465479  0.41405404581834082  0.42387030223012967  0.43391414349713109
  0.44451099617086631  0.45593439965483873  0.46819362706898171  0.48074200796175770
  0.49365978393713672  0.50692582682703025  0.51846276104617617  0.52816588040633439
  0.53764355006803988  0.54827221073783494  0.56007792563033487  0.57215943434440075
  0.58330047948783359  0.59535267430932737  0.60630865518099353  0.61738322883966490
  0.62770771695214178  0.63778544088380962  0.64814119394751979  0.65887956036358253
  0.67116360644487727  0.68340155911565004  0.69591577510086577  0.70786833622928391
  0.72058102150731917  0.73406821728567873  0.74836518167749422  0.76162799897291122
  0.77371755743845694  0.78534482455827770  0.79554906503512646  0.80460880192740480
  0.81346511154808099  0.82199741561180628  0.83050937231690747  0.83813027920527827
  0.84546470751206426  0.85306330018857723  0.86128238702808047  0.86965981409789517
  0.87840896017184122  0.88849598708330191  0.89958172648852608  0.91108183836654932
  0.92198244821442576  0.93237340048626793  0.94292847454193862  0.95399637256208714
  0.96439125651351654  0.97484643629082068  0.98631278499494401  1.00000000000000000
  0.00000152432596953  0.00000708669597744  0.00001358284943996  0.00002175196710941
  0.00003145909674958  0.00004125216930596  0.00005063048669012  0.00006001762792027
  0.00006939553362064  0.00007912464862515  0.00008847256997734  0.00009761193327863
  0.00010693359479598  0.00011644146465501  0.00012612311397724  0.00013658706719233
  0.00014816674306221  0.00016029216289414  0.00017225380682471  0.00018403801722516
  0.00019749611284246  0.00021349175805137  0.00023164195439382  0.00025048313643699
  0.00026861165653369  0.00028602234358756  0.00030354619421298  0.00032282375183488
  0.00034308761945395  0.00036364714032598  0.00038410678270109  0.00040588533493324
  0.00042707589901269  0.00044857412236364  0.00047138422842740  0.00049548900783337
  0.00052051722750848  0.00054980438612644  0.00058010687396762  0.00061030632254155
  0.00064136133117410  0.00067367452682534  0.00070883876213359  0.00074650772170900
  0.00078448569870214  0.00082111715955845  0.00085861208772859  0.00089913891792478
  0.00094331786903786  0.00099078524258614  0.00104016444228341  0.00109792226066862
  0.00116265114788183  0.00123013488792235  0.00130113169475970  0.00137246496141602
  0.00144332246552620  0.00152173049688111  0.00160860377208167  0.00170329854190328
  0.00181080151465715  0.00193339650224574  0.00206725105358739  0.00220169502047812
  0.00233802001528300  0.00247824819154608  0.00262882815925839  0.00278688147094804
  0.00295742992315799  0.00314947647978834  0.00338627232010179  0.00363502238378986
  0.00390545657963963  0.00419587634625294  0.00448864592444259  0.00479583321441654
  0.00515817399536364  0.00556738387293635  0.00602243695586209  0.00654172852543384
  0.00715904014238400  0.00778389947539521  0.00850076280697686  0.00933097867603784
  0.01024269745692472  0.01135385393956713  0.01270458290417681  0.01433132419627752
  0.01714993024849625  0.02093341024139311  0.02720131303662137  0.03932205754250610
  0.05988706999015109  0.09905545684152389  0.11231201923156887  1.00000000000000000
 -0.00000052812751014  0.00000898617512217  0.00001314906745933  0.00002077433642764
  0.00003008748075819  0.00003994967616117  0.00005083698773852  0.00006549906703183
  0.00008596204788642  0.00011045107408463  0.00013661022051982  0.00016608546910658
  0.00019889492476523  0.00023189699015942  0.00026533530893390  0.00030041024483207
  0.00033646446513659  0.00037563606963770  0.00041841319716508  0.00046610135444221
  0.00052279866929972  0.00058773679799876  0.00065740729395642  0.00072857602799714
  0.00079867547616591  0.00086937259567779  0.00094147778494137  0.00101739259138559
  0.00109103269649013  0.00116299166315965  0.00124423194021628  0.00133166096367865
  0.00142866007723932  0.00153322095273011  0.00163345149110713  0.00174151892640271
  0.00185408923063772  0.00196163482249433  0.00206900083019801  0.00218438506357059
  0.00230613633758224  0.00243667580941100  0.00257959452969405  0.00273356985673513
  0.00289730101290843  0.00307313791060435  0.00325496944333190  0.00344933723298231
  0.00366939977633846  0.00391163260444442  0.00418293265311718  0.00445754988294753
  0.00474653414666596  0.00505406115116339  0.00541314783382090  0.00579910667038292
  0.00616664706584287  0.00649786830133378  0.00681548915002379  0.00712411603036523
  0.00746007240038368  0.00783130650563049  0.00820734926451553  0.00861024198263305
  0.00902808076442224  0.00945736889860462  0.00990310920204475  0.01053115361156662
  0.01122612394239027  0.01197315211990966  0.01277087523274108  0.01356633800681538
  0.01441166651766471  0.01530745853611509  0.01638378803169940  0.01771909792794485
  0.01894378953503587  0.02005906712698926  0.02109435155425126  0.02214894172782303
  0.02327310752212562  0.02462749671093655  0.02657586571949194  0.02932647091218754
  0.03291949856552899  0.03682825160526371  0.04039057829341482  0.04321808098031103
  0.04651596989660108  0.05016138926133398  0.05423198259713842  0.05819771206404184
  0.06506813161200239  0.07671375824384867  0.09382417432699855  1.00000000000000000
 -0.00202624272144009  0.00752431988348321  0.01565109342362560  0.02435291471001192
  0.03390805665686698  0.04435415424855078  0.05591670705407389  0.06675205641386661
  0.07730697730247602  0.08753932372965513  0.09732529846419762  0.10746213066190227
  0.11816083889210607  0.12952395731069646  0.14152351001818073  0.15263172604418454
  0.16230037397391803  0.17182450210716499  0.18188803864360262  0.19303984946184366
  0.20446557499711254  0.21518654594990502  0.22550660682191037  0.23606377637052775
  0.24674581181138730  0.25671057005936448  0.26624297602447555  0.27558906876967043
  0.28475987931543073  0.29368614982195773  0.30208273558562299  0.30947135803627607
  0.31699099575327261  0.32512379854751849  0.33408935268989748  0.34453918860603266
  0.35622860285859204  0.36861769237277620  0.38095724837793682  0.39343667888275519
  0.40673670988748400  0.41984175963739517  0.43258632989226542  0.44311483664899071
  0.45317030704378425  0.46246656145731541  0.47264689786228870  0.48307920984926767
  0.49316793900891881  0.50325069051085569  0.51226231099393094  0.52115047693987593
  0.53093208398081482  0.54073174946477498  0.55174524028600358  0.56287168390893783
  0.57297974699082754  0.58236817909776073  0.59194561598278228  0.60257594961283900
  0.61329022881814166  0.62372498886393413  0.63424405003305750  0.64682335458402551
  0.65931452750382802  0.67017991640194507  0.67979629436025957  0.68932179448623643
  0.69960974881970783  0.71030741869927849  0.72134335883992440  0.73323844094494217
  0.74645008731921325  0.76065940638261609  0.77464561194459325  0.78668673547697521
  0.79739897683495420  0.80824681273102761  0.81958130656293993  0.83117846615228297
  0.84151013739462699  0.85179600751518969  0.86244641399005484  0.87356254842880821
  0.88399733663083957  0.89431973505466478  0.90532035059831539  0.91585741735281112
  0.92568406967005301  0.93570987637439262  0.94461736875634739  0.95418553009146301
  0.96559469882536852  0.97768641665055456  0.98897107992565081  1.00000000000000000
 -0.00239673627462033  0.00997555702772904  0.02094630813831033  0.02971440782736451
  0.03972960134452719  0.04961951201447586  0.05822821202862150  0.06591235791346910
  0.07340485416935902  0.08147240642289098  0.09167798015924286  0.10362850895960767
  0.11564007490564045  0.12811833108742532  0.14102578757672168  0.15402463933815941
  0.16626093118753690  0.17702170104304868  0.18785787650027885  0.19915820164175840
  0.21073592164273822  0.22058562053233779  0.22998213265894946  0.24064823197182927
  0.25242352951303898  0.26317843564795507  0.27257115269692678  0.28321691933560456
  0.29258435387663623  0.30174836265226512  0.31073227680808141  0.32027769109400789
  0.33212583559093345  0.34466421336187236  0.35598766418610678  0.36672345886092295
  0.37571285863725817  0.38459583442409012  0.39393428166900979  0.40467304694336925
  0.41395483583471698  0.42343639357653579  0.43310853006596683  0.44515819006183521
  0.45680194280473174  0.46720512407393999  0.47653123504939066  0.48609847964126379
  0.49617967031753857  0.50722479456030189  0.51827159815548651  0.52746154660229749
  0.53614390157185055  0.54527099161037085  0.55516301903722232  0.56539802310346465
  0.57436313055248656  0.58245586186896248  0.59144078332306016  0.60040213040499879
  0.60954027524843890  0.61805939085381634  0.62751384922166586  0.63803227745522872
  0.64744367126379043  0.65669530887765937  0.66669002556317813  0.67820148255673562
  0.68945634734690919  0.69978601168118049  0.71000621898625749  0.72031931654173431
  0.73230620632874643  0.74593861633699610  0.76113526828624778  0.77632698127984945
  0.79051220863625016  0.80373170132596994  0.81611456755954570  0.82769527533468867
  0.83862093460170062  0.84937652235458805  0.86057708302471947  0.87021144530001449
  0.87918815138250239  0.88834420882262033  0.89879689593168499  0.91085734798843876
  0.92206690234395550  0.93303953561022679  0.94346990605606118  0.95457911436426945
  0.96603022612810463  0.97715770905130594  0.98882956884679418  1.00000000000000000
 -0.00215769656349430  0.00897835180808169  0.01815264454897883  0.02583964347383750
  0.03372664557866935  0.04189533419378815  0.05119072981520856  0.06243700997537990
  0.07438963549272648  0.08568032095971299  0.09707454900316921  0.10811684620250044
  0.12007801961281765  0.13274747959757155  0.14575190377631933  0.15855694946709212
  0.17234279623907559  0.18664856323350398  0.19853423894531000  0.20891903186967831
  0.21880692634636395  0.22875397722411042  0.23891843101006441  0.25058181691911152
  0.26386813992044755  0.27713492929305517  0.28948611163316090  0.30105691438775878
  0.31305697333535720  0.32566608836587413  0.33876022764443864  0.35187392186215827
  0.36497241250932633  0.37704613791537189  0.38697259026550623  0.39727743073112448
  0.40737220956865261  0.41749163568502518  0.42770349538686797  0.43716427528689505
  0.44483241603526846  0.45232255439466534  0.45967262777415580  0.47174369111801184
  0.48286253384596767  0.49543957634716973  0.50671166063127981  0.51791370383817459
  0.52962289615981817  0.54104986100536023  0.55213444854595595  0.56320914510754116
  0.57450653921913974  0.58532464241769677  0.59525810302255500  0.60415357883922682
  0.61275573540974060  0.62194054971500712  0.63199209427698655  0.64181975089921484
  0.65044936886936255  0.65859044250566656  0.66679770560270224  0.67593836648972916
  0.68798033678751691  0.69689463757365133  0.70549833498186409  0.71457114105095554
  0.72419957435432125  0.73374226224262673  0.74261625507278073  0.75230523518202608
  0.76326267218436783  0.77400077718070404  0.78373596313816363  0.79290280122211299
  0.80140361627170820  0.80940194502776630  0.81780264302784655  0.82728761712094867
  0.83720617429623589  0.84612606596244289  0.85424200766877578  0.86260318932804880
  0.87110592881200399  0.88092369023955230  0.89073058370387159  0.90257389045517256
  0.91412215546247821  0.92567480519117651  0.93759701811096685  0.95021657692749739
  0.96362461834748780  0.97636698762877205  0.98844408826033792  1.00000000000000000
  0.00079921663277929  0.00167512432859221  0.00312126690657722  0.00433818234003759
  0.00543000751033548  0.00644915041329039  0.00742826464705687  0.00841888362545528
  0.00942102359816714  0.01044304523863980  0.01148348271017478  0.01250975978348836
  0.01351334981475699  0.01447699129791946  0.01541567959700716  0.01635050809198265
  0.01730393815739600  0.01827942881069928  0.01922943319378636  0.02012174080265967
  0.02103508471862156  0.02199486326836097  0.02298684115566827  0.02398685679467093
  0.02496994639003657  0.02601567873343146  0.02708407959126660  0.02822703484524411
  0.02941306058930480  0.03061739172049227  0.03180303224801869  0.03294769273575594
  0.03409443934114862  0.03523572306210967  0.03629681056668428  0.03733710355802143
  0.03835568779529862  0.03940608193029789  0.04047998490595534  0.04160292165562575
  0.04279085585082362  0.04404973764258302  0.04545120779415592  0.04698083608827327
  0.04836364575860714  0.04971740546902907  0.05114174689302019  0.05260046902664720
  0.05410469744083091  0.05562547738824873  0.05719228533691383  0.05873011532284664
  0.06020177886497248  0.06157570764847008  0.06294528572439467  0.06443507519131426
  0.06612343106703764  0.06793345514630109  0.06958640805890391  0.07163566240990606
  0.07365570514003376  0.07576076961593117  0.07801624005351025  0.08050934309128882
  0.08317767157427169  0.08636705927515477  0.08915031159421337  0.09148021697338700
  0.09363223540322667  0.09585212620421013  0.09801438422093900  0.09982173421126253
  0.10164887707218018  0.10386490763332487  0.10685907508882574  0.11244930787949325
  0.11807616254526168  0.12296687872075078  0.12744342010145640  0.13166852776791246
  0.13642097922269858  0.14311890562121093  0.14926265556186333  0.15524503904717860
  0.16098573923905282  0.16578441928352791  0.17309276270731844  0.17925723602776272
  0.18571388687643944  0.19577827031244552  0.20659901032695283  0.22083158533509273
  0.25536260115604420  0.29623154777302863  0.65414382968510232  1.00000000000000000
 -0.00272521173107770  0.01020838467460979  0.02066522600725952  0.02972637026596298
  0.03811716498058412  0.04685498378285492  0.05469996775624320  0.06333533141505379
  0.07150353551748520  0.08005530825408291  0.08933632247406759  0.09949453371626686
  0.11038620372318451  0.12154374795985970  0.13172779877838872  0.14170291927715861
  0.15223928190488567  0.16316744614205556  0.17403494497752531  0.18482639066703044
  0.19601822845544947  0.20767370772373647  0.21871647801745844  0.22919781395599098
  0.23973378390876182  0.25050763932849857  0.26119244612104869  0.27010810469370294
  0.27907030459419785  0.28784179609908289  0.29817476741725274  0.30895133967678134
  0.31920857290463545  0.33007572660931384  0.33887404639234120  0.34850901838894044
  0.35797677793953736  0.36756084064603062  0.37738403779444435  0.38717690010538808
  0.39743299068097332  0.40865084061186241  0.42128127123902587  0.43381561897812043
  0.44442340477736464  0.45506293498826894  0.46665299200488913  0.47955315564548545
  0.49199005677691376  0.50464414999882368  0.51944285486941233  0.53696333635009086
  0.55512231882100671  0.57079592916303601  0.58400996615557899  0.59607337360173340
  0.60776555848270863  0.61933763825823451  0.63104151812980991  0.64304154985836259
  0.65514975460743152  0.66716715341886645  0.67863141686966033  0.68925070352506912
  0.69958011996545422  0.70922287506497217  0.71776229327153285  0.72619185177990286
  0.73491362159931850  0.74386851098552953  0.75346543220562123  0.76206932200064703
  0.77048009012037377  0.78024881830765080  0.79090572452970298  0.80147457069548966
  0.81194695102147074  0.82255652323813344  0.83349283463146773  0.84511122008475192
  0.85679704631436837  0.86847180335430185  0.87921548816310646  0.88865074578478309
  0.89858266700416323  0.90733200511583545  0.91602358593631183  0.92425892378737806
  0.93231834342717601  0.94106827227753986  0.95082138578075803  0.96123144825820184
  0.97127675418819148  0.98107313245366423  0.99043567805759958  1.00000000000000000
 -0.01249863499787524  0.38472269027910733  0.49889299111076962  0.56420886595669606
  0.61006147282122303  0.64715393689789846  0.67679307769328945  0.70170636618472904
  0.72312629481693369  0.74189244183087366  0.75820306995061137  0.77238570493432779
  0.78492446524273929  0.79650973217909593  0.80700392322591774  0.81637016256804018
  0.82499838338887843  0.83311369594020457  0.84043774375233771  0.84736003562052242
  0.85433762801920132  0.86083128695257261  0.86695490621543736  0.87246524824237082
  0.87727456452673414  0.88179903609087285  0.88630531423185244  0.89093928237268583
  0.89530228748459162  0.89926675788099242  0.90303516609588141  0.90674922433847305
  0.91032788114466767  0.91375108479472400  0.91695925809021672  0.91990241951656759
  0.92273831115305172  0.92550141844455347  0.92821189485719924  0.93064281620357070
  0.93299874847506525  0.93519099747410106  0.93738667847308210  0.93928832283982389
  0.94117749839046372  0.94305204420341493  0.94493042516761105  0.94665192423199540
  0.94825101256306532  0.94981448296041104  0.95139168400863283  0.95305304569947302
  0.95475074456149034  0.95628733120482778  0.95774020814358107  0.95906496318429335
  0.96031416121792124  0.96156280043129394  0.96277001137650031  0.96402403379862689
  0.96524378780078879  0.96645899950203773  0.96767689747271346  0.96889386236859587
  0.97008509055161773  0.97120115944665220  0.97228242334463244  0.97334694323446980
  0.97441170759400109  0.97552320993301200  0.97669387393866336  0.97785960945787498
  0.97895479266105057  0.97996345443838273  0.98093841957059547  0.98190242816677309
  0.98287385270828054  0.98382192063389706  0.98471166130546961  0.98557812156195312
  0.98639523819833197  0.98718415996883990  0.98800295392020554  0.98889031204018107
  0.98975368140517983  0.99055189595931059  0.99124658184939352  0.99194997528992723
  0.99270151596817702  0.99348595939484785  0.99427114934211680  0.99501944733443337
  0.99581628728976712  0.99689242756137941  0.99827140495296218  1.00000000000000000
   2.6388231991050649E-014  -1.0000000000000000     
 F F F F F F F F F F F F F F F F F F F F F F F F F F F F F F F F F F F F F F F F F F F F F F F F F F F F F F F F F F F F F F F F
  <DiscreteSampler_grid>
  grouped_processes
  1 # 1 for a reference and 2 for a running grid.
  10 # Attribute 'min_bin_probing_points' of the grid.
  1 # Attribute 'grid_mode' of the grid. 1=='default',2=='initialization'
  0.0000000000000000 # Attribute 'small_contrib_threshold' of the grid.
  0.5000000000000000 # Attribute 'damping_power' of the grid.
 # binID   n_entries weight   weight_sqr   abs_weight
    10   10   1.547646921323766E-003   1.126464786760727E-005   1.547646921323766E-003
  </DiscreteSampler_grid>
