  0.02179323785283566  0.02509872255628968  0.02840420725974371  0.03170969196319774
  0.03501517666665176  0.03832066137010579  0.04162614607355982  0.04555469595570261
  0.04949097853251875  0.05342726110933489  0.05736354368615102  0.06129982626296716
  0.06888242867984896  0.07806446210080416  0.08724649552175939  0.09642852894271467
  0.11710263724994864  0.19936516803711823  0.25503891866340128  0.26814496864778303
  0.28125101863216490  0.29435706861654676  0.30746311860092856  0.36314761922676769
  0.44541015001393730  0.52767268080110696  0.60993521158827668  0.69219774237544629
  0.77446027316261590  0.85672280394978562  0.91695673382233445  0.91802586833557298
  0.91909500284881152  0.92016413736205005  0.92123327187528858  0.92230240638852712
  0.92337154090176565  0.92444067541500430  0.92550980992824283  0.92657894444148137
  0.92764807895471990  0.92871721346795844  0.92978634798119697  0.93085548249443550
  0.93192461700767404  0.93299375152091257  0.93406288603415111  0.93513202054738964
  0.93620115506062829  0.93727028957386682  0.93833895025654901  0.93940748127435658
  0.94047601229216415  0.94154454330997173  0.94261307432777930  0.94368160534558687
  0.94475013636339444  0.94581866738120202  0.94688719839900959  0.94795572941681716
  0.94902426043462473  0.95009279145243231  0.95116132247023988  0.95222985348804745
  0.95329838450585502  0.95436691552366260  0.95543544654147017  0.95650397755927774
  0.95757250857708531  0.95853093470697759  0.95921711897839979  0.95990330324982198
  0.96058948752124429  0.96127567179266649  0.96196185606408868  0.96264804033551099
  0.96333422460693319  0.96402040887835538  0.96470659314977769  0.96539277742119989
  0.96607896169262208  0.96676514596404439  0.96745133023546659  0.96813751450688879
  0.96882369877831109  0.96950988304973329  0.97019606732115549  0.97088225159257779
  0.97156843586399999  0.97225462013542219  0.97294080440684449  0.97362698867826669
  0.97431317294968889  0.97499935722111120  0.97551176242789928  1.00000000000000000
  0.00001348440918670  0.00001713283877478  0.00002078126836287  0.00002442969795095
  0.00002807812753904  0.00003238310476613  0.00003696935093357  0.00004155559710101
  0.00004614184326845  0.00005034494103005  0.00005451342224780  0.00005868190346554
  0.00007371856972796  0.00010400453983933  0.00011151973015936  0.00011986009225879
  0.00012868813668816  0.00013852206694572  0.00022846272465533  0.00037650585359771
  0.00061965031857974  0.00080536460269998  0.00085338043010705  0.00085868244025570
  0.00086398445040436  0.00086928646055301  0.00087458847070167  0.00087989048085032
  0.00088519249099898  0.00089049450114763  0.00089579651129629  0.00090109852144495
  0.00090640053159360  0.00091170254174226  0.00091700455189091  0.00092230656203957
  0.00092760857218822  0.00093291058233688  0.00093821259248553  0.00094351460263419
  0.00094892475291617  0.00095482611392075  0.00096072747492534  0.00096662883592992
  0.00097253019693451  0.00097843155793910  0.00098433291894368  0.00099023427994827
  0.00099613564095285  0.00100203700195744  0.00100793836296203  0.00101383972396661
  0.00101974108497120  0.00102564244597579  0.00103154380698037  0.00103744516798496
  0.00104334652898954  0.00104924788999413  0.00105516521504034  0.00106173424338754
  0.00106830327173473  0.00107487230008193  0.00108144132842912  0.00108801035677632
  0.00109457938512352  0.00110114841347071  0.00110771744181791  0.00111428647016511
  0.00112085549851230  0.00112742452685950  0.00113399355520669  0.00114056258355389
  0.00114713161190109  0.00115370064024828  0.00116026966859548  0.00116683869694268
  0.00117340772528987  0.00181282719972607  0.00298960667058593  0.00354972833016712
  0.00371947557533292  0.00389026380755569  0.00406236416369230  0.00423446451982891
  0.00678796275579272  0.01117172488508463  0.01842649356280052  0.02209477738062081
  0.02209477738063081  0.02209477738064081  0.02209477738065081  0.02209477738066080
  0.02209477738067080  0.02209477738068080  0.02209477738069080  1.00000000000000000
  0.00000136663575388  0.00008822252629871  0.00009273129238598  0.00009724005847325
  0.00010293204611921  0.00010873980763814  0.00011496423928257  0.00012443755439692
  0.00014332641994246  0.00016005227880649  0.00016590261080511  0.00017175294280374
  0.00017760327480236  0.00018390927709271  0.00019073297682955  0.00019755667656638
  0.00020438037630321  0.00021127432417805  0.00021923333883044  0.00022719235348284
  0.00023515136813524  0.00024311038278764  0.00029821014972033  0.00032571016845412
  0.00035632888360177  0.00038840430609759  0.00042553203270955  0.00052208927979000
  0.00076382203562067  0.00084938169873502  0.00094797289093305  0.00105726260811134
  0.00132989268567975  0.00156726220366933  0.00157871679222816  0.00159017138078700
  0.00160162596934583  0.00161308055790467  0.00162453514646350  0.00163598973502233
  0.00164744432358117  0.00165889891214000  0.00167035350069884  0.00168180808925767
  0.00169326267781651  0.00170471726637534  0.00171617185493418  0.00172762644349301
  0.00173908103205184  0.00175053562061068  0.00176199020916951  0.00177344479772835
  0.00178489938628718  0.00179635397484602  0.00180780856340485  0.00181912469237054
  0.00182936049317958  0.00183959629398862  0.00184983209479765  0.00186006789560669
  0.00187030369641573  0.00188053949722477  0.00189077529803381  0.00190101109884285
  0.00191124689965189  0.00192148270046093  0.00193171850126997  0.00194195430207900
  0.00195219010288804  0.00196242590369708  0.00197266170450612  0.00198289750531516
  0.00199313330612420  0.00200336910693324  0.00201360490774228  0.00202384070855132
  0.00203407650936035  0.00204431231016939  0.00205454811097843  0.00206478391178747
  0.00207501971259651  0.00208525551340555  0.00209549131421459  0.00210572711502363
  0.00211596291583267  0.00305595400796860  0.00581811948066193  0.01106829826147048
  0.02104066868578579  0.02633875035018990  0.02633875035019990  0.02633875035020990
  0.02633875035021990  0.02633875035022989  0.02633875035023989  1.00000000000000000
  0.01897465785344437  0.38401713380246849  0.39303426760493698  0.40256636994479955
  0.41233028556927909  0.46206984669600831  0.54374833564466907  0.56817771366141911
  0.57554733823003346  0.58291696279864769  0.59028658736726214  0.59765621193587648
  0.60466116491127830  0.60890277844586838  0.61314439198045834  0.61738600551504841
  0.62162761904963837  0.62590833923937039  0.63034078238706126  0.63477322553475213
  0.63920566868244300  0.64363811183013386  0.64807055497782473  0.65250299812551571
  0.65693544127320658  0.66136788442089744  0.66580032756858842  0.71237911796752629
  0.72612086076806803  0.73986260356860978  0.75360434636915130  0.76734608916969294
  0.77923351208803959  0.79049033702049964  0.80174716195295959  0.81300398688541953
  0.82426081181787958  0.84918243852746345  0.91681660325258529  0.91767938814433470
  0.91854217303608421  0.91940495792783361  0.92026774281958301  0.92113052771133241
  0.92199331260308182  0.92285609749483122  0.92371888238658073  0.92458166727833013
  0.92544445217007953  0.92630723706182894  0.92717002195357834  0.92803280684532774
  0.92889559173707725  0.92975837662882665  0.93062116152057606  0.93148394641232546
  0.93234673130407486  0.93320951619582426  0.93407230108757378  0.93493508597932318
  0.93579787087107258  0.93666065576282198  0.93751795893446954  0.93817897705088071
  0.93883999516729189  0.93950101328370306  0.94016203140011423  0.94082304951652540
  0.94148406763293657  0.94214508574934774  0.94280610386575892  0.94346712198217009
  0.94412814009858126  0.94478915821499254  0.94545017633140371  0.94611119444781488
  0.94677221256422606  0.94743323068063723  0.94809424879704840  0.94875526691345957
  0.94941628502987074  0.95007730314628192  0.95073832126269309  0.95139933937910426
  0.95206035749551543  0.95272137561192660  0.95338239372833777  0.95404341184474895
  0.95470442996116012  0.95536544807757129  0.95602646619398257  0.95668748431039374
  0.95734850242680491  0.95800952054321609  0.95850301186243680  1.00000000000000000
  0.02923547824223839  0.08398797652299733  0.08464261971266139  0.08529726290232545
  0.08595190609198952  0.08660654928165359  0.08726119247131765  0.08791583566098171
  0.08857047885064578  0.08922512204030986  0.08987976522997392  0.09053440841963799
  0.09118905160930205  0.09184369479896612  0.09249833798863018  0.09315298117829425
  0.09380762436795831  0.09446226755762238  0.09511691074728644  0.09577155393695051
  0.09642619712661457  0.09708084031627864  0.09773548350594270  0.09839012669560677
  0.09904476988527083  0.09969941307493491  0.10035405626459896  0.10100869945426304
  0.10166334264392710  0.10231798583359117  0.10297262902325523  0.10362727221291930
  0.10431712464249641  0.10517176559299490  0.10602640654349338  0.10688104749399188
  0.10773568844449036  0.10859032939498886  0.10944497034548734  0.11029961129598582
  0.11115425224648431  0.11200889319698280  0.11286353414748129  0.11371817509797978
  0.11457281604847827  0.11542745699897676  0.11628209794947525  0.11713673889997374
  0.11799137985047223  0.11884602080097072  0.11970066175146921  0.12055530270196770
  0.12140994365246618  0.12226458460296467  0.12311922555346316  0.12397386650396165
  0.12482850745446014  0.13393027906691546  0.14510234963689297  0.15627442020687060
  0.16744649077684820  0.17861856134682572  0.20413278250318870  0.22126659184295233
  0.23490610589808689  0.24854561995322133  0.26218513400835580  0.27437923488457139
  0.28406894123669213  0.29375864758881282  0.30344835394093345  0.31313806029305402
  0.32282776664517465  0.33251747299729523  0.40762575988535099  0.48874862320424028
  0.56987148652312947  0.65099434984201876  0.71047721988762513  0.71778966080037243
  0.72510210171311962  0.73103527870845664  0.73524237137950854  0.73944946405056045
  0.74365655672161235  0.74786364939266425  0.75180937600584252  0.75548545554599378
  0.75916153508614492  0.76283761462629607  0.76651369416644732  0.77018977370659847
  0.83469300883317754  0.83974069754282621  0.83974069754283620  1.00000000000000000
  0.08735304673512777  0.70895316312812384  0.70957299292291443  0.71019282271770512
  0.71081265251249570  0.71143248230728628  0.71205231210207687  0.71267214189686745
  0.71329197169165803  0.71391180148644873  0.71453163128123931  0.71515146107602989
  0.71577129087082048  0.71639112066561106  0.71701095046040175  0.71763078025519234
  0.71825061004998292  0.71887043984477350  0.71949026963956408  0.72011009943435478
  0.72072992922914536  0.72134975902393594  0.72196958881872653  0.72258941861351711
  0.72320924840830769  0.72382907820309839  0.72444890799788897  0.72506873779267955
  0.72568856758747013  0.72630839738226072  0.72692822717705141  0.72754805697184199
  0.72816788676663258  0.72878771656142316  0.72947034181676063  0.73025175641555751
  0.73103317101435439  0.73181458561315116  0.73259600021194804  0.73337741481074492
  0.73415882940954169  0.73494024400833857  0.73572165860713545  0.73650307320593222
  0.73728448780472911  0.73806590240352599  0.73884731700232287  0.73962873160111964
  0.74041014619991652  0.74119156079871340  0.74197297539751017  0.74275438999630705
  0.74353580459510393  0.74431721919390070  0.74509863379269758  0.74588004839149447
  0.74666146299029124  0.74744287758908812  0.74822429218788500  0.74900570678668177
  0.74978712138547865  0.75237342409000596  0.75563553640015302  0.75889764871030019
  0.76215976102044736  0.76542187333059442  0.76868398564074158  0.77194609795088875
  0.77520821026103581  0.77847032257118298  0.78173243488133015  0.78499454719147732
  0.78825665950162449  0.79151877181177166  0.79716314799431764  0.80292065839911775
  0.80867816880391785  0.81443567920871807  0.82019318961351817  0.82595070001831827
  0.83170821042311838  0.83742963730126974  0.84313687379531144  0.84884411028935303
  0.85493088035162645  0.86626899751023356  0.87760711466884056  0.88894523182744767
  0.91755886446440282  0.92539772523239494  0.93323658600038706  0.93850759776723636
  0.94071666956138489  0.94292574135553331  0.94390362898508706  1.00000000000000000
 -0.00280655136951199  0.00053267496947775  0.00106534993895550  0.00159802490843325
  0.00213069987791099  0.00266337484738874  0.00319604981686649  0.00372872478634424
  0.00426139975582198  0.00479407472529973  0.00532674969477748  0.00585942466425523
  0.00639209963373298  0.00692477460321073  0.00745744957268848  0.00799012454216623
  0.00852279951164398  0.00905547448112173  0.00958814945059948  0.01012082442007723
  0.01065349938955498  0.01118617435903273  0.01171884932851048  0.01225152429798823
  0.01278419926746598  0.01331687423694373  0.01384954920642148  0.01438222417589923
  0.01491489914537698  0.01544757411485473  0.01598024908433247  0.01651292405381023
  0.01704559902328797  0.01757827399276573  0.01811094896224347  0.01864362393172122
  0.01917629890119897  0.01970897387067672  0.02024164884015447  0.02077432380963222
  0.02145215079760690  0.02214806091060605  0.02284397102360519  0.02353988113660434
  0.02423579124960349  0.02493170136260263  0.02562761147560178  0.02632352158860092
  0.02701943170160007  0.02771534181459922  0.02841125192759836  0.02910716204059751
  0.02980307215359666  0.03049898226659580  0.03119489237959494  0.03189080249259409
  0.03258671260559324  0.03328262271859238  0.03397853283159153  0.03467444294459068
  0.03537035305758982  0.03606626317058897  0.03676217328358811  0.03745808339658726
  0.03815399350958640  0.03884990362258555  0.03954581373558470  0.04024172384858384
  0.04093763396158299  0.04163354407458213  0.10516223041640539  0.17183096443700699
  0.23849969845760857  0.30516843247821018  0.35521780077919463  0.35918360713633124
  0.36314941349346785  0.36711521985060447  0.37108102620774103  0.37501733289210348
  0.37648509136040881  0.37795284982871408  0.37942060829701940  0.38088836676532467
  0.38235612523362994  0.38373256127039596  0.38373256127040595  0.38373256127041594
  0.38373256127042593  0.38373256127043592  0.38373256127044592  0.38373256127045591
  0.38373256127046590  0.38373256127047589  0.38373256127048588  1.00000000000000000
  0.01983797152837114  0.02156620100124772  0.02229906866916218  0.02303193633707665
  0.02376480400499111  0.02449767167290557  0.02523053934082003  0.02596340700873449
  0.02669627467664895  0.02742914234456341  0.02816201001247787  0.02889487768039233
  0.02962774534830679  0.03036061301622126  0.03109348068413571  0.03182634835205017
  0.03255921601996464  0.03329208368787909  0.03402495135579355  0.03475781902370802
  0.03549068669162248  0.03622355435953694  0.03695642202745140  0.03768928969536586
  0.03842215736328032  0.03915502503119478  0.03988789269910924  0.04062076036702370
  0.04135362803493817  0.04221366060000581  0.04316851158394792  0.04412336256789003
  0.04507821355183214  0.04603306453577426  0.04698791551971637  0.04794276650365849
  0.04889761748760060  0.04985246847154271  0.05080731945548482  0.05176217043942694
  0.05271702142336905  0.05367187240731116  0.05462672339125327  0.05558157437519539
  0.05653642535913751  0.05749127634307961  0.05844612732702173  0.05940097831096385
  0.06035582929490595  0.06131068027884807  0.06226553126279018  0.06948947996690676
  0.07875388348867307  0.08801828701043943  0.09728269053220584  0.10581369064093442
  0.11222375582041086  0.11863382099988731  0.12504658892624246  0.13185142038310366
  0.13865625183996488  0.14546108329682608  0.15226591475368736  0.15907074621054865
  0.16587557766740993  0.24473659795053151  0.33307638436151504  0.42141617077249882
  0.50975595718348232  0.59809574359446604  0.68643553000544966  0.69130939954541548
  0.69516526115685207  0.69902112276828865  0.70287698437972523  0.70673284599116182
  0.71058870760259840  0.71444456921403499  0.71830043082547157  0.72215629243690815
  0.72601215404834485  0.72986801565978143  0.73372387727121802  0.73757973888265449
  0.74143560049409107  0.74529146210552766  0.74914732371696424  0.81880453117835927
  0.90714431758934300  0.92862177217232234  0.94202123684179040  0.95542070151125846
  0.96696236424662607  0.97798803773041343  0.98899513084172586  1.00000000000000000
  0.18553888400395718  0.44109262073329314  0.44468524146658622  0.44827786219987936
  0.45187048293317250  0.45546310366646559  0.45915733404994258  0.46325528347972611
  0.46735323290950959  0.47145118233929312  0.47554913176907665  0.48065788497807854
  0.49337801898616485  0.50609815299425109  0.51881828700233745  0.53153842101042381
  0.54350774073241714  0.55254312561637697  0.56157851050033669  0.57061389538429652
  0.57964928026825624  0.58868466515221607  0.59772005003617601  0.62585402713159299
  0.67023694284966562  0.67798461696758228  0.68573229108549894  0.69347996520341570
  0.70122763932133236  0.70897531343924902  0.71672298755716579  0.72447066167508245
  0.75898108080046689  0.83467485858656087  0.91036863637265497  0.95862483871172488
  0.95942057887615206  0.96021631904057914  0.96101205920500632  0.96180779936943350
  0.96260353953386057  0.96339927969828776  0.96419501986271483  0.96499076002714201
  0.96578650019156920  0.96658224035599627  0.96737798052042345  0.96817372068485053
  0.96896946084927771  0.96976520101370478  0.97056094117813196  0.97135668134255915
  0.97215242150698622  0.97294816167141340  0.97374390183584048  0.97453964200026766
  0.97533538216469473  0.97613112232912191  0.97692686249354910  0.97772260265797617
  0.97851834282240335  0.97927956673427163  0.97988899124208717  0.98049841574990271
  0.98110784025771824  0.98171726476553378  0.98232668927334932  0.98293611378116486
  0.98354553828898039  0.98415496279679593  0.98476438730461147  0.98537381181242700
  0.98598323632024254  0.98659266082805808  0.98720208533587361  0.98781150984368915
  0.98842093435150469  0.98903035885932022  0.98963978336713587  0.99024920787495141
  0.99085863238276695  0.99146805689058248  0.99207748139839802  0.99268690590621356
  0.99329633041402909  0.99390575492184463  0.99451517942966017  0.99512460393747570
  0.99573402844529124  0.99634345295310678  0.99695287746092232  0.99756230196873785
  0.99817172647655339  0.99878115098436893  0.99939057549218446  1.00000000000000000
   4.2196462994955548E-010  -1.0000000000000000     
 F F F F F F F F F F F F F F F F F F F F F F F F F F F F F F F F F F F F F F F F F F F F F F F F F F F F F F F F F F F F F F F F
  <DiscreteSampler_grid>
  grouped_processes
  1 # 1 for a reference and 2 for a running grid.
  10 # Attribute 'min_bin_probing_points' of the grid.
  1 # Attribute 'grid_mode' of the grid. 1=='default',2=='initialization'
  0.0000000000000000 # Attribute 'small_contrib_threshold' of the grid.
  0.5000000000000000 # Attribute 'damping_power' of the grid.
 # binID   n_entries weight   weight_sqr   abs_weight
    10   10   2.151672442636630E+004   3.645018577607507E+009   2.151672442636630E+004
  </DiscreteSampler_grid>
