  0.00993122103534687  0.01457380060342900  0.02339073377793017  0.03410432177793502
  0.04443799234575910  0.05427933559279462  0.06383324082112628  0.07290231860465506
  0.08156660275051969  0.09048778211677468  0.09996449468152782  0.10986432218333277
  0.12001465530408111  0.13089368829368217  0.14273620154847205  0.15467126926153160
  0.16620914807694342  0.17745864666929423  0.18791196880884292  0.19728172797678276
  0.20664251958694488  0.21635499616768702  0.22649061181422236  0.23690957088885795
  0.24729951456729060  0.25769473744407684  0.26818014599640611  0.27876183136709926
  0.28957677484102229  0.29998252514759932  0.31057480161984785  0.32160411769105607
  0.33247138956223260  0.34248654561901587  0.35209793394171135  0.36187674411805842
  0.37243693192191418  0.38228175187385866  0.39165298256714420  0.40160247335657312
  0.41293417609369210  0.42479585391149177  0.43596081921099772  0.44674410151670624
  0.45743196406973291  0.46842668179489538  0.48001548009912137  0.49044138207833865
  0.50052784130045802  0.50993749101172370  0.51935483881796973  0.52890253822370303
  0.53844882969064700  0.54849880661493522  0.55882895236571195  0.56947353746553886
  0.58013948602108256  0.59200740859383194  0.60411153066412926  0.61593839648163373
  0.62794078875145676  0.63978231505093597  0.65136902046908984  0.66266707075328901
  0.67275873081721460  0.68216100171691119  0.69138832546407336  0.70120138681837874
  0.71149931172978709  0.72169834682069645  0.73175857425559276  0.74205306986028441
  0.75185412867241908  0.76209367756976354  0.77207031237771029  0.78247209526447048
  0.79298534855995939  0.80426541216959735  0.81533870517156215  0.82575671284666152
  0.83576303609536029  0.84574293624427643  0.85571673299469941  0.86541194796222665
  0.87495486702782599  0.88445608543613452  0.89376865463704236  0.90390566108033110
  0.91481974352664164  0.92635703245832346  0.93801858896529311  0.94946091397850052
  0.96117687560018672  0.97358541667149612  0.98624659252180291  1.00000000000000000
  0.00002343788058670  0.00005745674618083  0.00008167981486834  0.00010651267049203
  0.00013541184753553  0.00016626613057437  0.00019853879968813  0.00023603521963734
  0.00027871875171584  0.00032538526579559  0.00037341402246536  0.00042390215746565
  0.00048181830313270  0.00054329225453211  0.00060518026813404  0.00066854811141449
  0.00073421979617381  0.00080161635096529  0.00087051062026299  0.00094369154905479
  0.00102201754430012  0.00110149588944048  0.00118194965590517  0.00126519718100190
  0.00135179071667908  0.00144498781522585  0.00154984725437727  0.00166275891288553
  0.00177824725252512  0.00188898578006965  0.00200033374226677  0.00211204426918205
  0.00222230858696774  0.00233382343030784  0.00244492719922255  0.00256659238343246
  0.00269138365029147  0.00282243802416081  0.00296083308174878  0.00310296072559080
  0.00324927573236335  0.00340195700384949  0.00356037937615289  0.00372486533898967
  0.00389996259257657  0.00408612142555031  0.00427089793179041  0.00445508389299156
  0.00463768756533799  0.00482294961547961  0.00501871421257425  0.00522967951406345
  0.00545475069924804  0.00569130153849426  0.00592950790319558  0.00619151799024559
  0.00646262629125530  0.00675342360389712  0.00704737723709974  0.00734700474317517
  0.00765758531758093  0.00798318957167633  0.00834436764251166  0.00873743917485876
  0.00913510524368204  0.00957352510645896  0.01002957407187466  0.01053305297141023
  0.01106182830224030  0.01160152286787382  0.01216301359405384  0.01273946280913272
  0.01334629572048336  0.01407014195374319  0.01493313024009868  0.01587758259685597
  0.01693352075672194  0.01810397808201393  0.01932026684627801  0.02055685449628409
  0.02184205677214231  0.02321833677389805  0.02473051203150204  0.02644243328619006
  0.02838330309222237  0.03051448174474591  0.03310576324013452  0.03611363534251042
  0.03991928685759531  0.04517318125400654  0.05168143290571194  0.06101131145274207
  0.08337480991628733  0.12312975451529554  0.25554055341369164  1.00000000000000000
  0.00001140638717776  0.00010118186144263  0.00021552634520900  0.00037235047878275
  0.00055169084434667  0.00075884986142690  0.00098850595113383  0.00124927004308874
  0.00153162292842414  0.00182375963009214  0.00212987970609022  0.00245931343081760
  0.00282626886635811  0.00319606756420323  0.00361111751008900  0.00401391194943390
  0.00440292643967971  0.00477679615539093  0.00517064717831060  0.00559042137777181
  0.00604408747234173  0.00652926686129228  0.00703141018623006  0.00753197762547151
  0.00803863837566227  0.00856172110168055  0.00910230139541704  0.00967467912285914
  0.01026521705901585  0.01086621159699040  0.01146297373747906  0.01204325163628648
  0.01262568367484026  0.01322041712868718  0.01386371465232614  0.01455243347736920
  0.01526549491840772  0.01600033749900160  0.01674151225855592  0.01748371172833897
  0.01823763691732777  0.01897590208206268  0.01974834374447290  0.02056852424137069
  0.02141461041725928  0.02229814688649542  0.02325647279700941  0.02425531075425458
  0.02529009533468345  0.02645434668137614  0.02763059793429544  0.02882427119023882
  0.03012050485700048  0.03139989569709506  0.03273191772359079  0.03416375043283879
  0.03564414564664235  0.03724817734882212  0.03885940230231658  0.04042854444197777
  0.04203210946245728  0.04377670454127264  0.04566966660373849  0.04763756568230001
  0.04958955294777016  0.05137948828255567  0.05322128099439496  0.05530999499513607
  0.05782388510943805  0.06056590005543436  0.06332991934519484  0.06601414746483442
  0.06847055938097936  0.07141588836715883  0.07483794624212224  0.07853211606023479
  0.08220441832529041  0.08582590654410623  0.08997477288955336  0.09501880165185550
  0.10036331493298080  0.10439213473575464  0.10741685080149950  0.11117370332219371
  0.11611465538782807  0.12290251093884921  0.13203627302270543  0.14028363133792113
  0.15111096628668341  0.16295863449353881  0.17547221475218752  0.18842490157227956
  0.20261817395805717  0.21596263698323342  0.26826313224726028  1.00000000000000000
 -0.00253684777240947  0.00859846403560139  0.01877292974299848  0.02902375380521039
  0.03965071175407388  0.05016765500616109  0.06056838962347214  0.07120688548708229
  0.08135867921764878  0.09149762074289478  0.10131628169282809  0.11153460103724619
  0.12214774692304713  0.13246668761216165  0.14307155035852662  0.15470970741734205
  0.16749277741914800  0.18015444363509767  0.19233194840135343  0.20316081039526460
  0.21442585939398842  0.22577043317313861  0.23702101448755614  0.24797337385385265
  0.25830956756709184  0.26919801952266159  0.27918176906466913  0.28948947374287409
  0.29921790925127861  0.30842088787513816  0.31824940963854587  0.32864426403228492
  0.34013387170403708  0.35177193885321256  0.36247003078166468  0.37284829947072645
  0.38261863089507858  0.39263845081887888  0.40287280565133676  0.41257183317267271
  0.42270558834954169  0.43341127896966702  0.44430560605780095  0.45459102707474947
  0.46448253424923064  0.47467062770938540  0.48470479798126193  0.49460887419469629
  0.50443593676378484  0.51504385551800602  0.52583748051859935  0.53669542178516738
  0.54683870123203659  0.55645676032184022  0.56600613271764189  0.57606132841735713
  0.58646782089722704  0.59673371642828943  0.60694682547295897  0.61668271788052564
  0.62685411084675646  0.63707216010503209  0.64720789839793913  0.65704292657561814
  0.66663468434545625  0.67648469354371044  0.68589756750485098  0.69592714356131047
  0.70594547687817688  0.71649660109880109  0.72675736599028740  0.73736395318131398
  0.74792538117012930  0.75948869623666848  0.77106489512552512  0.78202485437602731
  0.79241398639727278  0.80283205617744613  0.81287934187146704  0.82282306367532954
  0.83334942590778327  0.84464895374884341  0.85549880184969740  0.86537511607086071
  0.87525380709323775  0.88601754090643414  0.89747492515165739  0.90959934903857098
  0.92156731595818808  0.93364532529863020  0.94559057812988268  0.95705390097435639
  0.96793959127914875  0.97859877172865484  0.98913919064728506  1.00000000000000000
 -0.00210897914564091  0.01028837132441616  0.02143308045557517  0.03235310157528640
  0.04347218000954236  0.05302329741756472  0.06325800551848325  0.07363127134235029
  0.08486365015646184  0.09536582437110594  0.10546342794789756  0.11583164161674708
  0.12644083885867696  0.13723872911796103  0.14746371914185719  0.15726444840834061
  0.16695226275790456  0.17687528026716581  0.18674841767222211  0.19657731755368724
  0.20667195165195013  0.21793814158760916  0.22926331320472940  0.23941569520764938
  0.24890331400331644  0.25861655753360696  0.26894402584391242  0.27978879122524691
  0.29058290223993788  0.30081410821947474  0.31043204650364431  0.32005957998214479
  0.33009437148408655  0.34047998026683024  0.35114844416763186  0.36185747474560953
  0.37321672486198321  0.38560905723459848  0.39820830191653434  0.40986643032108028
  0.42124722637777751  0.43266571037595175  0.44382046659935515  0.45460499936890914
  0.46527368183250506  0.47597964795067971  0.48705023658091873  0.49833438596985580
  0.50949364724505231  0.52040472903018853  0.53085870664337953  0.54088185433164992
  0.55054592652628143  0.56017488976743779  0.57016635205026001  0.58041837140368824
  0.59091468415003934  0.60158256128948462  0.61200428968861398  0.62245536942567359
  0.63265622437491820  0.64298709297373391  0.65319968967544484  0.66310924559473672
  0.67348104483125615  0.68445596546827447  0.69587454339578780  0.70735173921834382
  0.71823255326835156  0.72911605203407370  0.73990828510240736  0.75018787435679546
  0.76063066749032238  0.77090710600750267  0.78133804709127508  0.79180292663503282
  0.80208946916063895  0.81348888486556448  0.82365005402606351  0.83414232411925793
  0.84352564880445990  0.85279735542987045  0.86222621406577415  0.87230736759790106
  0.88276770502933244  0.89329869140407714  0.90401541720515943  0.91478430268963962
  0.92492285900950710  0.93501056760814083  0.94545451997083418  0.95593964016887312
  0.96659851464617064  0.97741234302424818  0.98866685245746144  1.00000000000000000
 -0.00254895862878767  0.00991161084531203  0.01956784159028675  0.02999219553316826
  0.03989282028853541  0.04974789897550118  0.06034690250884064  0.07144592893853489
  0.08291822196330054  0.09351199396708079  0.10400335086360357  0.11513733363020742
  0.12599316284898690  0.13674622480476867  0.14718013777729316  0.15832635435863118
  0.16907163430364952  0.17985053609843307  0.19091082947972579  0.20354999378349745
  0.21419177242840320  0.22458630026544735  0.23466969168350318  0.24524374046813732
  0.25545252479438296  0.26518918549906428  0.27427834430191483  0.28370743148899880
  0.29280952958280115  0.30307508512593428  0.31361069573397521  0.32403146880370193
  0.33463644951521221  0.34523409231339119  0.35539590942012284  0.36512904759939685
  0.37518614652761206  0.38653830327602079  0.39775494659316390  0.40853633464910061
  0.41923762030655554  0.42967779549625601  0.44003956721290982  0.45050807323907072
  0.46100131862181642  0.47177040736538584  0.48298693340505783  0.49441882485121902
  0.50606511985972324  0.51736459569564308  0.52838603371425319  0.53934920914020457
  0.55048283270136800  0.56123911393824943  0.57102575624929119  0.57990744563326235
  0.58929843465675136  0.59885881035208433  0.60881844931841989  0.61856263365705899
  0.62905148845792913  0.63982719044917225  0.65171765066270304  0.66396069158670157
  0.67563524232177663  0.68692677161417037  0.69794198467233359  0.70898076362766049
  0.71987428235232376  0.73078142235868171  0.74207471380087431  0.75329784874413097
  0.76415564192779384  0.77490339967274569  0.78540987312992117  0.79567034654874913
  0.80545370517395898  0.81504994937842778  0.82478480284924838  0.83482451388795964
  0.84538522008123518  0.85637267291852792  0.86711122838836874  0.87741828453860871
  0.88718218888011746  0.89690788809010913  0.90651515793589688  0.91663677918268849
  0.92714803039199578  0.93789330005932570  0.94864632901635815  0.95912239206649630
  0.96933864984643725  0.97944954576476273  0.98970298633740450  1.00000000000000000
  0.01049953171910596  0.01373139724638713  0.01651769440858815  0.01879712553334568
  0.02091481333009930  0.02300568698340386  0.02508452506547890  0.02701897635720975
  0.02895482462618591  0.03088642951371482  0.03281804503155627  0.03476058517567167
  0.03666275565886556  0.03859405466409527  0.04055637677281561  0.04245966500471136
  0.04423681412507685  0.04605819381152354  0.04800624288408465  0.04989142718008160
  0.05172301900679403  0.05352444409297365  0.05534674119810226  0.05723020645591478
  0.05918876110415696  0.06136765634852950  0.06346951867767736  0.06552632923909710
  0.06755821048473375  0.06955649204500725  0.07150693664298145  0.07341064594346401
  0.07530775337488850  0.07728454257061249  0.07934719986350619  0.08146506934505827
  0.08374932696602028  0.08611043274857284  0.08835105869663580  0.09059535627807158
  0.09285911519718150  0.09513532689901677  0.09747450659696809  0.09992424851948888
  0.10242777017265926  0.10505110612129184  0.10800156378086834  0.11123250874825560
  0.11449731748061265  0.11819080953376013  0.12159121914495627  0.12465848911443247
  0.12844460629886115  0.13195368878607289  0.13514807190747508  0.13839084536235002
  0.14159786992380449  0.14521315915079272  0.14984975316327481  0.15464534248961526
  0.15939900200045326  0.16399420714606791  0.16892334628015898  0.17468595048152011
  0.18254884678492200  0.19038130378952015  0.19758238322228650  0.20468767961093420
  0.21208419081016824  0.22059824025787866  0.23078763472319738  0.24075106223091569
  0.24890628144198773  0.25778773455648440  0.26798309279535221  0.27579939444971213
  0.28337999247405532  0.29089723195219608  0.29890314212146157  0.30834278597221987
  0.31891542054162125  0.33598580000143741  0.34177795276481349  0.34624594607109893
  0.35055423916265605  0.35503174613243454  0.36066496434750434  0.37305652831048008
  0.38126463164378610  0.38915797728098300  0.39789192309724342  0.41249337627716126
  0.43761645692937251  0.48769256291768937  0.74905900534342329  1.00000000000000000
 -0.00302344600309872  0.01311871769022864  0.02771776253032805  0.04388315244801295
  0.05846885591512192  0.07221807504121858  0.08550650404534103  0.09790196210412808
  0.11001064966689811  0.12150207283262249  0.13269836579761612  0.14371075083667423
  0.15531210700704698  0.16691604180761391  0.17776121958681490  0.18803651469425978
  0.19824949324650931  0.20855987049209226  0.21858122232068605  0.22836263966489409
  0.23810149587128793  0.24773603687333917  0.25693001595684506  0.26571333881132114
  0.27485076759553395  0.28404174687593203  0.29298604506295473  0.30168590288421654
  0.31056690117026858  0.32006844712222926  0.33013366300804514  0.33958674845083475
  0.34864330241024588  0.35792631775003353  0.36721922121503064  0.37645518061876926
  0.38579324888185995  0.39529150467064472  0.40596199174396191  0.41658099962173473
  0.42705714084855800  0.43750113688367093  0.44784750717170291  0.45828179728660584
  0.46921400978999334  0.48050365991018851  0.49149570526081421  0.50228041411797786
  0.51372840361844296  0.52488530811865186  0.53551941394531144  0.54566344499366470
  0.55531424942096441  0.56501135498072563  0.57517044501243220  0.58529009408401533
  0.59483932177831567  0.60418115401629768  0.61351411134852996  0.62372218496760556
  0.63400697442631260  0.64387794306261015  0.65308568632219299  0.66204566436595647
  0.67091058721103813  0.67994563330482682  0.68873758457857881  0.69738493080550967
  0.70612024627772219  0.71517507462177943  0.72452177113635585  0.73368293931951001
  0.74257534673118963  0.75139553282042659  0.76021428465262830  0.76903835501463014
  0.77805281145714766  0.78705733800020061  0.79656124793312888  0.80626058305624915
  0.81620132780217258  0.82620688653808860  0.83588380806826834  0.84547067474946125
  0.85554934405479699  0.86641293363636285  0.87758801882816884  0.88925350945157200
  0.90152253510164815  0.91417360168076245  0.92713056035391739  0.94088866008583405
  0.95475370836727558  0.96955078791307003  0.98460787702468311  1.00000000000000000
  0.01824357787985513  0.17059021130308691  0.24624629432943110  0.29861082464531896
  0.33953968726017608  0.37364840560270279  0.40315703597758779  0.42863101284879923
  0.45168292299917773  0.47332324593026465  0.49343044326264451  0.51202397479043726
  0.52915409061232332  0.54501535890652841  0.55967221968267411  0.57309247987141210
  0.58558882469519269  0.59807412282647843  0.61082677693201337  0.62295175510856537
  0.63429170133379575  0.64543533889449090  0.65655749613760428  0.66704547037278938
  0.67585460437237810  0.68404073207815952  0.69177847694366335  0.69964902663206796
  0.70768577878795380  0.71565112238351547  0.72337572645017867  0.73103551777348608
  0.73871527595574116  0.74615310406408686  0.75303446242365601  0.75934983490484387
  0.76539435443986670  0.77122388564279643  0.77686338894070861  0.78250294440547907
  0.78810647681166091  0.79348816040976555  0.79866025295939003  0.80374796712692953
  0.80894714562066261  0.81407189032091465  0.81867959814127567  0.82309919400854203
  0.82754867688105227  0.83203746717121274  0.83648557245032029  0.84077700605681727
  0.84495170807575415  0.84909670660623349  0.85319619349627307  0.85714500146433725
  0.86089900071903502  0.86470312975625951  0.86850670559866705  0.87218964260633791
  0.87576051309201919  0.87915177187634208  0.88240116121518208  0.88574959267091369
  0.88899072059402862  0.89229710840839072  0.89548543412802817  0.89861094840083366
  0.90173374562999542  0.90488309070956596  0.90815952503464026  0.91130375293846622
  0.91442918122410055  0.91743302326871778  0.92027236507633825  0.92311204267303459
  0.92597995376313191  0.92886979018878413  0.93180084251391126  0.93472141632502748
  0.93762384969186086  0.94068618635250012  0.94383788483280362  0.94705199191061928
  0.95028956618529947  0.95350782168174686  0.95690536718959418  0.96062750599269431
  0.96543552895725104  0.97180545663206386  0.97767518108654894  0.98249882876217909
  0.98632808544766115  0.99039996362034355  0.99499255199965064  1.00000000000000000
   5.1109642025157087E-019  -1.0000000000000000     
 F F F F F F F F F F F F F F F F F F F F F F F F F F F F F F F F F F F F F F F F F F F F F F F F F F F F F F F F F F F F F F F F
  <DiscreteSampler_grid>
  grouped_processes
  1 # 1 for a reference and 2 for a running grid.
  10 # Attribute 'min_bin_probing_points' of the grid.
  1 # Attribute 'grid_mode' of the grid. 1=='default',2=='initialization'
  0.0000000000000000 # Attribute 'small_contrib_threshold' of the grid.
  0.5000000000000000 # Attribute 'damping_power' of the grid.
 # binID   n_entries weight   weight_sqr   abs_weight
    10   10   3.279868266263872E-007   1.305258841466980E-013   3.279868266263872E-007
  </DiscreteSampler_grid>
