  0.02220717455979955  0.02519886185651999  0.02819054915324043  0.03118223644996086
  0.03417392374668130  0.03716561104340173  0.04015729834012217  0.04322313278289125
  0.04636446740882010  0.04950580203474894  0.05264713666067779  0.05578847128660663
  0.05892980591253548  0.06207114053846433  0.06647431252423429  0.07107698896917525
  0.07567966541411621  0.08028234185905717  0.08488501830399815  0.08948769474893917
  0.09409037119388017  0.09869304763882118  0.10329572408376220  0.18519198657077438
  0.28512765860793593  0.37512759096789955  0.37639465547890449  0.37766171998990949
  0.37892878450091450  0.38019584901191944  0.38146291352292444  0.38272997803392944
  0.38399704254493444  0.38526410705593939  0.38653117156694439  0.38779823607794939
  0.38906530058895433  0.39033236509995933  0.39159942961096433  0.39286649412196928
  0.39413355863297428  0.39540062314397928  0.39666768765498428  0.39793475216598923
  0.39920181667699423  0.40046888118799923  0.40173594569900423  0.40300301021000923
  0.40427007472101423  0.40553713923201923  0.40680420374302423  0.40807126825402923
  0.40933833276503423  0.41060539727603923  0.41187246178704423  0.41313952629804923
  0.41440659080905418  0.41567365532005918  0.41694071983106418  0.41820778434206918
  0.41947484885307418  0.42074191336407912  0.42200897787508412  0.42327604238608912
  0.42454310689709407  0.42581017140809907  0.42707723591910407  0.42834430043010902
  0.42961136494111402  0.43087842945211902  0.43214549396312396  0.43341255847412896
  0.43467962298513396  0.43594668749613891  0.43721375200714391  0.44266267838526019
  0.44933206704527323  0.45600145570528627  0.46267084436529937  0.46934023302531247
  0.47600962168532557  0.48267901034533861  0.48934839900535165  0.49601778766536470
  0.54026527552203707  0.55986829507382962  0.57832879380141888  0.59678929252900825
  0.64842608408090407  0.66256053386327596  0.67600713852576544  0.70019298388850371
  0.80012865592566529  0.90006432796282676  0.95879630699407137  1.00000000000000000
  0.00000121583716231  0.00011498450587141  0.00012494894690807  0.00013606146196284
  0.00024618360753847  0.00029446014739694  0.00029688434084382  0.00029930853429071
  0.00030173272773760  0.00030415692118449  0.00030658111463138  0.00030900530807827
  0.00031142950152516  0.00031385369497205  0.00031627788841894  0.00031870208186583
  0.00032112627531271  0.00032355046875960  0.00032597466220649  0.00032839885565338
  0.00033082304910027  0.00033336054155708  0.00033611336757779  0.00033886619359851
  0.00034161901961922  0.00034437184563994  0.00034712467166066  0.00034987749768137
  0.00035263032370209  0.00035538314972281  0.00035813597574352  0.00036088880176424
  0.00036364162778496  0.00036639445380567  0.00036914727982639  0.00037190010584711
  0.00037465293186782  0.00037740575788854  0.00038052246143555  0.00038364847066969
  0.00038677447990384  0.00038990048913799  0.00039302649837214  0.00039615250760628
  0.00039927851684043  0.00040240452607458  0.00040553053530872  0.00040865654454287
  0.00041178255377702  0.00041490856301117  0.00041803457224531  0.00042116058147946
  0.00042428659071361  0.00042741259994775  0.00062160925248055  0.00114855981105259
  0.00212119620277766  0.00391552200580623  0.00722387070444980  0.01181433111562825
  0.01242431132500652  0.01303429153438479  0.01346303910116992  0.01377912911632666
  0.01409521913148341  0.01441130914664015  0.01472739916179689  0.01504348917695364
  0.01539927061012943  0.01575821094953544  0.01611715128894144  0.01647609162834745
  0.01683503196775345  0.01720855164053414  0.01762929682756499  0.01805004201459586
  0.01847078720162672  0.01889153238865758  0.01931227757568844  0.02528600903066552
  0.02603993382927646  0.02679385862788740  0.02754778342649834  0.02830170822510928
  0.02904530279037560  0.02978637357491019  0.03052744435944479  0.03126851514397939
  0.03200958592851399  0.04668630475330935  0.05327976490384961  0.05327976490385961
  0.05327976490386961  0.05327976490387961  0.05327976490388961  1.00000000000000000
  0.00009475414266777  0.00010354551299130  0.00010709102598260  0.00011063653897391
  0.00011490132953101  0.00011933299827710  0.00012376466702320  0.00021219527132619
  0.00023550670880534  0.00026144782068642  0.00029024438163291  0.00049771511039779
  0.00087627262970430  0.00096615003980733  0.00098744362215889  0.00100873720451045
  0.00103003078686200  0.00105132436921356  0.00107460860233378  0.00109830925793688
  0.00112200991353998  0.00114571056914308  0.00116941122474617  0.00119519965599713
  0.00122152626670105  0.00124785287740497  0.00127417948810889  0.00130050609881281
  0.00139001596591836  0.00150540201275721  0.00168919801233891  0.00297068867961738
  0.00522008313487085  0.00918608646801982  0.01243260048644413  0.01252642904206802
  0.01262025759769191  0.01271408615331580  0.01280791470893969  0.01290174326456358
  0.01299557182018747  0.01308940037581137  0.01318322893143526  0.01327705748705915
  0.01337088604268304  0.01346471459830693  0.01355854315393082  0.01365237170955471
  0.01374620026517860  0.01384578964992612  0.01395022479126886  0.01405465993261160
  0.01415909507395434  0.01426353021529709  0.01436796535663983  0.01447240049798257
  0.01457683563932531  0.01468127078066805  0.01478570592201079  0.01489014106335353
  0.01499457620469627  0.01509901134603901  0.01520344648738175  0.01530788162872449
  0.01541960836746646  0.01553584908624079  0.01565208980501511  0.01576833052378944
  0.01588457124256377  0.01600081196133810  0.01611705268011243  0.01623329339888675
  0.01634953411766108  0.01646577483643541  0.01658201555520974  0.01669825627398407
  0.01681449699275839  0.01693073771153272  0.01704697843030705  0.01927642001192624
  0.01979901027031939  0.02032160052871255  0.02084419078710571  0.02135936951471363
  0.02186293418742495  0.02236649886013628  0.02287006353284760  0.02337362820555893
  0.03383049705372403  0.04087716544665695  0.04087716544666695  0.04087716544667695
  0.04087716544668695  0.04087716544669695  0.04087716544670695  1.00000000000000000
  0.01359057029088333  0.16756792693973299  0.16846918721279924  0.16937044748586547
  0.17027170775893172  0.17117296803199797  0.17207422830506422  0.17297548857813044
  0.17387674885119669  0.17477800912426295  0.17567926939732920  0.17658052967039545
  0.17748178994346167  0.17838305021652792  0.17928431048959417  0.18018557076266042
  0.18108683103572665  0.18198809130879290  0.18288935158185915  0.18379061185492540
  0.18469187212799162  0.18559313240105788  0.18649439267412413  0.18739565294719038
  0.18853206034911138  0.18969925769057530  0.19086645503203922  0.19203365237350314
  0.19320084971496707  0.19436804705643096  0.19553524439789488  0.19670244173935880
  0.19786963908082272  0.19903683642228664  0.20020403376375057  0.20137123110521449
  0.20253842844667838  0.20370562578814230  0.20487282312960622  0.20604002047107015
  0.20720721781253407  0.21185412503189535  0.31188520067356751  0.33613856499052708
  0.33970944601693226  0.34328032704333739  0.34685120806974257  0.35042208909614775
  0.35399297012255293  0.35756385114895806  0.36113473217536318  0.36470561320176831
  0.36827649422817343  0.37184737525457856  0.37541825628098369  0.37898913730738881
  0.38256001833379394  0.38613089936019906  0.38970178038660419  0.39327266141300932
  0.39765082037782878  0.40407526256891368  0.41049970475999858  0.41692414695108349
  0.42334858914216833  0.42977303133325317  0.43619747352433796  0.44262191571542281
  0.44904635790650765  0.45547080009759250  0.51379364779226155  0.52491720212311677
  0.52931023020216317  0.53370325828120968  0.53809628636025608  0.54248931443930248
  0.54688234251834889  0.55127537059739529  0.55566839867644169  0.56006142675548809
  0.56445445483453449  0.56884748291358089  0.57324051099262729  0.57763353907167370
  0.58202656715071999  0.65360879974444974  0.75363987538612187  0.78583539443950623
  0.80395122576178868  0.82206705708407102  0.87115485802253267  0.92419728296956560
  0.93774433910159571  0.94430822151008176  0.94813800255457559  1.00000000000000000
  0.02506678899129232  0.04479601300233750  0.04792535933800826  0.05105470567367901
  0.05418405200934977  0.05731339834502053  0.06044274468069129  0.06375905740417445
  0.06743414339409559  0.07110922938401673  0.07478431537393786  0.07845940136385900
  0.08213448735378014  0.14912097478568001  0.22997692507905765  0.23447388111946016
  0.23897083715986267  0.24346779320026518  0.24796474924066769  0.25246170528107020
  0.25695866132147271  0.26145561736187523  0.26595257340227774  0.27044952944268025
  0.27494648548308281  0.27944344152348538  0.28394039756388795  0.28843735360429051
  0.31918976985343855  0.41667742153431442  0.42319359095550479  0.42970976037669512
  0.43622592979788544  0.43848543198595785  0.43971036907799049  0.44093530617002313
  0.44216024326205577  0.44338518035408842  0.44461011744612106  0.44583505453815370
  0.44705999163018634  0.44828492872221898  0.44950986581425162  0.45073480290628426
  0.45195973999831690  0.45318467709034954  0.45440961418238218  0.45563455127441482
  0.45685948836644746  0.45808442545848010  0.45930936255051275  0.46053429964254539
  0.46175923673457803  0.46298417382661067  0.46420911091864336  0.46543404801067600
  0.46665898510270865  0.46788392219474129  0.46910885928677398  0.47033379637880662
  0.47155873347083926  0.47278367056287190  0.47400860765490460  0.47523354474693724
  0.47645848183896988  0.47768341893100252  0.47890835602303516  0.48014358666421758
  0.48138156804050608  0.48261954941679458  0.48385753079308313  0.48509551216937163
  0.48633349354566013  0.48757147492194863  0.48880945629823713  0.49004743767452569
  0.49128541905081419  0.49252340042710269  0.49376138180339119  0.49499936317967969
  0.49623734455596819  0.49747532593225674  0.49871330730854524  0.49995128868483374
  0.54903972075198781  0.56284935827102089  0.57665899579005409  0.59046863330908728
  0.60495573968808281  0.67330332320746744  0.69111847578076080  0.70811616189074167
  0.80472390527640059  0.90236195263819186  0.96968782345453897  1.00000000000000000
  0.07555937369664506  0.23311805943447084  0.23706945220227493  0.24102084497007903
  0.24497223773788315  0.24892363050568725  0.25332092484684265  0.25788515865434836
  0.26244939246185406  0.26701362626935976  0.27381717943257167  0.29210929769541139
  0.31040141595825099  0.32869353422109054  0.40719866690758527  0.50616745033257882
  0.60513623375757253  0.62600529590562293  0.62726302792193744  0.62852075993825196
  0.62977849195456648  0.63103622397088099  0.63229395598719551  0.63355168800351003
  0.63480942001982454  0.63606715203613906  0.63732488405245358  0.63858261606876809
  0.63984034808508261  0.64109808010139713  0.64235581211771164  0.64361354413402616
  0.64487127615034068  0.64612900816665519  0.64738674018296982  0.64864447219928434
  0.64990220421559886  0.65115993623191337  0.65241766824822789  0.65367540026454241
  0.65493313228085703  0.65619086429717155  0.65744859631348607  0.65870632832980058
  0.65996406034611510  0.66122179236242973  0.66247952437874424  0.66373725639505876
  0.66499498841137328  0.66625272042768779  0.66751017340981300  0.66876748950274623
  0.67002480559567945  0.67128212168861268  0.67253943778154590  0.67379675387447913
  0.67505406996741235  0.67631138606034558  0.67756870215327880  0.67882601824621203
  0.68008333433914536  0.68134065043207859  0.68259796652501181  0.68385528261794504
  0.68511259871087826  0.68636991480381149  0.68891740717253758  0.70292445179666230
  0.71693149642078713  0.72963858549258076  0.73336920439801789  0.73709982330345503
  0.74083044220889216  0.74456106111432929  0.74829168001976631  0.75202229892520345
  0.75575291783064058  0.75948353673607771  0.76321415564151485  0.76694477454695198
  0.77067539345238911  0.77440601235782636  0.77813663126326349  0.78186725016870062
  0.78559786907413787  0.78932848797957500  0.82860641256267087  0.83962952055259288
  0.84624150774974416  0.85285349494689544  0.85888514770782021  0.86477297987848001
  0.87066081204913981  0.90103121657500218  0.92637771765391030  1.00000000000000000
  0.00877415935225925  0.01706584332741412  0.02922384934703377  0.06236429738424425
  0.06388553308587158  0.06527280206326065  0.06666007104064972  0.06804734001803879
  0.06943460899542786  0.07082187797281692  0.07220914695020600  0.07359641592759505
  0.07498368490498412  0.07637095388237319  0.07775822285976226  0.07914549183715133
  0.08053276081454040  0.08192002979192947  0.08330729876931854  0.08469456774670762
  0.08608183672409671  0.08746910570148579  0.08885637467887487  0.09024364365626396
  0.09163091263365304  0.09301818161104213  0.09440545058843121  0.09579271956582029
  0.09717998854320938  0.09856725752059846  0.09995452649798754  0.10134179547537663
  0.10272906445276571  0.10411633343015479  0.10550360240754386  0.10689087138493292
  0.10827814036232200  0.10966540933971106  0.11105267831710013  0.11243994729448920
  0.11382721627187826  0.11521448524926733  0.11660175422665640  0.11798902320404547
  0.11937629218143454  0.12076356115882361  0.12215083013621268  0.12353809911360175
  0.12492536809099082  0.18901845329228981  0.19312354017103209  0.19722862704977440
  0.20133371392851668  0.20543880080725899  0.20954388768600130  0.21364897456474363
  0.21775406144348597  0.22185914832222831  0.22596423520097064  0.23006932207971298
  0.23417440895845526  0.23827949583719757  0.24238458271593985  0.24648966959468216
  0.26571242209770130  0.32391468719818073  0.34399060702390816  0.36406652684963559
  0.42438707392302416  0.46178217371843311  0.46680243189153436  0.47182269006463562
  0.47684294823773687  0.48186320641083813  0.48688346458393933  0.49190372275704053
  0.49692398093014173  0.50194423910324293  0.50696449727634407  0.51198475544944533
  0.51700501362254647  0.54658196145234783  0.65503115144628798  0.76348034144022825
  0.79704521799263950  0.80431258299801545  0.81157994800339150  0.81884731300876756
  0.82611467801414362  0.83338204301951957  0.84064940802489574  0.84791677303027191
  0.86935015417918482  0.96187086677715028  0.98143878010396879  1.00000000000000000
  0.13034122784932453  0.25502694276439081  0.26005388552878167  0.26508082829317248
  0.27010777105756328  0.27572165687860095  0.28143454899332848  0.28714744110805601
  0.31267266288245338  0.39607231940499860  0.39745520616164942  0.39883809291830025
  0.40022097967495107  0.40160386643160195  0.40298675318825278  0.40436963994490360
  0.40575252670155443  0.40713541345820525  0.40851830021485608  0.40990118697150690
  0.41128407372815773  0.41266696048480861  0.41404984724145943  0.41543273399811026
  0.41681562075476108  0.41819850751141191  0.41958139426806274  0.42096428102471350
  0.42234716778136433  0.42373005453801516  0.42511294129466598  0.42649582805131681
  0.42787871480796763  0.42926160156461846  0.43064448832126923  0.43202737507792005
  0.43341026183457088  0.43479314859122170  0.43617603534787253  0.43755892210452335
  0.43894180886117418  0.44032469561782495  0.44170758237447577  0.44309046913112660
  0.44447335588777742  0.44585624264442825  0.44723912940107907  0.44862201615772990
  0.45000490291438067  0.45138778967103149  0.45277067642768232  0.45415356318433314
  0.45553644994098397  0.45691933669763479  0.45830222345428562  0.54420992721399508
  0.56132438683982044  0.57843884646564581  0.59555330609147128  0.65410432397224627
  0.66931573464391425  0.67234308592620295  0.67537043720849155  0.67839778849078025
  0.68142513977306884  0.68445249105535744  0.68747984233764614  0.69050719361993473
  0.69353454490222344  0.69656189618451203  0.69958924746680062  0.70261659874908933
  0.70564395003137792  0.70867130131366662  0.71169865259595522  0.71472600387824392
  0.71775335516053262  0.72078070644282122  0.72380805772510992  0.72683540900739863
  0.75228311543205550  0.85281788331025188  0.91804980086349042  0.92184016051267736
  0.92563052016186442  0.92942087981105148  0.93321123946023854  0.93700159910942549
  0.94030349552198478  0.94353143884764368  0.94675938217330258  0.94998732549896148
  0.95321526882462038  0.95644321215027928  0.96427351633707670  1.00000000000000000
  0.21442406972249350  0.22188306093391261  0.22943310043917337  0.24076429605855770
  0.26521008110034527  0.34745731985052514  0.42970455860070489  0.51195179735088459
  0.56362884410415082  0.56655777576787125  0.56948670743159169  0.57241563909531223
  0.57534457075903267  0.57827350242275311  0.58120243408647354  0.58413136575019409
  0.58706029741391452  0.58998922907763507  0.59291816074135550  0.59584709240507605
  0.59877602406879649  0.60170495573251703  0.60463388739623747  0.60756281905995790
  0.61049175072367845  0.61342068238739889  0.61634961405111932  0.61927854571483976
  0.62220747737856030  0.62883049806423053  0.71107773681441033  0.79332497556459014
  0.87557221431476995  0.91717511334432056  0.91819128597681254  0.91920745860930453
  0.92022363124179662  0.92123980387428861  0.92225597650678071  0.92327214913927269
  0.92428832177176468  0.92530449440425677  0.92632066703674876  0.92733683966924085
  0.92835301230173284  0.92936918493422482  0.93038535756671692  0.93140153019920890
  0.93241770283170100  0.93343387546419299  0.93445004809668497  0.93546622072917707
  0.93648239336166905  0.93749856599416104  0.93851473862665313  0.93953091125914512
  0.94054708389163721  0.94156325652412920  0.94257942915662130  0.94359560178911328
  0.94461177442160527  0.94562794705409736  0.94664411968658935  0.94766029231908133
  0.94867646495157343  0.94969263758406541  0.95070881021655751  0.95172498284904949
  0.95274115548154148  0.95375732811403358  0.95477350074652556  0.95578967337901766
  0.95680584601150964  0.95782201864400163  0.95883818966120782  0.95985435904246985
  0.96087052842373177  0.96188669780499381  0.96290286718625584  0.96391903656751787
  0.96493520594877980  0.96595137533004183  0.96696754471130386  0.96798371409256578
  0.96899988347382782  0.97001605285508985  0.97103222223635188  0.97204839161761381
  0.97306456099887584  0.97408073038013787  0.97509689976139979  0.97611306914266183
  0.97712923852392386  0.97814540790518589  0.97916157728644782  1.00000000000000000
   7.2463095325775396E-012  -1.0000000000000000     
 F F F F F F F F F F F F F F F F F F F F F F F F F F F F F F F F F F F F F F F F F F F F F F F F F F F F F F F F F F F F F F F F
  <DiscreteSampler_grid>
  grouped_processes
  1 # 1 for a reference and 2 for a running grid.
  10 # Attribute 'min_bin_probing_points' of the grid.
  1 # Attribute 'grid_mode' of the grid. 1=='default',2=='initialization'
  0.0000000000000000 # Attribute 'small_contrib_threshold' of the grid.
  0.5000000000000000 # Attribute 'damping_power' of the grid.
 # binID   n_entries weight   weight_sqr   abs_weight
    10   10   1.663275549681797E+004   2.556199576668736E+009   1.663275549681797E+004
  </DiscreteSampler_grid>
