  0.00932564931050877  0.01670990243744852  0.02752269839947894  0.03946196419965003
  0.05009438095662065  0.05897788664730887  0.06755748507656505  0.07578985142437482
  0.08527823605170569  0.09582385661671525  0.10416071540742032  0.11220184942598832
  0.12010568646575838  0.12983462494231165  0.14075158522419970  0.15267206488177079
  0.16441707065098987  0.17613819425893160  0.18800434882531386  0.20015775743775641
  0.21213252291069318  0.22332818843780289  0.23426590873714079  0.24606550471711677
  0.25952200835210182  0.27212953839744014  0.28304231100660737  0.29425617878029592
  0.30578891905484806  0.31697415438221421  0.32813383261089196  0.34080729766472406
  0.35456066237912676  0.36730670391744003  0.37883697850614073  0.38889868782083298
  0.39863485170934954  0.40841938431256170  0.41839759950881589  0.42921352504486238
  0.44167862124588081  0.45584897316350836  0.46706739138674197  0.47801279785063960
  0.48824281049374085  0.49905977700966725  0.50806050575887818  0.51680838815179975
  0.52580261109000381  0.53482126293091015  0.54339668236698280  0.55166391685635729
  0.56052002957495062  0.57139179279087460  0.58367049699323370  0.59578700037776278
  0.60671884623641803  0.61539140095873779  0.62408423123864976  0.63252210795500841
  0.64132191862461829  0.64933075337179746  0.65708481212658199  0.66459619846072382
  0.67433268224311826  0.68317747852086408  0.69529773362927394  0.70776273555091973
  0.71912398325755289  0.73066412099189859  0.74151130366662432  0.75130318521242823
  0.76096125216257371  0.76997695175543523  0.78109106778682591  0.79191023203271149
  0.80408551411864804  0.81511191151758466  0.82551849982443537  0.83516486902314746
  0.84517270153848889  0.85546614723601466  0.86565187955251743  0.87508006652781545
  0.88375116243645369  0.89267014533588784  0.90246458839013444  0.91359163769530571
  0.92508816464775578  0.93703050117594122  0.94871316967354979  0.95919992503832519
  0.96883369120997642  0.97822389381036778  0.98816144520789728  1.00000000000000000
  0.00106815021612579  0.00172258984617147  0.00208716849390357  0.00240312898525264
  0.00270346598808577  0.00297391727342400  0.00324407004827729  0.00352621724305829
  0.00382964097587840  0.00413578441500337  0.00443696725234438  0.00473034885734623
  0.00502502032060833  0.00533884228758798  0.00565113244978369  0.00595866387348309
  0.00626419926994822  0.00660704057202752  0.00695487308193833  0.00726347577374589
  0.00756562505810991  0.00790215756500770  0.00825131575880708  0.00861602329086645
  0.00905173184729757  0.00965128213076306  0.01023078706173326  0.01073566985839607
  0.01120877187647102  0.01167985663737808  0.01216382125369626  0.01265321994648089
  0.01316380312605051  0.01372509462470375  0.01432476536392302  0.01494644407342112
  0.01556796479592756  0.01618470690695800  0.01682780123475877  0.01749267363110576
  0.01818999672371230  0.01896105077435093  0.01981935145707737  0.02069082162720930
  0.02159153911417559  0.02245641772752971  0.02330199858523418  0.02431479758901574
  0.02544105567176296  0.02666939136657886  0.02790587594869532  0.02903526478250334
  0.03010441097180655  0.03117145202205810  0.03220276863191557  0.03328683962077156
  0.03442890190031488  0.03546410868126400  0.03632411203095433  0.03757365858744718
  0.03894760782595694  0.04036307138417407  0.04204815372059414  0.04362747219549932
  0.04498227714627853  0.04894671423285933  0.05339472330464752  0.05728816938548907
  0.05985350531969930  0.06272543648250579  0.06613353739727093  0.06971841217630048
  0.07355928690389016  0.07641724936302045  0.08041034231626923  0.08617594889056480
  0.08888859311942635  0.09123691915760329  0.09363105945784303  0.09596447608945559
  0.09864773685384830  0.10162949045344288  0.10493844276676156  0.10801154726772401
  0.11230895065251968  0.11802183493150131  0.12477534983193023  0.13087004699376811
  0.13499318789848447  0.13893647998654929  0.14567117055242476  0.17304259965038227
  0.20050270760528111  0.22827490488613847  0.26653603394057146  1.00000000000000000
 -0.00000206416134912  0.00000596927658490  0.00001757793289712  0.00002926496568719
  0.00003992392759885  0.00004951691703958  0.00005817621143483  0.00006685533063116
  0.00007506155135923  0.00008239399765546  0.00008965948442731  0.00009750473661608
  0.00010637510287344  0.00011594141448570  0.00012639992388459  0.00013735198159710
  0.00014706230230922  0.00015563030980819  0.00016447890934419  0.00017381869050755
  0.00018396146963858  0.00019604443218807  0.00020986338255673  0.00022459292902497
  0.00023915000701726  0.00025321900428763  0.00026733332495182  0.00028303479188761
  0.00029940811313229  0.00031811878768492  0.00033640467301306  0.00035531138900789
  0.00037609526506079  0.00039847255344282  0.00042132301615749  0.00043859887810883
  0.00046280526203178  0.00048843341623424  0.00051428565958034  0.00054193029985255
  0.00057233219352474  0.00060440157394743  0.00063728615921240  0.00067264549549002
  0.00070947601466185  0.00074647013122913  0.00078526121665592  0.00082648710608948
  0.00086937005075152  0.00091488793136383  0.00096233219192213  0.00101141605307932
  0.00106785848682509  0.00113061590617002  0.00119427085518129  0.00125574621792741
  0.00131620540860144  0.00137752461418336  0.00143987353346414  0.00150445732364562
  0.00157455399088870  0.00166031728157126  0.00175704062653729  0.00186074792159980
  0.00197480934891636  0.00208742579745207  0.00220305407749050  0.00232030884033392
  0.00244698666237292  0.00258319490749681  0.00272801407390975  0.00288344582267696
  0.00305371264588609  0.00323731750975846  0.00342358432229642  0.00364113212414123
  0.00389666606982358  0.00427859018563385  0.00458578488677759  0.00491705554220894
  0.00530079553780497  0.00572525804471727  0.00632046168311142  0.00719707883597044
  0.00835962062263127  0.00950755832233650  0.01060485510217644  0.01252361740050803
  0.01543665702371595  0.01929512604305170  0.02524288730958168  0.04494395859751245
  0.06654524856880802  0.09922111030661904  0.15712723957136884  1.00000000000000000
 -0.00261950477497300  0.01050550747169071  0.02156503668305633  0.03309739865871366
  0.04428687077602723  0.05583386134670219  0.06774148859990781  0.07997322080645901
  0.09098924098471588  0.10149897998679087  0.11159385342675293  0.12100377972278750
  0.12990185986578406  0.13971466976666477  0.14987162398604958  0.16051687394254974
  0.17173027645401062  0.18381373072751861  0.19540215970356509  0.20634598995302356
  0.21594944582440753  0.22459322513825311  0.23330289678555485  0.24151174498200459
  0.25045824838221498  0.25903872901763725  0.26759671759478793  0.27745186969038560
  0.28862496889995692  0.29893076663445334  0.30876650802865219  0.31852287142583846
  0.32783229293385890  0.33695273846033835  0.34629167239040698  0.35692116289913017
  0.36821808470144796  0.37881039617344087  0.38851622805285024  0.39804567947298680
  0.40772583228458636  0.41789774111533923  0.42940415832793793  0.44142086128059932
  0.45285870372983184  0.46312042896202699  0.47249449588249570  0.48230027003430997
  0.49273393007328603  0.50288728040673547  0.51187026997170204  0.52091524032109915
  0.53041326544205913  0.53981224973132180  0.54849064412226201  0.55715051777615399
  0.56767205597093018  0.58061609300665118  0.59439153990965854  0.60717460459990469
  0.61861752149160787  0.62931587973666592  0.63982920582219893  0.65014101630332621
  0.66068611872299254  0.67107161089680967  0.68135805962812113  0.69169813264650615
  0.70168528799307517  0.71145199046446905  0.72129150013964061  0.73091396568408817
  0.74004324831171553  0.74957143237304091  0.75987503604852968  0.77006760421619425
  0.78064018339105867  0.79235698988851511  0.80648460700060010  0.82284509101277559
  0.83984343715354437  0.85626271049100711  0.87093663104716801  0.88361036191739828
  0.89483568975907624  0.90561697125598350  0.91602537260317629  0.92565885604455267
  0.93486653960799337  0.94494728166039987  0.95545674811883663  0.96519198054521083
  0.97470879339279326  0.98354302635401214  0.99158087035385656  1.00000000000000000
 -0.00296945833688365  0.01127092097121474  0.02448207989547591  0.03775652632623872
  0.05025725093999392  0.06145792721775230  0.07223512944203930  0.08344929086935167
  0.09499206680131152  0.10744121818217113  0.11971036667467444  0.13291735825009093
  0.14648081854554795  0.15921413700191886  0.17177674960448117  0.18471836619807594
  0.19759835061198405  0.20995740663580476  0.22238944251200946  0.23371588544839669
  0.24578082388844069  0.25811480082820326  0.27000363418115270  0.28064606006257575
  0.29080707595173089  0.30016376133833261  0.31030699990250826  0.32074228598507892
  0.33175455795676106  0.34299550727858996  0.35339945144547547  0.36201127002336397
  0.36955794296217881  0.37699633423665202  0.38402951514290368  0.39124350908413807
  0.39903879044040591  0.40794848335761319  0.41750782715118395  0.42909550186919626
  0.44146567155142075  0.45261256143550788  0.46348653907312287  0.47478451484486123
  0.48656553241277312  0.49769054815182034  0.50786928236734197  0.51781256161347078
  0.52786398313272975  0.53836448958986138  0.54799630222821338  0.55836430025640515
  0.56824605428952824  0.57791417215031760  0.58716612134159973  0.59660832169859879
  0.60634053921199915  0.61574054234689624  0.62550070784292899  0.63683096915667159
  0.64854693955877074  0.65956474550883581  0.67026642824910321  0.68143145928107662
  0.69328297459415811  0.70662888713741978  0.71902866287280054  0.72827476044192108
  0.73592932857002369  0.74314448197441207  0.75135888733748346  0.75990756105416757
  0.76825191186126196  0.77775889386747354  0.78754925451487501  0.79735597650681056
  0.80843559486475958  0.82122277221802398  0.83482409335708951  0.84698504081489612
  0.85832323179798498  0.86985973236682423  0.88021998740783336  0.88974066267547325
  0.89803563408254694  0.90506533610500894  0.91240599734916361  0.92059545398139009
  0.92904369497188410  0.93732743482621439  0.94574110057032756  0.95439846790886518
  0.96398510109327706  0.97625083885186037  0.98783224617421617  1.00000000000000000
 -0.00140747663334148  0.00588404813634156  0.01317268795484249  0.01967581214202414
  0.02746185897252781  0.03549451509208452  0.04310574144779396  0.04992638750342656
  0.05633513258891669  0.06312045919572351  0.06974657021013554  0.07627938939330522
  0.08272368649927879  0.08893727285801847  0.09514406042469073  0.10148461846752201
  0.10792878505228280  0.11456564529383990  0.12180407040301305  0.12886587961409982
  0.13536235477180728  0.14134585881373257  0.14768900294813778  0.15412899573494473
  0.16057738248000195  0.16682920493200507  0.17375008139099027  0.18069631783422702
  0.18828540000471494  0.19548519080667762  0.20271621978420040  0.21012030430173076
  0.21749878624790431  0.22459537267389004  0.23160740991974196  0.23878438629475543
  0.24615205942354462  0.25363084979531453  0.26169541170019023  0.26985826273753838
  0.27790044726602398  0.28511256051407757  0.29266648619635316  0.30085105785286909
  0.30925623201436353  0.31831942927985962  0.32784900239113623  0.33695504291376338
  0.34485445634119255  0.35200328718355545  0.35931433490828796  0.36736606036517355
  0.37619899333721635  0.38510922285038818  0.39368575567763503  0.40275085057995874
  0.41187595970272817  0.42102753345802568  0.43066441228972985  0.44119302656984222
  0.45258413604386810  0.46400934892469708  0.47538725279075394  0.48668768866102824
  0.49795494644904770  0.50859393617881199  0.51925728359526657  0.53006439826192842
  0.54111578478989608  0.55250151807379666  0.56384615964215745  0.57515521516257551
  0.58632083515306588  0.59718864854949161  0.60759984750802520  0.61862344112995626
  0.62977679837775646  0.64243245228417345  0.65526413727879196  0.66806932524952256
  0.67992033815865294  0.69242215887326275  0.70623748079722470  0.72151240104883196
  0.73741398120796653  0.75270066077683162  0.76836900796122698  0.78691835536845089
  0.80739056101380602  0.82869940268606068  0.84996183259005809  0.87135331874399802
  0.89413903153121943  0.92263827393817155  0.95364030378045683  1.00000000000000000
 -0.00339712316566266  0.01199497611480920  0.02409508855931283  0.03602647734711911
  0.04693363313710312  0.05718236325710817  0.06757618107129751  0.07712927188076799
  0.08672154620117509  0.09596705174363990  0.10538744777460687  0.11753511665257417
  0.12835897249146236  0.13830036749424995  0.14769991221805184  0.15666674655744106
  0.16606041558459325  0.17517721583165108  0.18415202213808191  0.19335087127002323
  0.20323402154572953  0.21373705093637504  0.22587405929342369  0.23968025769627718
  0.25278149618643542  0.26441356945654265  0.27554622449555571  0.28585460841257532
  0.29526236558028912  0.30425063563035237  0.31367496309441112  0.32479470786514131
  0.33597766401994722  0.34733952680189717  0.35874499637552520  0.36996585184276831
  0.38044391396160188  0.39076092725872696  0.40181077399829113  0.41437405054790766
  0.42767369578538983  0.43904610826675627  0.44750219739610697  0.45695111470594313
  0.46700745826565881  0.47686692549720766  0.48621716626713235  0.49533767119621541
  0.50418039098225231  0.51466190520746546  0.52479941659144858  0.53487608199668257
  0.54587048822911977  0.55704345992070281  0.56962749036925631  0.58341912529853956
  0.59823028431655345  0.61073982167046847  0.62228344388282020  0.63134373865427940
  0.63958198229101992  0.64768541879523467  0.65603417325371938  0.66462898987993613
  0.67458492483378996  0.68618667106660713  0.69560197104219168  0.70579326401366571
  0.71571413992782984  0.72636028761236637  0.73669763063522675  0.74659107190208551
  0.75672941305115016  0.76652155972764613  0.77684199728373615  0.78866747799084180
  0.80090211765657326  0.81230313478829952  0.82338084863396377  0.83395978209316590
  0.84367482729587784  0.85344295731591380  0.86336418406091953  0.87267707848760523
  0.88213650884950057  0.89176095208994155  0.90209773051510178  0.91271426227744190
  0.92301738640576014  0.93335409560260996  0.94449937314880983  0.95717310234628794
  0.96888967576359064  0.97979513831813436  0.98955989767299213  1.00000000000000000
 -0.00159996696075162  0.00750006717039593  0.01557146360390955  0.02403445932468919
  0.03299353456984262  0.04221765896662734  0.05274270708693030  0.06445279849083570
  0.07795549942267690  0.08994329707535283  0.10069485423214318  0.11086369681410664
  0.12107380745658580  0.13049251825608474  0.13897738412861863  0.14704615624763034
  0.15600315875287471  0.16487299002113998  0.17460490732749970  0.18366832027436744
  0.19249621152780252  0.20194779473547980  0.21192837254273697  0.22497032782641133
  0.23719488732989208  0.24926424332900560  0.26092597581509680  0.27194234000955675
  0.28318468342817921  0.29578958507155811  0.30942467712373678  0.32435862773013824
  0.33918271690549379  0.35327761811939501  0.36655909566279032  0.37961943100263362
  0.39110096853991078  0.40269070613815811  0.41427843407859216  0.42387205274856687
  0.43396121141595478  0.44547560059684943  0.45734358549331527  0.46912489946571689
  0.48139691637993282  0.49459685579520934  0.50736229150068879  0.51964900799597857
  0.53149984393408678  0.54303612350104991  0.55431825835761261  0.56515108465851438
  0.57514546588215754  0.58384191963884335  0.59157564518288086  0.59961278685931607
  0.60740630338702095  0.61511882826117603  0.62307048464458825  0.63128752469603877
  0.63945864517856366  0.64732196096965700  0.65622056095087877  0.66536725283767617
  0.67563436665852328  0.68635117204225016  0.69686850239642983  0.70762029968026130
  0.71953136307254839  0.73215649481069101  0.74417726600027301  0.75522840311080119
  0.76586585130839246  0.77589817795181926  0.78550805604585150  0.79644188038667885
  0.80785934854628805  0.81883486689708940  0.82939324790765456  0.83968027634834141
  0.84982623660783119  0.85963453059548744  0.86930957199033132  0.87897747392748093
  0.88856914938350506  0.89823634879690739  0.90825781340530809  0.91850702668826723
  0.92919499782111648  0.94024139679917662  0.95101000155861981  0.96154753028447792
  0.97133538025619470  0.98067183793499479  0.99070166378360813  1.00000000000000000
 -0.01624819698673691  0.40684176303905212  0.53274559752720652  0.60515790650917534
  0.65490833216398725  0.69380910892867786  0.72508921490849387  0.75074509662589373
  0.77267861431124318  0.79166759172144485  0.80781510850613658  0.82154951600237880
  0.83332536722896122  0.84385245156780642  0.85306694430502694  0.86158013788032817
  0.86978558992175448  0.87750368827832614  0.88434521528214194  0.89067297433208759
  0.89657534246557657  0.90211592454957423  0.90744120344706891  0.91253611945976165
  0.91720599604337172  0.92111578069154632  0.92488521149865133  0.92840097700800173
  0.93170311006262085  0.93495221342697643  0.93792282767581048  0.94037476591798874
  0.94268508161462761  0.94492948732117688  0.94714965529797435  0.94930840961455587
  0.95142809259020067  0.95347803860464841  0.95548797604339308  0.95743794226537460
  0.95919312656638289  0.96064997632370330  0.96210486633151016  0.96354974466131216
  0.96480956339757351  0.96611667273232293  0.96733403333720314  0.96851338201440573
  0.96970811897172526  0.97087323470330822  0.97201892824404668  0.97315026553815542
  0.97424403893679878  0.97528344949976964  0.97630372407963151  0.97728033084217936
  0.97824437423244559  0.97915501678197481  0.97999933649064030  0.98080682290824739
  0.98157878043350422  0.98236805080663603  0.98315823441056116  0.98393010983619356
  0.98465848846602655  0.98532962096676036  0.98596862885315550  0.98659932903134229
  0.98721126923085234  0.98779398955678255  0.98834638454908597  0.98887798353505851
  0.98939917705832547  0.98991929579805660  0.99043815744576957  0.99093698831327215
  0.99142922336599681  0.99191272104324923  0.99238550381375257  0.99282495029013873
  0.99324938493614223  0.99366076755838650  0.99406393302145435  0.99446980549778374
  0.99487231666436204  0.99526005608491497  0.99563020230628407  0.99599724855572624
  0.99637110555738351  0.99673764724887737  0.99710570105609198  0.99754841381870363
  0.99800905488726199  0.99850945421176940  0.99918279243343133  1.00000000000000000
   1.5446129321823927E-011  -1.0000000000000000     
 F F F F F F F F F F F F F F F F F F F F F F F F F F F F F F F F F F F F F F F F F F F F F F F F F F F F F F F F F F F F F F F F
  <DiscreteSampler_grid>
  grouped_processes
  1 # 1 for a reference and 2 for a running grid.
  10 # Attribute 'min_bin_probing_points' of the grid.
  1 # Attribute 'grid_mode' of the grid. 1=='default',2=='initialization'
  0.0000000000000000 # Attribute 'small_contrib_threshold' of the grid.
  0.5000000000000000 # Attribute 'damping_power' of the grid.
 # binID   n_entries weight   weight_sqr   abs_weight
    10   10   3.027103242483282E-001   8.744346693118770E-001   3.027103242483282E-001
  </DiscreteSampler_grid>
