  0.00930356226652163  0.01671357134596784  0.02850409347224783  0.04236673619723966
  0.05800862736109903  0.07117810366098895  0.08182930117334754  0.09141066552298024
  0.10057724429463992  0.11020676587564170  0.12017755425342579  0.13031778841649783
  0.14053526061159935  0.15086172315536175  0.16090041558985804  0.17177637690062308
  0.18299654033403825  0.19474220670300729  0.20596008534940036  0.21581452225511991
  0.22473488497677674  0.23318760160178112  0.24205304792752735  0.25121442018302159
  0.26138002696453755  0.27110680965437711  0.28170877966794250  0.29229608660284589
  0.30284036820768689  0.31371480969001059  0.32497596450548005  0.33674490413198210
  0.34820068434944951  0.35916495626328154  0.37044745609561142  0.38285202666725082
  0.39565100799806818  0.40764353808218035  0.41873913954346453  0.42955126482669026
  0.44056324945985348  0.45058985914202426  0.46060833186393568  0.47061611223128180
  0.48063302568198318  0.49038625740362601  0.50016683459707234  0.51038379502112996
  0.52084155438783442  0.53154832918290973  0.54308716651621147  0.55423273282642360
  0.56384283303278593  0.57332664798200939  0.58257676007670067  0.59254367549113085
  0.60342034989165050  0.61402709095574926  0.62413215490536711  0.63383083696498499
  0.64301632521788077  0.65248566444066258  0.66252084238697373  0.67303448943663813
  0.68340540112959569  0.69354568443542208  0.70355855544069568  0.71396476238902817
  0.72504731325018978  0.73745896925047416  0.75002701500510127  0.76154311259294394
  0.77227798857829866  0.78256929627209382  0.79327015884279273  0.80411267924075958
  0.81429702521415637  0.82227897669521000  0.83068321991672711  0.83962741742387514
  0.84853616258625864  0.85755958507768615  0.86666078686193126  0.87500794616504773
  0.88427632692495073  0.89318120687759328  0.90158012879540195  0.90991285805217414
  0.91882529923824130  0.92814993656696088  0.93751452064798269  0.94806824590855965
  0.95944815936228522  0.97185298512054019  0.98560444905924549  1.00000000000000000
  0.00002628898928109  0.00003396047761662  0.00005315841928307  0.00007209396330195
  0.00009096553504375  0.00010990053324226  0.00013148375986559  0.00015546160907032
  0.00018082857923192  0.00021052377810685  0.00024209980960899  0.00027538960705553
  0.00031200710314058  0.00034779346776551  0.00038332051954939  0.00042028351847328
  0.00046120544870728  0.00050727291910236  0.00055632787580902  0.00060604073770707
  0.00065871030309119  0.00070918649279318  0.00075855867978283  0.00080859188461446
  0.00086455733249603  0.00092278750046369  0.00098418053686705  0.00103865507316847
  0.00109684577805922  0.00115705716941532  0.00121813104706725  0.00128401440477226
  0.00135758084914163  0.00143863682298993  0.00152663890731690  0.00161726135396881
  0.00170758909134590  0.00180003145867843  0.00190060869102441  0.00201457763369453
  0.00214820591063191  0.00229804796316234  0.00244313855530152  0.00258994934181388
  0.00274112319042021  0.00289678775713456  0.00305860719123302  0.00322379764314100
  0.00338747626495914  0.00355415189015133  0.00373103188483735  0.00393192742697810
  0.00414382634564235  0.00435243532478887  0.00456718859362391  0.00479296944847791
  0.00503016077509655  0.00528896916265494  0.00556400998538482  0.00585956866238544
  0.00620570353181394  0.00655298773365479  0.00689719270458592  0.00726325362989806
  0.00766286883863711  0.00807332893171637  0.00863656614612586  0.00926658023961918
  0.00997436806335626  0.01072038346220998  0.01146706918391522  0.01217454874723228
  0.01295216987524694  0.01368969401680643  0.01445698674825808  0.01538097741773194
  0.01650514717233823  0.01791379896812376  0.01936441207706055  0.02104192853125228
  0.02281130535157433  0.02475397615991845  0.02705447209925599  0.02970277840957240
  0.03268388507439354  0.03598782452191514  0.04009666804738684  0.04596504989115695
  0.05318702216669813  0.06150577840079467  0.07228217801102638  0.09068462819270012
  0.12013807156676379  0.18998503977302489  0.34219392528499060  1.00000000000000000
  0.00003759809278421  0.00004048698616456  0.00004270669647303  0.00004520441752864
  0.00004798823320674  0.00005127521642809  0.00005520578459270  0.00005958267001368
  0.00006446048058624  0.00007052203262122  0.00007702700527939  0.00008298723676465
  0.00008874286319601  0.00009567640172636  0.00010350497071497  0.00011059207168647
  0.00011726125468120  0.00012412319433532  0.00013072629725763  0.00013742135746505
  0.00014592304748126  0.00015499568225437  0.00016391469323936  0.00017344933240158
  0.00018289604404902  0.00019280473519711  0.00020397635582107  0.00021658846171684
  0.00023006465403407  0.00024386677797177  0.00025887314318648  0.00027527518099165
  0.00029235035101859  0.00031082592245123  0.00033199978074638  0.00035413585885820
  0.00038188469991351  0.00041607426307417  0.00045648206689655  0.00050379657406792
  0.00055430348199656  0.00060563175291630  0.00065987089214719  0.00071256490799558
  0.00077002129280153  0.00083148035918730  0.00090343012626903  0.00099168448347077
  0.00109180851465934  0.00120779810176450  0.00132671365501968  0.00145650569404670
  0.00159698685916526  0.00173428157167672  0.00188259371634862  0.00203344485526367
  0.00220606664643803  0.00238707265260168  0.00256728144937813  0.00274348320195111
  0.00292883746938528  0.00313451697830449  0.00336439411320111  0.00362474864766565
  0.00392456251826228  0.00427852441399852  0.00468991065368718  0.00514363078492302
  0.00562975418243159  0.00613546957001468  0.00665653169646251  0.00721444887233453
  0.00786393195920543  0.00863585450528202  0.00957919124861641  0.01067140161231783
  0.01179912298790151  0.01299386988894416  0.01437216043202511  0.01587089016635294
  0.01747745875383507  0.01910010588348333  0.02102018445192040  0.02339730876085245
  0.02627598678326037  0.02974069072761099  0.03431025627546410  0.03956113095036336
  0.04529593632826586  0.05261630269668512  0.06258033537629837  0.07459828109688880
  0.08799061928903433  0.10463181903901203  0.12926854959806389  1.00000000000000000
 -0.00297839476715410  0.01126730327546220  0.02329768636764137  0.03517415823182826
  0.04616110890091738  0.05647816295659207  0.06695570470646175  0.07755687723762723
  0.08776441390793287  0.09723747523516504  0.10665458405953247  0.11635369669273765
  0.12573723297180639  0.13485311370568662  0.14400511405364078  0.15348712283180668
  0.16325591418452959  0.17262756068625038  0.18183038792586914  0.19074333007884045
  0.19942428444116078  0.20791959572258517  0.21775095509081940  0.22817515878456149
  0.23902101568529721  0.25004815496957661  0.26213290777268983  0.27541121764466514
  0.28857477396840225  0.30128196267482932  0.31356711940817689  0.32583479472406413
  0.33841968578001180  0.34938290793360732  0.35964588659445107  0.36970437929121042
  0.37966285684127998  0.38963132498808911  0.40047276704759549  0.41210459824077372
  0.42313160140312445  0.43463316431368809  0.44637077958369420  0.45980230422659191
  0.47119153428268207  0.48188569896828820  0.49304191133729947  0.50336739829954669
  0.51349978181996814  0.52245080891076912  0.53101859592657408  0.53971121615494222
  0.54810968610429589  0.55708671484879557  0.56666176955147718  0.57782050331712209
  0.58914251842542809  0.60052392680224032  0.61283368636326230  0.62529824516634913
  0.63697949516718466  0.64759666939891292  0.65799750799911005  0.66908931764018575
  0.68134990598120693  0.69466885916327370  0.70742335031332970  0.71976731421064744
  0.73046519681624311  0.73836410886883963  0.74677288515404250  0.75502890462728434
  0.76413886604820236  0.77272441887340526  0.78169874530619443  0.79057205511817552
  0.80047383726810661  0.81122416644147721  0.82166954734075703  0.83225659683387410
  0.84218571244216911  0.85161619804115984  0.86104856323572321  0.87126927619605721
  0.88127879098407269  0.89025675516939562  0.89930902388344947  0.90907390992394044
  0.91876396419015760  0.92794212222312045  0.93655314456400252  0.94567170912664644
  0.95632227599900732  0.96883623928477036  0.98381735893640643  1.00000000000000000
 -0.00313762733982511  0.01051569397858582  0.02242658240633817  0.03377857074660061
  0.04517072540196171  0.05676696059762533  0.06798409351559136  0.07862617279678022
  0.08883392432042184  0.09874382101283913  0.10863039573232401  0.11862182873720575
  0.12840495125326482  0.13800425982357475  0.14750368591910451  0.15720621177678290
  0.16715716959362645  0.17675029657730007  0.18757438552575320  0.19900266080640427
  0.21056104998375286  0.22179131208757216  0.23290076248504307  0.24450576605847443
  0.25611099216939948  0.26712312980911801  0.27855429396609571  0.28740820874084877
  0.29706198781829796  0.30622695933347271  0.31583223892972373  0.32617465982374211
  0.33698063447599541  0.34735254488166073  0.35712386355060760  0.36700153884185260
  0.37704062408403083  0.38737053638618246  0.39755319218628171  0.40814871452028478
  0.41904415984874988  0.43025490287920126  0.44123437735618554  0.45225026216974895
  0.46226452392635631  0.47235165642593030  0.48294569279584987  0.49401957795735468
  0.50414037340170204  0.51468471236267244  0.52600004624701058  0.53785002185820363
  0.54853355995610587  0.55822070266436907  0.56791219273774418  0.57798783319441494
  0.58882363776451030  0.59993311525688842  0.61006986725440115  0.61967064918717252
  0.62935097371063964  0.63920126961164592  0.64935891779487853  0.65887175857167379
  0.66849584110899563  0.67851042391291250  0.68906786474592319  0.70087891345900899
  0.71292168887975760  0.72455182292938958  0.73608163949242200  0.74778232340362338
  0.75744709340833805  0.76662243208382685  0.77662916114876523  0.78694147021924254
  0.79682926520916242  0.80646554458950082  0.81697220042247776  0.82857240846928304
  0.83966107109146892  0.84988485227237998  0.85992581812691060  0.87019059333394255
  0.88128296064642186  0.89329824573905869  0.90642902728286090  0.91764908783427801
  0.92739161639205359  0.93680877345165914  0.94723611350406578  0.95793737901284315
  0.96816785471327638  0.97755934144967349  0.98787462732919351  1.00000000000000000
 -0.00208566956176814  0.01054977220979545  0.02061794079435055  0.02983524468131671
  0.03927936355338295  0.04791031760888531  0.05659204576638405  0.06548960452608389
  0.07523478377538995  0.08531615769319040  0.09477702502202789  0.10331717970392226
  0.11200328672386121  0.12088440460529455  0.13084089087192854  0.14157647045451571
  0.15279088113757713  0.16443150974943349  0.17728660455634584  0.18954835904238362
  0.19972615665367416  0.20935539620187130  0.21906270759169358  0.22890856738335763
  0.23871874213890604  0.24766451618809018  0.25692978842880115  0.26606722936642396
  0.27619527616798900  0.28681463749440206  0.29750577485921809  0.30902116904180155
  0.32169477554736098  0.33381962346754895  0.34498871209461179  0.35572844976908735
  0.36690405406516202  0.38015768110968262  0.39176438000821873  0.40303396474572817
  0.41378089714324179  0.42474513894142252  0.43461943977182482  0.44617764947725314
  0.45776499763116762  0.46942965508739265  0.48042660110191360  0.49077645131670106
  0.50189919064175159  0.51239160767531933  0.52312389708341200  0.53345470759073532
  0.54482428048973985  0.55719304296215499  0.57026413743184967  0.58271354457266866
  0.59400988277200018  0.60474015316911200  0.61563037831828671  0.62658864845977036
  0.63749977015937498  0.64870079961872906  0.66010871744153210  0.67078159003132110
  0.68111240906585646  0.69147307949591930  0.70232022192740673  0.71455397190643333
  0.72740808133373647  0.74097649427973422  0.75312935925589453  0.76342104109300157
  0.77325889002655124  0.78222655937916996  0.79227282192636661  0.80183594910325706
  0.81053019077187705  0.81889784864739046  0.82781895608573997  0.83741623258703146
  0.84887027460538000  0.86030697107928933  0.87233836697810674  0.88260197042540933
  0.89231297555524181  0.90206662444175278  0.91193993066162427  0.92192789236509853
  0.93139585791132939  0.94061405692693856  0.94987264871504218  0.95961392811372070
  0.96974088984916618  0.98009646252966476  0.99004430871364280  1.00000000000000000
  0.01051165535427238  0.01384453574582927  0.01843034835956796  0.02212743960040126
  0.02564389790380205  0.02908110808225394  0.03248770479901295  0.03590829638786892
  0.03923300437977870  0.04232955547655246  0.04517935600199029  0.04783449236677592
  0.05049934077699469  0.05318865885383874  0.05591169495108839  0.05870691060581969
  0.06148560023931445  0.06419287000870962  0.06689079744198166  0.06970316653743745
  0.07272840927530967  0.07586906566610573  0.07903404232656615  0.08202429523625789
  0.08480943778096228  0.08753203134508244  0.09024194522099141  0.09288879310936192
  0.09550363978991482  0.09830988747307592  0.10112642110253824  0.10393528469373131
  0.10678867956436744  0.10975752743956811  0.11293652014452378  0.11611832879558084
  0.11916486318718972  0.12218801013365585  0.12521506877365457  0.12830208017327382
  0.13159029033049804  0.13471025645175838  0.13759653577699119  0.14036987246212246
  0.14321669406861784  0.14628459385090456  0.14939721758502328  0.15242605091586417
  0.15554118336246953  0.15865455239888676  0.16194032574469983  0.16513287846422470
  0.16840850798356044  0.17156980270457309  0.17473489928792171  0.17788282248279746
  0.18095868539290705  0.18388995984838688  0.18668118281347595  0.18937303523396981
  0.19213067708932699  0.19526918029043180  0.19863284704078590  0.20205659404941653
  0.20534104754470689  0.20919860611379568  0.21364646769020731  0.21828617819857643
  0.22262383443410161  0.22830875479121471  0.23607077613762492  0.24218804485445258
  0.24757478165852137  0.25580530913048805  0.26835985209943475  0.27870941927650306
  0.28825288505964508  0.29639908032073953  0.30381757078180549  0.31040806851070157
  0.31751735078240351  0.32528480632905399  0.33225055226664862  0.33841797325641837
  0.34345680880818719  0.34775376364535648  0.35228291898801734  0.35587349199527879
  0.37820360267809611  0.43048723826176255  0.47349665020794651  0.50282892009706504
  0.51485272735862719  0.52540978852656539  0.54014982249583299  1.00000000000000000
 -0.00183177600920639  0.00627233423871202  0.01408992204517119  0.02182117708863690
  0.02960936689502313  0.03722116246922606  0.04521422551758318  0.05282291059725985
  0.06042477672915279  0.06770431273078435  0.07515653394059181  0.08311581414691514
  0.09147479676827731  0.09998415266522540  0.10818275762840210  0.11589967986141353
  0.12343736111703511  0.13117936720114082  0.13892621580087999  0.14707034805771826
  0.15521795585730139  0.16342931339940525  0.17164038249462030  0.18023958194235160
  0.18927435346151930  0.19979370356789375  0.21062194976606574  0.22217333206692386
  0.23351856672523988  0.24454879414563546  0.25570998308136650  0.26795743461817978
  0.28219040973255877  0.29632608188765519  0.30868412911156884  0.32115087062184644
  0.33442879158090949  0.34731912378395446  0.36118845326504817  0.37683800999430889
  0.39405737550696768  0.41189469786682775  0.43028544583618278  0.44833183300949997
  0.46653875383465826  0.48618994317115738  0.50569082144522970  0.52508558595154764
  0.54435688897844925  0.56348105260469006  0.58133903504451079  0.59800681982882242
  0.61209510964024938  0.62531856663349927  0.63858922190104872  0.65139748818799958
  0.66353469842691615  0.67564730536438145  0.68814185910991432  0.69975045545414061
  0.71088044789893401  0.72247761978499236  0.73310680066889344  0.74315918335880793
  0.75309444937595260  0.76327835087399465  0.77337160316252285  0.78288052401710728
  0.79162118548394400  0.80019838363031925  0.80903114727817893  0.81800848037000617
  0.82695088528572869  0.83491263672519689  0.84187928075290841  0.84895565862269251
  0.85653120052650766  0.86444147284604278  0.87182902792254779  0.87906308633139385
  0.88661898144291229  0.89487365793862239  0.90263807882864822  0.91092875612654889
  0.91840806697840571  0.92632866913429424  0.93451917429753883  0.94249460359434001
  0.94994886255422639  0.95714493528103139  0.96388760362444137  0.97047687156324625
  0.97710032497370736  0.98475990636991917  0.99225218333544640  1.00000000000000000
  0.00753908924144717  0.26733049215865518  0.36916376134310114  0.43629968671101454
  0.48904530148751751  0.53113755274935304  0.56618688261632177  0.59548219027030802
  0.62053932898362063  0.64177464687116925  0.65956062125331028  0.67652200599205226
  0.69190437486327105  0.70598474452212356  0.71964823225303098  0.73255066187020146
  0.74408579475021797  0.75490758172283989  0.76482872426035831  0.77421473442751032
  0.78344314826661332  0.79232736351158739  0.80063702906936218  0.80821860018679825
  0.81539415076295518  0.82191706900881822  0.82840219916338365  0.83459839591126295
  0.84026490441866086  0.84605559953389975  0.85179621836593777  0.85698107180061767
  0.86150323694160358  0.86584334462185186  0.87006110228346734  0.87424354873704002
  0.87829385377254521  0.88223864069117164  0.88574972856970891  0.88928046509565772
  0.89270799625685127  0.89593986670116188  0.89878914724534942  0.90156136922816732
  0.90432043365415993  0.90708912194405178  0.90983907268807496  0.91245827743709795
  0.91523685755818307  0.91755442287406652  0.91973063142363176  0.92191019845175637
  0.92410397829012936  0.92630372786967008  0.92847617956869899  0.93058755912489743
  0.93269351299125403  0.93471076109969187  0.93670776604644024  0.93860526093109442
  0.94035010811933162  0.94196930857662220  0.94357434411376051  0.94519482242333985
  0.94685168026929267  0.94833195679820137  0.94975690775277888  0.95121807232731570
  0.95272831093555710  0.95424341164725979  0.95572583747493545  0.95735824059833918
  0.95898747971455500  0.96060941192155525  0.96217187968982332  0.96357642557550360
  0.96505669883695799  0.96650309081828534  0.96793904856316115  0.96941033619922434
  0.97095886121319652  0.97254197508722262  0.97411430332529092  0.97562370165714529
  0.97704448610579553  0.97840192707606943  0.97971369603534875  0.98103265786606242
  0.98240237281517884  0.98380100518161484  0.98536296908524634  0.98692045295078734
  0.98894066285874327  0.99142133515695285  0.99477832171349223  1.00000000000000000
   1.2874959817260988E-027  -1.0000000000000000     
 F F F F F F F F F F F F F F F F F F F F F F F F F F F F F F F F F F F F F F F F F F F F F F F F F F F F F F F F F F F F F F F F
  <DiscreteSampler_grid>
  grouped_processes
  1 # 1 for a reference and 2 for a running grid.
  10 # Attribute 'min_bin_probing_points' of the grid.
  1 # Attribute 'grid_mode' of the grid. 1=='default',2=='initialization'
  0.0000000000000000 # Attribute 'small_contrib_threshold' of the grid.
  0.5000000000000000 # Attribute 'damping_power' of the grid.
 # binID   n_entries weight   weight_sqr   abs_weight
    10   10   1.824948466318746E-015   9.856809821348761E-030   1.824948466318746E-015
  </DiscreteSampler_grid>
