  0.00993182923442629  0.01492321914953144  0.02220806167201191  0.02943475920169343
  0.03709586798140336  0.04561627138930462  0.05446788185049453  0.06329954930353521
  0.07162544522437948  0.08005111091182483  0.08979851650948290  0.10052174906519670
  0.11084087849695945  0.12128729278175840  0.13200070728874233  0.14328786864939738
  0.15448568882314034  0.16639792043396964  0.17773777659258183  0.18845529202589897
  0.19749297249984119  0.20675194469484776  0.21597138377463881  0.22462292548120258
  0.23382746297467163  0.24401795493269793  0.25594815566683043  0.26962792394079116
  0.28265808324058916  0.29488739619482524  0.30647426218907842  0.31858841225244061
  0.33076997323815205  0.34213985930072960  0.35341601910189074  0.36401047214178284
  0.37463629067395166  0.38609182358983635  0.39704829261551722  0.40721739495700332
  0.41713892699762667  0.42702874396673424  0.43760961339304755  0.44763567764763934
  0.45723414307621502  0.46744289354014024  0.47781575427952661  0.48736086489964547
  0.49681354687255458  0.50637077126587104  0.51579400652264529  0.52493593522721871
  0.53393632813494152  0.54426520067449968  0.55621487687582283  0.56704198598356481
  0.57778695134318225  0.58865625067208116  0.60017520164730842  0.61148963781653465
  0.62252208976827894  0.63340999493923433  0.64393672025409587  0.65500573815121543
  0.66637239819814775  0.67780304451053652  0.68870335883700262  0.69938494700153997
  0.70943633292193597  0.71941960881309142  0.72950974020932113  0.74093345059000559
  0.75229410266451779  0.76280618318586990  0.77278085436197785  0.78243130481182266
  0.79215639728307452  0.80247145045044244  0.81283504936488593  0.82331552851645795
  0.83356512307485253  0.84365492108813667  0.85411343764577952  0.86435601920907501
  0.87438879136750947  0.88455030567280635  0.89478345252461200  0.90632658127831056
  0.91768189393486932  0.92914000350275805  0.94058893515241282  0.95121393141243482
  0.96293946410706999  0.97392437889740879  0.98646435235626195  1.00000000000000000
  0.00000258010809806  0.00000336104397517  0.00000508549381343  0.00000718066137407
  0.00000975239632092  0.00001300295226658  0.00001654673827668  0.00002009946094736
  0.00002423553923205  0.00002865765128199  0.00003348132523762  0.00003852478168995
  0.00004380134822844  0.00004892583250337  0.00005408683528236  0.00005965129449426
  0.00006605190063556  0.00007390451021386  0.00008215505966026  0.00009017741783102
  0.00009805158701696  0.00010652092239308  0.00011502742741943  0.00012395719559399
  0.00013225986788617  0.00014076951869413  0.00014965401907565  0.00015965992256710
  0.00017010864276722  0.00018073661057842  0.00019182831835991  0.00020316949051011
  0.00021522487909596  0.00023067121532896  0.00024757788788079  0.00026354238447369
  0.00027847872808563  0.00029312411663130  0.00030800009115969  0.00032338024536987
  0.00033918092682004  0.00035584300364347  0.00037276054420319  0.00039112638450615
  0.00041077666282301  0.00043154762550542  0.00045497047604712  0.00048048283384483
  0.00050815985271853  0.00053795670845926  0.00056871247323987  0.00059982995326846
  0.00063048306551068  0.00066129755410153  0.00069327380741287  0.00072631228235457
  0.00075956263862913  0.00079489338749680  0.00083242209244872  0.00087400872741248
  0.00092011504891297  0.00096520815168854  0.00101447806150346  0.00106575553601122
  0.00111834009190227  0.00117724636195648  0.00124484527282720  0.00131531286358821
  0.00138983002268375  0.00146846240139957  0.00155403922775186  0.00165719945598416
  0.00176403886321359  0.00187028239402596  0.00197722825549644  0.00208525377603977
  0.00222118122990373  0.00237834618596422  0.00255092056355684  0.00273267445154828
  0.00293380641262635  0.00316692702722701  0.00342363405050027  0.00372186367012154
  0.00407247369141862  0.00449226386494644  0.00502097033279676  0.00572851246018270
  0.00662098895451750  0.00777356554013117  0.00929319555272888  0.01206337006383627
  0.01833353663443559  0.03142493586816656  0.13751167576367693  1.00000000000000000
 -0.00000152550656699  0.00000437344666589  0.00001214577394590  0.00001984916571280
  0.00002731442838695  0.00003488710669231  0.00004230202268732  0.00004936801556350
  0.00005583770619345  0.00006236823436327  0.00006895201324791  0.00007596840773642
  0.00008324238706037  0.00009063845544257  0.00009806111679354  0.00010541042831431
  0.00011278259547334  0.00012024243580489  0.00012761684227866  0.00013476500485030
  0.00014257473212589  0.00015004792780372  0.00015767278452939  0.00016516362342461
  0.00017337771744173  0.00018305544742772  0.00019421478238563  0.00020610907456229
  0.00021822104285691  0.00023022575996941  0.00024147139547199  0.00025212998075876
  0.00026418337065025  0.00027716578341448  0.00029014514976925  0.00030358473497651
  0.00031699689262602  0.00033292275558635  0.00035031069233809  0.00036879061382076
  0.00038784340195385  0.00040729791060555  0.00043179585584023  0.00045578060961929
  0.00048083022918157  0.00050688177457065  0.00053331760984691  0.00055977166826042
  0.00058713907215475  0.00061481004334245  0.00064289055917963  0.00067159893412874
  0.00070070270491757  0.00072976475952091  0.00076082967580500  0.00079426348688181
  0.00082878692614466  0.00086526571251374  0.00090484514478428  0.00094788227902731
  0.00099311474373396  0.00104240661045196  0.00109171758874621  0.00114236073988628
  0.00119704384025893  0.00124904059444149  0.00131059144759359  0.00137827684606125
  0.00145391048366774  0.00153305399180435  0.00161746644707074  0.00170828710641285
  0.00180686564142785  0.00190628398659382  0.00201410486415898  0.00212366086115021
  0.00224566243754555  0.00238960746497773  0.00256947640460442  0.00276957815385054
  0.00297437926484442  0.00321607743282170  0.00353163744401912  0.00396633193679771
  0.00455901347271311  0.00524185792922747  0.00596663636450823  0.00688538411322174
  0.00805562469347559  0.00960293982296980  0.01137547841738602  0.01378436783675605
  0.01808496963511882  0.02743131058452093  0.10246197838953139  1.00000000000000000
 -0.00249572379908887  0.00998950592574897  0.01909273159257807  0.02876433326293409
  0.03871504879544765  0.04939265454278566  0.06043735069907153  0.07281610951546735
  0.08550974439453313  0.09651797209488611  0.10670170203007796  0.11746846749557842
  0.12856065144106249  0.13918331448929705  0.14851657738078741  0.15766099089330277
  0.16746292602735105  0.17692351097105852  0.18595260656553006  0.19489964957598582
  0.20496909812209591  0.21775099824188440  0.23079628523050505  0.24271570407295279
  0.25378028359636934  0.26364932645970091  0.27367020087203969  0.28393266966582059
  0.29484412442915064  0.30535041868371143  0.31596738417737180  0.32754927736307288
  0.34028197077801975  0.35287000005828462  0.36417317187554837  0.37422974439461199
  0.38376895385552262  0.39293165941500674  0.40274364612132496  0.41355575734320627
  0.42441406633578460  0.43457392584648585  0.44431335612600581  0.45391585437703019
  0.46353768137035017  0.47296265293997142  0.48272218974460418  0.49322457155277527
  0.50312050479983916  0.51237646133974502  0.52136194477691111  0.53099681161882184
  0.54161089813343422  0.55305267483918241  0.56490022674559159  0.57672221545133617
  0.58765831452614437  0.59795979154407064  0.60831053741085617  0.61784497354979129
  0.62703374864534478  0.63631665096067613  0.64597293557776647  0.65634817149095648
  0.66685289550891769  0.67753561821479813  0.68976933836421017  0.70184531482140788
  0.71381279135720854  0.72497516705574760  0.73544464072136018  0.74578464205403605
  0.75613932645573001  0.76718261109963048  0.77831287143252270  0.78882875203204972
  0.79868535224432280  0.80826944295752468  0.81716809935324730  0.82513763738389800
  0.83398164075268866  0.84443560704755594  0.85512549590943721  0.86493435710967403
  0.87454003434091543  0.88529638206176786  0.89585357751129913  0.90645117195502667
  0.91877777423846052  0.93200429334792578  0.94441678530176043  0.95591890257620482
  0.96693752443242909  0.97788763110151034  0.98904398588991038  1.00000000000000000
 -0.00217529029921464  0.00846826495044893  0.01845347322351778  0.02829886317790659
  0.03823316520996708  0.04822647380860511  0.05830880170345631  0.06823551971153442
  0.07866085070013518  0.08986121710541124  0.10157308457738305  0.11118064468306582
  0.12047713163842096  0.13013376240802768  0.14103175898074644  0.15219662177004337
  0.16292511764797429  0.17383741054358409  0.18459903055051899  0.19513034893682615
  0.20578979240783318  0.21718399765697563  0.22904053207633077  0.23974708200921910
  0.24957041601211272  0.25907846020969411  0.26925781765974299  0.28009453433743314
  0.29143476316168715  0.30213122422867311  0.31345265872054573  0.32642480336097424
  0.33790775822692648  0.34783192895072512  0.35685731498059664  0.36709777437731461
  0.37671709493304317  0.38624766215899514  0.39673183367022841  0.40877759440455608
  0.42002576690232135  0.42994523307716453  0.43995668890095524  0.44952337353497035
  0.45861236906659941  0.46777528582826450  0.47782348749168685  0.48904663856013092
  0.50029273189302981  0.51099968045918143  0.52122205229139784  0.53147439753889458
  0.54259128711777649  0.55498540015244269  0.56773872775344336  0.58013759176226665
  0.59084717285223420  0.60102380923283449  0.61051502968625571  0.62064229194368448
  0.63024183056223237  0.63984233017534642  0.65053657338973303  0.66237490908056906
  0.67232236692665304  0.68098486073497444  0.68972152083850002  0.69803316854975372
  0.70653961515381014  0.71579747862110410  0.72616540999972490  0.73743106538953007
  0.74757571437972836  0.75776477506206863  0.76820448428359689  0.77912088527182211
  0.79074197756809383  0.80228822266616484  0.81392889555012293  0.82426218946677543
  0.83506888287003389  0.84494050484583794  0.85434047396468882  0.86335905814047231
  0.87238985254281287  0.88329087409014728  0.89531431194758448  0.90858473990221633
  0.92162577828983183  0.93420884719452391  0.94630064946064540  0.95724452106726643
  0.96778310144880630  0.97827059683760220  0.98889152471657116  1.00000000000000000
 -0.00191955688571189  0.00894850530195043  0.01742633652145167  0.02653814698613323
  0.03602058124629254  0.04529054030569576  0.05448199347005498  0.06504084780506544
  0.07833825054852329  0.09232049734560398  0.10484989104369251  0.11582300935947523
  0.12676717998769943  0.13798788844715970  0.14960783916006612  0.16165112544162408
  0.17334775778137329  0.18623343592770805  0.19730447294409514  0.20816598485104548
  0.21794261721308911  0.22783697713982437  0.23827946576660727  0.24890269828509304
  0.25900721362251089  0.26818412521068447  0.27826197615245774  0.28823002635760031
  0.29949535935799121  0.31072044952829980  0.32301951011542890  0.33391429961261798
  0.34438336098258787  0.35427181003837566  0.36454971334591091  0.37483953243124346
  0.38477572200653976  0.39471980519862104  0.40373760072094222  0.41386052596211653
  0.42620384356824487  0.43866967247891714  0.44958263826893685  0.46004325609893709
  0.47149977798920856  0.48207660104961181  0.49179871552051230  0.50150076895480766
  0.51162671779262492  0.52232419051744983  0.53254455206107887  0.54318034867742293
  0.55287031649059015  0.56185653837842542  0.57044082041631738  0.57888973884647210
  0.58829916252754422  0.59778760642505124  0.60762620183575899  0.61765196233208763
  0.62707243765771337  0.63799530921698366  0.64847008979631238  0.65892890397181803
  0.67018040065509599  0.68211538601570976  0.69276790362440543  0.70173849774825359
  0.71106293619232108  0.72098090939039439  0.73106926987066512  0.74110774457069950
  0.75140297447033111  0.76181902551019054  0.77306081596944409  0.78457508902620321
  0.79612434898375462  0.80690256881224831  0.81747963191950146  0.82844777009098247
  0.83902400086008866  0.84898085992924077  0.85863825694972828  0.86838766236226683
  0.87805688813366423  0.88726361696930467  0.89616311104055035  0.90664981005750056
  0.91885410570805182  0.93141503216751442  0.94335567807116738  0.95451337793484992
  0.96508635196899606  0.97606366052978710  0.98712806227518957  1.00000000000000000
  0.00088408030757327  0.00147980056335674  0.00256463202631525  0.00339034443919106
  0.00413926635005830  0.00484674719120239  0.00553032654871120  0.00620650088214329
  0.00688395337799173  0.00758239429612923  0.00827999633476002  0.00897915122311682
  0.00968599750911762  0.01039247470392252  0.01113257408414795  0.01189546786968839
  0.01267316137080736  0.01343761794305411  0.01419378322767238  0.01501544411385564
  0.01588986372492583  0.01674239765121257  0.01762244811326077  0.01851795093066134
  0.01938070951072321  0.02019243290392977  0.02095825151030086  0.02170823251050134
  0.02246526551600519  0.02325287660490368  0.02408829901963422  0.02495561084327701
  0.02583180782908313  0.02673625144197395  0.02774319157984348  0.02875551739893591
  0.02975425338819759  0.03072644440039158  0.03165819258152525  0.03255552401147143
  0.03350076510491638  0.03450724191645617  0.03555939267783072  0.03665777082346783
  0.03763575647951373  0.03845554000084402  0.03924109945801559  0.04001589571479822
  0.04076499910132811  0.04165066284438033  0.04259186247810470  0.04360183861569024
  0.04460590940772804  0.04566732395122138  0.04684560915765679  0.04823292456097793
  0.04965806629985813  0.05103779164789026  0.05242333175192260  0.05372174935411803
  0.05492620298337793  0.05607978775900616  0.05715996492249480  0.05853526383861328
  0.05984305932777557  0.06115717707245120  0.06256854021381064  0.06439516310859400
  0.06629134021860028  0.06797338812512750  0.06958693662422577  0.07130480346950369
  0.07306912309990483  0.07459598957272549  0.07607216473677822  0.07760524627130104
  0.07949717751402796  0.08160667158817614  0.08366449495203668  0.08562546117969844
  0.08756293316002098  0.08965942986764806  0.09269258573389033  0.09624649640767884
  0.09908948828520486  0.10186078520422451  0.10476251596359989  0.10755465796057713
  0.11104147327990457  0.11708304815017401  0.12051501225168744  0.12646906568273436
  0.15403382582156949  0.22225015397308995  0.29744165512975657  1.00000000000000000
 -0.00242869794266397  0.01173906948256066  0.02388233450579586  0.03752894311511609
  0.05279502723651665  0.06802125670964654  0.08179282386271236  0.09496451376569975
  0.10775880017215958  0.12044498424555176  0.13431927587903023  0.14781584335892922
  0.16002236431026162  0.17175510960158277  0.18361409970015818  0.19482537074044626
  0.20602051718473696  0.21720876081639984  0.22875079786822783  0.23917192155122474
  0.24936380245660700  0.25916583368812024  0.27025466157274425  0.28299939045656552
  0.29609126386677614  0.30822735477758539  0.31951718992767392  0.32977160594276173
  0.33871255437008924  0.34668875562681750  0.35485952201060555  0.36297567873889119
  0.37126056443949262  0.37935368807781011  0.38762074237369332  0.39622255787304145
  0.40411458230489272  0.41255926562022888  0.42121717408324216  0.43045126838256909
  0.43926861151180807  0.44903577310382098  0.45847727404296801  0.46663593296176259
  0.47562770561108586  0.48440459125391438  0.49282042020052935  0.50108399442863338
  0.50894778617836811  0.51671387601455043  0.52525818278206537  0.53482058257832743
  0.54474464704563308  0.55424970259060158  0.56422642914110066  0.57444711693371753
  0.58485024874722868  0.59479122339793322  0.60415730073271678  0.61234590966863944
  0.62076069914481757  0.62906112664789071  0.63687964077581605  0.64441280312362192
  0.65225629184347855  0.66124293711263915  0.67025782717959115  0.67982532256842565
  0.68876517132971760  0.69891479759012776  0.70950031708113304  0.72097872665848017
  0.73202368252901551  0.74184360416904038  0.75095417547909715  0.75997253067539239
  0.76945741825334402  0.77833498894108066  0.78735591022770302  0.79690416435864797
  0.80725476010935771  0.81793127126624465  0.82833567058484425  0.84043617781843671
  0.85424225634814932  0.86761566864905926  0.88035748721252904  0.89260236581244734
  0.90525708616325540  0.91890199129737016  0.93424342241152014  0.94995317692734549
  0.96463477708674250  0.97773719104410584  0.98918800279384833  1.00000000000000000
 -0.01716940044207716  0.33035152193872097  0.43719271625138739  0.50849803191822374
  0.55685825260355881  0.59425574503406342  0.62509264455680913  0.65195536061949144
  0.67513432623467529  0.69464529433450128  0.71242781984205961  0.72855779913663965
  0.74253227947915224  0.75567728710186288  0.76767891710344283  0.77850168445276891
  0.78862558945925487  0.79819267421840745  0.80713057064625604  0.81536618101577207
  0.82321488519324093  0.83056969178772844  0.83702293410107842  0.84260812257987983
  0.84788675416423376  0.85319896524515793  0.85805694453280734  0.86283125486637025
  0.86760016707217791  0.87233777965647097  0.87673768332584978  0.88064114072099398
  0.88440424354740665  0.88805483438161481  0.89174420810501542  0.89539370625092607
  0.89892683122631400  0.90226456562557555  0.90552763960110072  0.90869913027021465
  0.91166203581289640  0.91455320018010089  0.91730408644439743  0.91978518796410336
  0.92219740128396610  0.92465260143473704  0.92713111131418957  0.92970435005219088
  0.93222141337247733  0.93461625701395901  0.93692598653896553  0.93907959137264341
  0.94096472795985298  0.94287327342126048  0.94464381311179491  0.94627738410758788
  0.94794831248774725  0.94955070110388962  0.95114587484526025  0.95276795443026385
  0.95438589609220570  0.95597663937610089  0.95754746477357033  0.95906657547720053
  0.96047984552370957  0.96179509063444946  0.96315560257994692  0.96447894364353914
  0.96575962403552418  0.96708989015103564  0.96845391701612338  0.96977870673990785
  0.97102627142621400  0.97223057028325033  0.97348223010735824  0.97468001530102100
  0.97584159897898171  0.97697530391304577  0.97809738779120892  0.97924549036717923
  0.98029923196285096  0.98131847962899654  0.98235586959232013  0.98345923312958605
  0.98457999915470906  0.98571665510244533  0.98687649042874503  0.98805432557562245
  0.98919509373090719  0.99037162856756433  0.99154736227323981  0.99275623148504155
  0.99403833884476400  0.99540182325080973  0.99729860351010335  1.00000000000000000
   5.1287873377409676E-008  -1.0000000000000000     
 F F F F F F F F F F F F F F F F F F F F F F F F F F F F F F F F F F F F F F F F F F F F F F F F F F F F F F F F F F F F F F F F
  <DiscreteSampler_grid>
  grouped_processes
  1 # 1 for a reference and 2 for a running grid.
  10 # Attribute 'min_bin_probing_points' of the grid.
  1 # Attribute 'grid_mode' of the grid. 1=='default',2=='initialization'
  0.0000000000000000 # Attribute 'small_contrib_threshold' of the grid.
  0.5000000000000000 # Attribute 'damping_power' of the grid.
 # binID   n_entries weight   weight_sqr   abs_weight
    10   10   4.587671699824165E+003   7.845696172205476E+007   4.587671699824165E+003
  </DiscreteSampler_grid>
