  0.00920413994503733  0.01723908334848141  0.02854565259619717  0.04070016676211717
  0.05288156700481773  0.06497435301629077  0.07760905132703207  0.08860525071347358
  0.09903806312028642  0.10911388643371080  0.11909045132379917  0.12836563370549045
  0.13659127700237958  0.14534201178680428  0.15407938748985875  0.16285835489685699
  0.17154331427826244  0.18044727508350819  0.18983735840530711  0.19970237053284970
  0.20941595378234676  0.21840230485387976  0.22731195119462097  0.23618972032208818
  0.24479491345981724  0.25329416947725070  0.26222668142794325  0.27124470277796781
  0.28098092925769513  0.29081834359427500  0.30079099760365829  0.31098592875547026
  0.31980542452426880  0.32832787069420971  0.33767596687288265  0.34781572522628940
  0.35745360568878271  0.36800238546049224  0.37920596377420124  0.39031715820697360
  0.40133677065991619  0.41280822655671900  0.42464379797907509  0.43658851515068725
  0.45089587984041940  0.46381023564819113  0.47520954706822954  0.48572419971172437
  0.49682299329003166  0.50865826842075790  0.52054871617780518  0.53222439556315648
  0.54312204332410530  0.55321010939707649  0.56322448147953363  0.57320990363817925
  0.58401469493599090  0.59418818923000905  0.60340045727808900  0.61332040190722059
  0.62405736755004393  0.63424276269976043  0.64358057134279056  0.65283831715598295
  0.66207771571626783  0.67238134387281745  0.68230037089395712  0.69250760230676167
  0.70260091321160789  0.71309451381205780  0.72315254207331603  0.73336087688823037
  0.74409368300730994  0.75523023711328818  0.76698594488688077  0.77675977107181793
  0.78555110331492051  0.79461514666156452  0.80407461123012425  0.81480945364752033
  0.82434920561731584  0.83324093971356994  0.84646581095223172  0.85875493848760320
  0.87055440616013569  0.88146628682513029  0.89230184878103480  0.90335724849602950
  0.91410171615729385  0.92585286458118010  0.93765509931365121  0.94926031334601157
  0.96068489066894502  0.97326386117508346  0.98634786064027657  1.00000000000000000
  0.00000248188677055  0.00000367528471277  0.00000527978987453  0.00000740452990552
  0.00001025940194123  0.00001331569738290  0.00001680728155436  0.00002100304809585
  0.00002555065630217  0.00003016411682825  0.00003475262190012  0.00003894571078544
  0.00004350172856677  0.00004866138520333  0.00005428860560482  0.00006099446048379
  0.00006853439889969  0.00007636647744364  0.00008449034772865  0.00009336052212734
  0.00010186859685231  0.00011000679862710  0.00011812953701469  0.00012581043430022
  0.00013401803115728  0.00014278659530114  0.00015201048633931  0.00016152568503741
  0.00017100987381045  0.00018073421775899  0.00019143734213489  0.00020320155064914
  0.00021639083875282  0.00022967243637332  0.00024309002483314  0.00025686210730448
  0.00027143711497036  0.00028827284489285  0.00030640825867382  0.00032290289138372
  0.00033961724599184  0.00035745880763341  0.00037723194709758  0.00039961053755144
  0.00042271913209981  0.00044533932421168  0.00046739830125306  0.00048965880110058
  0.00051099869361063  0.00053357577361422  0.00055869271312195  0.00058465976195046
  0.00061145294854509  0.00063941108328848  0.00066756157430368  0.00069642754376039
  0.00072867097047837  0.00076401835684481  0.00080110018218309  0.00083801150578249
  0.00087973145520860  0.00092357653978442  0.00097320829065554  0.00102982514329623
  0.00108994289951453  0.00115309041885547  0.00122158579592763  0.00129171997224073
  0.00136353630844104  0.00143770118566264  0.00151253608631240  0.00158846854102544
  0.00167974619687838  0.00177198903927312  0.00187288443006246  0.00200113577416006
  0.00214665213760131  0.00232401570233209  0.00250397626970374  0.00269177518585966
  0.00290573980239842  0.00315624208241087  0.00343614574086404  0.00374129410461382
  0.00408088995801333  0.00449199942358137  0.00499709943047080  0.00561216875092842
  0.00638901716964700  0.00757593126250747  0.00930881917249230  0.01132640441116939
  0.01418519810463248  0.01864015991029569  0.02947839442400009  1.00000000000000000
 -0.00000201998031586  0.00000504709689488  0.00001436536011496  0.00002438066561840
  0.00003372962552596  0.00004227465047064  0.00005045680865286  0.00005874270053728
  0.00006750764606649  0.00007687396493706  0.00008699256564816  0.00009618628768956
  0.00010503053633709  0.00011373386009053  0.00012218849384031  0.00013044620629897
  0.00013883804934195  0.00014764965123927  0.00015688601416625  0.00016619742015769
  0.00017521760744651  0.00018489747307145  0.00019448799099199  0.00020458001089330
  0.00021636578367730  0.00022908528687406  0.00024234871975372  0.00025591241917806
  0.00026998686968086  0.00028444748743336  0.00029780947277210  0.00031132395513519
  0.00032469155715932  0.00033860525090617  0.00035320630290662  0.00037000767481196
  0.00038836140450986  0.00040808539611659  0.00042823571594705  0.00044812826395534
  0.00046636274011631  0.00048415960703627  0.00050233250692188  0.00052122814594149
  0.00054132713275024  0.00056192909037584  0.00058243652314478  0.00060307497518762
  0.00062646504605821  0.00065733013483502  0.00069332241636133  0.00073056571284119
  0.00076770513945464  0.00080542980557368  0.00084439520216194  0.00088398224970896
  0.00092657487502456  0.00097100561118630  0.00101299868068861  0.00105893199624449
  0.00111077338715746  0.00116497789900968  0.00122111138525319  0.00127864724380801
  0.00133764574153598  0.00140165798838234  0.00146819247171616  0.00154194405725893
  0.00162387435974330  0.00172217216394402  0.00180554477612018  0.00190246218369098
  0.00200203496993539  0.00211880331610839  0.00225508900889128  0.00239928121137407
  0.00255671499204356  0.00276216882900769  0.00303568498565511  0.00336401534042732
  0.00371904646135203  0.00410540926669232  0.00447728569525301  0.00482814902073537
  0.00523055985518766  0.00584024023378822  0.00684693949586325  0.00836460654994999
  0.01014779950228376  0.01240087851726806  0.01574105656703220  0.02851005919114674
  0.03861179044428540  0.04456318766687130  0.04801287394221358  1.00000000000000000
 -0.00189354782231629  0.00812714264653428  0.01605910654815503  0.02442080407817257
  0.03332419928933775  0.04251494568755382  0.05189466845838726  0.06192688940422453
  0.07467238413175441  0.08900041748877975  0.10160241344264133  0.11265028665399471
  0.12208658934424733  0.13170886780346577  0.14178331676985326  0.15224717935504717
  0.16224272289544750  0.17203266900930639  0.18247873368201584  0.19266142545425244
  0.20209751361838094  0.21108447178380588  0.22060004493697472  0.23220952585635657
  0.24483023746405061  0.25688411671108885  0.26829240276120125  0.27864693794333728
  0.28933143826123864  0.29936574628910190  0.30952378374032136  0.31878701339337828
  0.32742573763280053  0.33586801564083629  0.34438523307087771  0.35290272544935702
  0.36135151452195596  0.36994248029797239  0.38007740938633866  0.39204911686686589
  0.40383838891697910  0.41490998315521588  0.42582513815214240  0.43591033625222281
  0.44744032312645127  0.45894243505853555  0.47087571906546655  0.48270757683655885
  0.49432533415609270  0.50648632899403889  0.51916052774758992  0.53047613853266384
  0.54064424458881521  0.55062177114269095  0.56041289151997542  0.57039225478069133
  0.58074141846784499  0.59206746115632514  0.60255001416438569  0.61322874882531653
  0.62390777933987551  0.63485897872511299  0.64631558842695080  0.65760184471501870
  0.66896825426531981  0.68007157210217040  0.69066235514489338  0.69882374094503574
  0.70680287516418749  0.71381718657375048  0.72221193114899407  0.73177294000008997
  0.74094388518397736  0.75012592658989219  0.75998349604011506  0.77116203860793253
  0.78412440578042031  0.79706714248136079  0.80930942560432895  0.82181345940785788
  0.83471098784612618  0.84709443482410951  0.85829541320711777  0.86908750902335530
  0.87961197152196047  0.89027558541165908  0.90085260144450086  0.91066565838152447
  0.92008884615903430  0.92949603447802909  0.93946338691377651  0.95230642208113070
  0.96579723923732386  0.97787725070557474  0.98933657603432301  1.00000000000000000
 -0.00315302710427724  0.01132103226340219  0.02424073712715432  0.03683973066751526
  0.04683039646514198  0.05728428832245556  0.06794232341494143  0.07781253447077684
  0.08734638310672690  0.09707892180178869  0.10707233534482037  0.11759366328011159
  0.12786086938486313  0.13835063333406597  0.14887712323565805  0.16038957391183264
  0.17348485620459428  0.18627427917262784  0.19664561054513341  0.20670318484298772
  0.21739815069049970  0.22923498442399481  0.24191294216160356  0.25448963658598434
  0.26647893158117836  0.27668543262533468  0.28610416407083666  0.29626096052270057
  0.30708686515170436  0.31773205790231795  0.32660022308614622  0.33577629633848860
  0.34614374445194418  0.35712596720783785  0.36922114383974403  0.38157122779003705
  0.39447182707351952  0.40694784594776001  0.41781651182079460  0.42700628291971005
  0.43594323656046235  0.44579845963871023  0.45624267606310676  0.46692536060158152
  0.47701465472333210  0.48800815058949037  0.49922575464488816  0.50942857875391445
  0.52029210976324536  0.53238590698935384  0.54471711045401083  0.55622832042557202
  0.56704605722360046  0.57645014034652697  0.58565726926333628  0.59374744839176330
  0.60179396921752903  0.60996120785913721  0.61838012288835420  0.62833197481133352
  0.63806127383406852  0.64804894993685103  0.65879744994182332  0.66860627519806737
  0.67700369835558583  0.68604910584204437  0.69524018100008467  0.70484033373443955
  0.71561156275566751  0.72767124046281229  0.74006668802622744  0.75210270795540834
  0.76328771663456507  0.77498397730288937  0.78457750801690973  0.79428685995806692
  0.80366638827116754  0.81358954450954313  0.82479741905935144  0.83451959434952483
  0.84296739610120219  0.85145854381102870  0.85985291366228367  0.86805943047670275
  0.87653874163871648  0.88496784693738051  0.89362515044910662  0.90360664335976804
  0.91468559998553667  0.92650421593104348  0.93929206849760927  0.95157428027095048
  0.96347075210614719  0.97584691780280197  0.98745015921830614  1.00000000000000000
 -0.00220210262624651  0.00958213157912569  0.01988779413897611  0.03091138459627626
  0.04222317449584401  0.05456019481156755  0.06645769249515142  0.07818654060983328
  0.08734816260317126  0.09603668778926158  0.10496632888859649  0.11557215581491410
  0.12680181178385039  0.13735940302225663  0.14760641381614248  0.15636377477781543
  0.16537219091468888  0.17401207294806553  0.18312921431684745  0.19350144157594446
  0.20345031262133367  0.21327676860158065  0.22341182528802744  0.23484144972650872
  0.24787153056829486  0.26054019845878218  0.27205380954806013  0.28286220050661243
  0.29307116459591859  0.30410780709209978  0.31584753298205986  0.32840236652259563
  0.33972990299755085  0.34910523345932071  0.35824050050852796  0.36716566614486185
  0.37628550267770611  0.38546227646256015  0.39426608020564619  0.40389264369144762
  0.41398542114869602  0.42504377956135814  0.43733352833773448  0.44914135821642187
  0.46071872849706641  0.47209994575082648  0.48284641959847113  0.49288553334016516
  0.50285868816057033  0.51320073797812749  0.52382288939320432  0.53316866272224683
  0.54213425176820607  0.55094608261979172  0.56002975609276429  0.56929084657734896
  0.57790238296610885  0.58788516543912472  0.60030288080437066  0.61341387884120457
  0.62621469751289915  0.63848910689629190  0.65064616422429300  0.66229139624294486
  0.67302863596583917  0.68384533865170627  0.69586233801934949  0.70938410117487671
  0.72183558895641642  0.73391545567499572  0.74511489829393718  0.75585690822413565
  0.76562835624621439  0.77483597682556959  0.78435014432837880  0.79432084112747292
  0.80427292570799236  0.81289108848994773  0.82331292052088467  0.83380782264414033
  0.84609330499518332  0.85807485201086309  0.87013477262768846  0.88081983415258847
  0.89179329757743542  0.90337730879447231  0.91441175352069737  0.92466018710087117
  0.93447533550731032  0.94370104395462218  0.95312837389751504  0.96319823208578470
  0.97274325353502933  0.98149247672634399  0.99027468359383308  1.00000000000000000
  0.00086396855571847  0.00143049921849015  0.00246206295184832  0.00331160435229162
  0.00406728901811271  0.00476442037161718  0.00540301692543768  0.00603572519747907
  0.00667270862505001  0.00729579904398978  0.00792466618064980  0.00855767038458713
  0.00918824366803100  0.00984704856847273  0.01052033579500395  0.01121199813883814
  0.01195108308258177  0.01268587100233564  0.01342681253398103  0.01416567398395552
  0.01488884709198439  0.01562824804882569  0.01641737750630731  0.01721202746950457
  0.01799641311518552  0.01879708568815555  0.01963749029363545  0.02049438565722312
  0.02132037708766121  0.02211288831522272  0.02288968268123145  0.02364385859085244
  0.02440868033986559  0.02522302982149097  0.02614667325799367  0.02711093859402616
  0.02806107696627679  0.02894818061623520  0.02981555486782552  0.03068403489239451
  0.03156838784219947  0.03247547695232722  0.03338928334435637  0.03434061817150908
  0.03533041572512216  0.03637908938257795  0.03748560436631705  0.03871579243985956
  0.04001158265577606  0.04133555820643198  0.04258971333795666  0.04384616578058586
  0.04505863205615065  0.04631657378653314  0.04763835000683603  0.04910921039377703
  0.05055748585447026  0.05198137376362146  0.05339070780323495  0.05479172630912061
  0.05612172566750199  0.05738503308070972  0.05855657575767800  0.05981240576666933
  0.06104852214135451  0.06256517268645695  0.06429312856811359  0.06633258842212955
  0.06845979631124435  0.07046106125309778  0.07221383548592808  0.07386241801323638
  0.07561819231127459  0.07763933704683083  0.07988247831879369  0.08234369526657727
  0.08511635968370851  0.08780986001250295  0.09040888285346481  0.09298679620868068
  0.09584854242281066  0.09874006227175365  0.10152659279106351  0.10410674381481334
  0.10726943973286565  0.11111897603911887  0.11515367319539518  0.11935822335624958
  0.12575129369965538  0.13300487267208855  0.13785743718572141  0.14257782522123638
  0.15451863269048019  0.22330793481257177  0.35127520145815189  1.00000000000000000
 -0.00229522610528783  0.01051714917206824  0.02119738201404332  0.03211584066629142
  0.04179872324733978  0.05234351800009297  0.06463507701573040  0.07915553690583507
  0.09420108574291824  0.10933823807194146  0.12500448088735369  0.14092982709695562
  0.15600016566470692  0.16968035469604764  0.18176403509553785  0.19433992362429497
  0.20655840515298016  0.21775543868055963  0.22881239655161284  0.24197001222810977
  0.25453715494721330  0.26551024164089965  0.27516378055013230  0.28413820570325177
  0.29298692927330378  0.30214186228400947  0.31191250122157188  0.32221486021699464
  0.33366388245635226  0.34398293668249080  0.35435542372772383  0.36341552007827127
  0.37299603719897040  0.38292405765069326  0.39173409223539885  0.39984047354109870
  0.40744123899454832  0.41562120342531322  0.42432745551895590  0.43309638017966468
  0.44147686228108013  0.45041870013722501  0.45917723427470991  0.46744229913388213
  0.47523338818443384  0.48279646277778648  0.49045766663500595  0.49837954154973962
  0.50645394268034727  0.51478609733911407  0.52379027918937415  0.53294938958841620
  0.54249271690111422  0.55292677563344272  0.56327513212928870  0.57308052469609783
  0.58334667766592974  0.59388127277734637  0.60392286117411742  0.61399086869445096
  0.62410606318763706  0.63414515347544964  0.64392037372918820  0.65315828730136882
  0.66222639329680899  0.67106529567107398  0.68034656232405732  0.69024534501129431
  0.70165164310929040  0.71284075608358310  0.72444558466368314  0.73553769133026170
  0.74524843357826653  0.75457561621959401  0.76402991713916968  0.77434200307816192
  0.78587003074902440  0.79845919259089915  0.81191062739742359  0.82511275456121613
  0.83700259553590417  0.84778358958521771  0.85874219632955795  0.86992541245765065
  0.88059015193165069  0.89112005747357015  0.90133324670600068  0.91397767232450011
  0.92727728304129642  0.94035169540689456  0.95102244557210169  0.96114110790604224
  0.97104087873839262  0.98070413905218712  0.99011120707908706  1.00000000000000000
 -0.02183084752314256  0.32729743837777220  0.43496605701073354  0.50114603469471053
  0.55231267924461080  0.59092730585054409  0.62193245584820001  0.64841449733620393
  0.67102847166544133  0.69084565796379038  0.70866988080818871  0.72461383421491121
  0.73905907718476738  0.75244798813217784  0.76521445432237134  0.77734512391523936
  0.78810667164416526  0.79761877131745407  0.80672362175900136  0.81564149511606754
  0.82333425383364456  0.83078840997549186  0.83747005861047275  0.84386872199610041
  0.85017137490087769  0.85620142585380310  0.86169640226336264  0.86687128110433087
  0.87166570301520563  0.87600729385841014  0.87999301935920349  0.88382088010912474
  0.88782963241621438  0.89175174303961635  0.89546912444550142  0.89909475349947676
  0.90265073824343267  0.90604944847376578  0.90919841583945082  0.91228265013888066
  0.91528733246982796  0.91804313933222970  0.92063797216492826  0.92312058710258316
  0.92557402853965964  0.92808305743363573  0.93071046358137233  0.93341581076359859
  0.93605514970298176  0.93844347809852624  0.94037558728114268  0.94228481970608147
  0.94407522104346975  0.94584043537594853  0.94757029009789284  0.94929561319709221
  0.95106285990052242  0.95282602125719829  0.95454098564744860  0.95620087784461527
  0.95781541585241037  0.95934631239418988  0.96074505360024010  0.96210926579231948
  0.96340999484013101  0.96472699684994634  0.96600265859176171  0.96726236176032832
  0.96851738351198413  0.96975036069251075  0.97106849613232737  0.97237310956852319
  0.97366570116946061  0.97494114653353270  0.97610060365218132  0.97721188942599346
  0.97829134254616457  0.97934713976718879  0.98037817044339537  0.98140970303927744
  0.98242061696812566  0.98339930812818921  0.98437028953546135  0.98531252438869377
  0.98629267929526299  0.98730906827896325  0.98833188171328068  0.98936794927980498
  0.99042344809687377  0.99147838602180216  0.99251064617356088  0.99352693842316653
  0.99461503662473771  0.99583907454925225  0.99739456867624354  1.00000000000000000
   3.8278712760494803E-008  -1.0000000000000000     
 F F F F F F F F F F F F F F F F F F F F F F F F F F F F F F F F F F F F F F F F F F F F F F F F F F F F F F F F F F F F F F F F
  <DiscreteSampler_grid>
  grouped_processes
  1 # 1 for a reference and 2 for a running grid.
  10 # Attribute 'min_bin_probing_points' of the grid.
  1 # Attribute 'grid_mode' of the grid. 1=='default',2=='initialization'
  0.0000000000000000 # Attribute 'small_contrib_threshold' of the grid.
  0.5000000000000000 # Attribute 'damping_power' of the grid.
 # binID   n_entries weight   weight_sqr   abs_weight
    10   10   2.765705216703305E+004   2.862679094877074E+009   2.765705216703305E+004
  </DiscreteSampler_grid>
