  0.00959277716981005  0.01517367367354655  0.02011949765014915  0.02764271241130293
  0.03565592280896880  0.04562160447919683  0.05812225634371160  0.07124668003061557
  0.08347977555232777  0.09455915510990751  0.10389524630172980  0.11264380967673254
  0.12159694193676901  0.13021203662909656  0.14018998094567406  0.15046614636700156
  0.16090968095350405  0.17138935244369180  0.18155953537158995  0.19291093692135278
  0.20374614843061373  0.21308389743558176  0.22228446570287450  0.23100656784131138
  0.24126828554495808  0.25263909021121372  0.26531114059169320  0.27847335380896970
  0.28895796249017675  0.29823228066613261  0.30752761316215405  0.31714936112885522
  0.32911821485657267  0.34191097310930418  0.35431780559157749  0.36443974333708012
  0.37497255289038012  0.38669090915615123  0.39868506682399524  0.41005148422780047
  0.42117742484235932  0.43043250638125324  0.43913819535430931  0.44639794103935193
  0.45392812530202775  0.46408757182263977  0.47611668178938282  0.48636471202269460
  0.49554779141057359  0.50399452375093812  0.51256015272824129  0.52177850783712632
  0.53162213379287471  0.54237189468913061  0.55355119946916986  0.56544729792814952
  0.57799077827658141  0.58999331072538796  0.60118010165385338  0.61176519437088328
  0.62227425808970804  0.63261922755596478  0.64252672875895334  0.65204069237688256
  0.66143945793553915  0.67041352347073657  0.67939985821042004  0.68899837897650518
  0.69914744159268050  0.71064217956090592  0.72373641938668953  0.73582035514720501
  0.74578604661956993  0.75540933434115431  0.76430568137369315  0.77285445781894779
  0.78184625423966025  0.79329952329684961  0.80714322026772445  0.82116263627488273
  0.83428041771427897  0.84754330772336273  0.86097103659881025  0.87343883218337903
  0.88632688713095242  0.89933420385457696  0.91285974451757013  0.92643374418720847
  0.93937221430722762  0.95033464358081388  0.96029487853252005  0.96875750704918562
  0.97756313631509451  0.98553221866432472  0.99018692890939053  1.00000000000000000
  0.00000161033244969  0.00000580031555440  0.00001224421153873  0.00002031123779590
  0.00002930442182550  0.00003854852365215  0.00004750877103024  0.00005713795841627
  0.00006725421655832  0.00007731784421857  0.00008825726594148  0.00009797965142090
  0.00010654167055195  0.00011490089358172  0.00012318546891668  0.00013321448636289
  0.00014410608644590  0.00015616218286973  0.00016899795699345  0.00018230643002192
  0.00019581353144110  0.00020878971308086  0.00022151535446376  0.00023474141420454
  0.00024888837180756  0.00026346199841882  0.00027770610774948  0.00029255670580102
  0.00030704031751049  0.00032141140343794  0.00033549072736592  0.00034925093556406
  0.00036276629972130  0.00037914618833722  0.00039746744297937  0.00041874702165472
  0.00044111099073530  0.00046366865967787  0.00048672709545125  0.00051222149622879
  0.00053959204985234  0.00056655606431186  0.00059184978435006  0.00061700926512038
  0.00064914552480099  0.00068239770169916  0.00071695121041858  0.00075452892125660
  0.00079481723100313  0.00083785726208488  0.00087920545481109  0.00091731486444376
  0.00095695499099466  0.00100006238828941  0.00105011049301120  0.00110660048221374
  0.00116576524314318  0.00122761849189906  0.00128905148203954  0.00134971974019216
  0.00141089756798981  0.00147170735479085  0.00153538323071188  0.00160204696818728
  0.00166635296003026  0.00173119626934247  0.00180157062897447  0.00187282738398922
  0.00193977198074626  0.00200667374950004  0.00208675185595096  0.00217466919729429
  0.00228105236832966  0.00241180817392748  0.00255543773089737  0.00271599540504666
  0.00290097181186253  0.00309808105481740  0.00331608892372515  0.00358348483173591
  0.00387141164965547  0.00418113075115668  0.00456830902766578  0.00501010212284707
  0.00551988570166675  0.00621073980251735  0.00699759730156191  0.00776132317731103
  0.00866087397716446  0.00981845640679408  0.01142408832524993  0.01423945182807484
  0.01852489605381820  0.03774605284610498  0.08504090395742890  1.00000000000000000
  0.00000003702355210  0.00001559125771929  0.00002875255475578  0.00003810290733823
  0.00005106470595398  0.00007292091266836  0.00009259294015894  0.00011909594402579
  0.00015705640367208  0.00019585838730257  0.00023807912489992  0.00028733123737652
  0.00034863111506313  0.00041719340990746  0.00047944749167785  0.00053210543721397
  0.00058369750546899  0.00063955601252540  0.00070420733989907  0.00077728817901302
  0.00086249073875902  0.00095384051406648  0.00104668026482620  0.00113949905954282
  0.00123276963270910  0.00133147843398545  0.00143854456857126  0.00154656852853820
  0.00164993816134374  0.00175039528808854  0.00184966554820126  0.00196706971713948
  0.00208691167366168  0.00221749333765347  0.00236322338277729  0.00250530519939501
  0.00264339121656385  0.00277444029336771  0.00290918411664461  0.00305515031132832
  0.00321208170245731  0.00336746104093072  0.00351779606834037  0.00367269857805604
  0.00383845267594240  0.00403555569298248  0.00426161995660006  0.00448524167166514
  0.00471127589793579  0.00493739912183145  0.00516488230034594  0.00542344856293676
  0.00571183549114168  0.00600534616745236  0.00631573027414137  0.00664412699968437
  0.00696029916618946  0.00733547054129182  0.00775407527304799  0.00819686771035363
  0.00861572798006966  0.00898892834880847  0.00938326836730211  0.00977881345167646
  0.01013495274439045  0.01045086513774771  0.01076958803605631  0.01107232639900845
  0.01141720480080973  0.01176967997418522  0.01214781663491066  0.01256021015274095
  0.01301114524510560  0.01351839138243078  0.01410848114936511  0.01474428856176557
  0.01539616064128908  0.01615257755380385  0.01697130266400539  0.01766815469494665
  0.01839541837447451  0.01933883367170179  0.02039471808118161  0.02163642463377819
  0.02286371522593417  0.02375022632476725  0.02476951535309755  0.02896068133163971
  0.03435873850740648  0.04007769318895415  0.04448797542859399  0.04733496978816347
  0.05010751647785425  0.05149944963976225  0.07345124844313637  1.00000000000000000
 -0.00336912073104010  0.01168438451296399  0.02361662816674294  0.03567076180764796
  0.04836474666299560  0.05957710295705177  0.06802029453046617  0.07583785030837868
  0.08414613750066258  0.09443903587850137  0.10551816738356969  0.11639263697477230
  0.12749100816735393  0.14022194919143577  0.15095874711541585  0.16083274481455190
  0.16990009881308094  0.17905599671801198  0.18944882963386453  0.19942272956535487
  0.20993008705450147  0.21959731911470753  0.22926683510552243  0.23867603674408785
  0.24837484916496913  0.25856245743545075  0.26904984113783414  0.27902513353568958
  0.28921777173256319  0.30030251763152860  0.31213355330581422  0.32367899640670977
  0.33452191720126406  0.34524584675242626  0.35589296225292488  0.36709518131075752
  0.37902654295491717  0.39077331168654550  0.40200883164863566  0.41328193820791215
  0.42585416110949520  0.43817032647893189  0.44995337347725811  0.46136447025174043
  0.47220315302213950  0.48234754205961294  0.49198381043923589  0.50177653764373553
  0.51204663652505478  0.52223139833581200  0.53187696144129981  0.54152154350975090
  0.55203229222308337  0.56315537841796803  0.57489813041953874  0.58706369015258975
  0.59967468156792347  0.61109500869504507  0.62154744035739895  0.63042404541422914
  0.63850388082121590  0.64659073846220205  0.65454867169838449  0.66259962491975388
  0.67039544488308045  0.67760242833031414  0.68488844302994956  0.69300603843176944
  0.70198457206639486  0.71213807006058005  0.72209938761569481  0.73164784306336172
  0.74115077890188763  0.75122874305075449  0.76357847950729718  0.77638239485368998
  0.78908050343456204  0.80192618570316565  0.81419237206317263  0.82615179795606219
  0.83779130370068855  0.84924137360846674  0.85941280642142104  0.86722097086397232
  0.87579651290338845  0.88456400264934587  0.89589006979807873  0.90789909451177087
  0.92040592218522999  0.93262545833358235  0.94466937613851687  0.95646704332000176
  0.96833743677607975  0.97998768775144973  0.99016973444851097  1.00000000000000000
 -0.00223582642529193  0.01158534515927477  0.02215672670383196  0.03259968363405977
  0.04295157495252807  0.05282043134950473  0.06203405018604252  0.07237046809718686
  0.08307810174532049  0.09449067421271920  0.10641097810531379  0.11805710065325900
  0.12987593762812580  0.14219060626304766  0.15562440867202279  0.17024239076008066
  0.18527462559719507  0.19787674592105398  0.20724631471793925  0.21644310591610053
  0.22534563705669838  0.23439454853731131  0.24690329982734202  0.25790678250851928
  0.26728685260857349  0.27669076269561477  0.28557008340318041  0.29465459920423992
  0.30356944698766630  0.31388123853639632  0.32562601178773115  0.33691317355418410
  0.34682919272960944  0.35749051243121954  0.36910926737370181  0.38117024655326448
  0.39274096148080190  0.40408952540000403  0.41578757387786336  0.42828883645855131
  0.44011512986567697  0.45063614883517811  0.46064018133062429  0.47093501889411943
  0.48079360964978463  0.49066471400309269  0.50044753420492394  0.50928474278354374
  0.51847358465083182  0.52719959211074841  0.53610979130477765  0.54479122637143329
  0.55371269474044293  0.56297889711390381  0.57301922794355187  0.58389942319838073
  0.59613328997307680  0.60892683315881135  0.62190877475830153  0.63408255875430375
  0.64649319598300103  0.65687406068890519  0.66690086463941545  0.67709335350236033
  0.68754763839222666  0.69821507148586903  0.70875754341374508  0.71911893108226366
  0.72872512872857442  0.73770762573887938  0.74746465421894659  0.75507637685173568
  0.76395103921574170  0.77404525301944815  0.78391213346650834  0.79291803362505908
  0.80123249975785416  0.80915464952989691  0.81729316511310213  0.82489223392220168
  0.83383230096560379  0.84360241699976324  0.85428640066540562  0.86494844269756865
  0.87543518527954334  0.88856079895770024  0.90120857783095520  0.91288725697259321
  0.92386724002714871  0.93547566187993425  0.94750232052655181  0.95687736839255322
  0.96599826190422411  0.97535761334160620  0.98547329766651015  1.00000000000000000
 -0.00220174330322705  0.01242794701865734  0.02528013584658043  0.03785107287419764
  0.05101087331662731  0.06440031884190875  0.07725636517087488  0.08973090843364728
  0.10206024991908162  0.11344814004728529  0.12381591226835649  0.13337306061615897
  0.14294394856712048  0.15306433496083921  0.16268823993017853  0.17137725570205095
  0.17967314713308510  0.18870778974021687  0.20033354568305892  0.21139898412414684
  0.22225162658758651  0.23292983631632455  0.24506207305730299  0.25831215001207153
  0.27086617218996600  0.28162299372919375  0.29038109375619581  0.29826015630316821
  0.30584091829856019  0.31373580916621124  0.32404687992327796  0.33398467977713375
  0.34410094248784540  0.35474444529331717  0.36548483798269243  0.37622623366171487
  0.38584817286996398  0.39417761820897279  0.40144954009801148  0.40861712879676909
  0.41721268847533061  0.42647600520948398  0.43540752815816824  0.44442976311773136
  0.45355890943640953  0.46363702667591744  0.47418218215836316  0.48436465236489373
  0.49325969632918432  0.50179063991906869  0.51087172166143913  0.52044247345241612
  0.53076628888919042  0.54103472927326435  0.55112874703051418  0.56184388697572807
  0.57326006139529972  0.58533872411310384  0.59813217358232873  0.61000818537344081
  0.62029910823071976  0.62963370412248454  0.63815046091178251  0.64750991649311873
  0.65808413431468871  0.66990399955975699  0.68292017445167030  0.69670591258203385
  0.70958642923728577  0.72097375486693982  0.73227080000212930  0.74357868156006790
  0.75455000000256089  0.76508564519922606  0.77504399029995841  0.78499216990130438
  0.79596615397551829  0.80713725589869734  0.81812437346636602  0.82930345601286803
  0.84098205272869997  0.85299172395957656  0.86543853832483619  0.87660733451526096
  0.88753874554885848  0.89823143015994178  0.91006012362753552  0.92139558200986782
  0.93186721253294202  0.94144678961420036  0.95095876945161362  0.96088985027497742
  0.97121435354050878  0.98125289734248222  0.99089393194195496  1.00000000000000000
  0.00078602507320164  0.00168696586635993  0.00299680887964151  0.00418354933398505
  0.00527452216607588  0.00630136696194538  0.00728920937114135  0.00829657308757267
  0.00931516644418753  0.01034131768828400  0.01143360094512560  0.01248311949933487
  0.01351850207178588  0.01456825137219495  0.01547919250283526  0.01641993556580337
  0.01743632650355541  0.01849163815264346  0.01946801619565018  0.02034895939308442
  0.02114710156740559  0.02192195046794237  0.02269409117645600  0.02348348630766877
  0.02427992724408642  0.02506168016106984  0.02585726962705441  0.02668401689194293
  0.02754583674786264  0.02842398896754683  0.02922214804456774  0.03000630938335733
  0.03080926612577103  0.03166575629091075  0.03250648906658650  0.03331305189609804
  0.03414658318445220  0.03492692164993575  0.03557596173534886  0.03619562096661501
  0.03682999982490266  0.03750453427508808  0.03828721160964599  0.03924415934015296
  0.04037938987255795  0.04140459623452963  0.04243827541216529  0.04340075431700036
  0.04439484803034697  0.04534654806380368  0.04635144510266306  0.04746699172997432
  0.04859780738367353  0.04966514164929619  0.05060135871924023  0.05151131722168902
  0.05239433642359877  0.05337708241730327  0.05422441378457957  0.05503133903604737
  0.05584280054036180  0.05682837198737675  0.05777762687640564  0.05895556360828790
  0.06004915575985850  0.06126989087321803  0.06263714201318504  0.06377604458077195
  0.06465295243162961  0.06556026879790586  0.06663743762376506  0.06824879122321374
  0.07037661472631183  0.07254461527885739  0.07449133173642274  0.07604758707094705
  0.07733869631542803  0.07839738883790437  0.07955595112502688  0.08069101630957770
  0.08176330923980152  0.08273406951275489  0.08434887292206929  0.08606124483930515
  0.08796339009740888  0.09015555321072280  0.09345868615692093  0.09877061026931455
  0.10216856880603482  0.10488795469947827  0.11032100235342360  0.11765223666050476
  0.12601551975852460  0.15402692392554221  0.18842530065027718  1.00000000000000000
 -0.00455158721158856  0.01466410851358182  0.03050457222223014  0.04492203124331404
  0.05943338094472291  0.07356087574147460  0.08491955229566781  0.09483013357014326
  0.10611237147881998  0.12019388836214745  0.13535592964778914  0.14974889124445998
  0.16209549150174565  0.17212514938557549  0.17998575887249829  0.18707600844683789
  0.19375561276082159  0.20010401039326423  0.20713080172241632  0.21431725140674410
  0.22201350241063000  0.22990838474959174  0.23849971585165436  0.24740599644645034
  0.25576733795745504  0.26371187706825328  0.27177784096776803  0.28014130808695947
  0.28870487752459773  0.29740922904237665  0.30776058139504886  0.31843812657249976
  0.32726319419751726  0.33652988503484993  0.34639791375919482  0.35608532341426913
  0.36665593822830883  0.37783283120400768  0.39022918109622168  0.40451608383578158
  0.42101287195436010  0.43515446130470414  0.44888708885846862  0.46009529965061102
  0.46981145675075425  0.47927573852003069  0.48971918193027425  0.50005708051348807
  0.50963728277116183  0.51840048074163181  0.52822279276738893  0.53981030193235047
  0.55429908289895913  0.56944422376067461  0.58347984729658531  0.59618060406798634
  0.60838481440485337  0.62078549307330477  0.63269617407373957  0.64430206398877199
  0.65416853196664015  0.66332788234490303  0.67244896189170655  0.68149025212648839
  0.69065245200762115  0.70025645646956003  0.70981025769427053  0.71878849677120105
  0.72696680917959511  0.73542429279036248  0.74417083721544530  0.75339003710745989
  0.76291903164071928  0.77151542340074719  0.77927534639965768  0.78716528869690350
  0.79565566225265594  0.80515563744636898  0.81618236126816801  0.82760084324478345
  0.83866785051826731  0.84846413529552300  0.85642560352640662  0.86381503187380371
  0.87132679311341266  0.87969547694023631  0.88892877482274535  0.89956193414947161
  0.91335699337712650  0.92709093975691848  0.94041355361252921  0.95263182538112312
  0.96420477832551055  0.97627868773710436  0.98829230306777294  1.00000000000000000
 -0.00061965993177341  0.20516454663884512  0.31047573719764066  0.37960464482065953
  0.43166587502536413  0.47510928670778035  0.50899008881002528  0.53963278894454514
  0.56788729224533074  0.59327182346737839  0.61722167078525558  0.63902017694509572
  0.65785079235034249  0.67505095485621802  0.69098455314812546  0.70539998253317804
  0.71903877798669091  0.73223099161998129  0.74463098443610154  0.75674232169549183
  0.76849047562750217  0.77948468647730784  0.79013490138420794  0.80024157991011269
  0.80957829449419372  0.81826853642467423  0.82637741065965309  0.83379711445115834
  0.84009009286281966  0.84590213504630707  0.85173176502548420  0.85724775661897035
  0.86261323214447794  0.86769327039833355  0.87275901558105218  0.87747571565655957
  0.88214033540944115  0.88677919342439671  0.89138475837547593  0.89568134809642197
  0.89961475966580118  0.90330767874499773  0.90703553005014936  0.91069160300630492
  0.91417777893735519  0.91735805608921950  0.92018879917132179  0.92293597992544774
  0.92580777106600098  0.92864765752033063  0.93153241876195214  0.93402227148650063
  0.93648520893934240  0.93884967148630272  0.94134017525170322  0.94392104156554613
  0.94633664230267323  0.94843543690619192  0.95043784302273659  0.95222061815565984
  0.95397651537708705  0.95572273205195468  0.95741081180462895  0.95912713612331846
  0.96075390763990742  0.96225813276611005  0.96379974939593382  0.96534344113620796
  0.96683865636355126  0.96836386594236534  0.96994295589155044  0.97142931540698196
  0.97278232054948266  0.97408674232265990  0.97549783300359461  0.97676132064595667
  0.97793909448348448  0.97907205887489213  0.98014229989920054  0.98123660693385173
  0.98232435683491992  0.98336505169602673  0.98432829643431430  0.98527054168452644
  0.98619614494110586  0.98711136044189307  0.98803359260458534  0.98899873430555540
  0.99000066986259272  0.99112050005040919  0.99226728872473258  0.99345732475608373
  0.99479316025850395  0.99625080700677771  0.99797762132078638  1.00000000000000000
   1.8097456643223863E-014  -1.0000000000000000     
 F F F F F F F F F F F F F F F F F F F F F F F F F F F F F F F F F F F F F F F F F F F F F F F F F F F F F F F F F F F F F F F F
  <DiscreteSampler_grid>
  grouped_processes
  1 # 1 for a reference and 2 for a running grid.
  10 # Attribute 'min_bin_probing_points' of the grid.
  1 # Attribute 'grid_mode' of the grid. 1=='default',2=='initialization'
  0.0000000000000000 # Attribute 'small_contrib_threshold' of the grid.
  0.5000000000000000 # Attribute 'damping_power' of the grid.
 # binID   n_entries weight   weight_sqr   abs_weight
    10   10   1.097013108987621E-003   2.130163417724979E-006   1.097013108987621E-003
  </DiscreteSampler_grid>
