  0.01936481882650777  0.05451850470051036  0.06773310028593370  0.08154218128043618
  0.16969655450681290  0.26893134961381387  0.36816614472081505  0.46740093982781611
  0.56663573493481723  0.58502147581971931  0.58705113614777260  0.58908079647582601
  0.59111045680387930  0.59314011713193260  0.59516977745998589  0.59719943778803919
  0.59922909811609260  0.60125875844414589  0.60328841877219919  0.60531807910025248
  0.60734773942830578  0.60937739975635907  0.61140706008441237  0.61343672041246566
  0.61546638074051896  0.61749604106857225  0.61952570139662555  0.62155536172467885
  0.62358502205273214  0.62561468238078544  0.62764434270883873  0.62967400303689203
  0.63170366336494532  0.63373332369299862  0.63576298402105191  0.63779264434910521
  0.63982230467715850  0.64185196500521180  0.64388162533326510  0.64964460322357032
  0.74887939833057149  0.83592425430470518  0.85331901414407207  0.85676576307526597
  0.85949800243054697  0.86223024178582797  0.86496248114110907  0.86769472049639007
  0.87042695985167118  0.87315919920695217  0.87589143856223317  0.87862367791751428
  0.88135591727279528  0.88408815662807638  0.88682039598335738  0.88955263533863838
  0.89228487469391948  0.89501711404920048  0.89774990185887082  0.90048292330860358
  0.90321594475833633  0.90594896620806908  0.90868198765780184  0.91141500910753459
  0.91414803055726734  0.91679547182395615  0.91843750227790755  0.92007953273185894
  0.92172156318581033  0.92336359363976184  0.92500562409371323  0.92664765454766462
  0.92828968500161613  0.92993171545556752  0.93157374590951891  0.93321577636347031
  0.93485780681742181  0.93649983727137320  0.93800990639943005  0.93931435247686035
  0.94061879855429076  0.94192324463172117  0.94322769070915147  0.94453213678658188
  0.94583658286401218  0.94714102894144259  0.94844547501887289  0.94974992109630330
  0.95105436717373359  0.95235881325116400  0.95366325932859430  0.95496770540602471
  0.95627215148345501  0.95757659756088542  0.95993784619349309  1.00000000000000000
  0.00000041699090594  0.00001170235110447  0.00001354307261614  0.00001538379412780
  0.00001722451563947  0.00001906523715114  0.00002090595866281  0.00002274668017448
  0.00002458740168614  0.00002642812319781  0.00002826884470948  0.00003020536866138
  0.00003223425124702  0.00003426313383267  0.00003629201641831  0.00003832089900395
  0.00004034978158959  0.00004237866417523  0.00004440754676088  0.00004643642934652
  0.00008260742907568  0.00009339373947424  0.00010356170797873  0.00012727598520186
  0.00022237194489528  0.00038832765974954  0.00067781430701188  0.00069522996910442
  0.00070327236374690  0.00071131475838938  0.00071935715303186  0.00072739954767434
  0.00073544194231682  0.00074348433695930  0.00075152673160178  0.00075956912624425
  0.00076774936937832  0.00077623402898085  0.00078471868858337  0.00079320334818590
  0.00080168800778842  0.00081017266739095  0.00081865732699347  0.00082714198659600
  0.00083562664619852  0.00084411130580105  0.00085270923747698  0.00086215302161010
  0.00087159680574322  0.00088104058987635  0.00089048437400947  0.00089992815814259
  0.00090937194227571  0.00091881572640884  0.00092825951054196  0.00093770329467508
  0.00094714707880820  0.00097329100967296  0.00100079854971434  0.00102830608975571
  0.00107319167531018  0.00180367037070035  0.00182431590586767  0.00184496144103499
  0.00186560697620231  0.00188625251136963  0.00190689804653695  0.00192754358170427
  0.00194818911687159  0.00196883465203891  0.00198948018720623  0.00200969540206632
  0.00202820038511817  0.00204670536817002  0.00206521035122187  0.00208371533427372
  0.00210222031732558  0.00212072530037743  0.00213923028342928  0.00215773526648113
  0.00217624024953298  0.00219474523258484  0.00221325021563669  0.00223175519868854
  0.00378745812306269  0.00661725334940046  0.01156440200625084  0.02019986667678639
  0.02381998470398359  0.02381998470399359  0.02381998470400359  0.02381998470401359
  0.02381998470402359  0.02381998470403359  0.02381998470404359  1.00000000000000000
  0.00000097893439413  0.00002482758340645  0.00002521626522515  0.00002560494704384
  0.00002599362886253  0.00002638231068123  0.00002677099249992  0.00002715967431861
  0.00002754835613731  0.00002793703795600  0.00002832571977469  0.00002880545983545
  0.00002936316162110  0.00002992086340675  0.00003047856519240  0.00003103626697805
  0.00003159396876369  0.00003215167054934  0.00003270937233499  0.00003429136244718
  0.00005599573001559  0.00006294315949266  0.00007081210500804  0.00007954026563416
  0.00009081642549038  0.00010536233410021  0.00016699280121950  0.00038315597911768
  0.00040827136347664  0.00042685915945500  0.00044544695543335  0.00046553465861970
  0.00048721505873299  0.00050889545884629  0.00053057585895959  0.00055583858014657
  0.00058112612632042  0.00060641367249426  0.00084435537432074  0.00086116790651843
  0.00087798043871611  0.00089479297091380  0.00091160550311149  0.00092841803530917
  0.00094523056750686  0.00096204309970454  0.00097885563190223  0.00099789871741582
  0.00101750848854673  0.00103711825967764  0.00105672803080854  0.00107633780193945
  0.00109594757307036  0.00111555734420127  0.00113516711533218  0.00115628898432886
  0.00117916139398643  0.00120203380364400  0.00122490621330158  0.00124777862295915
  0.00127065103261672  0.00129352344227429  0.00131639585193187  0.00149199859218080
  0.00248856217364214  0.00252791322317704  0.00256726427271194  0.00260661532224683
  0.00264596637178173  0.00268531742131663  0.00272466847085153  0.00276401952038642
  0.00280337056992132  0.00284272161945622  0.00288207266899111  0.00291891808506351
  0.00295558312227937  0.00299224815949522  0.00302891319671107  0.00306557823392693
  0.00310224327114278  0.00313890830835864  0.00317557334557449  0.00321223838279034
  0.00324890342000620  0.00328556845722205  0.00332223349443790  0.00335889853165376
  0.00680364239261422  0.01559813445543122  0.02749218932138652  0.02749218932139652
  0.02749218932140652  0.02749218932141652  0.02749218932142652  1.00000000000000000
  0.14383965333302812  0.14785684243223771  0.14988035153114213  0.15190386063004657
  0.15392736972895099  0.15595087882785544  0.15797438792675988  0.15999789702566430
  0.16202140612456875  0.16404491522347317  0.16606842432237762  0.16841447294787562
  0.17089590451266579  0.17337733607745592  0.17585876764224609  0.17834019920703625
  0.18082163077182642  0.18330306233661658  0.18578449390140675  0.20863496685946481
  0.21116620347655113  0.21369744009363742  0.21622867671072374  0.21875991332781006
  0.22129114994489638  0.22382238656198267  0.22635362317906899  0.22888485979615530
  0.23141609641324160  0.23394733303032789  0.23647856964741415  0.23900980626450044
  0.24154104288158673  0.24407227949867302  0.24660351611575931  0.24913475273284558
  0.25166598934993190  0.25419722596701816  0.25672846258410442  0.25925969920119074
  0.26179093581827700  0.26432217243536332  0.26685340905244959  0.26938464566953585
  0.31785178935637515  0.42779124031866694  0.52175001016117528  0.52771419388002505
  0.53367837759887493  0.53964256131772470  0.54560674503657458  0.55157092875542435
  0.55753511247427412  0.56349929619312378  0.56946347991197355  0.57542766363082332
  0.58139184734967309  0.60514842433617122  0.60717276054376113  0.60919709675135092
  0.61122143295894082  0.61324576916653073  0.61527010537412052  0.61729444158171043
  0.61931877778930033  0.62134311399689013  0.62336745020448003  0.62539178641206994
  0.62741612261965973  0.62944045882724964  0.63146479503483943  0.63348913124242934
  0.63551346745001924  0.63753780365760904  0.63956213986519894  0.64158647607278885
  0.64361081228037864  0.64563514848796855  0.64765948469555845  0.64968382090314836
  0.65170815711073815  0.65373249331832806  0.65575682952591796  0.65778116573350787
  0.65980550194109777  0.66182983814868768  0.66385417435627747  0.66587851056386738
  0.71200082902420414  0.72783199702044532  0.74314546228548251  0.75782737906476871
  0.78012109807540575  0.89006054903769749  0.96194428602854398  1.00000000000000000
  0.17121314605077115  0.20932610816784139  0.21031888300234949  0.21131165783685762
  0.21230443267136573  0.21329720750587386  0.21428998234038199  0.21528275717489009
  0.21627553200939822  0.21726830684390633  0.21826108167841446  0.21925385651292259
  0.22024663134743069  0.22123940618193882  0.22223218101644693  0.22322495585095506
  0.22421773068546319  0.22521050551997129  0.22620328035447942  0.22719605518898756
  0.22818883002349566  0.22918575309183403  0.23045421472546118  0.23172267635908830
  0.23299113799271545  0.23425959962634257  0.23552806125996970  0.23679652289359684
  0.23806498452722397  0.23933344616085112  0.24060190779447824  0.24187036942810539
  0.24313883106173251  0.24440729269535963  0.24567575432898678  0.24694421596261390
  0.24821267759624105  0.24948113922986817  0.25123406824848399  0.25332233722296221
  0.25541060619744044  0.25749887517191866  0.25958714414639689  0.26167541312087511
  0.26376368209535334  0.26585195106983156  0.26794022004430984  0.27002848901878806
  0.32729991694517868  0.40003087630844214  0.41655171874234687  0.43307256117625137
  0.44959340361015593  0.50160522918128714  0.59348239060153885  0.65149922751603129
  0.66466937866347298  0.67084165416974384  0.67576297252335793  0.68068429087697191
  0.68560560923058600  0.69052692758419998  0.69544824593781407  0.70036956429142816
  0.70529088264504214  0.71022031232425542  0.71516287667421075  0.72010544102416607
  0.72504800537412151  0.72950788544172673  0.73155484441096341  0.73360180338020009
  0.73564876234943677  0.73769572131867334  0.73974268028791001  0.74178963925714669
  0.74383659822638337  0.74588355719562005  0.74793051616485662  0.74997747513409330
  0.75164902264008349  0.75331639313045462  0.75498376362082575  0.75665113411119689
  0.75831850460156791  0.75998587509193904  0.76165324558231018  0.76332061607268131
  0.76498798656305234  0.76665535705342347  0.76832272754379460  0.76999009803416574
  0.81588068210746911  0.83130324284235635  0.83130324284236634  1.00000000000000000
  0.03467934926350918  0.05477955770454561  0.06829444935420284  0.08238489075393092
  0.17789376993941386  0.27927852190499447  0.34162075497024569  0.35937311589771015
  0.37712547682517444  0.39487783775263879  0.39782909065505012  0.39993837733249327
  0.40204766400993636  0.40415695068737950  0.40626623736482259  0.40837552404226574
  0.41048481071970883  0.41259409739715192  0.41470338407459506  0.41681267075203815
  0.41892195742948124  0.42103124410692433  0.42314053078436742  0.42524981746181051
  0.42735910413925360  0.42946839081669674  0.43157767749413983  0.43368696417158292
  0.43579625084902601  0.43790553752646910  0.44001482420391219  0.44212411088135528
  0.44423339755879837  0.44634268423624146  0.44845197091368455  0.45056125759112764
  0.45267054426857073  0.45477983094601382  0.45688911762345691  0.49030056462879656
  0.59168531659437718  0.69307006855995790  0.75120027434676073  0.75393764940526697
  0.75667502446377322  0.75941239952227946  0.76214977458078581  0.76488714963929205
  0.76762452469779829  0.77036189975630454  0.77309927481481089  0.77583664987331724
  0.77857402493182348  0.78131139999032984  0.78404877504883608  0.78678615010734243
  0.78952352516584867  0.79226090022435502  0.79499827528286127  0.79773565034136751
  0.80047302539987375  0.80321040045838010  0.80594777551688634  0.80868515057539259
  0.81142252563389894  0.81351322998039755  0.81518416757899093  0.81685510517758431
  0.81852604277617769  0.82019698037477107  0.82186791797336445  0.82353885557195783
  0.82520979317055132  0.82688073076914470  0.82855166836773808  0.83022260596633146
  0.83189354356492484  0.83348821653723060  0.83460784707226776  0.83572747760730504
  0.83684710814234220  0.83796673867737947  0.83908636921241664  0.84020599974745380
  0.84132563028249108  0.84244526081752824  0.84356489135256540  0.84468452188760268
  0.84580415242263984  0.84692378295767701  0.84804341349271428  0.84916304402775145
  0.85028267456278872  0.85091144243876138  0.85091144243877137  1.00000000000000000
 -0.00303562112565925  0.00113810086622074  0.00227620173244149  0.00341430259866223
  0.00455240346488298  0.00569050433110372  0.00682860519732447  0.00796670606354521
  0.00910480692976596  0.01024290779598670  0.01138100866220745  0.01251910952842819
  0.01365721039464894  0.01479531126086969  0.01593341212709043  0.01707151299331118
  0.01820961385953192  0.01934771472575267  0.02048581559197341  0.02181620773448273
  0.02323112562503500  0.02464604351558728  0.02606096140613955  0.02747587929669183
  0.02889079718724411  0.03030571507779638  0.03172063296834866  0.03313555085890094
  0.03455046874945322  0.03596538664000550  0.03738030453055777  0.03879522242111005
  0.04021014031166233  0.04162505820221461  0.11320212270342843  0.18690495662532228
  0.26060779054721617  0.33431062446911003  0.40801345839100400  0.48171629231289798
  0.55541912623479184  0.62912196015668564  0.70282479407857956  0.77090900360904790
  0.77188842495793031  0.77286784630681260  0.77384726765569500  0.77482668900457741
  0.77580611035345970  0.77678553170234210  0.77776495305122439  0.77874437440010680
  0.77972379574898909  0.78070321709787149  0.78168263844675379  0.78266205979563619
  0.78364148114451859  0.78462090249340088  0.78560032384228329  0.78657974519116558
  0.78755916654004798  0.78853858788893028  0.78951800923781268  0.79049743058669497
  0.79147685193557737  0.79199825984713845  0.79240956521462069  0.79282087058210304
  0.79323217594958528  0.79364348131706752  0.79405478668454987  0.79446609205203211
  0.79487739741951435  0.79528870278699670  0.79570000815447894  0.79611131352196118
  0.79652261888944353  0.79693392425692577  0.79734522962440801  0.79775653499189036
  0.79816784035937260  0.79857914572685496  0.79899045109433720  0.79940175646181943
  0.79981306182930179  0.80022436719678403  0.80063567256426627  0.80104697793174862
  0.80145828329923086  0.80186958866671310  0.80228089403419545  0.80269219940167769
  0.80287975470225015  0.80287975470226014  0.80287975470227013  1.00000000000000000
  0.01005464394887285  0.01084614784274977  0.01163765173662669  0.01242915563050362
  0.01322065952438054  0.01401216341825746  0.01480366731213439  0.01559517120601131
  0.01638667509988823  0.01717817899376516  0.01796968288764208  0.01876118678151900
  0.01955269067539592  0.02034419456927285  0.02156316656147376  0.02347365750434317
  0.02538414844721257  0.02729463939008197  0.02920513033295137  0.03111562127582078
  0.03302611221869017  0.03493660316155958  0.03684709410442898  0.03875758504729838
  0.04066807599016779  0.05069269965293083  0.06960283150203463  0.11213048916667885
  0.21726502808467346  0.27200648682410378  0.27439834177560363  0.27679019672710342
  0.27918205167860327  0.28157390663010312  0.28396576158160292  0.28635761653310277
  0.28874947148460256  0.29114132643610241  0.29353318138760220  0.29592503633910200
  0.29831689129060179  0.30070874624210159  0.30310060119360138  0.30549245614510123
  0.30788431109660103  0.31027616604810082  0.31261611283513763  0.31426903157932295
  0.31592195032350823  0.31757486906769355  0.31922778781187888  0.32088070655606415
  0.32253362530024948  0.32418654404443481  0.32583946278862008  0.32749238153280541
  0.32914530027699068  0.33079821902117601  0.33245113776536134  0.33442655414222350
  0.33677111211364208  0.33911567008506061  0.34146022805647919  0.34380478602789777
  0.34614934399931629  0.34849390197073488  0.35083845994215340  0.35318301791357198
  0.35552757588499057  0.35787213385640909  0.36021669182782762  0.36256124979924614
  0.36490580777066467  0.36725036574208320  0.36959492371350178  0.37193948168492030
  0.37428403965633883  0.44802948477474236  0.46343792936877720  0.46909716635751020
  0.47475640334624325  0.48041564033497619  0.48607487732370913  0.49173411431244213
  0.49739335130117507  0.50303947111881109  0.50867438999687553  0.51430930887493997
  0.51994422775300442  0.53266707644871270  0.57946184432800574  0.68459638324600058
  0.78973092216399532  0.89486546108198983  0.95327431360880532  1.00000000000000000
  0.13248204787572232  0.14178883387419722  0.15463400602908284  0.19074203436846812
  0.29683508901124978  0.38012319949097439  0.39958514047334109  0.41904708145570796
  0.44300049312940759  0.48083077485792519  0.48335555958270449  0.48588034430748378
  0.48840512903226307  0.49092991375704242  0.49345469848182172  0.49597948320660101
  0.49850426793138031  0.50102905265615960  0.50355383738093895  0.50607862210571819
  0.50860340683049754  0.51112819155527689  0.51365297628005613  0.51617776100483548
  0.51870254572961472  0.52122733045439407  0.52375211517917342  0.52627689990395277
  0.52880168462873212  0.53132646935351135  0.53385125407829070  0.53637603880307005
  0.53890082352784940  0.54142560825262875  0.62530647183461008  0.62788080092383769
  0.63045513001306530  0.63302945910229291  0.63560378819152041  0.63817811728074803
  0.64075244636997564  0.64332677545920325  0.64590110454843086  0.64847543363765858
  0.65104976272688619  0.65362409181611381  0.65619842090534142  0.65877274999456903
  0.66134707908379675  0.66392140817302436  0.66649573726225197  0.66907006635147959
  0.67164439544070720  0.67421872452993481  0.67679305361916242  0.67936738270839003
  0.68194171179761764  0.68451604088684526  0.68709036997607287  0.77671141324981385
  0.85472514822183121  0.85679412738966654  0.85886310655750175  0.86093208572533697
  0.86300106489317230  0.86507004406100751  0.86713902322884273  0.86920800239667795
  0.87127698156451328  0.87334596073234849  0.87540064332492551  0.87739833670807854
  0.87939603009123157  0.88139372347438472  0.88339141685753775  0.88538911024069078
  0.88738680362384381  0.88938449700699684  0.89138219039014988  0.89337988377330291
  0.89537757715645594  0.89707158337544890  0.89867582763763787  0.90028007189982673
  0.90188431616201570  0.90348856042420456  0.90509280468639353  0.90669704894858238
  0.90830129321077135  0.90990553747296021  0.91150978173514918  0.91311402599733804
  0.91471827025952701  0.91632251452171587  0.92039084831873585  1.00000000000000000
   4.4700145881529588E-011  -1.0000000000000000     
 F F F F F F F F F F F F F F F F F F F F F F F F F F F F F F F F F F F F F F F F F F F F F F F F F F F F F F F F F F F F F F F F
  <DiscreteSampler_grid>
  grouped_processes
  1 # 1 for a reference and 2 for a running grid.
  10 # Attribute 'min_bin_probing_points' of the grid.
  1 # Attribute 'grid_mode' of the grid. 1=='default',2=='initialization'
  0.0000000000000000 # Attribute 'small_contrib_threshold' of the grid.
  0.5000000000000000 # Attribute 'damping_power' of the grid.
 # binID   n_entries weight   weight_sqr   abs_weight
    10   10   2.081635584825513E+005   4.216142502826232E+011   2.081635584825513E+005
  </DiscreteSampler_grid>
