  0.01020467948688515  0.01384396908192879  0.02167142835884266  0.03157984353971674
  0.04176175436693581  0.05157601952927107  0.06116207604088626  0.07197079787596594
  0.08337973521431298  0.09423858819344963  0.10469562269184900  0.11552530989412357
  0.12733923649295154  0.13969261783682202  0.15166344921160979  0.16275216130062001
  0.17294664859550937  0.18202532964041787  0.19059837258509693  0.19942109393381977
  0.20925451247105151  0.21858032593463930  0.22702909330193219  0.23578599333800213
  0.24567152367405798  0.25679790051624501  0.26973305174044554  0.28152216873058317
  0.29348692194288134  0.30486825616605923  0.31560240686551932  0.32566597659685176
  0.33619372959659466  0.34742416160787748  0.35903513801132564  0.37045820193800089
  0.38347790247694713  0.39595489943568662  0.40679637125955059  0.41661300966484655
  0.42656552713623425  0.43767918550162388  0.45099057909287710  0.46262078677924368
  0.47269217318991330  0.48239990051020204  0.49264148837440641  0.50403121241547011
  0.51528173486849049  0.52532309737832694  0.53457209568066066  0.54369727137568968
  0.55347758140944681  0.56277716424833402  0.57246130304425458  0.58303572749110200
  0.59522234433138832  0.60801936100777176  0.61976626749071173  0.63072051252963834
  0.64128768243446843  0.65126196360400357  0.66219913685315013  0.67239932770853239
  0.68198828591961080  0.69257028103235097  0.70313496135945086  0.71292688908993551
  0.72167623313382667  0.73074652671699825  0.74020726572176232  0.74918291534142345
  0.75803427195785089  0.76628990142552988  0.77496926693918811  0.78322936541977506
  0.79198024413699686  0.80074554199621728  0.80981803683126308  0.81900670869120984
  0.82867574965659518  0.83882687086176233  0.84933074411738507  0.85941273930549711
  0.86925241760038008  0.87981111109167298  0.89057971655406287  0.90222257012159890
  0.91482952277511631  0.92663556319302709  0.93851595830987722  0.95032069041372558
  0.96204087315837272  0.97351784927205720  0.98631401839384558  1.00000000000000000
  0.00000227989490371  0.00000292606286699  0.00000415236043423  0.00000563927238422
  0.00000741790441084  0.00000965855829354  0.00001235855047927  0.00001574376278142
  0.00001978544034112  0.00002382092799147  0.00002787050314908  0.00003176640794501
  0.00003578671883456  0.00003986956039271  0.00004420204923850  0.00004902986892580
  0.00005433646587086  0.00006004323536500  0.00006593408383928  0.00007191000304166
  0.00007810637346061  0.00008509407739867  0.00009243497022226  0.00009995586908533
  0.00010753994407673  0.00011537866022362  0.00012369584531285  0.00013251335210447
  0.00014178887598852  0.00015088456536823  0.00016111759650556  0.00017225086541896
  0.00018347688707799  0.00019475466561721  0.00020628780034877  0.00021837874767694
  0.00023161483703213  0.00024613576714135  0.00026306474125975  0.00028396338998562
  0.00030573648502375  0.00032757323208570  0.00034827126253066  0.00036852118560396
  0.00038862502916936  0.00040889137950845  0.00042980125925607  0.00045255787918052
  0.00047623418723052  0.00049887534346134  0.00052245911464546  0.00054694290606866
  0.00057200763465599  0.00059890016563227  0.00062974664081721  0.00066512850707591
  0.00070299428528971  0.00074182194752330  0.00078112392445814  0.00082197905054985
  0.00086173912959261  0.00090816717545199  0.00095430200652005  0.00100130676507986
  0.00105187784085540  0.00110946217476048  0.00117165623073678  0.00124232818478084
  0.00130819744311720  0.00138652929067863  0.00146512983339561  0.00155065946264636
  0.00165915615289142  0.00177660433974322  0.00190122681565896  0.00203521311197388
  0.00218890911673908  0.00235578966197975  0.00255896011462025  0.00279442988905688
  0.00308099474535161  0.00337478365184593  0.00364529140841577  0.00394623760734453
  0.00431726944934047  0.00472503983612176  0.00515194530541620  0.00575603947210064
  0.00657394350518430  0.00782343725567806  0.00955101217061404  0.01195833380245565
  0.01565079969465306  0.02617237554401080  0.05004823560855890  1.00000000000000000
 -0.00000214822650788  0.00000597210326096  0.00001595976950924  0.00002603647212444
  0.00003564167254211  0.00004470625946739  0.00005285396969921  0.00006081951579937
  0.00006840141995695  0.00007572474074527  0.00008313835685099  0.00009097411394069
  0.00009826112815983  0.00010578677024036  0.00011328614956524  0.00012096905828825
  0.00012881806681824  0.00013844186335939  0.00014868999286291  0.00015942522694778
  0.00017073618934881  0.00018209848206381  0.00019480833265621  0.00020735470447763
  0.00021930519799900  0.00023087977561005  0.00024219639549549  0.00025362932522694
  0.00026563557763979  0.00027781499684650  0.00028942678436219  0.00030174810051195
  0.00031401102457956  0.00032855018854154  0.00034239251178762  0.00035686674423877
  0.00037197783630499  0.00038708397257712  0.00040220781794526  0.00041774251374211
  0.00043414058339602  0.00045245387221868  0.00047373576686125  0.00049565518801267
  0.00052159506541723  0.00054718086374949  0.00057326945976868  0.00059959227359414
  0.00062602469054948  0.00065293122865790  0.00068193694250696  0.00071381388661147
  0.00074801338647867  0.00078415272292450  0.00082260888195705  0.00086218666952663
  0.00090102548311824  0.00093927697218568  0.00097912888453524  0.00102511244331746
  0.00107849054349513  0.00113591174836047  0.00119322168539600  0.00125378752745447
  0.00132011181544992  0.00140157131011687  0.00148695512074401  0.00156900759157100
  0.00164823531461447  0.00173152314275858  0.00181664623956968  0.00191030409163400
  0.00201509017465480  0.00216206820555103  0.00230760716313408  0.00245887017056184
  0.00263966386044956  0.00282596290058569  0.00299117631083516  0.00317369343777466
  0.00337645587185454  0.00358765808735496  0.00383877054793620  0.00415623346568885
  0.00454016746083339  0.00495734743187801  0.00551368291824363  0.00624038068770227
  0.00739923345251181  0.00862909923679893  0.00993167829537116  0.01256189673031718
  0.02040052159981383  0.03696240243605935  0.07072278212323982  1.00000000000000000
 -0.00245089367091456  0.00927449847205594  0.01995684325656095  0.03171444387416190
  0.04278034303495248  0.05467339259003848  0.06720629859431898  0.07906210304112880
  0.08996059828450988  0.09976593652031462  0.10933010923892197  0.11910265710089665
  0.12936166524441037  0.13994412954205146  0.14978550371617061  0.15875818728479793
  0.16762054283263539  0.17791532956106174  0.18861682652779571  0.19886694233278235
  0.20859165668987559  0.21891791168055960  0.22872394141410307  0.23828281457774336
  0.24810443464002099  0.25947278006130209  0.27147132965746895  0.28256083997896386
  0.29277776712872100  0.30269730569797376  0.31263469736488914  0.32275963492633769
  0.33341734873107642  0.34531370602478823  0.35774674733075956  0.36859899517463385
  0.37789266553587741  0.38710190312865184  0.39641359927624270  0.40652115542066641
  0.41700562772952010  0.42840294297916415  0.44033744056804425  0.45129092221481110
  0.46304995981902758  0.47441808182196366  0.48583716980774444  0.49611625559032874
  0.50675489365724624  0.51787432769905428  0.53022622291685806  0.54349135407309823
  0.55621150696275401  0.56800573572388335  0.57770025215916920  0.58620012949154887
  0.59436421620056112  0.60373480485621311  0.61450990133626249  0.62475284622672367
  0.63521492449297867  0.64573464517998702  0.65612960646881247  0.66713242087729563
  0.67869753668101007  0.68988910458098618  0.69929861024219686  0.70899330501286284
  0.71917115358730277  0.72937749654873008  0.73841326041815236  0.74784568433983467
  0.75832410032568520  0.76888508334714434  0.78002992175039432  0.79079197732963669
  0.80133175349852725  0.81014512825526475  0.81904270726238770  0.82772946996619956
  0.83825683933216866  0.84815464148588560  0.85852053353355040  0.86912331309377988
  0.87989701647013407  0.88984136021136628  0.89957979426814516  0.90979361913889945
  0.92061053479566701  0.93174971555996333  0.94270378802995547  0.95360231504466397
  0.96473420680841648  0.97567997466090484  0.98779952593848297  1.00000000000000000
 -0.00198632545302980  0.00820944886493520  0.01518497890494419  0.02296708836388721
  0.03153349359738938  0.04155444394193260  0.05114923676462980  0.06026532319326289
  0.06999503553562594  0.08094032418610232  0.09216221589906851  0.10312482122020966
  0.11399618029782689  0.12561446317828054  0.13910498118155651  0.15182935861641150
  0.16292827265238355  0.17447142337372193  0.18476333684500693  0.19368441368430322
  0.20208105887892261  0.21148589343140406  0.22208848780979634  0.23334632914682338
  0.24454012404543587  0.25598212780251972  0.26630918633361655  0.27588404160961200
  0.28466281821795753  0.29350207691971103  0.30337581974860134  0.31311277872830590
  0.32433220710216393  0.33672674691813526  0.34895694682825179  0.36123488731010628
  0.37279972931733268  0.38336065420111126  0.39330417076525798  0.40265376905483452
  0.41123663069376915  0.42059481607331478  0.43029980724779482  0.43950651910632016
  0.44773798782541102  0.45612794063711948  0.46544384435366398  0.47635385370878641
  0.48783946064764766  0.49896341466808330  0.50993705893281227  0.52148885639479181
  0.53394872281045525  0.54606475698643531  0.55733961380113983  0.56877705921857635
  0.58086541742275255  0.59265612317591687  0.60315205455341903  0.61294253208411109
  0.62273879555751199  0.63255795207273646  0.64197682920043742  0.65114790182739479
  0.65986342373559048  0.66939974445779493  0.67929057602175436  0.68975331857743216
  0.70043883283833008  0.71201376980553799  0.72326423200773737  0.73456868192540947
  0.74533408470317364  0.75624455304771998  0.76658706719913061  0.77758591363550567
  0.78932979167490969  0.80274903389260388  0.81675367550337774  0.82871979465038137
  0.84013560170384427  0.85138575423227358  0.86246713413486287  0.87318158942553814
  0.88354501253090700  0.89344839639928664  0.90339517375115108  0.91278784497428656
  0.92191714107521094  0.93155545230184722  0.94262773349062290  0.95488859985297170
  0.96556991796160530  0.97594240510857511  0.98731332799597638  1.00000000000000000
 -0.00271137407021086  0.01079160344998151  0.02156285097957058  0.03274456735786255
  0.04332899045425320  0.05341590563420494  0.06250749514190998  0.07141633395345084
  0.08118542359868451  0.09175760360754186  0.10198306283838576  0.11145492775710064
  0.12093249697085132  0.13136701722750921  0.14164114316145562  0.15209325088972464
  0.16299910948638632  0.17466972087561550  0.18702613794897713  0.19998507606542104
  0.21226395008937846  0.22327718501267105  0.23318844504056643  0.24274525990844734
  0.25280743203757372  0.26378273504955185  0.27479532925403893  0.28501559980781899
  0.29499332854935439  0.30503977944816185  0.31585072525488012  0.32775264016904182
  0.34046654826603839  0.35235801650357895  0.36386574945147437  0.37490790349738029
  0.38534100023285150  0.39550245420440400  0.40581421114252109  0.41585847063731907
  0.42596477497065521  0.43494760711611125  0.44373620857329077  0.45235017030338054
  0.46099523078186200  0.47011884653699015  0.47930463898517633  0.48986097200570883
  0.50105294073331319  0.51162245184669430  0.52107511757425329  0.53084195529549094
  0.54204577091840811  0.55371842686194039  0.56540549459644951  0.57691401370726325
  0.58876680363633316  0.60092836829779250  0.61304835252674672  0.62495059252935725
  0.63641282628630069  0.64816080444785318  0.66038336285536725  0.67251732662067620
  0.68525058566683328  0.69830444527770297  0.71053911401922809  0.72175450441727518
  0.73330535439254996  0.74479796980233404  0.75498862153587443  0.76471083268126161
  0.77484650995900528  0.78575147233412290  0.79608618502527850  0.80544701644174010
  0.81398030867411375  0.82303931823985266  0.83254660993950447  0.84254446176735831
  0.85265502229230805  0.86192682582768676  0.87109134628537832  0.88012079949196376
  0.88966549551650620  0.89843161308733821  0.90721142272725130  0.91562365635548137
  0.92466718797747405  0.93410502279301399  0.94382650317254857  0.95317360287076325
  0.96317998590095488  0.97453257671421090  0.98658110882584704  1.00000000000000000
  0.00083582988807272  0.00160841122810379  0.00278204829829504  0.00376994640713489
  0.00462505695753195  0.00541697986761773  0.00619686822361377  0.00695599748731513
  0.00773098805771455  0.00852264116108261  0.00933497592729174  0.01017205683539576
  0.01104295076232266  0.01186502887791758  0.01267547678401565  0.01347455513761842
  0.01425620975867007  0.01503347458814188  0.01587243519335879  0.01678442199135409
  0.01767230817795555  0.01863656615356298  0.01950612476274155  0.02032898993407018
  0.02117888790015653  0.02208136865510575  0.02298465157387673  0.02391019144127680
  0.02485092472882904  0.02585791876278582  0.02692650227123579  0.02806260290747335
  0.02926167634976338  0.03039951482287342  0.03143097548384454  0.03244207422177569
  0.03342513774505893  0.03450892770327711  0.03558736641780835  0.03678473877015290
  0.03801615729111760  0.03918451173132954  0.04030028424299499  0.04136052833279958
  0.04248473977301849  0.04360296921030889  0.04478487822648776  0.04600409619568049
  0.04729168937859264  0.04876802617998596  0.04991182131593316  0.05098131734331355
  0.05205768792942000  0.05316119877721384  0.05442284451065495  0.05576745629120206
  0.05717014291178413  0.05892675656327134  0.06048175307960429  0.06211393534308243
  0.06355141602851523  0.06510684948433852  0.06666666062741164  0.06813289996236360
  0.06957750405574462  0.07134660607706961  0.07317127905897546  0.07521838457916831
  0.07726869958223127  0.07933857743502849  0.08137229482608233  0.08347551432399067
  0.08554808565584235  0.08764476605814006  0.08950283835524336  0.09105180380206478
  0.09265894135824210  0.09434891940717086  0.09621111898184734  0.09864878055832969
  0.10136163483175281  0.10402744790173447  0.10683927956803051  0.10956318100585109
  0.11224409152600440  0.11532254784400450  0.11838225346320053  0.12101985293170268
  0.12316527449656497  0.12554601115317257  0.13018621273344347  0.13796904687792608
  0.21582774498011392  0.28643919142932422  0.30836182591787403  1.00000000000000000
 -0.00200769941390267  0.01012964804136793  0.02164849851008839  0.03455429329827631
  0.04666403729537728  0.05808881517545022  0.06828215351280811  0.07903087373487730
  0.09079295577075315  0.10457562689945783  0.11762172204380565  0.12925245669553198
  0.14037526865012850  0.15143543519290853  0.16297011974158779  0.17445540737805232
  0.18501603377016940  0.19496268014162565  0.20488273535941179  0.21411082013326468
  0.22415295457606110  0.23427766196985023  0.24493144278599122  0.25568647607068978
  0.26596360291200305  0.27555308237455156  0.28485994236058382  0.29401369142902767
  0.30308755750297989  0.31191304906274542  0.32071629895146159  0.33001361436190446
  0.34026563727873388  0.35124666309999186  0.36200755698356363  0.37224161345878287
  0.38228257114231246  0.39280141134705132  0.40369011581615966  0.41463044875695565
  0.42456215584155166  0.43344647731708397  0.44282640092612596  0.45249762289270590
  0.46195607829101171  0.47168706352626616  0.48134072155288909  0.48943260752597895
  0.49681788194696352  0.50421673237902054  0.51214541612297526  0.52066456246787218
  0.53047298723888558  0.54169940716297349  0.55203952990159844  0.56201392327039934
  0.57112405660371024  0.58005540389714438  0.58930437722885709  0.59771390521940548
  0.60609279752605483  0.61444516986909448  0.62379610985894685  0.63406423597347816
  0.64496331277218955  0.65594991437298356  0.66669271276658060  0.67771743017638386
  0.68928739668770933  0.70051125679885384  0.71204643597703032  0.72224384634010652
  0.73216163069319551  0.74255004713541350  0.75258240031786394  0.76290052278141363
  0.77267504751042493  0.78274856062818754  0.79339095069314680  0.80537162063560463
  0.81787164001013168  0.82963531998664275  0.84138580568948895  0.85278224296200666
  0.86347208439266698  0.87332397856384925  0.88325128939518016  0.89379677232076693
  0.90500852369768714  0.91627658152856939  0.92888895704718644  0.94162676782710286
  0.95510741680872535  0.96962011759883504  0.98510185365641123  1.00000000000000000
 -0.00317035725478861  0.35537599252737484  0.46670472141440467  0.53371678500210906
  0.58336636082421744  0.62272873122508687  0.65466957794787706  0.67844538759269768
  0.69944038923762109  0.71864507919487730  0.73597612181030247  0.75111828511007783
  0.76381969580525688  0.77495106685263648  0.78501174251473427  0.79487373920581750
  0.80453542444985748  0.81300016245850337  0.82052071260588300  0.82806246701773178
  0.83546789287587053  0.84236688922382918  0.84916848506533393  0.85546158975796738
  0.86115558941286507  0.86658647177892834  0.87181387572332303  0.87658035121849109
  0.88103025702443338  0.88532189784107018  0.88960311023700112  0.89359292407154012
  0.89718821984227193  0.90023082733184501  0.90334946185537068  0.90657861552783880
  0.91000253784964980  0.91339294987413644  0.91649471604482502  0.91932882807078187
  0.92190979935831963  0.92421617775426801  0.92647829392880665  0.92874096702853881
  0.93102351094947489  0.93318405129455939  0.93533682586247713  0.93739410746388441
  0.93926181537850562  0.94133482508232491  0.94332256147217042  0.94520657787996032
  0.94702552709951893  0.94874769766905054  0.95045224720078447  0.95211382187219229
  0.95361903085253064  0.95510522426337541  0.95665777787764994  0.95829325527881160
  0.95994393428818425  0.96152086305167783  0.96295267980416210  0.96419639322287809
  0.96539283818755606  0.96659713827954474  0.96783362208917012  0.96915580779835486
  0.97048448280322719  0.97178450038208330  0.97304066906145836  0.97429209596932975
  0.97551635565708295  0.97663440167916726  0.97765194141726630  0.97862832637416142
  0.97958831692081405  0.98054719763226261  0.98149223795073359  0.98242444925151073
  0.98339578744176326  0.98435576314034245  0.98534191900265899  0.98638405275711660
  0.98730786018922978  0.98822397982356436  0.98915696378701845  0.99004828390357780
  0.99094186336961487  0.99185516556141695  0.99277965902717524  0.99372464998797172
  0.99474079638370372  0.99601326589443229  0.99768614296063740  1.00000000000000000
   1.4002224326184778E-006  -1.0000000000000000     
 F F F F F F F F F F F F F F F F F F F F F F F F F F F F F F F F F F F F F F F F F F F F F F F F F F F F F F F F F F F F F F F F
  <DiscreteSampler_grid>
  grouped_processes
  1 # 1 for a reference and 2 for a running grid.
  10 # Attribute 'min_bin_probing_points' of the grid.
  1 # Attribute 'grid_mode' of the grid. 1=='default',2=='initialization'
  0.0000000000000000 # Attribute 'small_contrib_threshold' of the grid.
  0.5000000000000000 # Attribute 'damping_power' of the grid.
 # binID   n_entries weight   weight_sqr   abs_weight
    10   10   1.649520358067482E+005   2.202674786047827E+011   1.649520358067482E+005
  </DiscreteSampler_grid>
