  0.36407175679061493  0.60476523441798080  0.60536380216929475  0.60596236992060881
  0.60656093767192287  0.60715950542323682  0.60775807317455088  0.60835664092586494
  0.60895520867717901  0.60955377642849295  0.61015234417980702  0.61075091193112108
  0.61134947968243503  0.61194804743374909  0.61254661518506315  0.61314518293637721
  0.61374375068769116  0.61434231843900522  0.61494088619031928  0.61553945394163323
  0.61613802169294729  0.61673658944426135  0.61733515719557541  0.61793372494688936
  0.61853229269820342  0.61913086044951748  0.61972942820083143  0.62032799595214549
  0.62092656370345956  0.62152513145477351  0.62212369920608757  0.62272226695740163
  0.62332083470871569  0.62391940246002964  0.62451797021134370  0.62515174543910212
  0.62593114748272893  0.62671054952635574  0.62748995156998255  0.62826935361360936
  0.62904875565723617  0.62982815770086298  0.63060755974448979  0.63138696178811660
  0.63216636383174341  0.63294576587537021  0.63372516791899702  0.63450456996262383
  0.63528397200625064  0.63606337404987745  0.63684277609350426  0.63762217813713107
  0.63840158018075788  0.63918098222438469  0.63996038426801150  0.64073978631163830
  0.64151918835526511  0.64229859039889192  0.64307799244251873  0.64385739448614554
  0.64463679652977235  0.64541619857339916  0.64697788515441546  0.64944033779241028
  0.65190279043040522  0.65436524306840005  0.65682769570639499  0.65929014834438981
  0.66175260098238475  0.66421505362037958  0.66698164558267481  0.69391780315160356
  0.70291579673294691  0.71191379031429036  0.72091178389563393  0.72990977747697738
  0.73890777105832084  0.74790576463966429  0.80490050515551992  0.85517676027315215
  0.85841957394624269  0.86166238761933323  0.86490520129242376  0.86814801496551430
  0.87139082863860484  0.87463364231169538  0.87748675078318650  0.88029022474000629
  0.88309369869682608  0.88589717265364576  0.88870064661046555  0.89150412056728534
  0.89430759452410513  0.92844558323339366  0.95087320847123358  1.00000000000000000
  0.00010516169875568  0.00012522918354471  0.00012657207469005  0.00012791496583539
  0.00012925785698072  0.00013060074812606  0.00013194363927140  0.00013328653041674
  0.00013462942156207  0.00013597231270741  0.00013731520385275  0.00013892751557175
  0.00014074185707417  0.00014255619857660  0.00014437054007902  0.00014618488158145
  0.00014799922308387  0.00014981356458630  0.00015162790608872  0.00015344224759115
  0.00015611669766232  0.00015880850358241  0.00016150030950250  0.00016419211542259
  0.00016688392134268  0.00016957572726277  0.00017415826288509  0.00018038468878808
  0.00018661111469106  0.00019314266071197  0.00020007293545525  0.00020700321019852
  0.00024937763480358  0.00040664552549399  0.00066421129703058  0.00108389678424602
  0.00123888968069468  0.00131739570315059  0.00140360225012295  0.00149377103745689
  0.00158972256157302  0.00227532672526722  0.00371462550364352  0.00474029525259259
  0.00477012493547784  0.00479995461836309  0.00482978430124834  0.00485961398413359
  0.00488944366701884  0.00491927334990409  0.00494910303278934  0.00497893271567459
  0.00500876239855984  0.00503859208144509  0.00506842176433034  0.00509825144721559
  0.00512808113010084  0.00515791081298609  0.00518774049587134  0.00521757017875659
  0.00524739986164184  0.00527476879678508  0.00530049815576118  0.00532622751473727
  0.00535195687371337  0.00537768623268947  0.00540341559166556  0.00542914495064166
  0.00545487430961776  0.00548060366859386  0.00550633302756995  0.00553206238654605
  0.00555779174552215  0.00558352110449824  0.00560925046347434  0.00563497982245044
  0.00566070918142654  0.00568643854040263  0.00571216789937873  0.00573789725835483
  0.00576362661733092  0.00578935597630702  0.00581508533528312  0.00584081469425922
  0.00746215864941699  0.01217547027360702  0.01988425412572824  0.02375528769095156
  0.02375528769096156  0.02375528769097156  0.02375528769098156  0.02375528769099156
  0.02375528769100155  0.02375528769101155  0.02375528769102155  1.00000000000000000
  0.00000168576038906  0.00001450624484755  0.00001591298900936  0.00001755117835608
  0.00003200689572731  0.00006907163115208  0.00009912231107206  0.00010182851189226
  0.00010453471271247  0.00010724091353267  0.00010994711435288  0.00011265331517309
  0.00011560444561219  0.00011876089926798  0.00012191735292377  0.00012507380657956
  0.00012823026023536  0.00013138671389115  0.00013482724128895  0.00013850886003903
  0.00014219047878912  0.00014587209753920  0.00014955371628929  0.00015323533503937
  0.00016080513606091  0.00017171569916847  0.00018163363370632  0.00018687817288779
  0.00019212271206926  0.00019736725125073  0.00020261179043220  0.00020785632961366
  0.00021332009377552  0.00021906041901887  0.00022480074426222  0.00023054106950558
  0.00023628139474893  0.00024202171999228  0.00024812457079469  0.00025495404369742
  0.00026178351660016  0.00026861298950290  0.00027544246240564  0.00028227193530837
  0.00029193013157489  0.00030699526618895  0.00032206040080302  0.00038357120599329
  0.00082776126266543  0.00178634013236581  0.00289581051954677  0.00292537110764305
  0.00295493169573933  0.00298449228383560  0.00301405287193188  0.00304361346002816
  0.00307317404812444  0.00310273463622072  0.00313229522431700  0.00316185581241328
  0.00319141640050956  0.00322097698860584  0.00325053757670212  0.00328009816479840
  0.00330965875289468  0.00333921934099096  0.00336838755462553  0.00339512665849448
  0.00342186576236343  0.00344860486623237  0.00347534397010132  0.00350208307397027
  0.00352882217783922  0.00355556128170816  0.00358230038557711  0.00360903948944606
  0.00363577859331501  0.00366251769718395  0.00368925680105290  0.00371599590492185
  0.00374273500879080  0.00376947411265974  0.00379621321652869  0.00382295232039764
  0.00384969142426659  0.00387643052813553  0.00390316963200448  0.00458908830793566
  0.00990297472486652  0.02137001706686098  0.02801019038707579  0.02801019038708578
  0.02801019038709578  0.02801019038710578  0.02801019038711578  1.00000000000000000
  0.08169525464375810  0.08625664820057696  0.08917996306782068  0.09210327793506440
  0.09502659280230810  0.09794990766955181  0.10087322253679552  0.10379653740403923
  0.10718362150986972  0.11063793714246312  0.11409225277505652  0.11754656840764992
  0.12100088404024333  0.12445519967283672  0.18827471010899083  0.19196850985443142
  0.19566230959987202  0.19935610934531262  0.20304990909075321  0.20674370883619381
  0.20903172565154562  0.21025772684574903  0.21148372803995244  0.21270972923415585
  0.21393573042835926  0.21516173162256266  0.21638773281676607  0.21761373401096948
  0.21883973520517289  0.22006573639937629  0.22129173759357970  0.22251773878778311
  0.22374373998198652  0.22496974117618992  0.22619574237039333  0.22742174356459674
  0.22864774475880015  0.22987374595300353  0.23109974714720694  0.23232574834141034
  0.23355174953561372  0.23477775072981713  0.23600375192402051  0.23722975311822392
  0.23845575431242730  0.23968175550663071  0.24090775670083409  0.24213375789503749
  0.24335975908924087  0.24458576028344428  0.24581176147764766  0.24703776267185107
  0.24826376386605448  0.24948976506025786  0.25076328962265687  0.25207069128216203
  0.25337809294166713  0.25468549460117224  0.25599289626067734  0.25730029792018244
  0.25860769957968760  0.25991510123919270  0.26122250289869781  0.26252990455820291
  0.26383730621770807  0.26514470787721317  0.26645210953671827  0.26775951119622338
  0.26906691285572854  0.27037431451523364  0.31543454460465303  0.32835030328017206
  0.34126606195569120  0.35418182063121040  0.36709757930672943  0.41335227530671426
  0.51215844681809963  0.61096461832948534  0.70977078984087072  0.75510275766935520
  0.76370996326384488  0.77231716885833446  0.78092437445282425  0.78953158004731405
  0.79813878564180363  0.80674599123629331  0.84525319176743818  0.89898490637806305
  0.90544189375894846  0.91189888113983386  0.91734823700755985  0.91995354499948190
  0.92255885299140394  0.92516416098332599  0.92612147728602090  1.00000000000000000
  0.11045562823613490  0.11373739350692330  0.11701915877771168  0.12030092404850008
  0.12358268931928848  0.12801488066727887  0.13332159648760852  0.13862831230793818
  0.14393502812826781  0.14928521679968865  0.15465961755962246  0.16003401831955627
  0.16540841907949008  0.23206788263730088  0.25082460364267034  0.25186839801367256
  0.25291219238467477  0.25395598675567693  0.25499978112667915  0.25604357549768136
  0.25708736986868352  0.25813116423968574  0.25917495861068796  0.26021875298169012
  0.26126254735269233  0.26230634172369455  0.26335013609469671  0.26439393046569892
  0.26543772483670114  0.26648151920770330  0.26752531357870551  0.26856910794970767
  0.26961290232070989  0.27065669669171211  0.27170049106271432  0.27274428543371654
  0.27378807980471870  0.27483187417572091  0.27587566854672313  0.27691946291772535
  0.27796325728872756  0.27900705165972978  0.28005084603073199  0.28109464040173415
  0.28213843477273637  0.28318222914373858  0.28422602351474080  0.28526981788574302
  0.28631361225674523  0.28735740662774745  0.28840120099874966  0.28944499536975182
  0.29048878974075404  0.29153258411175625  0.29257637848275847  0.29362017285376069
  0.29466396722476285  0.29570776159576506  0.29675155596676728  0.29779535033776944
  0.29883914470877165  0.29988293907977387  0.30092673345077603  0.30197052782177825
  0.30301432219278046  0.30405811656378262  0.30510191093478484  0.30614570530578705
  0.30718949967678921  0.30823329404779143  0.30927708841879364  0.31032088278979580
  0.31136467716079802  0.31240847153180018  0.39040541169103032  0.47579881909373106
  0.56119222649643163  0.64658563389913215  0.72927816856507321  0.73266375130989791
  0.73604933405472261  0.73943491679954720  0.74282049954437190  0.74620608228919660
  0.74959166503402119  0.75161998798454521  0.75346216027744917  0.75530433257035312
  0.75714650486325707  0.75898867715616103  0.76083084944906498  0.76267302174196894
  0.76325577894846597  0.76325577894847596  0.76325577894848595  1.00000000000000000
  0.09756934245427457  0.09851165284699875  0.09945396323972294  0.10039627363244713
  0.10133858402517132  0.10228089441789552  0.10322320481061971  0.10416551520334390
  0.10535320420498383  0.10654119341571656  0.10772918262644930  0.10891717183718204
  0.11010516104791478  0.11129315025864751  0.11248113946938025  0.11366912868011300
  0.11485711789084574  0.11604510710157848  0.11723309631231121  0.11842108552304395
  0.11960907473377669  0.12079706394450943  0.12198505315524216  0.12317304236597490
  0.12436103157670764  0.12555101074091210  0.12674330587832078  0.12793560101572943
  0.12912789615313811  0.13032019129054676  0.13151248642795543  0.13270478156536408
  0.13389707670277276  0.13508937184018141  0.13628166697759009  0.13747396211499874
  0.13866625725240742  0.13985855238981607  0.14105084752722474  0.14224314266463339
  0.14343543780204207  0.14462773293945072  0.14582002807685940  0.14709033774876756
  0.14836152783823231  0.14963271792769706  0.15090390801716180  0.15217509810662658
  0.15344628819609132  0.15471747828555607  0.15598866837502082  0.15725985846448559
  0.15853104855395034  0.15980223864341508  0.16107342873287983  0.16234461882234458
  0.16361580891180932  0.16488699900127410  0.16615818909073884  0.22373828097087275
  0.24092666221032061  0.25339840893506799  0.26587015565981531  0.27834190238456274
  0.29081364910931023  0.38028041946531976  0.47539996871309292  0.57051951796086586
  0.66563906720863908  0.73124097910359143  0.73748648358534918  0.74373198806710705
  0.74997749254886481  0.75622299703062268  0.76246850151238044  0.76871400599413831
  0.77495951047589617  0.78120501495765404  0.78745051943941191  0.82257394531402650
  0.87650257232657314  0.87985024868529627  0.88319792504401939  0.88654560140274252
  0.88989327776146565  0.89324095412018878  0.89647288215328524  0.89930753137357633
  0.90214218059386742  0.90497682981415839  0.90781147903444948  0.91064612825474056
  0.91348077747503165  0.91631542669532273  0.92843896547953286  1.00000000000000000
 -0.00285387199520249  0.00050311353980353  0.00100622707960707  0.00150934061941061
  0.00201245415921414  0.00251556769901768  0.00301868123882122  0.00352179477862475
  0.00402490831842829  0.00452802185823183  0.00503113539803536  0.00553424893783890
  0.00603736247764243  0.00654047601744597  0.00704358955724950  0.00754670309705304
  0.00804981663685657  0.00855293017666011  0.00905604371646364  0.00955915725626717
  0.01006227079607071  0.01056538433587424  0.01106849787567778  0.01157161141548131
  0.01207472495528485  0.01257783849508838  0.01308095203489192  0.01358406557469545
  0.01408717911449898  0.01459029265430252  0.01509340619410606  0.01559651973390959
  0.01609963327371313  0.01660274681351666  0.01710586035332020  0.01760897389312373
  0.01811208743292727  0.01861520097273080  0.01911831451253434  0.01962142805233787
  0.02012454159214141  0.02062765513194495  0.02122221587567057  0.02188001287277787
  0.02253780986988516  0.02319560686699245  0.02385340386409974  0.02451120086120704
  0.02516899785831433  0.02582679485542162  0.02648459185252891  0.02714238884963621
  0.02780018584674349  0.02845798284385079  0.02911577984095808  0.02977357683806537
  0.03043137383517266  0.03108917083227995  0.03174696782938725  0.03240476482649454
  0.03306256182360183  0.03372035882070912  0.03437815581781642  0.03503595281492371
  0.03569374981203100  0.03635154680913830  0.03700934380624559  0.03766714080335288
  0.03832493780046017  0.03898273479756747  0.03964053179467476  0.04029832879178205
  0.04095612578888935  0.04161392278599664  0.10021008622938317  0.16385687118523723
  0.22750365614109130  0.29115044109694538  0.35479722605279945  0.41844401100865347
  0.48209079596450755  0.54573758092036162  0.60938436587621569  0.67303115083206966
  0.73667793578792373  0.80032472074377781  0.86397150569963188  0.92761829065548596
  0.96134413660080120  0.96716308011406005  0.97298202362731878  0.97880096714057763
  0.98412558766882585  0.98941705844588401  0.99470852922294228  1.00000000000000000
  0.01920902331670121  0.08677845345849597  0.09022357358365868  0.09366869370882139
  0.09711381383398410  0.10055893395914681  0.10400405408430952  0.10802345548975177
  0.11207130629272560  0.11611915709569945  0.12016700789867328  0.12421485870164711
  0.21217978059067841  0.27256601496850275  0.27635156855650317  0.28013712214450354
  0.28392267573250396  0.28770822932050438  0.29149378290850481  0.29527933649650517
  0.29906489008450554  0.30285044367250591  0.30663599726050628  0.31042155084850664
  0.31420710443650701  0.31799265802450738  0.32177821161250775  0.32556376520050812
  0.32934931878850848  0.33313487237650885  0.38030185571268837  0.38973009069816483
  0.39915832568364135  0.40858656066911792  0.41801479565459448  0.42744303064007094
  0.43687126562554740  0.52106677688772629  0.52250033892590597  0.52393390096408565
  0.52536746300226533  0.52680102504044501  0.52823458707862470  0.52966814911680438
  0.53110171115498406  0.53253527319316385  0.53396883523134353  0.53540239726952321
  0.53683595930770289  0.53826952134588257  0.53970308338406225  0.54113664542224194
  0.54257020746042162  0.54400376949860130  0.54543733153678087  0.54687089357496055
  0.54830445561314023  0.54973801765131991  0.55117157968949959  0.55260514172767927
  0.55403870376585895  0.55547226580403863  0.55690582784221832  0.55833938988039800
  0.55977295191857757  0.56120651395675725  0.56264007599493693  0.56407363803311661
  0.56550720007129629  0.56694076210947597  0.56837432414765565  0.56980788618583533
  0.57124144822401501  0.57267501026219469  0.57410857230037438  0.57554213433855395
  0.57697569637673363  0.57840925841491331  0.57984282045309299  0.58127638249127267
  0.58270994452945235  0.59132767017591747  0.60547325945580699  0.61961884873569628
  0.63376443801558568  0.66171197384317948  0.76987077387341929  0.87802957390365943
  0.92121354300634317  0.92828737229098557  0.93536120157562808  0.94188783145987076
  0.94817730999723659  0.95446678853460232  0.96243828932444242  1.00000000000000000
  0.13204377492268887  0.13998766751567296  0.14925376840250393  0.16220354539053949
  0.23301229845611854  0.33339118659993416  0.33978739619384657  0.34618360578775903
  0.35257981538167149  0.35897602497558390  0.36537223456949625  0.37176844416340865
  0.37816465375732100  0.38456086335123341  0.39095707294514576  0.41989049727378341
  0.52112721111833848  0.54454742603291340  0.54816141017281050  0.55177539431270750
  0.55538937845260450  0.55900336259250161  0.56261734673239860  0.56623133087229571
  0.56984531501219271  0.57345929915208971  0.57707328329198682  0.58068726743188381
  0.58402818684414459  0.58662261007936678  0.58921703331458908  0.59181145654981127
  0.59440587978503356  0.59700030302025575  0.59959472625547805  0.60218914949070024
  0.60496901632727063  0.60834333008381636  0.61171764384036209  0.61509195759690782
  0.61846627135345356  0.62184058510999940  0.62521069817524433  0.62851905322911650
  0.63182740828298867  0.63513576333686084  0.63844411839073301  0.64175247344460518
  0.64506082849847735  0.65240485441161344  0.66097828071570741  0.66955170701980127
  0.67812513332389512  0.68669855962798898  0.77927314738618259  0.85449130679485052
  0.85573889655392343  0.85698648631299634  0.85823407607206936  0.85948166583114227
  0.86072925559021518  0.86197684534928809  0.86322443510836100  0.86447202486743402
  0.86571961462650693  0.86696720438557984  0.86821479414465275  0.86946238390372566
  0.87070997366279868  0.87195756342187158  0.87320515318094449  0.87445274294001740
  0.87554312374069210  0.87651065762519720  0.87747819150970230  0.87844572539420740
  0.87941325927871250  0.88038079316321771  0.88134832704772281  0.88231586093222791
  0.88328339481673301  0.88425092870123811  0.88521846258574322  0.88618599647024832
  0.88715353035475342  0.88812106423925852  0.88908859812376373  0.89005613200826883
  0.89102366589277393  0.89199119977727903  0.89295873366178413  0.89392626754628923
  0.89489380143079433  0.89876328615544276  0.95772773424784330  1.00000000000000000
   6.4103854338552307E-013  -1.0000000000000000     
 F F F F F F F F F F F F F F F F F F F F F F F F F F F F F F F F F F F F F F F F F F F F F F F F F F F F F F F F F F F F F F F F
  <DiscreteSampler_grid>
  grouped_processes
  1 # 1 for a reference and 2 for a running grid.
  10 # Attribute 'min_bin_probing_points' of the grid.
  1 # Attribute 'grid_mode' of the grid. 1=='default',2=='initialization'
  0.0000000000000000 # Attribute 'small_contrib_threshold' of the grid.
  0.5000000000000000 # Attribute 'damping_power' of the grid.
 # binID   n_entries weight   weight_sqr   abs_weight
    10   10   6.705492017472240E+003   3.655258262277468E+008   6.705492017472240E+003
  </DiscreteSampler_grid>
