  0.00951568718259240  0.01618513505366533  0.02490793808052324  0.03617854023247601
  0.04754023695138151  0.05992100354195808  0.07159456058418329  0.08285057997617053
  0.09109042259588646  0.09780866548762211  0.10433797234160122  0.11101211498665632
  0.11793549178363169  0.12646263417282091  0.13481265273745188  0.14407965153231725
  0.15675342120943372  0.17192046203194114  0.18560097371299378  0.19678909769453670
  0.20605537309551830  0.21400443349635723  0.22201215901036628  0.23195289283207179
  0.24152093669686386  0.24895137152959829  0.25509101412178359  0.26128323456000235
  0.26777744718150054  0.27347745443361754  0.27871801388387585  0.28510292414174837
  0.29357849793602137  0.30341298176922998  0.31204011249658575  0.32165370801985566
  0.33223908066997276  0.34399212862333212  0.35776182849146432  0.37234603792960363
  0.38341940591637291  0.39185513116914400  0.40037657213016364  0.40987677091978159
  0.42048497121878886  0.43112210344363711  0.44094796272883913  0.45303882561665082
  0.46517458923758481  0.47857416168209632  0.49363039444260615  0.50927575341413434
  0.52270809513326522  0.53514167218274877  0.54553354136957410  0.55460787598891836
  0.56345138824892593  0.57285213077414054  0.58369736450560439  0.59680891027755056
  0.60967083821015378  0.62142397217380252  0.63342816284220749  0.64636142889262727
  0.65838972533053031  0.67029846418619154  0.68264037844023528  0.69479018450358709
  0.70793525159618398  0.72148613324665067  0.73464057272108529  0.74731200745516857
  0.76045062423086740  0.77347743762082810  0.78231711264944481  0.79135544556338622
  0.80149564112875415  0.81330384453199833  0.82467602033590615  0.83740022636127309
  0.85330351850109354  0.87015457400814633  0.88650779639270616  0.89949196641060336
  0.91160826239040593  0.92005938907931983  0.92729774446917390  0.93484973691597784
  0.94136759230987022  0.94826891297623117  0.95659624863115011  0.96616623464531104
  0.97574814429537882  0.98618500789954322  0.99032092893786328  1.00000000000000000
  0.00000277229386888  0.00000372345387729  0.00000506996808849  0.00000702945711972
  0.00000952285895107  0.00001262796930959  0.00001666646772555  0.00002127431013568
  0.00002631578110713  0.00003134118751628  0.00003578625277665  0.00004006711693823
  0.00004478688294033  0.00004970358390612  0.00005506879383631  0.00006124283172422
  0.00006847376667252  0.00007656735263672  0.00008652706492994  0.00009800382171075
  0.00010994244414706  0.00012042817405489  0.00013067126069457  0.00014177291820490
  0.00015258942876302  0.00016394981654166  0.00017528138362657  0.00018594534972154
  0.00019792851989844  0.00020919235674457  0.00021905270696791  0.00022788704559929
  0.00023895176956204  0.00025162984278272  0.00026498046089994  0.00027893973205222
  0.00029346250171474  0.00031428783795502  0.00033064155940864  0.00034957948710277
  0.00037266427264947  0.00039387088531764  0.00041782380216328  0.00044501957002515
  0.00047513550844207  0.00050623374938212  0.00053758116399657  0.00056780207283808
  0.00059607371599464  0.00062376646036082  0.00065189230055433  0.00068054474923030
  0.00071177900192454  0.00074492918484692  0.00077919591065241  0.00081397024660224
  0.00085011304842082  0.00089127087657137  0.00094084235891837  0.00100100359604536
  0.00106755975652343  0.00115197247729660  0.00125478807631145  0.00136533872734611
  0.00147231986385652  0.00157951010633339  0.00167832602547923  0.00177914308556496
  0.00189387092134176  0.00201816288324402  0.00213854417438932  0.00226434133455085
  0.00238426878559463  0.00251540433492238  0.00267163610584657  0.00283708762383904
  0.00304163565646057  0.00325228682263994  0.00349810490799016  0.00374997511376433
  0.00402659210495016  0.00432573802403796  0.00467953264386108  0.00505762307105690
  0.00554890517171774  0.00635594926611942  0.00753731846741515  0.00914616017817359
  0.01091830774474169  0.01281921854937647  0.01524574079245667  0.01875304008655134
  0.02574433486360270  0.06077893833732668  0.31949797509558692  1.00000000000000000
 -0.00000265699978783  0.00000642140798866  0.00001743763561900  0.00002944169115499
  0.00004009957159463  0.00005098489404636  0.00006107692981736  0.00006953734858108
  0.00007662929686940  0.00008360771618256  0.00008947644647958  0.00009557335967055
  0.00010181441636600  0.00010862115595885  0.00011706368487244  0.00012719246740255
  0.00013850085945081  0.00015046359867902  0.00016379330391202  0.00017557548640381
  0.00018635406438529  0.00019676590101786  0.00020689023123909  0.00021709506288022
  0.00023148719115737  0.00024617652874989  0.00026132354450574  0.00027646867128628
  0.00029095976043977  0.00030542640254202  0.00032014899884837  0.00033524514629210
  0.00035157725283186  0.00036922933956350  0.00038721115896190  0.00040712988636196
  0.00042767250793888  0.00044987516761287  0.00047365713087503  0.00049694454143169
  0.00051903923766699  0.00054371368610187  0.00057076040601247  0.00060496609472015
  0.00064390863436266  0.00068637768706429  0.00073131506980712  0.00077467131464853
  0.00080707002427665  0.00083704662416250  0.00086797335408001  0.00089910527456333
  0.00093205934248091  0.00096640881485028  0.00100064986744395  0.00104021011916336
  0.00109125546560847  0.00114691064857971  0.00120423359064786  0.00126159916148503
  0.00131856942466345  0.00138191565109384  0.00144311722150520  0.00152960590860830
  0.00161076575329684  0.00169251999092251  0.00178355179082775  0.00189738432955884
  0.00201657053637596  0.00213869248655469  0.00228147344118240  0.00246999866612955
  0.00260082416370782  0.00273729591053633  0.00289120770680505  0.00304528075778979
  0.00320317923991510  0.00337121241853685  0.00358131204704322  0.00381390510493083
  0.00414364683556096  0.00453474817505182  0.00496797445780666  0.00544385241405600
  0.00596554424349106  0.00658595239944409  0.00740263933863881  0.00817306979885374
  0.00931166374025244  0.01104516276969999  0.01338970231348272  0.01711345170329555
  0.02296556336467077  0.05746458893141471  0.13723973370854645  1.00000000000000000
 -0.00370382758498570  0.00773360136119405  0.01797961445074924  0.02667252995128023
  0.03748193741077001  0.04978633177531269  0.06354206620643936  0.07858598763576437
  0.09114415599977554  0.10213986719598121  0.11325984114952276  0.12393302239331042
  0.13501443200012508  0.14725231757153961  0.15855313289148795  0.17038222610553411
  0.18366022038492133  0.19579140444183357  0.20730686906814344  0.21760011065162876
  0.22729969600635633  0.23626244188699910  0.24472405679529516  0.25372129182213599
  0.26283227901563139  0.27348672024772569  0.28422033073797581  0.29458743167406104
  0.30297441084085064  0.31016358213860978  0.31710536757145391  0.32448010655737297
  0.33372418196247111  0.34300724109149278  0.35259089343776323  0.36232496676987086
  0.37219748207997666  0.38283483669771035  0.39491286737929654  0.40488899045813292
  0.41487686462169143  0.42469077668003014  0.43624785696788065  0.44886016857504452
  0.46204504173659694  0.47459348487956887  0.48751123744837810  0.50039461724137302
  0.51354494728786171  0.52796341118565215  0.54339895897969792  0.55942359386581231
  0.57602344711234144  0.59061121438122655  0.60325833856308642  0.61551090243079709
  0.62665946571554876  0.63688592497420982  0.64709748275746715  0.65631416243855245
  0.66415988601398468  0.67178555260641670  0.68113733641202956  0.69142481900381836
  0.69977067508417545  0.70690500038811699  0.71398104316969624  0.72163271970382914
  0.73021148476082942  0.73766924196981931  0.74529962937867145  0.75527784594326841
  0.76604651164837589  0.77637614542049382  0.78825569454324917  0.80151279696428712
  0.81289173716668361  0.82338344472899339  0.83428724746615235  0.84559108363713509
  0.85636617633509615  0.86544613682979155  0.87389379019665581  0.88257448569664609
  0.89186174377449590  0.90244271481283356  0.91455974454837652  0.92666436329693525
  0.93697516872627951  0.94717403063616434  0.95733599210832998  0.96797823892452461
  0.97826928676127101  0.98617152236735584  0.99341470293099343  1.00000000000000000
 -0.00252953238550984  0.01087372945658685  0.02026701082472334  0.02874464436232349
  0.03688199197699744  0.04592669263382853  0.05771165859647175  0.06831320317893114
  0.07886896836249677  0.09067261925724644  0.10315288224107207  0.11493177154213353
  0.12482359940266964  0.13293660921347716  0.14070709611651239  0.14940795786430047
  0.15923173732807125  0.16812010500465061  0.17499636169235941  0.18131298443678062
  0.19016381105318728  0.20405502630734040  0.21962199223452258  0.23175936806393349
  0.24203593219933023  0.25177259960822373  0.26171824850915409  0.27223410519681251
  0.28236586748601966  0.29245355383114097  0.30133524900721337  0.30949014542504971
  0.31739154083495957  0.32500100018258032  0.33383265198382639  0.34302496135887012
  0.35290238051343376  0.36616159302958590  0.38045583986053960  0.39021176000436891
  0.39922393587597582  0.40835719936715648  0.41783694592468196  0.42799602800643527
  0.43790844244450128  0.44725999102488656  0.45627295712050864  0.46519361880849491
  0.47461528313337337  0.48609998977502400  0.49891132531885590  0.51120773800770092
  0.52312601644417112  0.53469283913440491  0.54577590496059025  0.55671857962624904
  0.56953279628713316  0.58292417921764972  0.59645802648018975  0.61005039300849773
  0.62370929422279742  0.63733135501166505  0.65066540913495696  0.66259885687638376
  0.67413583240200925  0.68585108991859167  0.69739647543411709  0.70899857943701783
  0.72135093948118978  0.73351038592692108  0.74542625674702367  0.75816455717957498
  0.77033803970653625  0.78200179587962371  0.79328232674360677  0.80235803440727571
  0.81023323926285606  0.81846896233633426  0.82875564554386649  0.83992963573382695
  0.85011543077136387  0.86200652380285492  0.87592981878064335  0.89043264401934819
  0.90355284898476318  0.91542087740560851  0.92640880319418750  0.93694535025624937
  0.94633757997680679  0.95410361232748164  0.96124611100428159  0.96859328637427755
  0.97710848813218032  0.98439235576447948  0.99138321145289188  1.00000000000000000
 -0.00171427573194592  0.00953867856465347  0.02167511993043179  0.03554846861010064
  0.05113239281932995  0.06737896795159305  0.08712866290668757  0.10744110387350947
  0.12227072357475288  0.13391889253024991  0.14508172431800700  0.15503885721208244
  0.16604864344452255  0.17799073855333319  0.18874390892096679  0.19819773203767541
  0.20744502368755713  0.21690902461159856  0.22531204880938813  0.23269091453060370
  0.24029154999110480  0.24752830952114277  0.25420170583154778  0.26097841617665707
  0.26761078668941418  0.27479717688593897  0.28478506669142567  0.29483254061947756
  0.30414302653654696  0.31202352078597317  0.32048456893935151  0.33008151390833229
  0.34011191689018522  0.34895411546412097  0.35751042122764010  0.36614003952274909
  0.37467811487759473  0.38392057808366398  0.39327115029639015  0.40277330564684555
  0.41280750793658411  0.42391159688666957  0.43696689675150929  0.45140089055873256
  0.46578610720491986  0.47755365422035179  0.48925500483669998  0.50027313531203565
  0.51198048117403849  0.52440603532923513  0.53769395712617718  0.54880182199048144
  0.55905528286038653  0.56937937534517347  0.57944519603076650  0.58995092751182576
  0.60035769214933143  0.61005675278059956  0.61977022737247789  0.62979364941862337
  0.64060912136412262  0.65163668157624277  0.66266549583247403  0.67500725176832732
  0.68667089258050018  0.69627991839799996  0.70440264671603259  0.71245589813683252
  0.71990387141170631  0.72733728535262776  0.73673005795178548  0.74897249318498427
  0.76384252130542318  0.77745738676397624  0.78802506876932776  0.79699468307365795
  0.80435648373422541  0.81168107632577169  0.81998481831836567  0.82956705172875955
  0.83948758828540249  0.84655928731973196  0.85383747094769979  0.86124762057837034
  0.87128183840734719  0.88203611939101745  0.89213107124790469  0.90227568655949875
  0.91223170636673623  0.92430788165416111  0.93699571619987765  0.94978712301671531
  0.96233005325809862  0.97437483850292783  0.98742874599777886  1.00000000000000000
  0.00039792724580740  0.00276860395693286  0.00522528630469151  0.00757694314835272
  0.00973930510487838  0.01189114247986681  0.01412341402702164  0.01629186576498440
  0.01833311864045111  0.02031938967075096  0.02238641610158786  0.02460975131864695
  0.02701891298475513  0.02947773270862455  0.03180898010712306  0.03391168605121721
  0.03595515053267807  0.03813128390144196  0.04038968254267369  0.04247475873074186
  0.04418595230382030  0.04592709271057697  0.04726432092077654  0.04872816656046622
  0.05017198707569214  0.05148167981022626  0.05284060764411115  0.05413840544879783
  0.05536781606589829  0.05675934010229604  0.05812503976297403  0.05980997570974507
  0.06167184384821613  0.06325703870209144  0.06463511687042794  0.06604398345306677
  0.06742588911939003  0.06921981828294925  0.07140007887349385  0.07354835204341106
  0.07537705211264469  0.07683592665085587  0.07814827245065105  0.07962873543959414
  0.08139768778375391  0.08327642053980984  0.08488932496543672  0.08645316264282338
  0.08788031701840050  0.08930166781905466  0.09070753060364055  0.09242981484382944
  0.09443118869397947  0.09609112334076436  0.09756589854574284  0.09893639450147892
  0.09991725822287524  0.10094051910523724  0.10190437798110916  0.10289190591298142
  0.10423007627130546  0.10620307427202735  0.10784132873979589  0.10938955990254405
  0.11097385027144097  0.11319365372615436  0.11614807559667979  0.11889526193528988
  0.12089837822596931  0.12250632352556659  0.12407454632790912  0.12577570548205022
  0.12751174130176599  0.12898581444714194  0.13045214990082149  0.13201765833476031
  0.13377125310983934  0.13579323667572660  0.13775106591118896  0.13966408587011570
  0.14175746912190493  0.14394101840201051  0.14585234819472670  0.14774854985259636
  0.15000617551155437  0.15244017687154124  0.15509779980988489  0.15692238908435982
  0.15856021820962654  0.16007606602838989  0.16230211128209535  0.16530714482322711
  0.16854344044440320  0.17231905784226789  0.17246338971854938  1.00000000000000000
 -0.00233810964631848  0.00936201347048970  0.02036668926488874  0.03189392509453529
  0.04276985623941807  0.05300590025933918  0.06120048930615308  0.07042911421241493
  0.07937946156203786  0.09012308063866289  0.10531750739520770  0.12240930162129321
  0.13768540843784091  0.14799141672537883  0.15518739567585252  0.16271815462969244
  0.17176300495299904  0.18265375875751158  0.19327488823118597  0.20103356697731531
  0.20789389442478123  0.21626992346570925  0.22755366258594403  0.24070106973168129
  0.24970982802784938  0.26210304870009088  0.27490851864020333  0.28761906260271569
  0.30039899873715464  0.31443824982475588  0.32816793760430918  0.33935456593526631
  0.34795663508827274  0.35845921013204729  0.36864420284056015  0.37848573125312113
  0.38822399814138797  0.39789655162063564  0.40785110851772083  0.41899168842590012
  0.42943806707435161  0.44040736513549117  0.45315254493531809  0.46658996301555528
  0.47808730170611652  0.48864897588615941  0.49803568449194968  0.50617390752683056
  0.51359952073536874  0.52132321157146100  0.52818242260160841  0.53516036202549955
  0.54266593914463512  0.55078842179899590  0.55818397400828457  0.56583151182907898
  0.57294496981864695  0.57950838472800825  0.58599714310794548  0.59351940536830672
  0.60223174129575352  0.61075624989177457  0.61872586885241010  0.62948582565724753
  0.64117202999008382  0.65031668852175106  0.65858349034768537  0.66640807853667727
  0.67500889565523481  0.68451311200007336  0.69445666078438761  0.70564131952127229
  0.71767440275554473  0.72997578619435499  0.74193245639112781  0.75315797971195342
  0.76322627679715660  0.77200270951785732  0.78061848047121052  0.79046278100123368
  0.80047015461072735  0.81075510348095747  0.82236151113363232  0.83583747324002422
  0.85110445073299357  0.86701665726253752  0.88044208536737578  0.89135898362403676
  0.90186473037010662  0.91160209507231682  0.92124903555973225  0.93240777688695875
  0.94619486745450798  0.96405730810103696  0.98193327687799992  1.00000000000000000
 -0.01957225652554041  0.40021779873177848  0.52031961045993391  0.59427133545309396
  0.64733509162473823  0.68590256935586980  0.71798501168858708  0.74560019095413854
  0.76711326810486502  0.78469027926009804  0.80091533666423531  0.81524599441658940
  0.82766094312735761  0.83882578811243069  0.84983080482067919  0.85992979699163696
  0.86844691532170049  0.87603312393808730  0.88287273925643084  0.88919644533223130
  0.89501015571476017  0.90015156149751130  0.90512578303606839  0.90997321317911428
  0.91450001594448704  0.91865861843961882  0.92245722896606686  0.92611400700095947
  0.92960025420581893  0.93282909303155348  0.93586270390266002  0.93861713226267340
  0.94125715385264686  0.94375042016256661  0.94604422679367051  0.94814937791206999
  0.95018113760579637  0.95220724701875514  0.95412017736780275  0.95599466400429967
  0.95776991275568935  0.95932449873624182  0.96083312316339731  0.96232309917917969
  0.96375437880383552  0.96514748822525442  0.96647308981651814  0.96774892281988434
  0.96901300076332220  0.97020321451224201  0.97145213200430425  0.97268053466326931
  0.97387938312306499  0.97501399792702004  0.97599769028061401  0.97695758700148227
  0.97790835673953669  0.97887523656822029  0.97987672190295749  0.98069331137172411
  0.98158390971506471  0.98240119341692922  0.98315019728509956  0.98385732052833619
  0.98452228874213954  0.98515580205410547  0.98576789062282810  0.98635969869542084
  0.98693280737735833  0.98746266592658338  0.98796113157939436  0.98843610765667878
  0.98887854582694990  0.98932362784496841  0.98978240791674765  0.99029009348106689
  0.99075673563420086  0.99119657490089230  0.99162014538371179  0.99204582689442167
  0.99247486910569693  0.99292090520842247  0.99337766874264322  0.99393981515744356
  0.99443290617141500  0.99487129727497581  0.99525722819082751  0.99564222396430280
  0.99602633474391788  0.99641635977284693  0.99681632758836447  0.99729529620696089
  0.99779844346337132  0.99836256361026143  0.99907091314726171  1.00000000000000000
   3.2369969213118514E-007  -1.0000000000000000     
 F F F F F F F F F F F F F F F F F F F F F F F F F F F F F F F F F F F F F F F F F F F F F F F F F F F F F F F F F F F F F F F F
  <DiscreteSampler_grid>
  grouped_processes
  1 # 1 for a reference and 2 for a running grid.
  10 # Attribute 'min_bin_probing_points' of the grid.
  1 # Attribute 'grid_mode' of the grid. 1=='default',2=='initialization'
  0.0000000000000000 # Attribute 'small_contrib_threshold' of the grid.
  0.5000000000000000 # Attribute 'damping_power' of the grid.
 # binID   n_entries weight   weight_sqr   abs_weight
    10   10   6.184251653878962E+005   3.696227859339905E+012   6.184251653878962E+005
  </DiscreteSampler_grid>
