  0.01015709555202686  0.01495649867392740  0.02290522407754537  0.03260737436717146
  0.04241186593766413  0.05256192691607754  0.06296198115051661  0.07129717353839857
  0.08031249409233387  0.08984561284406596  0.09949503599076460  0.10851706962608944
  0.11762800552828727  0.12788191726921619  0.14087541486704447  0.15333640141403490
  0.16497090063392494  0.17600779404016229  0.18605359884511921  0.19702374805315634
  0.20775557480758858  0.22212386860651084  0.23336968279843021  0.24281449399053504
  0.25267917154631842  0.26279345446616664  0.27265224974423036  0.28194816207826595
  0.29148903145189320  0.30217668218271121  0.31328368652415656  0.32475265450037349
  0.33530057276403591  0.34495662516857928  0.35451293636302622  0.36397205771157110
  0.37359021201173365  0.38270384222933018  0.39135861532593197  0.40133013565833120
  0.41200204092786269  0.42392045786078558  0.43492059957529211  0.44514531028416987
  0.45506096716429689  0.46576331206190685  0.47714526468616009  0.48858387455720298
  0.49935717943927277  0.50905964658283576  0.51790068183958560  0.52654283331503771
  0.53467707661768227  0.54371883903249829  0.55220078655089155  0.56096838411888317
  0.56977278608618553  0.57922586983502145  0.58880968662210698  0.59859575230216533
  0.60844488702674848  0.61804499728630446  0.62731944102912873  0.63651494152803667
  0.64605620074180825  0.65591031908597097  0.66618363134109393  0.67692559285614329
  0.68815758176377761  0.69969859768348630  0.71169326544784983  0.72406689159348747
  0.73594613826135946  0.74605605142252374  0.75581224196330143  0.76480677974290900
  0.77395423248479689  0.78296530213515292  0.79260642462129816  0.80381837361781150
  0.81428903847767509  0.82449754706932810  0.83513269968588666  0.84710586162264401
  0.85951203150037847  0.87151398500023280  0.88410768360563297  0.89746095584361862
  0.91122575725369659  0.92487427804004596  0.93790563491271894  0.95031338579305114
  0.96255299054414634  0.97485231332989453  0.98714720202662343  1.00000000000000000
  0.00002528958962853  0.00007469578186827  0.00010580153311323  0.00013768495051973
  0.00017887470602134  0.00022257219161985  0.00027073208968664  0.00032081768039725
  0.00037547152830906  0.00043844278866693  0.00050575276163778  0.00056957188047336
  0.00063541662648447  0.00070715533953423  0.00078778003429908  0.00087308628771584
  0.00095671645358604  0.00104175378215016  0.00112652485337766  0.00121688948807504
  0.00131572420867030  0.00142290862009209  0.00153739406981366  0.00165725088347961
  0.00177578144283354  0.00188211570411368  0.00197995628479034  0.00208482098688023
  0.00219124932481305  0.00229869446711357  0.00241260308962070  0.00253534444903797
  0.00266605838724896  0.00280586870033985  0.00293998837279626  0.00308987355388992
  0.00324438237561133  0.00340319790734736  0.00357487907148912  0.00376072883392889
  0.00395281520325380  0.00414736773163336  0.00435708420014066  0.00457500247208510
  0.00479432973633142  0.00502000032864052  0.00528896937527709  0.00558807864541179
  0.00590506046208657  0.00623747991938980  0.00657510697768006  0.00687323409337151
  0.00721938875752985  0.00755428584258966  0.00791012084053261  0.00829356538898818
  0.00868755780459810  0.00908871065095678  0.00952882295058324  0.01000079065876577
  0.01052934833646364  0.01107709582420871  0.01161967385215467  0.01217655821632707
  0.01280923858916215  0.01350622202354378  0.01419872641483589  0.01489016056390557
  0.01560970630113839  0.01638921887895433  0.01723115124830806  0.01814521385655004
  0.01918048864999740  0.02033846073799161  0.02185959603993870  0.02374771660930841
  0.02579365043665833  0.02798548047693106  0.03035552800670513  0.03283069362313682
  0.03545845632701870  0.03822654682162924  0.04129197776774683  0.04464498133814137
  0.04847593869679635  0.05261534279349232  0.05773819514085369  0.06422245403467966
  0.07302861163862942  0.08549746723560207  0.10147946309185599  0.12252083206338840
  0.16765984450526550  0.25519531583299276  0.56765747704896685  1.00000000000000000
  0.00001455769576751  0.00006113733331757  0.00011392428043785  0.00017910859201260
  0.00025490946342479  0.00035511318846017  0.00046612162631965  0.00059288954132546
  0.00076101875207975  0.00096290315874557  0.00116817369727220  0.00137586201385321
  0.00159436149848935  0.00183729027536571  0.00208799082542880  0.00236266635972597
  0.00266917166698155  0.00299032864519132  0.00330317423164708  0.00362446338272684
  0.00396320395747575  0.00430400630607530  0.00464048930311513  0.00497521402904121
  0.00530892389044850  0.00564230868023365  0.00597752413287898  0.00631481418016333
  0.00667879585971514  0.00706582168519518  0.00745859772992895  0.00784392406067556
  0.00825819428062593  0.00871584724327692  0.00920762984799169  0.00971957763748478
  0.01025456284614353  0.01081720929342682  0.01139240401912365  0.01197158322666905
  0.01258801513168742  0.01320945998383351  0.01401200718939188  0.01487001398575204
  0.01575996909209458  0.01666387834859987  0.01749190149324084  0.01826925498815521
  0.01906944998479035  0.01992170771526072  0.02086600617578517  0.02186579842797429
  0.02274357598143048  0.02360688119840756  0.02441937325331608  0.02524237706820476
  0.02621042798457686  0.02721525009652828  0.02821680550335774  0.02924737363300622
  0.03038075915629223  0.03159939551437953  0.03287629623181978  0.03419686554520664
  0.03557558733425898  0.03703866470817586  0.03857920732349555  0.04013882829533203
  0.04172525607239976  0.04348407031415477  0.04530556665797033  0.04722391150428111
  0.04942492980921506  0.05164865993334780  0.05382336180769052  0.05604460904186270
  0.05860017440256560  0.06174658214119459  0.06547332646356682  0.06929933137191953
  0.07291578941025308  0.07664138831819839  0.08132982866317864  0.08689005535925368
  0.09321678642762940  0.09919485278257599  0.10621909636290623  0.11395548188312980
  0.12215625246620980  0.13162445384918084  0.14209358388866228  0.15695858615143271
  0.18716023906698739  0.22801270986952579  0.31800529163107005  1.00000000000000000
 -0.00214631323183576  0.00867586716287606  0.01849865367458006  0.02995883300157470
  0.04139703017405655  0.05220011193962416  0.06294743708658605  0.07490805538701482
  0.08732475892104977  0.09902524746609523  0.10962617634752697  0.11943469552174826
  0.12924417766824450  0.13885602562786500  0.14813524743753015  0.15778313040940117
  0.16801006304052724  0.17885478692640802  0.18988144744876764  0.20084803718661234
  0.21205637003895686  0.22273373123486473  0.23315957462485279  0.24421405994552542
  0.25575248154491259  0.26768459522863403  0.27958772168057999  0.29060790313693358
  0.30126189327467323  0.31246427381881065  0.32385043164622623  0.33425924586564471
  0.34309824316754239  0.35229966426326625  0.36239642956239537  0.37203130786620986
  0.38122496323892852  0.39037521774653100  0.40025847768513939  0.41287224196802269
  0.42504207897369750  0.43939585294006167  0.45143852004112439  0.46266231016566517
  0.47371959527517449  0.48364463387600787  0.49358449580255465  0.50425619954939849
  0.51438233777497999  0.52410651358236249  0.53414585063062781  0.54490316153090435
  0.55727881467293283  0.56904332937882540  0.58055683262777102  0.59141061746888302
  0.60164721046753789  0.61171294252660691  0.62208940157524983  0.63178607537713494
  0.64108259631173381  0.65012420012083350  0.65921809626258621  0.66904677966557025
  0.67945393998546755  0.69055837693704947  0.70042077693471361  0.70953675454730536
  0.71950276680913061  0.72968660381445183  0.73950942353507498  0.74940054555799618
  0.76045832409123515  0.77092634598918119  0.78109780677905305  0.79175269026779160
  0.80355362836688538  0.81551407631742590  0.82646907396034919  0.83675212350606520
  0.84714250033895244  0.85840655011391942  0.87032004097561910  0.88059931825113535
  0.89028310730831806  0.89909956720225492  0.90779692975313575  0.91651570544214089
  0.92512915843182608  0.93356123964220272  0.94216452142211105  0.95190979897358308
  0.96316300259288534  0.97696723373040129  0.98885408175522649  1.00000000000000000
 -0.00216487591264080  0.00959618064410647  0.01906338006915928  0.02883294529376332
  0.03830546159041475  0.04826516978499918  0.05845344480415077  0.06982997329738261
  0.07998933316855049  0.09125337846567833  0.10282816716202076  0.11589708856914256
  0.12742700692676126  0.13805051372694133  0.14748955705262884  0.15538867153674921
  0.16446656969986925  0.17471888436917798  0.18465925276508680  0.19441255186952122
  0.20461311491349871  0.21631395946414739  0.22877624365828630  0.24081833994194768
  0.25239952086274425  0.26333946096684807  0.27305910624781743  0.28288550494520831
  0.29269589648860472  0.30335476599939437  0.31429972671697237  0.32701219420230432
  0.34025305031527719  0.35347566735745412  0.36688403484473237  0.38052078080216517
  0.39341190421505273  0.40562947427453178  0.41742146893809290  0.42933736354021496
  0.44170970325556286  0.45260382858516224  0.46219511491140297  0.47050542563853698
  0.47939806718000538  0.48891343662088033  0.50006623499279501  0.51020041900867508
  0.51909779380713106  0.52811509631380515  0.53741973462666270  0.54691222290307051
  0.55727413437778917  0.56801624729134792  0.57989115009875503  0.59294156692965383
  0.60605287876746394  0.61821975731918710  0.62954898309272045  0.63979419166430962
  0.65047472003822948  0.66108949132434014  0.67100214311198292  0.67977938001795524
  0.68833648035182515  0.69659101039085469  0.70523671886641492  0.71475965408274023
  0.72413997627222115  0.73329961519501119  0.74260844670651915  0.75169382019105679
  0.76111240893410981  0.77121830978691375  0.78121569679141334  0.79183767652463299
  0.80298409316838837  0.81467663780005528  0.82595140309833170  0.83623432521391727
  0.84645077733512053  0.85584559626128009  0.86443736347220279  0.87356036381124935
  0.88233258047844854  0.89168100790323457  0.90149356491277055  0.91283314561933482
  0.92580517121357420  0.93842710001349761  0.95059887510451657  0.96187323355534660
  0.97205057899744385  0.98168200558689400  0.99109855639782596  1.00000000000000000
 -0.00310127347284368  0.01193086832456066  0.02332109860035176  0.03416659705168013
  0.04530899754100812  0.05693223267946055  0.06855096050573302  0.07968696112570836
  0.09044360893704524  0.10110102207097861  0.11221307968049804  0.12399995951091033
  0.13584146608508307  0.14677823600430329  0.15692591755887331  0.16745222457690206
  0.17838312337914855  0.18991731888092553  0.20256257219810170  0.21434668701643173
  0.22566106791134799  0.23704272837341100  0.24868281891976049  0.25986978578828296
  0.27057096406475412  0.27975254409667699  0.28878550163193129  0.29765741727943940
  0.30642997595514715  0.31592944724843131  0.32666973555972628  0.33935699855163981
  0.35380476334662642  0.36651251796647405  0.37775682459152721  0.38873317177490962
  0.39956420019120026  0.41066895123005054  0.42178089763161597  0.43359891314550975
  0.44524639270523209  0.45672446328746252  0.46864674335126894  0.48055601403729453
  0.49307450178494594  0.50569548247218277  0.51749837679121546  0.52819918342592853
  0.53848777056554431  0.54935775260504127  0.56140808021239086  0.57409244123933190
  0.58611377335965797  0.59674622965346624  0.60666109716381000  0.61681961317564959
  0.62695587150337029  0.63796511012328971  0.64808458787819456  0.65694131585381044
  0.66586803747000856  0.67469511538060511  0.68343834611385523  0.69171560051878289
  0.69950011140570223  0.70721706883353741  0.71555641236068235  0.72405099008628182
  0.73276474922216628  0.74319741759737434  0.75341491495017632  0.76361691478384941
  0.77398675893051383  0.78533250790664832  0.79674249325317692  0.80731593015591829
  0.81702864486984106  0.82587409602291284  0.83500443624996479  0.84438132139180078
  0.85434782179909863  0.86435378958095788  0.87409462704491914  0.88383429873696184
  0.89313409170164748  0.90237505390809969  0.91135141898437166  0.92105701311443133
  0.93114538991195450  0.94255469250393487  0.95215318574017427  0.96056749707191491
  0.96897400635160835  0.97785799093600234  0.98887700298574077  1.00000000000000000
  0.01017286436342348  0.01606428084560120  0.02277037790735859  0.02826946787993300
  0.03320837879828627  0.03777332628608961  0.04174841276823656  0.04522974988698748
  0.04851275553037273  0.05169748766361209  0.05473389139536061  0.05768683298478358
  0.06057181797350096  0.06342636571102560  0.06633549812586215  0.06939267352248434
  0.07239357233310630  0.07532411372472976  0.07817823257083878  0.08103594981532687
  0.08388023193705242  0.08678070930255222  0.08960194377981089  0.09245735375615270
  0.09548476356379733  0.09861984337195991  0.10169284098742130  0.10461408269047305
  0.10744941646984690  0.11029967601516405  0.11331535303349713  0.11647259347187575
  0.11974588741270349  0.12295797997009288  0.12617503209848210  0.12949316905396047
  0.13278440163892322  0.13623498414406926  0.13970661209874624  0.14317933734087632
  0.14673887356228277  0.15042152137074349  0.15415365749554832  0.15797310116529523
  0.16183667922106215  0.16594499826006778  0.17050173600459270  0.17499744580507640
  0.17930901507780883  0.18370771078401360  0.18826235673566757  0.19365103297508052
  0.19951698552762745  0.20556676862339707  0.21044379891448053  0.21487313909466035
  0.21912132330485207  0.22321160763895367  0.22729015608107542  0.23142706591994525
  0.23574085018386778  0.23999302649500762  0.24428497091678844  0.24867934328358390
  0.25296705006874559  0.25712537157757698  0.26174806889468677  0.26725477747777571
  0.27328036393602667  0.27882913757500161  0.28409012965929820  0.28920465360901643
  0.29498029782009483  0.30050130456016932  0.30678223621586997  0.31076499319382073
  0.31540265222184743  0.32028261383526901  0.32576335381316252  0.33294454401954660
  0.34418016579996247  0.35441016334601122  0.36286580589531592  0.37118789808291575
  0.37978562999146670  0.39086551054156549  0.40498254043608761  0.41920090066090271
  0.44385501358800639  0.47904442026958916  0.50048037116366417  0.51937405396689718
  0.56576682363488839  0.61148669223010654  0.68045898496441060  1.00000000000000000
 -0.00242896767011259  0.01100867615273459  0.02136171925945518  0.03196588038934647
  0.04340703182211928  0.05496882980807141  0.07057439951188252  0.08525683092856592
  0.09595109004523583  0.10589870004734944  0.11554833761575831  0.12395377391976671
  0.13125329191557408  0.13840157316944535  0.14635143638879972  0.15456315062039472
  0.16257471721007030  0.17057587464708501  0.17847212879845190  0.18634133967554731
  0.19510904551535455  0.20448934540803604  0.21424227569823337  0.22496851128849879
  0.23532491718076853  0.24493569195157083  0.25411772102200825  0.26304504028316023
  0.27181967789468142  0.28070799143711384  0.28966961019764037  0.29906522347880515
  0.30911442009921825  0.31940850785594821  0.33025799021075292  0.34148981482196178
  0.35225193207949146  0.36223267426613809  0.37220805131124673  0.38194044914230069
  0.39104329039254510  0.40051670444837356  0.41104739350759179  0.42401328001461014
  0.43935089555661333  0.45601640487452155  0.47219595647546125  0.48880301049191172
  0.50548343073902191  0.51995620488649763  0.53596812372457892  0.55196380045848636
  0.56806926312821160  0.58233990535513913  0.59540824776142331  0.60841096599595512
  0.62082979457478349  0.63250925304614292  0.64378001474066238  0.65455326049368945
  0.66512558315229231  0.67548444973315624  0.68529554616211086  0.69443958916270743
  0.70343994573320756  0.71328491320685128  0.72332213238128107  0.73270286578344046
  0.74134770448750009  0.75067772174296354  0.76124141931792921  0.77122756903613365
  0.78004630607662973  0.78835343176330275  0.79682050341692079  0.80629004677314164
  0.81636578877068822  0.82577758288996783  0.83544168893887816  0.84396508836559747
  0.85241282300142551  0.85992545775308027  0.86747907316387285  0.87554273000317373
  0.88352220174748430  0.89134117984983141  0.89936186207852231  0.90761674045503304
  0.91635656131234322  0.92704800580114166  0.93881254440952921  0.95138350122902560
  0.96363465805817761  0.97485438438798622  0.98709792680976460  1.00000000000000000
 -0.01048195657754132  0.41087914806747650  0.51769471846045800  0.58147601397347537
  0.62571571306221496  0.66063559195737087  0.68917878903124030  0.71277724943208254
  0.73285507921562165  0.74998910867432411  0.76503253408333982  0.77892622884122575
  0.79148481477840860  0.80206096790456627  0.81149410346485740  0.82003927471826443
  0.82770292171443449  0.83472612246133204  0.84131919264722388  0.84773369478319449
  0.85363192137707922  0.85918026434372585  0.86456726193555344  0.86999764957267511
  0.87502839156532830  0.87941414112197680  0.88343927741472272  0.88721733571911499
  0.89086147419053241  0.89433767223553018  0.89759612687558732  0.90070177289931930
  0.90378170907263256  0.90683723203671296  0.90971629979921298  0.91238712003181999
  0.91495010381975839  0.91734112777367927  0.91955062156571188  0.92183457486541776
  0.92399659672632239  0.92602761307764037  0.92790616786059787  0.92972959246394793
  0.93149973241170292  0.93326744758437530  0.93510157716592157  0.93689932823058408
  0.93852316039023498  0.94013078565880870  0.94171027168086230  0.94330125756002781
  0.94480514654411429  0.94626357439102793  0.94767457249838083  0.94900182016631540
  0.95029507432740112  0.95155164585115515  0.95284838358010526  0.95418912071426842
  0.95552531365517046  0.95680246689239190  0.95800094444558104  0.95908388557663193
  0.96015404973490470  0.96123875072035081  0.96234743260203814  0.96346847080163656
  0.96461983423575937  0.96579556003185940  0.96696439559723502  0.96811125107469376
  0.96922996878115597  0.97026401733510292  0.97129179310190739  0.97230952395542569
  0.97331537300666582  0.97433748090084238  0.97534624780540669  0.97636821323035494
  0.97740586826829245  0.97844449786762311  0.97946016132184621  0.98054394965849501
  0.98167988980219778  0.98281325735426961  0.98391611280859259  0.98498871362554152
  0.98603626672277322  0.98713657068629235  0.98827634559629496  0.98955538351551564
  0.99107090402427278  0.99303795795022065  0.99575220591306657  1.00000000000000000
   8.9025560477285074E-018  -1.0000000000000000     
 F F F F F F F F F F F F F F F F F F F F F F F F F F F F F F F F F F F F F F F F F F F F F F F F F F F F F F F F F F F F F F F F
  <DiscreteSampler_grid>
  grouped_processes
  1 # 1 for a reference and 2 for a running grid.
  10 # Attribute 'min_bin_probing_points' of the grid.
  1 # Attribute 'grid_mode' of the grid. 1=='default',2=='initialization'
  0.0000000000000000 # Attribute 'small_contrib_threshold' of the grid.
  0.5000000000000000 # Attribute 'damping_power' of the grid.
 # binID   n_entries weight   weight_sqr   abs_weight
    10   10   9.215998243567479E-007   6.011753522158430E-012   9.215998243567479E-007
  </DiscreteSampler_grid>
