  0.00967918382960934  0.01519321871629498  0.02433918730004142  0.03429042129968304
  0.04417745227798986  0.05365611673081755  0.06293500802231167  0.07371500215165711
  0.08481869394874796  0.09530564209509487  0.10589925391167689  0.11641077691102647
  0.12723091833649666  0.13674795659522987  0.14606146910873721  0.15555065912444310
  0.16623363432106861  0.17810126834548151  0.18958047779469880  0.20075241255767670
  0.21206038691892498  0.22340254077015570  0.23485377596351648  0.24521090687473462
  0.25548904734010741  0.26426210240936082  0.27226109829095929  0.27979530999257257
  0.28747754630930444  0.29607743589972890  0.30541796557981538  0.31497766262416543
  0.32395652339621928  0.33310556768935973  0.34257047736891644  0.35302227348500420
  0.36287142841440267  0.37284490420316929  0.38391578337502402  0.39615656407928129
  0.40746352741476960  0.41906955373536592  0.43106850784762640  0.44194886312123577
  0.45341164548140667  0.46411944445681180  0.47495875381488289  0.48563646273586514
  0.49647173615837159  0.50871523700955501  0.52153610755393576  0.53334378031488727
  0.54480543988262453  0.55627489750102599  0.56823515857376938  0.57964575725694745
  0.58936838698890137  0.59818727130383476  0.60735467394765474  0.61787719741523617
  0.62863457630350084  0.63884691437981722  0.64923542328535833  0.65999963017768615
  0.67084036335251462  0.68120926692017691  0.69219588939317711  0.70369764063486895
  0.71451172038194588  0.72552599854837019  0.73777184317578315  0.75068612490380138
  0.76201073602991509  0.77247047552024772  0.78271056857334731  0.79328545051020849
  0.80448435147706954  0.81626293420949558  0.82848508976449664  0.84057695352908568
  0.85170888100557141  0.86083675222452527  0.86892931856047650  0.87749605322372104
  0.88555147620995378  0.89348449126328866  0.90170389770581971  0.91064319303607655
  0.92044600449702962  0.93207326137380819  0.94287062175623293  0.95164177485626489
  0.96099995169918295  0.97144476283480852  0.98331772009481744  1.00000000000000000
  0.00000228139966921  0.00000347354875598  0.00000503167934265  0.00000691792828066
  0.00000884752366168  0.00001124525942929  0.00001451545915325  0.00001802166740828
  0.00002183645465005  0.00002616624966473  0.00003100290647491  0.00003625014496478
  0.00004157036017771  0.00004704865181032  0.00005270814685971  0.00005847973726532
  0.00006502535785650  0.00007235757959530  0.00008043005004341  0.00008815723201286
  0.00009557295798022  0.00010436830340958  0.00011393284234447  0.00012431845331284
  0.00013425429095210  0.00014382157047161  0.00015348379715624  0.00016366838974708
  0.00017515299175761  0.00018819892080764  0.00020337768502964  0.00021619767805219
  0.00022771332214784  0.00023962321694390  0.00025200996012800  0.00026452216874371
  0.00027710057891692  0.00028981431058909  0.00030265548148155  0.00031543604335163
  0.00032941257729312  0.00034585368573154  0.00036601168708023  0.00038816329249186
  0.00041049524112514  0.00043315322744796  0.00045716174190458  0.00048240494943628
  0.00050859710429441  0.00053635636723601  0.00056779941782539  0.00060007571627644
  0.00063582982678208  0.00067381261669421  0.00071208784345513  0.00075118411466488
  0.00079634305627475  0.00084040726568959  0.00088544115872116  0.00093131862779436
  0.00097953297205414  0.00103140088519770  0.00108520871868197  0.00114135029154408
  0.00120211163372566  0.00126230606724981  0.00132595889782637  0.00139815626852130
  0.00148152060571125  0.00157380715116723  0.00166911696643390  0.00177405079294812
  0.00189148565236174  0.00202314338652996  0.00216184997885250  0.00230128441464051
  0.00245487529755833  0.00264769421254101  0.00286538781117129  0.00306361711988019
  0.00326090639821162  0.00348977883683802  0.00374583834540683  0.00403175772777057
  0.00436057615520582  0.00477221759077994  0.00534168924573944  0.00597372648362146
  0.00693037430514918  0.00821777600867734  0.00984798263199071  0.01167902027775338
  0.01488590428125361  0.04001604046438406  0.42840553330662201  1.00000000000000000
 -0.00000081363033553  0.00000194679242333  0.00000722946424193  0.00001365777466585
  0.00002082894459741  0.00002864201436927  0.00003693026415937  0.00004451372727118
  0.00005254868663976  0.00006044559966359  0.00006787273497598  0.00007486898337594
  0.00008173249530410  0.00008886989555185  0.00009587679669171  0.00010337345825698
  0.00011078285910075  0.00011734686322630  0.00012368880268695  0.00013099809111075
  0.00013861024090300  0.00014670106154854  0.00015518149989614  0.00016406543983280
  0.00017334704591957  0.00018269688375465  0.00019220969185842  0.00020162258746170
  0.00021133264800758  0.00022175003616412  0.00023365570088595  0.00024739361988001
  0.00026188512091255  0.00027595319504986  0.00028934288923051  0.00030221296880319
  0.00031464996809701  0.00032836774948371  0.00034258824711683  0.00035839420738120
  0.00037597208495949  0.00039518682450223  0.00041652249073348  0.00043931685120002
  0.00046408728861256  0.00048827848519500  0.00051160551650449  0.00053362357277626
  0.00055459375893212  0.00057988298927560  0.00060563929925728  0.00063269987971517
  0.00066572111467875  0.00070554785144919  0.00075166443606929  0.00079880320939371
  0.00084644428723734  0.00089845367233547  0.00094762667511220  0.00098468355657187
  0.00101901230169962  0.00105426131702635  0.00109469602967049  0.00113861098348648
  0.00118711529296784  0.00123678658238448  0.00128076233416728  0.00133969985445692
  0.00141427101263508  0.00149666059195341  0.00158644994653283  0.00168563251243120
  0.00178900276287230  0.00190169023081269  0.00203191144632763  0.00218261410554062
  0.00233352120434048  0.00247916362386251  0.00263448410868706  0.00281862182494166
  0.00304657513309033  0.00331694423748550  0.00361402015381286  0.00393206946498680
  0.00430913555087648  0.00478977794176207  0.00550608949325084  0.00647187531300008
  0.00754086725788824  0.00883443623900262  0.01108193188116461  0.01447940752142200
  0.02106144502095356  0.03616014117607957  0.07938799457601098  1.00000000000000000
 -0.00176895454727206  0.00996346372460966  0.01938190801190124  0.02923582369902156
  0.03890084095691268  0.04890589579258933  0.05871546883827843  0.06894315261665503
  0.07974936212789906  0.09107541950898042  0.10205395991734935  0.11192923582081656
  0.12158078678315921  0.13240758995900720  0.14501770094988983  0.15473891278830357
  0.16473760404718923  0.17509242341974923  0.18497548217684384  0.19359848451110551
  0.20189402169589718  0.21178307047254424  0.22427044376322522  0.23717048677410363
  0.24899893059868389  0.26070277644241119  0.27236803833567041  0.28416645387671979
  0.29614687142649893  0.30698135596699255  0.31809163170488747  0.32910608246456252
  0.34075026596737967  0.35340823081476891  0.36607221580049676  0.37716636810459614
  0.38800362595415167  0.39872393546771873  0.41149941031590659  0.42413544433111550
  0.43626151845408045  0.44672825777381103  0.45652997722212080  0.46585734518010719
  0.47541910976262020  0.48521978964605922  0.49436802685492703  0.50348721380073069
  0.51249706703983688  0.52380080087023162  0.53726014587015247  0.55056356149520802
  0.56323321465717924  0.57664474044449643  0.58943708836498843  0.60169222514077769
  0.61441972027142489  0.62719287049836614  0.63938438226686622  0.65079001053554364
  0.66199237281395973  0.67275728736944562  0.68353038766829599  0.69492013369189831
  0.70659489631785732  0.71624594846302148  0.72567112683019863  0.73516924419446816
  0.74497859553320545  0.75431709483623699  0.76151568044040174  0.76836521394925084
  0.77594477347204482  0.78556345667651417  0.79650967870793965  0.80695257502884565
  0.81620837116166167  0.82488193422709488  0.83417833270099562  0.84343763980023734
  0.85223198481970630  0.86095363049458218  0.87014715607113269  0.87992227416208246
  0.89037043408136196  0.90090028367312835  0.91109012023508507  0.92162094704600539
  0.93086317457676693  0.93994528067553917  0.94896579899855504  0.95826989910210891
  0.96753758901822529  0.97762326155712420  0.98799475216753374  1.00000000000000000
 -0.00172232210959138  0.00744065500199440  0.01567832611377325  0.02533745732299128
  0.03567669010389442  0.04585922529239614  0.05628721896883265  0.06755267617742020
  0.07925823850032404  0.09018604145239503  0.10096026175790139  0.11264725350303467
  0.12546634478273014  0.13723155707784343  0.14860083702810689  0.15948056844613867
  0.17004811340997991  0.18039804048881428  0.19144007972445384  0.20397541941132524
  0.21749723326630449  0.23187568635853853  0.24739179113464971  0.26247187618083351
  0.27671619922067714  0.28790085114195180  0.29881651286773664  0.30859852940646454
  0.31888641531576728  0.32949017115016610  0.34053288016614797  0.35266026212729568
  0.36318814646570835  0.37446220202452246  0.38413778231226087  0.39410915878449093
  0.40308681843762750  0.41193837877461964  0.42109066268655981  0.43027579290204393
  0.43926605794574758  0.44878881866238779  0.45930408011246215  0.47217682262368216
  0.48464084552997616  0.49536996631843344  0.50617008943236363  0.51839840726560171
  0.52993681742321519  0.54063799548266667  0.55099464790259722  0.56107783626245811
  0.57061659753540628  0.57968240736528320  0.58899417067737481  0.59835558824499413
  0.60857284508384846  0.61794416367246707  0.62702984907255210  0.63639348003703999
  0.64678382285378178  0.65839410411605803  0.66926671996236498  0.68015415539218060
  0.69105796495232175  0.70173658578911069  0.71191806553875026  0.72111619201888788
  0.73165120702069697  0.74264969070623410  0.75356139462305027  0.76420315887230905
  0.77425891928611679  0.78421855517649619  0.79434549849780189  0.80542641511786373
  0.81679038821802463  0.82697598621162360  0.83608176746233731  0.84524886945559230
  0.85522979109877517  0.86655224116091301  0.87735302732417431  0.88722556888351589
  0.89658851820214336  0.90589099888997382  0.91482951551091685  0.92436471832602851
  0.93419962188669681  0.94486969348286942  0.95587626365839018  0.96627934861813580
  0.97571525704916673  0.98387874953990684  0.99207598238670924  1.00000000000000000
 -0.00161118478884704  0.00911143881571327  0.01817493090661245  0.02721191347014357
  0.03623628190842340  0.04527525603302333  0.05585691462518378  0.06670931179785505
  0.07762342057668563  0.08788996360809685  0.09761643872096297  0.10711331393878262
  0.11700038148373199  0.12756840594858382  0.13996525372719928  0.15054236149225880
  0.15979131024623741  0.16942769188744752  0.17909543603176656  0.18906460215166310
  0.19904477747664165  0.20859868513008428  0.21778270597810478  0.22759167742125075
  0.23790906148004101  0.24986482582656239  0.25945989845827266  0.26831134750799357
  0.27729618361724107  0.28698970787366218  0.29698126545128745  0.30663799436675310
  0.31682014571380956  0.32910156874722535  0.34216683204997167  0.35531594587001269
  0.36966179490144396  0.38159461684055340  0.39261859487605277  0.40259780359761022
  0.41140784201598801  0.42177775690322583  0.43354698456470597  0.44582814857230080
  0.45869190906917201  0.47182120541147593  0.48442251882946818  0.49597482402442228
  0.50629469704841090  0.51606000040489985  0.52633727173801659  0.53676685903804500
  0.54746537300512488  0.55793983366836442  0.56909544512672061  0.58029638038753584
  0.59098029903929550  0.60154829220403072  0.61202826786503517  0.62317173362885236
  0.63463103147986666  0.64635587360121194  0.65781723731631392  0.66828214864584501
  0.67817065359158779  0.68857274480125885  0.70062558766254623  0.71292421014406826
  0.72447625419793504  0.73589632949194739  0.74685089714641495  0.75722054558761920
  0.76759391846736258  0.77838209241900114  0.78854788908095874  0.79864844037501348
  0.80894810446801013  0.82010127862503912  0.83194615322624710  0.84394292430215267
  0.85567834614865446  0.86492870755657048  0.87404320532824320  0.88265073859779208
  0.89168759617933346  0.90046996557339931  0.90973148615036370  0.91937462369354894
  0.92943941044279632  0.93954129135682418  0.94928116840032872  0.96003836416299571
  0.97007514124436933  0.98032007055391768  0.99016250636386283  1.00000000000000000
  0.00080759278558179  0.00167392090772293  0.00293279313674609  0.00403694748739458
  0.00503368615465536  0.00596883362220029  0.00687874280276701  0.00780240996266264
  0.00875547587616149  0.00970581295804251  0.01068696631639491  0.01170060404635997
  0.01264195681287816  0.01361269925042478  0.01458787476587169  0.01555742939360472
  0.01652216679427145  0.01749927544281442  0.01849292584751281  0.01948383918213501
  0.02050515833290381  0.02154692403389144  0.02253940320088350  0.02354007038709819
  0.02452399109753673  0.02547207537351110  0.02647036134073822  0.02757428038072445
  0.02871454604826928  0.02978177515536469  0.03074827184358156  0.03159555599525430
  0.03234870689723785  0.03322552938655055  0.03415048845011819  0.03507849842593130
  0.03611149578801966  0.03722700489076021  0.03830326718063082  0.03923909030669747
  0.04012941566698203  0.04097275019649484  0.04176093350430961  0.04263206192235042
  0.04364323066840947  0.04475044604686844  0.04592193415662187  0.04705543953531946
  0.04813347852017201  0.04930063364104069  0.05049831247030741  0.05168216241609901
  0.05290387796378852  0.05422103274034631  0.05563154762778776  0.05687162159402633
  0.05808674481875405  0.05920106198427950  0.06035556563050337  0.06147738255028992
  0.06272235705014677  0.06412415766787470  0.06562243319676603  0.06712116908922235
  0.06853597920722576  0.06984484774902168  0.07122569705398982  0.07264705859530704
  0.07418915650217192  0.07578671972084522  0.07751129588400098  0.07932995981012894
  0.08091385388556419  0.08229902327420219  0.08409017682304869  0.08686032411711882
  0.09102317661926650  0.09371168425743942  0.09647737538210052  0.09924983286557723
  0.10302650816077101  0.10749360689115885  0.11223082810988590  0.11645602263239103
  0.12029186732576297  0.12493001556564935  0.13000336253950237  0.13599030257049446
  0.14020496789135101  0.14425313821102220  0.14768667667464042  0.15397871934560600
  0.19696473260223041  0.26819794440884648  0.62454580190438247  1.00000000000000000
 -0.00262816254028280  0.00983004959683560  0.02021103527320528  0.03192575354897067
  0.04408392397483527  0.05688938857441995  0.06900771012847362  0.08078397320272059
  0.09189547315109543  0.10221739075471976  0.11199993783943153  0.12143848637456435
  0.13152700562809527  0.14179162873096637  0.15351312939137435  0.16532627770941616
  0.17499224064493457  0.18332091893359920  0.19194340679891408  0.20138907779903462
  0.21096176300683564  0.21987593574678763  0.22921387005732760  0.23997589430332572
  0.25197841455217074  0.26391389267347465  0.27726438441099899  0.29232634815968356
  0.30449152499399679  0.31571610230590808  0.32629494196390979  0.33759214483190653
  0.34940101128236550  0.36127150946851050  0.37250944183551976  0.38328229687194104
  0.39372549099703275  0.40417186510387215  0.41461299468182372  0.42529741747216054
  0.43619529179166483  0.44691930275226821  0.45713060273954553  0.46635758116183362
  0.47480830451776213  0.48318657915816637  0.49220775346127105  0.50246595224291368
  0.51339890768621510  0.52388311336239568  0.53435339376835234  0.54524220413266999
  0.55673837054497111  0.56931250091057251  0.58104140544197125  0.59183354879433692
  0.60157814172981228  0.61062405040144163  0.61975736066091613  0.62976682923136573
  0.64163690037993604  0.65453431058898937  0.66703672704361838  0.67930926687445592
  0.69022028071783104  0.69807909689060477  0.70536974175186584  0.71239072749949117
  0.71984126612525567  0.72757712381006767  0.73551456107058633  0.74346310514541514
  0.75256568678854563  0.76298022996611137  0.77355524073161908  0.78389170533412600
  0.79465576416689609  0.80603654368437716  0.81709736215726414  0.82923204238837334
  0.83959331446148922  0.85144774131713441  0.86271515505136920  0.87276115543121768
  0.88286892821943219  0.89326961904116997  0.90351787169109332  0.91259173127436954
  0.92190400291123642  0.93231479355961744  0.94227132450131723  0.95169292978298148
  0.96216353723369097  0.97485772235400847  0.98751384644435891  1.00000000000000000
 -0.02170562708064951  0.35270961543820445  0.46669433680145989  0.53482971566940407
  0.58227113752969184  0.61948096732937596  0.64980120387804818  0.67418623566091784
  0.69489883184777834  0.71405009236941219  0.73051881642741179  0.74489112567344873
  0.75793168844107628  0.77034718285768011  0.78129455329246644  0.79151001620125416
  0.80154133679057182  0.81126007737523431  0.81971118800245824  0.82728816263057392
  0.83431074179769915  0.84085850058505807  0.84714741198481269  0.85342337060950468
  0.85919240411978626  0.86497153249304859  0.87057928412049934  0.87552080573228119
  0.87990054837510023  0.88411583443204855  0.88811388503449540  0.89191247476644908
  0.89540409233326712  0.89886288087477217  0.90229591123119468  0.90570286955298895
  0.90897181861735354  0.91226961927966943  0.91543348443462813  0.91838366312359920
  0.92104244680889213  0.92362891863629604  0.92616325897531881  0.92872207429403264
  0.93122413041059993  0.93363070824348970  0.93596510396479937  0.93826732850462313
  0.94059563037860805  0.94278287238300740  0.94491826172941196  0.94698969226741803
  0.94903676710439322  0.95094954893075534  0.95275181973424461  0.95446453904352335
  0.95609279158551608  0.95767823612346448  0.95906760998786111  0.96039884925494867
  0.96179134319764414  0.96320221483084467  0.96469744168821026  0.96615775744757504
  0.96749868958106666  0.96876004318511055  0.96996812693612589  0.97114422238334253
  0.97234595216871045  0.97346836554257632  0.97453796048803976  0.97555870947888357
  0.97652269139619574  0.97749217942830346  0.97844027330647121  0.97938320906243814
  0.98032448222211066  0.98125325930541651  0.98216346539333521  0.98306747501144587
  0.98400461486324875  0.98490371087158135  0.98575466151406421  0.98662489321585389
  0.98750409172332343  0.98838144585028953  0.98924647009191502  0.99003618821298933
  0.99084345535572849  0.99168030838327903  0.99264501166873575  0.99366868847377465
  0.99475232827347138  0.99593257068552477  0.99765455359817579  1.00000000000000000
   7.6264602626630501E-008  -1.0000000000000000     
 F F F F F F F F F F F F F F F F F F F F F F F F F F F F F F F F F F F F F F F F F F F F F F F F F F F F F F F F F F F F F F F F
  <DiscreteSampler_grid>
  grouped_processes
  1 # 1 for a reference and 2 for a running grid.
  10 # Attribute 'min_bin_probing_points' of the grid.
  1 # Attribute 'grid_mode' of the grid. 1=='default',2=='initialization'
  0.0000000000000000 # Attribute 'small_contrib_threshold' of the grid.
  0.5000000000000000 # Attribute 'damping_power' of the grid.
 # binID   n_entries weight   weight_sqr   abs_weight
    10   10   1.236485708410473E+005   1.347771138777439E+011   1.236485708410473E+005
  </DiscreteSampler_grid>
