  0.00986007852476742  0.01465971328508357  0.02259152173011977  0.03225228184817185
  0.04224862338275882  0.05245120644162826  0.06293638206584157  0.07344274207382481
  0.08401448091792581  0.09506512827363790  0.10610828390737237  0.11595115425359373
  0.12568636791221155  0.13452466171736080  0.14338536798835150  0.15238593445000692
  0.16124277900491815  0.17026619786825345  0.17979752463791124  0.19065331046812231
  0.20333665372494145  0.21625102430656012  0.22884419546164947  0.24118651865161631
  0.25278644283275298  0.26325990803008392  0.27283469259329834  0.28214343507741990
  0.29199187051258735  0.30220787589810039  0.31209990481758770  0.32222753117224900
  0.33285076485840015  0.34296744784005473  0.35236380796006517  0.36171828244720133
  0.37114472683998412  0.38023633585926481  0.38928134542186243  0.39837821445056709
  0.40765774814972117  0.41661919926167917  0.42578551911243306  0.43528591862154020
  0.44514423804232084  0.45447140518145496  0.46440192205459052  0.47559002797258787
  0.48663600258574630  0.49826903404928319  0.50964291234836046  0.52127918826733521
  0.53337418026071304  0.54482500201898310  0.55669264116531370  0.56710544343462554
  0.57869859212153962  0.58973055783196993  0.60223925323959904  0.61332660060882693
  0.62428484745465396  0.63288849240998601  0.64188877933802235  0.65167548423425348
  0.66154799354932781  0.67081405473414601  0.68026737694055583  0.69017081219195819
  0.70062196942442312  0.71056168631093386  0.72003472549495162  0.72970540045269283
  0.73953634038338845  0.74941494259015706  0.75999423704914093  0.77151349866709573
  0.78351846836415506  0.79612682347214059  0.80848143364303304  0.82122796283222255
  0.83437046134632431  0.84615297620824315  0.85753774971012753  0.86766020901943097
  0.87741019515513285  0.88713904922799780  0.89801625095147719  0.91009866297369324
  0.92257934697204214  0.93450288067569065  0.94608515318621200  0.95742723237046679
  0.96831170246517295  0.97920944268642507  0.98961858300696970  1.00000000000000000
  0.01113367794114874  0.01484649591221982  0.01703209253795420  0.01875428240675261
  0.02030207573244052  0.02179558470686832  0.02324938439570735  0.02463844774225505
  0.02595839334353550  0.02723334844899492  0.02848818004427874  0.02979813237709196
  0.03111566160963456  0.03245036377795756  0.03378909230707733  0.03511657021659544
  0.03642085843244731  0.03770779999924714  0.03900100925385401  0.04032093399089930
  0.04166859246987600  0.04294628425638901  0.04422662475401816  0.04547851897468472
  0.04672116681063400  0.04792466218816053  0.04920585066880662  0.05059812425002934
  0.05200712440611071  0.05345965517868425  0.05488097895058684  0.05629242045929607
  0.05772909584430262  0.05920007160407763  0.06076823210395193  0.06239497171239738
  0.06405708277312501  0.06568896080109246  0.06730330482263333  0.06901436576548156
  0.07091529770870869  0.07310465468002325  0.07538789023811455  0.07747468057174232
  0.07934345930552616  0.08109797406261428  0.08280716325896630  0.08458474472740883
  0.08651340099455067  0.08864624007424982  0.09086608988535522  0.09296394559425904
  0.09519984398521132  0.09767430893036377  0.10016103368783819  0.10244678511146452
  0.10473209578608074  0.10699782951316036  0.10936743268639681  0.11174785050249088
  0.11446592014448534  0.11724437669140336  0.12008742867930393  0.12274733324079690
  0.12578385484713520  0.12923328947823290  0.13275647755257236  0.13584600531964441
  0.13897450001673461  0.14216968658348225  0.14555915037751788  0.14889405071818526
  0.15213629011832694  0.15561268746348794  0.15942757717733219  0.16421781019666831
  0.17116188666298951  0.17943755499533459  0.18838109042690326  0.19767413994388561
  0.20708311652739009  0.21627347979137235  0.22436781275905832  0.23181530590321803
  0.24030751355952759  0.24879658038061722  0.26038718665037341  0.27832517696421388
  0.29488845067260433  0.31021593983371676  0.32236125817581535  0.35273399534981098
  0.39918937133200827  0.43756822631424713  0.46651804055662749  1.00000000000000000
 -0.00000758024199241  0.00004152661212660  0.00007846476676310  0.00011214105992600
  0.00015099146894927  0.00019027699476163  0.00023820358346587  0.00029061807609978
  0.00034101100468643  0.00039646276481807  0.00045453386186352  0.00051007968163133
  0.00056901808599610  0.00063674753254073  0.00071398207148588  0.00079356473451205
  0.00087530190318031  0.00096191797711361  0.00105892370041063  0.00116512318703951
  0.00127595024340970  0.00139034583954187  0.00151914987680946  0.00165919194890615
  0.00180329843330925  0.00195245445973478  0.00210603547321675  0.00225725752881312
  0.00238397909105072  0.00252579472886910  0.00267734640331670  0.00282502457315768
  0.00296598768451238  0.00311223863076471  0.00330086132894944  0.00349865669245787
  0.00367796415084728  0.00387613119358845  0.00409063034520503  0.00430508447865228
  0.00453455224946427  0.00479695466427126  0.00508181837705535  0.00536337322938698
  0.00563922504559414  0.00593170898083105  0.00627016680788682  0.00662844643904560
  0.00699689828267808  0.00739676992813787  0.00788446567947428  0.00836724546294081
  0.00884896956478600  0.00933776617351420  0.00984099277698644  0.01036196376259968
  0.01090810570704899  0.01150513267481364  0.01218663480435908  0.01296116201123581
  0.01380509277259400  0.01468665781061870  0.01563382866768755  0.01663776227895369
  0.01771261367311281  0.01886903901725581  0.02006802464479252  0.02123672288649395
  0.02235434996987350  0.02346944995619356  0.02464902822057006  0.02595604566489300
  0.02746770158262861  0.02924861937651411  0.03123599351435331  0.03337069021103962
  0.03580123919856453  0.03820397848753863  0.04070359342023536  0.04322717966909993
  0.04604621626341581  0.04956430265714339  0.05409075966965404  0.05886343725280784
  0.06393771601618070  0.06995130119656687  0.07740807620222055  0.08623075974520762
  0.09563398240806095  0.10596260895118491  0.12941808482476569  0.14983308548528940
  0.17430986162669349  0.25471154384976241  0.29358654006118012  1.00000000000000000
 -0.00240984440194973  0.01015340701004020  0.02019392030682856  0.03050997329626691
  0.04036875244723239  0.04993732847172949  0.05908424022634556  0.06860674601282028
  0.07833297753515606  0.08838777567451643  0.09849957367828353  0.10801302887174934
  0.11701344461991071  0.12588300657383295  0.13486140621983012  0.14398397670216648
  0.15373830235688857  0.16362009360503416  0.17475995007432948  0.18641179555784509
  0.19744400671803408  0.20819009098346461  0.21919408649368749  0.23027447234407444
  0.24123653019956989  0.25164578362610818  0.26120002826942934  0.27057811180253999
  0.27958802064301486  0.28857921870362357  0.29739184466220941  0.30606161513570401
  0.31465600804836757  0.32340184830050261  0.33269656255826247  0.34304675394489548
  0.35365966768948165  0.36422721832110755  0.37460574903425869  0.38612852696986949
  0.39769497155211897  0.40927428849077102  0.42137440872472753  0.43441056051536847
  0.44644074131647854  0.45806952035152115  0.46875336057607281  0.47997073165627024
  0.49146806907588458  0.50277642096178365  0.51431129202781978  0.52514383109379270
  0.53669649682923326  0.54807710705589674  0.55992783249389400  0.57244375358127053
  0.58491034449044499  0.59709291683498822  0.60919634282167923  0.62128319438108182
  0.63247818265511246  0.64268828093099917  0.65285751532688396  0.66344588909219282
  0.67417547241513487  0.68453550125408280  0.69430508524080681  0.70361934806619753
  0.71279818726802102  0.72217550266249864  0.73219231977197796  0.74290185567202149
  0.75378490896878170  0.76418541082031999  0.77406937190094804  0.78271768050245538
  0.79124280967472405  0.79974735151016163  0.80859100661858119  0.81807424022853081
  0.82810492667628155  0.83866143998094156  0.84972341958257169  0.86101603401249216
  0.87178145415727637  0.88256251604103519  0.89356617189658738  0.90556175578127307
  0.91845352670236025  0.93160964458559381  0.94463537416759713  0.95699260453512736
  0.96846739434907170  0.97945900046855394  0.98989988168983079  1.00000000000000000
 -0.00278354445193994  0.01051282222329617  0.02096361809484385  0.03122032411625762
  0.04179139756879345  0.05227409547516707  0.06346141712412300  0.07378940789071387
  0.08360585386909249  0.09360558482175246  0.10402341262625883  0.11600912146363834
  0.12837077955048845  0.14028845977816251  0.15255831376205947  0.16477540410451028
  0.17833079989112541  0.18948246331608007  0.19934870778569119  0.20848928490368437
  0.21823299200598334  0.22824160045656794  0.23767944118186057  0.24736804095725978
  0.25780545090145951  0.26841780296986356  0.27871306885580410  0.28936009044638583
  0.30100400349334322  0.31314282675791061  0.32571098105605745  0.33838903644884161
  0.35104860767229606  0.36321971913273393  0.37563104983257078  0.38794595025315948
  0.39897400306473890  0.40935879594517499  0.41963888769195723  0.42952013948099083
  0.43929091552901889  0.44909328976068447  0.45934532433681480  0.46895163199661499
  0.47883577776028724  0.48893168912274670  0.49892293591642833  0.50830898975007810
  0.51773472349517857  0.52754587833869382  0.53770174155268924  0.54816667171007005
  0.55872974621682236  0.56949222792513809  0.58050748950563213  0.59154425162662683
  0.60234301231138998  0.61241996097157314  0.62191631858305452  0.63072770108186804
  0.63962584189019067  0.64921479016844763  0.65902522859758927  0.66849015514391030
  0.67775946765164585  0.68699226505824207  0.69697109954363456  0.70709755203339797
  0.71799512940849064  0.72892977595059572  0.74010847097913046  0.75033239771806393
  0.76065437919438594  0.77088222998412770  0.78053514954588865  0.79061523834297465
  0.80065226999689876  0.81059310607714263  0.82061872733455965  0.83127281762200933
  0.84226934928731290  0.85309552422908130  0.86344562143663894  0.87384816329964277
  0.88528237207398197  0.89740050721058062  0.90883429223217804  0.91998398266618719
  0.93143813475962023  0.94219401270852288  0.95194657755776846  0.96123465009404629
  0.97071613863684614  0.98100223602584435  0.99060281161690411  1.00000000000000000
 -0.00133573286942239  0.00618753100679751  0.01240826718213856  0.01897028934425716
  0.02580920185104089  0.03265627140208386  0.03939113823469323  0.04647768530297972
  0.05374966841806012  0.06125264699574675  0.06876173806374908  0.07615921044036968
  0.08396476736833917  0.09185565384843269  0.09974586158273722  0.10806367508577593
  0.11628795888566199  0.12408082640559256  0.13185562285653205  0.13969047955702532
  0.14727967004596654  0.15498432007753116  0.16303528065496520  0.17095074960735460
  0.17904588962152368  0.18709369218591448  0.19543812119993961  0.20466257650381797
  0.21339649612897071  0.22239460585912726  0.23130773713234357  0.23981039312504387
  0.24842214147759112  0.25662562192986327  0.26476935486848208  0.27314353793258983
  0.28147433937778488  0.28970717771753823  0.29764493832843436  0.30560525374391628
  0.31401343062989778  0.32285781059576207  0.33137481745959030  0.33982095951816438
  0.34788602290997411  0.35582091315697173  0.36501967081282999  0.37464408144118483
  0.38483191451127885  0.39536286294618267  0.40611118394812951  0.41646853314757498
  0.42680446000867195  0.43711997984698164  0.44735473049059504  0.45748908952798067
  0.46732418116561969  0.47714636801428140  0.48608003524377269  0.49497914305712587
  0.50413639655928955  0.51319652975789254  0.52259272261798284  0.53234154385565424
  0.54213546635045773  0.55302696483424507  0.56308159202886932  0.57442736427543029
  0.58579923313405968  0.59752033940896332  0.61079407471051739  0.62499081869550221
  0.63851398610227361  0.65161553889790436  0.66452218871691526  0.67627086848662854
  0.68851388847725037  0.70143120221088340  0.71431277030078788  0.72685619077452457
  0.73906243709873620  0.75154542984033279  0.76394891145218180  0.77638821744114361
  0.78986608714102902  0.80584996941665388  0.82289120755453626  0.83881416087997573
  0.85434317533460868  0.86964486054487045  0.88622870422174682  0.90536021237958475
  0.92832895993676057  0.95281656110481783  0.97574950821227846  1.00000000000000000
 -0.00263096091312822  0.00906539141399797  0.01953706842815672  0.03014763757124166
  0.04141133957188931  0.05239823325705145  0.06292427580135022  0.07326332211399293
  0.08365172038727968  0.09442873184114334  0.10561909068218117  0.11674965549986172
  0.12783608588400000  0.13911876234259751  0.15020350346494635  0.16077114235549433
  0.17036261729271179  0.17904739697225253  0.18796139039026818  0.19727481938172492
  0.20679056503246623  0.21590270786548257  0.22499385602441971  0.23485469212651622
  0.24566172815610166  0.25616659114797036  0.26593138460003651  0.27598350860359089
  0.28655206150910451  0.29686100201825982  0.30724559613343883  0.31691472670052395
  0.32638270705413985  0.33537397820920339  0.34384431737169829  0.35255949564066552
  0.36146286277770939  0.36959592419802417  0.37804681846781307  0.38715379127146865
  0.39681138944163113  0.40690804573462097  0.41750420783642650  0.42908829670718029
  0.44037368475198907  0.45130371645331296  0.46157287272048197  0.47156543415140073
  0.48248525896228123  0.49423956384151352  0.50610575399339996  0.51760678947107364
  0.52815423293699515  0.53804508162449194  0.54740644849636810  0.55606580313426768
  0.56496887544588392  0.57394159093939878  0.58297510057579760  0.59237786980093188
  0.60225672350179993  0.61310920927023038  0.62506169530392053  0.63644476482933321
  0.64785525660915300  0.65991538012155093  0.67267110999947088  0.68528862488699716
  0.69754845811441746  0.70929130997597389  0.71970107002903427  0.73042699307437198
  0.74123454799955035  0.75176904620292528  0.76183868392349197  0.77211501135829863
  0.78337037928657305  0.79461235442808076  0.80531061437780282  0.81745090965189093
  0.83037171148885369  0.84330851820866781  0.85557803337343996  0.86820307502761129
  0.88049142327579255  0.89274633606879439  0.90516505336552311  0.91771561227796883
  0.92963273622103237  0.94039956659678503  0.95006670302417873  0.95987415957438138
  0.96969090705235039  0.98012124299361392  0.99005845280600813  1.00000000000000000
 -0.00242872402280819  0.00974546638046018  0.02061786650475958  0.03095240478870426
  0.04152602684016255  0.05172765046885243  0.06217572446209303  0.07283046883959020
  0.08398246321199250  0.09529098752717129  0.10641399502021591  0.11692601570267182
  0.12713986699082985  0.13699868403099486  0.14833904171550305  0.16084135227589408
  0.17302758438031832  0.18511049004733218  0.19735144727301862  0.20981338878924891
  0.22257696031487131  0.23566923306186485  0.24876374404809723  0.26102201344206460
  0.27238967601977443  0.28298463921845801  0.29324201969039815  0.30267726049665600
  0.31233128267817190  0.32217109247816772  0.33255472386807849  0.34284841893369489
  0.35327439339871652  0.36437458271622503  0.37580579388647040  0.38714300151995257
  0.39878791489637389  0.41082731610212586  0.42183857106216227  0.43332464255645636
  0.44563474803604947  0.45828273657964969  0.46913801817160494  0.47882881201644906
  0.48873915473022744  0.49829218581243129  0.50703083576910346  0.51548605865916219
  0.52508102368856446  0.53571784782792065  0.54652324215444481  0.55667890783453755
  0.56680482547835775  0.57732022783013881  0.58770093732669348  0.59759322636521595
  0.60757096020251133  0.61873234588714054  0.62941680563920110  0.63935520459936179
  0.64899320327958376  0.65944362288761094  0.67032734975056785  0.68150376989146288
  0.69243967169747900  0.70346943792525329  0.71419553837089655  0.72405809271144084
  0.73317233388559377  0.74112742648308816  0.74979011728344758  0.75888178272966278
  0.76853696085251977  0.77872007033538504  0.78944899558915427  0.80087483885291599
  0.81192538194302788  0.82249579767999215  0.83273229789013448  0.84328261569624696
  0.85375176572339750  0.86346719283420503  0.87263579131812752  0.88171350248491254
  0.89076745767945509  0.90022872399555609  0.90949845795095430  0.91934893165410936
  0.93111300595363000  0.94176699117302076  0.95175640667453787  0.96142190113219039
  0.97100418090802587  0.98054932350612434  0.99016901089104492  1.00000000000000000
 -0.00823653530807758  0.37788333573315824  0.49094000224324358  0.55566013540717152
  0.60188279584372617  0.63782658053401264  0.66639143344044505  0.69021064172829572
  0.71098357499818066  0.72903987891963140  0.74455332846282973  0.75907209958322752
  0.77185502648967341  0.78250087457432704  0.79227471467790800  0.80129480031108724
  0.80974150959154723  0.81741042361065197  0.82456373634493196  0.83159761071695870
  0.83828847678072305  0.84444758204027803  0.85025739746611950  0.85583114260266557
  0.86129270036228234  0.86652478122627075  0.87138502419361008  0.87595453696297521
  0.87996213561607450  0.88384904099919759  0.88765544427743748  0.89151077607101281
  0.89538116272543000  0.89869454719886521  0.90170019469980145  0.90457880883149278
  0.90726578268723879  0.90991353084384907  0.91252011371099317  0.91498187768754946
  0.91727735262525456  0.91943452330080677  0.92151433699585206  0.92352434908090797
  0.92548149446254946  0.92744787770633896  0.92941718364619641  0.93129252199709855
  0.93310793646964751  0.93489398024857828  0.93662872961197785  0.93828943030787304
  0.93991280621918905  0.94149018049601563  0.94308879452674754  0.94468087256102840
  0.94624043921438972  0.94773881676027694  0.94916292841748495  0.95053304317917686
  0.95183451072237557  0.95310708763904683  0.95439498092147090  0.95576783742938454
  0.95712268910997078  0.95845325350915966  0.95974786755065544  0.96100821339637044
  0.96225882359344883  0.96347588340361023  0.96467675013756626  0.96585483342340561
  0.96702328819089667  0.96824333290553943  0.96940387339729528  0.97055181807956847
  0.97169878823422029  0.97285233806417160  0.97401987514258526  0.97514481628927829
  0.97625369332946865  0.97736003511723568  0.97848762047145343  0.97962182640238982
  0.98076541865563616  0.98192186947766757  0.98308648797563736  0.98426675010502684
  0.98549382257924789  0.98679643355516267  0.98817014675329684  0.98966519114655926
  0.99131413111613276  0.99329101608237991  0.99597417380098452  1.00000000000000000
   2.1364358030950384E-014  -1.0000000000000000     
 F F F F F F F F F F F F F F F F F F F F F F F F F F F F F F F F F F F F F F F F F F F F F F F F F F F F F F F F F F F F F F F F
  <DiscreteSampler_grid>
  grouped_processes
  1 # 1 for a reference and 2 for a running grid.
  10 # Attribute 'min_bin_probing_points' of the grid.
  1 # Attribute 'grid_mode' of the grid. 1=='default',2=='initialization'
  0.0000000000000000 # Attribute 'small_contrib_threshold' of the grid.
  0.5000000000000000 # Attribute 'damping_power' of the grid.
 # binID   n_entries weight   weight_sqr   abs_weight
    10   10   6.759806225518945E-004   2.466563812731743E-006   6.759806225518945E-004
  </DiscreteSampler_grid>
