  0.00870374245771557  0.01848168665462994  0.03097360611603554  0.04266326321384661
  0.05337971784443820  0.06391190049942351  0.07351011157392326  0.08358951998459038
  0.09140427654763522  0.09979721649515678  0.10815098817944431  0.11677986538298293
  0.12502870228975843  0.13325690470885490  0.14197937876397665  0.15114213565006232
  0.16063793174824451  0.16889436325570514  0.17752516326026965  0.18753092893409576
  0.19705895546331259  0.20615094371216941  0.21584742115506383  0.22644070954592158
  0.23762844974964958  0.24932029027345343  0.26147752249061901  0.27302014274597680
  0.28347536631569203  0.29321062148506083  0.30292047925199228  0.31287784901020876
  0.32313039059149412  0.33437102247394651  0.34636934530794022  0.35696998497178667
  0.36596292058329155  0.37513754873557531  0.38492572943220604  0.39489460874078253
  0.40447977777855715  0.41360405452928095  0.42331688832044040  0.43336350989951072
  0.44400749635958714  0.45543104155900338  0.46778459315338849  0.48034627957301468
  0.49320385689704865  0.50656327884840313  0.51819631987305381  0.52795292500253543
  0.53748009190396129  0.54807694641086002  0.55990237518794594  0.57196141031065539
  0.58313066874499953  0.59515643518348449  0.60615532609850464  0.61726437363189679
  0.62764920329158658  0.63776893482775177  0.64818969055744147  0.65892800034200061
  0.67129572376753299  0.68353660783030734  0.69604531015008109  0.70797753441003419
  0.72074358796459481  0.73427054901977606  0.74860726519034004  0.76178250473900599
  0.77376381786158688  0.78525262443141886  0.79533208385635534  0.80433064735591930
  0.81317740348667467  0.82166263076271251  0.83018883945195965  0.83782076955285101
  0.84517218403535366  0.85283355310906139  0.86113588116097672  0.86961036452200113
  0.87844733623111282  0.88857631772501933  0.89964027123601686  0.91110144419183947
  0.92200762631779265  0.93245024713320368  0.94303637164732590  0.95413746252656118
  0.96454332099356932  0.97495295405739535  0.98638894816525546  1.00000000000000000
  0.00000152983022043  0.00000711904853089  0.00001366454701824  0.00002181088364107
  0.00003153381337316  0.00004127306458350  0.00005063558897981  0.00006006999727579
  0.00006945193243502  0.00007918996702218  0.00008853991104542  0.00009769571041399
  0.00010701976702917  0.00011649588191017  0.00012617418833895  0.00013669580255085
  0.00014832317226890  0.00016046351659410  0.00017241867422840  0.00018420840849384
  0.00019772093793399  0.00021389544688230  0.00023218669149435  0.00025103418955619
  0.00026920899576785  0.00028668488815153  0.00030434949161418  0.00032376087430907
  0.00034401482282776  0.00036449515504560  0.00038486662126404  0.00040659243127765
  0.00042786004030096  0.00044942619678746  0.00047234715121990  0.00049652897525348
  0.00052170268603744  0.00055099618130407  0.00058125777632460  0.00061139883477761
  0.00064238596131626  0.00067473631494676  0.00071012239627931  0.00074806421906882
  0.00078634922684369  0.00082312000990332  0.00086064866956114  0.00090094627425055
  0.00094456537574494  0.00099172312126673  0.00104100489006140  0.00109930196348536
  0.00116445039531340  0.00123228294576811  0.00130330544342142  0.00137469558709209
  0.00144548817103523  0.00152364097770645  0.00161019352019388  0.00170461481561803
  0.00181196218893283  0.00193422710566118  0.00206828148853460  0.00220215657313560
  0.00233824109936357  0.00247906050066175  0.00262965627555205  0.00278807598534278
  0.00295789045410368  0.00315033406662793  0.00338552838628389  0.00363466723648343
  0.00390529815166629  0.00419723107548176  0.00449257830465150  0.00480486707086871
  0.00516958796207887  0.00557751086644622  0.00603555450139792  0.00655964672275489
  0.00718195426806413  0.00781239333579049  0.00854087604874754  0.00937987499814844
  0.01030092413739395  0.01142853076970684  0.01279051682288086  0.01441090881546255
  0.01721785556686975  0.02097725625949683  0.02722324448347307  0.03952090457746950
  0.06002055451657836  0.09915246466873824  0.11196732725664130  1.00000000000000000
 -0.00000052711331467  0.00000896494189242  0.00001310529127440  0.00002071464669491
  0.00003009604885911  0.00004002206068529  0.00005092006281648  0.00006572478414421
  0.00008630409955795  0.00011168018014267  0.00013873776604704  0.00016766374370934
  0.00019994590550093  0.00023275106159759  0.00026624011737147  0.00030180178372956
  0.00033831760477097  0.00037784155177124  0.00042086601884337  0.00046905914313880
  0.00052670475422386  0.00059257128622282  0.00066276949228631  0.00073412892602343
  0.00080436256502528  0.00087697049642756  0.00095418332977503  0.00103101922241567
  0.00110271025359798  0.00117732632981772  0.00125741082124056  0.00134798460857418
  0.00145196849812013  0.00155684151288313  0.00165862920722982  0.00176897647792070
  0.00187532078888233  0.00198065284706916  0.00208577581488284  0.00220044580005366
  0.00232645706109451  0.00245948988906023  0.00260644537627226  0.00276892810987755
  0.00293626891089098  0.00311678823164197  0.00330319769613927  0.00349226129618122
  0.00372004627544405  0.00396392168260832  0.00423019618862031  0.00451046027366080
  0.00480625355447145  0.00512175943784207  0.00548065273490951  0.00586229471796386
  0.00622059106064008  0.00654229681981537  0.00687000174297438  0.00720038066342508
  0.00755698390450576  0.00792896440156356  0.00831046526187053  0.00872242597802880
  0.00914935754141488  0.00960123698253968  0.01010410999779227  0.01069916399663279
  0.01137326067864386  0.01213293134923292  0.01295642428121146  0.01377418704524692
  0.01461628118247654  0.01556490190513847  0.01671211397835919  0.01801498135530570
  0.01918968355108762  0.02028206464542237  0.02128450411828341  0.02236241508394663
  0.02347505274897794  0.02491340304044963  0.02692375758112687  0.02980317989338631
  0.03334354897206421  0.03710962512811354  0.04051111553299711  0.04325569609487435
  0.04653171383169679  0.05020053127580530  0.05428441302108445  0.05823724367270428
  0.06515851742708140  0.07674315518831720  0.09386746543270583  1.00000000000000000
 -0.00202351726871600  0.00752318979000215  0.01565656280204298  0.02440623952447861
  0.03401492652611022  0.04449871842760628  0.05599433564758829  0.06679516254352984
  0.07733018672804813  0.08758064703570660  0.09740150634439389  0.10755747223283388
  0.11829138592216647  0.12969490700004094  0.14172511244232130  0.15290733925521649
  0.16258310572640194  0.17213361899123009  0.18221542854988762  0.19338412880988995
  0.20476903737033833  0.21535783657514965  0.22555851983704178  0.23604450341025371
  0.24665877833998220  0.25664610925499787  0.26614980471429672  0.27549630312582812
  0.28466883365285134  0.29358509802076821  0.30195995086362748  0.30932334196847638
  0.31682019480651630  0.32497019557384826  0.33398289761521227  0.34449788044997331
  0.35623114013576845  0.36860306542564564  0.38090850653898356  0.39335974452198119
  0.40661203893391318  0.41967583395540686  0.43230962846996390  0.44278788881584352
  0.45276739715798986  0.46207331831656190  0.47216403052564521  0.48263854531913797
  0.49274155072191600  0.50281036594857786  0.51192595528510365  0.52081960688393258
  0.53068592373597379  0.54049982011684627  0.55152352670431370  0.56267560707811604
  0.57283643547924368  0.58222917153224873  0.59174989896129637  0.60237234286283892
  0.61302488805441424  0.62342134771341873  0.63381623771233575  0.64644295039180133
  0.65893762588334115  0.66981511988608167  0.67945333067837077  0.68900713784674661
  0.69938103453641920  0.71011932194687888  0.72119630438315396  0.73305858390865031
  0.74627729881637073  0.76045040206648939  0.77437694514465449  0.78643425743516748
  0.79713815363607810  0.80800554786948808  0.81921879344837956  0.83087020918135690
  0.84115120653391706  0.85140692639045978  0.86201107381262965  0.87311077310997609
  0.88358255337506997  0.89392309181264085  0.90491986885443609  0.91557279900229305
  0.92553400558487131  0.93564140752882330  0.94460676269590638  0.95420724276044599
  0.96563892995297984  0.97774190924792315  0.98900226668087099  1.00000000000000000
 -0.00240549827503992  0.01003169206508459  0.02105543058650331  0.02987436682806736
  0.03992461507326422  0.04976844973666253  0.05832657877849442  0.06596430945787743
  0.07342491225948400  0.08145965157927712  0.09161994423295942  0.10362328531650872
  0.11567476403027080  0.12814434994869761  0.14100346797798136  0.15391351273146078
  0.16614874908146054  0.17680921950719639  0.18761453804139214  0.19886319175279224
  0.21041714644060452  0.22030686247703402  0.22969463641456836  0.24037782304123068
  0.25205904617008218  0.26281297202472814  0.27213845051969099  0.28275758352978803
  0.29226609032858680  0.30148738378943285  0.31052794982259108  0.32012170862791139
  0.33183599745318204  0.34430728276979788  0.35558328870262773  0.36633881596344603
  0.37536843920672780  0.38431236376655553  0.39363161965498689  0.40432163093151019
  0.41357458888866855  0.42299302383736531  0.43264632992597762  0.44457341253436755
  0.45623926253948388  0.46671542932391219  0.47608255684032014  0.48562357505530812
  0.49567818050343410  0.50663526415741711  0.51767997527375853  0.52698851817027847
  0.53565081674219950  0.54476821220798410  0.55458628698925538  0.56482693258847283
  0.57380056874414442  0.58189011258988776  0.59082353020877254  0.59984477337468678
  0.60903369333123747  0.61757178344467445  0.62695589567246746  0.63754259546688530
  0.64699949464106843  0.65626610339940272  0.66624690359796657  0.67768826149267980
  0.68900006791116764  0.69932850566321814  0.70952871228037051  0.71981294997106404
  0.73174172647033409  0.74530918586410222  0.76042363310908834  0.77561682796693565
  0.78988623359148480  0.80320870027177904  0.81567223002644806  0.82731563621318149
  0.83823948179988073  0.84902878181108055  0.86028409244092519  0.87000605493396510
  0.87898741982930051  0.88815396912557232  0.89860795421585016  0.91066749535791780
  0.92181910263535205  0.93273803980298542  0.94315840382166571  0.95433051696032623
  0.96586123431170479  0.97708589854724825  0.98880882528923131  1.00000000000000000
 -0.00215653481095551  0.00902280561880479  0.01824132278102333  0.02599265398736964
  0.03393191374433273  0.04213959525181925  0.05154719129422662  0.06284900332207732
  0.07490768251902741  0.08624750705986083  0.09768735061986536  0.10875493082548371
  0.12074740387296723  0.13337310073641803  0.14633638771467733  0.15908852433399912
  0.17289545152728292  0.18707817007886401  0.19878926329175545  0.20905007251050670
  0.21890813799174239  0.22883985298561868  0.23901302869834964  0.25070533350225999
  0.26402625499629501  0.27725401245752651  0.28957012938145893  0.30105162117571060
  0.31304767739610656  0.32565227360775945  0.33873174093197128  0.35179426665693231
  0.36495900571633888  0.37700489760408129  0.38705887907420239  0.39738399874130137
  0.40753874568667614  0.41767793701336126  0.42791238374481000  0.43732380779492830
  0.44501688857910721  0.45252393952141723  0.45981531972084094  0.47195039819381523
  0.48298052104042843  0.49563270705880003  0.50684697299901083  0.51807270767416269
  0.52981927839931886  0.54124511970676437  0.55231069850204195  0.56334936423986726
  0.57458648916902832  0.58540319733317814  0.59531147789132666  0.60423898186476444
  0.61284362576734686  0.62204164333432754  0.63209399620631701  0.64186168192892001
  0.65047298578547863  0.65856328016757992  0.66669385832148742  0.67589366174759635
  0.68777058663890467  0.69679679530563809  0.70539232440210098  0.71446307688812760
  0.72405742810201690  0.73362541708836426  0.74244648348235009  0.75209813496400824
  0.76301673825368677  0.77379610263575538  0.78352480203932906  0.79269563043469748
  0.80121003611450214  0.80919037448736120  0.81754001676118992  0.82705636269153082
  0.83697089275647218  0.84600198781114277  0.85411724213799711  0.86246421506196624
  0.87113507604541063  0.88105506970492964  0.89093824779446618  0.90293311745353733
  0.91445011555536382  0.92600322278290437  0.93783330563902512  0.95036250235604380
  0.96371152721270581  0.97642996269437210  0.98847915101555350  1.00000000000000000
  0.00079863761536154  0.00169186720195537  0.00315155251675395  0.00437456362842394
  0.00547052050549305  0.00649383306711543  0.00747860318214515  0.00847355791031075
  0.00948098757602899  0.01051230020459340  0.01156127267475474  0.01259688819322938
  0.01360664298710508  0.01457032020504083  0.01551401191831286  0.01645740388150155
  0.01741515376706029  0.01840412344426326  0.01934792701389502  0.02024521252614686
  0.02116441104269347  0.02213487428672038  0.02313988884377933  0.02413950170597269
  0.02513967621618080  0.02619518568919875  0.02727900433242661  0.02846213886398042
  0.02966679773279599  0.03087727483100684  0.03205094425965570  0.03320306298072963
  0.03435815894447303  0.03549106708247261  0.03655440563629938  0.03759591845909675
  0.03862000225589569  0.03969752618639018  0.04079524979484529  0.04195954877997445
  0.04316653789292876  0.04445813785032378  0.04590927189678388  0.04738508393698566
  0.04875409734093499  0.05013027445877785  0.05156610119671454  0.05305388555564912
  0.05459173922276115  0.05616249454119644  0.05774388009808287  0.05927536414699854
  0.06071263971975788  0.06207947526546138  0.06348342926468294  0.06504708153774319
  0.06679057805299600  0.06860234894018913  0.07034614834914302  0.07247540441745404
  0.07449370670394802  0.07664616507861488  0.07897823520045320  0.08159816888776414
  0.08440081946854855  0.08777750799416889  0.09020321565866612  0.09245934681410435
  0.09461806014886505  0.09687744271176443  0.09885922006157008  0.10065798956224332
  0.10261926227198638  0.10518922945457260  0.10844744356073321  0.11336327052127976
  0.11824086748195800  0.12254733736667053  0.12733684957531069  0.13174843316592455
  0.13651827640538089  0.14324583878438271  0.14942554959454948  0.15559779126899978
  0.16114997598064387  0.16572823896731728  0.17248583267997564  0.17886247132758717
  0.18564083398755984  0.19604704042947441  0.20698010144568621  0.22152309737759746
  0.25708637725140088  0.29636690632334373  0.65419677040737356  1.00000000000000000
 -0.00273334999588997  0.01016751502094597  0.02063284992234933  0.02975612538367373
  0.03813749806411557  0.04686461007532422  0.05466480223530572  0.06333862801470261
  0.07148144039444834  0.07999135504975252  0.08924699952656834  0.09946591716888184
  0.11047117793703413  0.12170755918574747  0.13193489472572070  0.14192881611250396
  0.15244192625194883  0.16343823797895757  0.17435193795164253  0.18517639195627841
  0.19637481632633236  0.20801113382711248  0.21897563610227117  0.22946035679384930
  0.23998725182194452  0.25075273035062784  0.26132112761392640  0.27020588094223885
  0.27914213999045512  0.28790360381861102  0.29822654041502189  0.30895305161826597
  0.31923143198148052  0.33015067066857573  0.33892097442125696  0.34848699442716274
  0.35786828667401410  0.36744313686026248  0.37725295880775833  0.38701122684444222
  0.39723707594776231  0.40837584515801256  0.42097625635917191  0.43353012842828792
  0.44424686972120125  0.45496097669116026  0.46664097035698499  0.47966215138799906
  0.49215155507337788  0.50488499466187031  0.51979092415729977  0.53736292204037206
  0.55545908599111082  0.57104282933482253  0.58423068757297680  0.59629279761272436
  0.60799197277524597  0.61955037876783092  0.63123697677850399  0.64323051694853661
  0.65535253644315428  0.66738728145253068  0.67889199443983561  0.68959060390520333
  0.69999483698937404  0.70962673745205918  0.71815003792339960  0.72657468682163284
  0.73527026131702544  0.74424601703365867  0.75380160038426147  0.76231449344736657
  0.77068096971584865  0.78047318448195302  0.79112877664897041  0.80169005269636340
  0.81214680499248204  0.82272438037608275  0.83363238837546572  0.84524440459268846
  0.85684555037704835  0.86844246002966818  0.87912251342149705  0.88846357524615149
  0.89843841022657889  0.90714291745911757  0.91586548335230511  0.92412778702430143
  0.93219341811742473  0.94092120344463781  0.95069175700576758  0.96116860345078337
  0.97125159292906160  0.98107004628585004  0.99042894997921560  1.00000000000000000
 -0.01246419526778256  0.38496494476102772  0.49899786286546588  0.56432854773950925
  0.61014434352357738  0.64718892785256288  0.67676940191318569  0.70168563508638226
  0.72314796870199893  0.74191444503445736  0.75818460879059069  0.77233671699525019
  0.78488240039718826  0.79647813786968102  0.80699676734001902  0.81639386630418387
  0.82505348653677257  0.83317442928020791  0.84049389815618103  0.84741463207283407
  0.85439564164058257  0.86088154403329897  0.86701192003182526  0.87252244785521360
  0.87733430469655482  0.88186393173650290  0.88637981182110126  0.89102901094916631
  0.89540666024179716  0.89939140440336129  0.90317671493840790  0.90689842021856648
  0.91047122481571896  0.91388659874639744  0.91707998651851663  0.92001017282305986
  0.92284403555070094  0.92560412431154837  0.92830056379356085  0.93072927679167217
  0.93307579532156570  0.93526025363841192  0.93745315657386452  0.93933976129387720
  0.94122811891937708  0.94310512147322501  0.94498218745114193  0.94670347973955504
  0.94830666236189665  0.94987619787062572  0.95146074818703608  0.95312177490572880
  0.95481899420976546  0.95635290649462157  0.95780098655220458  0.95912309224607628
  0.96037177736839174  0.96161466701712339  0.96282310588125286  0.96407529629260624
  0.96529048513032767  0.96649937322874357  0.96771029414891441  0.96892177542973390
  0.97010906643591133  0.97122324607595556  0.97230265182020004  0.97336390415593976
  0.97442210410913088  0.97552476223105200  0.97668915931048805  0.97785547353953939
  0.97895437258624074  0.97996410184226368  0.98093851769072793  0.98190080174841865
  0.98287082158963812  0.98382286633117566  0.98471552091516712  0.98558642239960559
  0.98640528437093433  0.98719188086179577  0.98801158108427856  0.98889288025115485
  0.98975189062682356  0.99054765496649710  0.99124474243419569  0.99194822784630887
  0.99270441117165342  0.99349173669579038  0.99427630709466852  0.99502844681555613
  0.99582383952481379  0.99689872683283909  0.99827466745660898  1.00000000000000000
   1.8430642356671800E-014  -1.0000000000000000     
 F F F F F F F F F F F F F F F F F F F F F F F F F F F F F F F F F F F F F F F F F F F F F F F F F F F F F F F F F F F F F F F F
  <DiscreteSampler_grid>
  grouped_processes
  1 # 1 for a reference and 2 for a running grid.
  10 # Attribute 'min_bin_probing_points' of the grid.
  1 # Attribute 'grid_mode' of the grid. 1=='default',2=='initialization'
  0.0000000000000000 # Attribute 'small_contrib_threshold' of the grid.
  0.5000000000000000 # Attribute 'damping_power' of the grid.
 # binID   n_entries weight   weight_sqr   abs_weight
    10   10   1.674334112526497E-003   1.318276976346114E-005   1.674334112526497E-003
  </DiscreteSampler_grid>
