  0.00968872974266319  0.01524865806952455  0.02374605695128338  0.03319729918961628
  0.04314156115567074  0.05277036078548043  0.06229191203007320  0.07162307017539668
  0.08046412594230763  0.08890056866847941  0.09719751822434783  0.10641446589758193
  0.11662628403383152  0.12744114987014052  0.13864489582834599  0.15001889703136170
  0.16104572644997278  0.17166635948565948  0.18230065451016891  0.19232763303547076
  0.20136096066935355  0.21013184845014155  0.21894068828415239  0.22692760727802536
  0.23549562350420505  0.24487878083551567  0.25651760867107515  0.26920860207961095
  0.28077631068305536  0.29130682517093415  0.30160012766375616  0.31221907236611546
  0.32345674840783945  0.33505231522149070  0.34568220856399962  0.35580451900023258
  0.36656310728213487  0.37723975370495477  0.38708118962760868  0.39677011198636408
  0.40743118788551164  0.41884497096096679  0.42909225202067697  0.43952710319869209
  0.45046558326383374  0.46122677933735801  0.47140485885296446  0.48316684947841843
  0.49421364942001245  0.50529737070792269  0.51622813930990263  0.52758743921671991
  0.53861327627512057  0.54920055061774453  0.56018350085881741  0.57130878493026238
  0.58318863843416280  0.59426359026549724  0.60453071828271565  0.61431915503005019
  0.62428887230504848  0.63481135774429309  0.64568127093186589  0.65552893407854695
  0.66464313243275930  0.67417401958954692  0.68448676055486446  0.69367831072501618
  0.70297461003063932  0.71338642160175936  0.72439623295706967  0.73536725344342591
  0.74651238889681315  0.75808754854111604  0.77042464634304486  0.78082970038202260
  0.79090587294470738  0.80071098426154697  0.81129827702317969  0.82289129818728213
  0.83393179017139552  0.84488056138400847  0.85555562520648909  0.86654668198318252
  0.87831696011123128  0.89031257683837628  0.90172587002465165  0.91206141810996533
  0.92267158908179503  0.93317550455012543  0.94319716955995869  0.95285688209424080
  0.96272080153135786  0.97409700768457985  0.98645706863330673  1.00000000000000000
  0.00000195842716311  0.00000359920923356  0.00000533764991285  0.00000736835014680
  0.00000989659101968  0.00001336645074257  0.00001727363952920  0.00002110314017945
  0.00002506984267323  0.00002938037907641  0.00003449421328331  0.00004016708506408
  0.00004640543402941  0.00005271080835657  0.00005886537601659  0.00006521109507260
  0.00007185565025550  0.00007906690774351  0.00008612280863802  0.00009301085255817
  0.00010028677964459  0.00010783747847984  0.00011583218278491  0.00012421970721133
  0.00013189074668619  0.00014123566718929  0.00015154931459952  0.00016228152457678
  0.00017347868598007  0.00018470832418986  0.00019543906640352  0.00020614964498203
  0.00021867535284416  0.00023201146113547  0.00024624398246319  0.00026061185633792
  0.00027463110537923  0.00028814482752448  0.00030151911381274  0.00031540448831235
  0.00032974567505074  0.00034540937847235  0.00036334949044864  0.00038006096771836
  0.00040046408741601  0.00042318175843809  0.00044721876550805  0.00047332581089899
  0.00050234192400582  0.00053226133333382  0.00056419229740420  0.00059676507226269
  0.00063450288988727  0.00067493007615134  0.00071460754465002  0.00075658479070703
  0.00080273911982692  0.00085155949931806  0.00090315168954263  0.00095632000021464
  0.00100836285287680  0.00105895713096055  0.00111075146951299  0.00116355621232534
  0.00122052828061087  0.00127798473545982  0.00133812181737682  0.00140383013854010
  0.00147758409196009  0.00155329853906080  0.00164759720218907  0.00175699717270304
  0.00186745604740951  0.00199044875353894  0.00213034353684814  0.00229531603463467
  0.00246903412318896  0.00262751773045633  0.00277752521471850  0.00294474655242202
  0.00314976734011319  0.00339074620537784  0.00365224766043809  0.00395261573069588
  0.00434806440280174  0.00478852481583639  0.00529475861933201  0.00593618198671672
  0.00669015324067499  0.00776080483297037  0.00936747214499668  0.01160389651454178
  0.01560396290905772  0.02985094040053934  0.10567308528122535  1.00000000000000000
 -0.00000188034551619  0.00000597264521464  0.00001750214823924  0.00002804017779061
  0.00003724322969138  0.00004554069271042  0.00005335105976969  0.00006082870972228
  0.00006804603490115  0.00007505142808162  0.00008203097619641  0.00008910742750662
  0.00009616516127029  0.00010294878977128  0.00010951882459873  0.00011680847632553
  0.00012552920729299  0.00013395317523429  0.00014189402515864  0.00015108893944294
  0.00016057397236174  0.00017079343814951  0.00018138466928244  0.00019157459817191
  0.00020110883640950  0.00021109503962427  0.00022148545671063  0.00023218973274630
  0.00024333672936680  0.00025441933383084  0.00026591343313187  0.00027831418816248
  0.00029130888341827  0.00030456214076683  0.00031737350924279  0.00033120243363614
  0.00034582595428821  0.00036045565315797  0.00037549794353921  0.00039088670404529
  0.00040681138182404  0.00042332708292357  0.00044023998819218  0.00045812553704893
  0.00047726178877940  0.00049646632011048  0.00051809121978933  0.00054026821056916
  0.00056442450441458  0.00058999364033546  0.00061632503685641  0.00064303136502877
  0.00067098320343514  0.00069896356066063  0.00072678842074662  0.00075715302726642
  0.00079136642230597  0.00082970959998086  0.00087236403263419  0.00091985366042303
  0.00097034957981067  0.00102707420320021  0.00108710036889751  0.00115018871402360
  0.00121364497153574  0.00128059009272114  0.00135649827768106  0.00143655144718763
  0.00151777171363249  0.00159818601900956  0.00169347933329857  0.00179515589621185
  0.00190216023560137  0.00202680326809376  0.00216702172845986  0.00231284877105577
  0.00246493799142789  0.00264186453070165  0.00284196496165425  0.00305539621295422
  0.00333687633425893  0.00363661802222647  0.00399404394673945  0.00441434398952463
  0.00487401626704207  0.00535588787297278  0.00591676188458753  0.00663113597798846
  0.00771788077602603  0.00912314920245449  0.01081022592351429  0.01347519396258222
  0.01696125008629414  0.02566900826612492  0.15805817614659801  1.00000000000000000
 -0.00177956288329393  0.00949597064664770  0.01914888305980603  0.02860161176392846
  0.03832276629172469  0.04960094982616250  0.06141563617738426  0.07184215314492474
  0.08126370546668622  0.09047706808905819  0.09974203082345796  0.10891021237502965
  0.11820047797153328  0.12860241940835052  0.13980315157868359  0.15133674888733784
  0.16281331163281260  0.17376809585554837  0.18462047202756865  0.19582836207317350
  0.20719285458129932  0.21753227713968648  0.22776593581352333  0.23752084026512860
  0.24841777638793799  0.25918379021339738  0.26928548599646834  0.27973063916620400
  0.29017479127490903  0.30150164451482969  0.31332950414300331  0.32536609500267349
  0.33704622813740165  0.34809321555943640  0.35838218102054414  0.36894706424443979
  0.37971968673507855  0.39044776735198961  0.40008859565286975  0.40926155257500485
  0.41842643071331126  0.42893000402771064  0.44003432255237285  0.45171649135262509
  0.46279469179219906  0.47367026573763316  0.48388180354424987  0.49379165250382462
  0.50496577290450184  0.51532880446474061  0.52567620200136089  0.53615913214288990
  0.54640123036977162  0.55685856162663661  0.56617528519077054  0.57553152517610173
  0.58543660415673970  0.59505669041441323  0.60470726859401402  0.61374362439857932
  0.62280461775263829  0.63173742274112443  0.64067854070602792  0.64972284328968199
  0.65888745823082084  0.66925853909749566  0.68130708701654230  0.69305188231320303
  0.70461744014727667  0.71624720970453437  0.72798149114833566  0.73991149029219472
  0.75185400729918939  0.76377776273459319  0.77556371489395182  0.78740999631693998
  0.79884253930211790  0.80925720781412924  0.81912214160600461  0.82929208254132358
  0.83992258214136917  0.85083217736313155  0.86151908907456265  0.87324819632228168
  0.88503576346479307  0.89737946378651090  0.90861668401264184  0.92031661115462959
  0.93197924418849987  0.94322650324786017  0.95333027703800810  0.96339724597391263
  0.97334479814862840  0.98247176116309975  0.99128962846703950  1.00000000000000000
 -0.00254211997571809  0.01004186112149318  0.02063119068048116  0.03005381156770410
  0.03950208474105429  0.04970705347789845  0.06039435345063690  0.07071434233626078
  0.08043795923241670  0.09010722899875645  0.10011392060977893  0.11029476674590356
  0.12054366294802017  0.13065002986545377  0.14095946098928827  0.15163245860154762
  0.16114976904701897  0.16964397385469565  0.17739190507340769  0.18620682152751508
  0.19530207839457070  0.20382729385141107  0.21276957955449283  0.22243509845912307
  0.23272118089102151  0.24448829010359446  0.25502899574396931  0.26480016736966294
  0.27466833449581612  0.28470217349903809  0.29511778556616791  0.30527003244372058
  0.31573285781899657  0.32769477648393586  0.33766097705862669  0.34760193143300738
  0.35703991745969121  0.36783450533546430  0.37815160310493062  0.38764569773447244
  0.39670005849784590  0.40594447135294465  0.41567523018220087  0.42569249775195894
  0.43604692518848365  0.44702842458288522  0.45881882908589122  0.47105490497770114
  0.48311248486998842  0.49336083756821270  0.50306965948299742  0.51212564499816537
  0.52183750927339467  0.53192344981579254  0.54167879544798836  0.55060573037325855
  0.55944723004292785  0.56930784057052686  0.58065501306431866  0.59305201476285918
  0.60559141580979869  0.61754577077944506  0.62884901444979258  0.63952491014703483
  0.65002137330694598  0.66015198802699315  0.66998134761894224  0.67976527926177366
  0.68975304627165634  0.69993531865961922  0.71143984180844011  0.72400902578667525
  0.73699187019224111  0.74889375760528565  0.76102385335135081  0.77343246043419933
  0.78588816729437405  0.79957963789747855  0.81288055966213257  0.82381886418524142
  0.83432503948994063  0.84529186976786375  0.85613761444878722  0.86619129065425426
  0.87642010408583160  0.88668964503298608  0.89895269834383196  0.90856406639421228
  0.91895932104057643  0.92938309536372743  0.93987409453731652  0.95072250338379738
  0.96272869111140302  0.97573426930750928  0.98797034690754459  1.00000000000000000
 -0.00158929779768501  0.00648704740254329  0.01488911149553077  0.02375807117764899
  0.03403041483041896  0.04427822676830916  0.05402217087040657  0.06471079106914339
  0.07591495181736355  0.08741857985528262  0.09839068915415622  0.10900377407210883
  0.11979511404282732  0.13142615105710448  0.14357285163343211  0.15520701506385332
  0.16643044067983009  0.17723353780684556  0.18800312326650095  0.19889574914655672
  0.20996921743266392  0.22118237838178076  0.23224483579557251  0.24295459245308440
  0.25352895859783559  0.26386976540692342  0.27532021796359468  0.28685982973271784
  0.29830154239317275  0.30937005231690551  0.31883656841403074  0.32829768114131325
  0.33711175631890616  0.34668742209903225  0.35664286214920654  0.36648789972179940
  0.37596497281889046  0.38463857425072512  0.39403242752138334  0.40386604781259361
  0.41339056537632035  0.42253914583557950  0.43163891222780099  0.44088456324462111
  0.45010872159709975  0.45960482461288782  0.46938792838916454  0.47915901939736022
  0.48925152262800253  0.49953894188669812  0.50963365010186690  0.51873262552733079
  0.52806553844544468  0.53792945026257744  0.54859292135602755  0.55923103811166508
  0.57044317142874079  0.58214931051058583  0.59292893091667065  0.60339015637782201
  0.61457023636460184  0.62596337122747114  0.63656395424475853  0.64750000528993690
  0.65918445402321668  0.67048981057678425  0.68116813393935427  0.69209890181608202
  0.70265309291057232  0.71350342582538440  0.72447460224897342  0.73555644053207414
  0.74575143904271657  0.75585011766244159  0.76658154271437551  0.77707783410784126
  0.78762098330010533  0.79812050789570421  0.80867758825858338  0.81924879186462396
  0.82951692200408567  0.83947695820643531  0.84878579055372971  0.85801542990543733
  0.86717328531616822  0.87658704647382168  0.88642995175771588  0.89662971289990534
  0.90895536051397274  0.92157180441022879  0.93405937033561193  0.94737631052587323
  0.96059980410148493  0.97326575085449274  0.98592320410690015  1.00000000000000000
  0.00085561423624694  0.00154468346465438  0.00268067703060703  0.00361360589125316
  0.00447212552946752  0.00529218013665227  0.00609575488019497  0.00687852211237393
  0.00765179154395672  0.00843410532658169  0.00923196884795696  0.01003223273955936
  0.01082882133336315  0.01163057217078553  0.01243039205058311  0.01322179204822007
  0.01403554238277808  0.01485216907452619  0.01568488059411323  0.01653172107351472
  0.01740138593067958  0.01830943279012080  0.01922506327757693  0.02016974279775095
  0.02129565313552482  0.02248684034728610  0.02368823327015354  0.02486136334957391
  0.02600347165068159  0.02718925078054756  0.02840880481823032  0.02967353392847692
  0.03090542473676321  0.03211447552619822  0.03324447542992400  0.03443996938468356
  0.03574157971582669  0.03709875871779266  0.03845389774530992  0.03985918020486542
  0.04111387225407138  0.04257810820927704  0.04399401165304936  0.04539771078943751
  0.04687440010219650  0.04837801835024554  0.04987337769762284  0.05150936904391155
  0.05313117299125557  0.05469446085349018  0.05611117112884433  0.05749641251557180
  0.05888146771927621  0.06040026917117852  0.06189637282130626  0.06383353659067476
  0.06587195893586491  0.06812504069708132  0.07026104572645095  0.07243180671281327
  0.07475830955215909  0.07708481003369083  0.07884611121930496  0.08090512201612149
  0.08335691872624001  0.08500107253019287  0.08740076933563262  0.08983315998353933
  0.09175025838134235  0.09360091390324016  0.09558818753337449  0.09781768150880528
  0.10144919804332597  0.10493444094918886  0.10763768779262857  0.11004535962439975
  0.11273231456603239  0.11597512570660512  0.11825139685061038  0.12026777698918358
  0.12287411204608914  0.12494141982014823  0.12785374655172202  0.13104008204900019
  0.13406976823562702  0.13759674173332409  0.14032673168733920  0.14296299720635872
  0.14709782171604399  0.15355614413947316  0.16255198011289473  0.17329653833618158
  0.18308844055210466  0.19891346234743681  0.24675984320127739  1.00000000000000000
 -0.00290254427263608  0.01504157007577924  0.02813365690468108  0.04075500781061765
  0.05379383515560694  0.06677826150585618  0.07989440134741793  0.09445951222128329
  0.10946198507509441  0.12301262927797105  0.13509313256951350  0.14535625811776592
  0.15488470609065447  0.16408839421221083  0.17425038684502367  0.18502381128183612
  0.19542145318788504  0.20502458028414566  0.21410383951586559  0.22348197315964652
  0.23307382111421335  0.24261179866198079  0.25179653302865146  0.26150840675375120
  0.27213730922666213  0.28525826181448105  0.29709498113715427  0.30648297825247661
  0.31585760107311200  0.32537630474729701  0.33505229249351876  0.34503511692577471
  0.35518722757278470  0.36623675553475188  0.37690668412596040  0.38664689337440428
  0.39577564009499128  0.40464561320999709  0.41350665796140917  0.42274988708233946
  0.43252515069343694  0.44207806227609364  0.45213881295496544  0.46192365185809370
  0.47262577155697144  0.48362136606589179  0.49399007268344458  0.50353734621179946
  0.51258352033140098  0.52147105097472413  0.53054771249086463  0.53986934047473023
  0.54927527975042056  0.55867295579259524  0.56780935406494004  0.57706270930686088
  0.58648923295335575  0.59665516515227413  0.60706163515072398  0.61892791734468144
  0.62857120416268264  0.63747363390920275  0.64676698057771342  0.65540707628394168
  0.66396978172090437  0.67233039493301172  0.68072630685836111  0.68992362215169878
  0.69983706792438405  0.70876874209933194  0.71624009000229261  0.72407566162457915
  0.73286084518655303  0.74303649183254017  0.75335973037442749  0.76394465795313427
  0.77455495885824432  0.78421352470614902  0.79356629124165445  0.80329100207763338
  0.81422977053779011  0.82625988040989373  0.83872069216461476  0.85079742304299688
  0.86302621672789215  0.87622987326000479  0.88976329338683402  0.90385543244851796
  0.91705051818097316  0.92825631643974038  0.93898199040458730  0.95004300448263157
  0.96210455138319040  0.97382886298293936  0.98677251489725637  1.00000000000000000
 -0.00255999926969955  0.30330321814244254  0.41831547436654543  0.49047352361912983
  0.54276827060700461  0.58400294696172284  0.61547802334934854  0.64125324688147778
  0.66268842414216822  0.68170867070130869  0.70029908722849266  0.71700305359792404
  0.73252623690314944  0.74693770347312483  0.75922886009653845  0.77054323059632557
  0.78087605035871788  0.79033916083657274  0.79880884711184896  0.80696685177941496
  0.81479543958713208  0.82214814357867705  0.82933336997045903  0.83592807120456369
  0.84197134468096002  0.84789313084424434  0.85361002573378275  0.85889713909553755
  0.86363257302277086  0.86823054312756331  0.87267418841917066  0.87706989577757233
  0.88116236640982049  0.88519584438756238  0.88920943062980129  0.89314043985786784
  0.89694507484316011  0.90038780400892593  0.90368113045283405  0.90688469819807649
  0.90997555608446090  0.91312546917709059  0.91612821668585775  0.91902778048552292
  0.92178994321091112  0.92438960453886021  0.92684039483287139  0.92915444904938993
  0.93138434515492119  0.93360618202055423  0.93580339249729538  0.93796803950832741
  0.93990009819721376  0.94174843685502274  0.94355029727601114  0.94526284848652853
  0.94691122453513865  0.94853263994325965  0.95014865187343522  0.95175718317974767
  0.95345696456281537  0.95519019400865834  0.95692271794995176  0.95858408629119352
  0.96014433877909966  0.96168716299866397  0.96321125251906814  0.96467597418076712
  0.96607899412988341  0.96743809324425967  0.96878671544564543  0.97005209335062914
  0.97134418182731896  0.97263434652308456  0.97390274853802949  0.97514610168139992
  0.97636995720979147  0.97753178172684640  0.97865235248557225  0.97973662986157817
  0.98078407201290807  0.98185997984670070  0.98293938457438279  0.98400080167203618
  0.98501296026993268  0.98604899092786136  0.98710607690343499  0.98818573755167449
  0.98930020647676076  0.99040053158141672  0.99153298017589675  0.99273500187068775
  0.99407266235359659  0.99560834520369779  0.99751225479527006  1.00000000000000000
   9.8296524381022362E-007  -1.0000000000000000     
 F F F F F F F F F F F F F F F F F F F F F F F F F F F F F F F F F F F F F F F F F F F F F F F F F F F F F F F F F F F F F F F F
  <DiscreteSampler_grid>
  grouped_processes
  1 # 1 for a reference and 2 for a running grid.
  10 # Attribute 'min_bin_probing_points' of the grid.
  1 # Attribute 'grid_mode' of the grid. 1=='default',2=='initialization'
  0.0000000000000000 # Attribute 'small_contrib_threshold' of the grid.
  0.5000000000000000 # Attribute 'damping_power' of the grid.
 # binID   n_entries weight   weight_sqr   abs_weight
    10   10   3.110664189655657E+005   3.583373369876548E+011   3.110664189655657E+005
  </DiscreteSampler_grid>
