  0.00933938637050336  0.01623496046410439  0.02639766845778512  0.03923273822920802
  0.04738857367862137  0.05533928573910097  0.06340379677084539  0.07163243935716294
  0.07946962560252525  0.08725808594905499  0.09466316783560032  0.10228723979322005
  0.11041836022583017  0.11885619138421449  0.12737910986464709  0.13635067950103388
  0.14642537498207253  0.15712897269461834  0.16856061931751770  0.18070094297713768
  0.19449989258197281  0.20951143001744596  0.22202743932761670  0.23355623849724330
  0.24505046204445979  0.25712306219193226  0.26926112718245210  0.27904485630417170
  0.28848521639547409  0.29820801949881681  0.30824980302582866  0.31771283593683108
  0.32652759796314884  0.33572520876593842  0.34538444403256680  0.35522050016653728
  0.36508237788144987  0.37529622919953298  0.38547865429146655  0.39524478890371084
  0.40459517403690037  0.41399081746282268  0.42383705825312989  0.43410066254277691
  0.44448450575734255  0.45462167177160928  0.46456429354537621  0.47457454741607602
  0.48470110638669184  0.49492214812620933  0.50526600521491649  0.51572048666931491
  0.52614933635097949  0.53711764979056087  0.54922843141300060  0.56281400807128901
  0.57591569859466973  0.58784627983915372  0.59953254851555648  0.61201525086159958
  0.62463721832759667  0.63515040956626101  0.64434707855871509  0.65310102107285917
  0.66203319252170378  0.67057156189068512  0.67900224746116644  0.68780046395468108
  0.69784184081808098  0.70840739949711196  0.71998848841162810  0.73218401434188929
  0.74326646236292393  0.75396833131502206  0.76524206860433897  0.77678074407298925
  0.78785244669483401  0.79938982129413538  0.81131533379053622  0.82298417173068106
  0.83498286610372741  0.84715138350431907  0.85876502780149888  0.86983208657714450
  0.88115650834714487  0.89279919050975443  0.90414730716324021  0.91513358719550553
  0.92551176195720153  0.93575151203893137  0.94575207188967003  0.95568748887217059
  0.96587340367430252  0.97656705071654848  0.98799982234550199  1.00000000000000000
 -0.00000662562862436  0.00003303955037046  0.00006948816835038  0.00010238729849594
  0.00012772964509349  0.00016059309897027  0.00020184378464339  0.00024046808219560
  0.00027810589923239  0.00032191241924975  0.00037115069705746  0.00041629609308447
  0.00045984374045319  0.00050569528407454  0.00055498240144639  0.00061068422278572
  0.00067416933626856  0.00073337820775859  0.00079553736784302  0.00086238650987776
  0.00093516078950818  0.00102042315019568  0.00111393220316162  0.00121170269949988
  0.00130231549461942  0.00138046564532406  0.00145781460332418  0.00154166650732172
  0.00163418334767510  0.00173380112571627  0.00183402570129945  0.00195213031830482
  0.00207055179998077  0.00218452162253057  0.00231791615294745  0.00245725014960482
  0.00260326245359987  0.00273272842558962  0.00290694910586055  0.00308799885100847
  0.00327915967382243  0.00347720239552195  0.00367706843697251  0.00387763245976466
  0.00407786015709295  0.00428942120240957  0.00450801601697951  0.00473957053919599
  0.00498466117023141  0.00524204742438142  0.00552436646750393  0.00586104845055595
  0.00621189799053572  0.00656780545717656  0.00692505601789661  0.00728539466333790
  0.00765493571459054  0.00804878001473910  0.00845764024014546  0.00892369592418582
  0.00941556984243904  0.00987702307129724  0.01043360327549072  0.01102910383097188
  0.01166741789771574  0.01238298296845330  0.01316152172181658  0.01397212570616699
  0.01479722187838263  0.01564958741106805  0.01654518167056596  0.01749260411886943
  0.01850418313589493  0.01959753442245173  0.02077422500836788  0.02203449837118804
  0.02346005779619199  0.02516847357415343  0.02698888013229151  0.02886551083212061
  0.03120360566777544  0.03399016832017619  0.03717373066052104  0.04110412820096786
  0.04447137961193384  0.04871705345760893  0.05381906931696566  0.05996522354036309
  0.06669981765526919  0.07616299048311727  0.09160270144884029  0.11422313515809303
  0.15268490849855523  0.30137688393641093  0.35377508945035452  1.00000000000000000
  0.00002295162185745  0.00006568315340847  0.00012542365478196  0.00019926769005711
  0.00030989227640488  0.00043053248848378  0.00057746268345927  0.00073124041058404
  0.00089675775452635  0.00107998445893934  0.00127883237709541  0.00149591989155750
  0.00172748181077696  0.00197785177422592  0.00223646593232234  0.00251924217801431
  0.00280378792246215  0.00308127448105723  0.00335259104292752  0.00362692728039699
  0.00392009474352980  0.00422655566450656  0.00453674080092790  0.00486509352292743
  0.00521892469560474  0.00556851084317398  0.00590621557953981  0.00626402687975559
  0.00664716275085597  0.00707803559376696  0.00752605723225484  0.00802459546545042
  0.00855820559042960  0.00912722876684031  0.00972893503135452  0.01035162114649560
  0.01096970833655058  0.01164094253115630  0.01233774910458761  0.01305180357370981
  0.01378160985150817  0.01450354538728613  0.01525110374914596  0.01608481465792522
  0.01692361426324410  0.01775041105713160  0.01854521586862458  0.01937493794926473
  0.02035643261964635  0.02139976940082985  0.02245423944959956  0.02351643597146347
  0.02464131685674569  0.02586960644383127  0.02721216003347019  0.02865185834181455
  0.03014227828422911  0.03169596489479231  0.03311200039415303  0.03455309012664533
  0.03610578406847585  0.03777943051191762  0.03951635258000781  0.04128883398353209
  0.04314812361910215  0.04514777265135031  0.04729630132164591  0.04985893416518161
  0.05266176980294482  0.05542782643597841  0.05833775845631137  0.06143656658082583
  0.06465536139179043  0.06784092648476689  0.07143588728723038  0.07491578611939381
  0.07840046525495106  0.08283730951601267  0.08767028366810252  0.09332544403988102
  0.09927521626146285  0.10647025784310921  0.11468964843259388  0.12395570547822767
  0.13165290445886085  0.14020025513126497  0.14987311858710292  0.16154533416186295
  0.17429491801530897  0.19247758407989232  0.23018710608029305  0.27448119680222660
  0.30556682482143188  0.32605238816284421  0.35812964013457604  1.00000000000000000
 -0.00311445222929351  0.01040774725146705  0.02255112882395970  0.03530147268278420
  0.04792913671821011  0.05961876010627928  0.07128470951020105  0.08293407684998201
  0.09425251381520532  0.10565970054874287  0.11687589214214554  0.12736680101675940
  0.13731204059737301  0.14746927960371684  0.15833066849960464  0.16945951264619258
  0.17969461652649960  0.18974455397445564  0.20016401630269709  0.21016436173393038
  0.22007063805836724  0.23071825292782430  0.24249822588113823  0.25535698870761242
  0.26784280696726132  0.28030313068796375  0.29330683709016164  0.30529043344759965
  0.31745027793565261  0.32837634144398897  0.33930923046148392  0.34876273915656336
  0.35872002627060540  0.36889167803846445  0.38147006612750767  0.39458223522415287
  0.40680316935998645  0.41822501761111502  0.42905031774660107  0.43913984692197866
  0.44910313155765880  0.45998383728523823  0.47326046014929424  0.48751256585841757
  0.50133571247443909  0.51421045958269573  0.52511638208279954  0.53490902597928991
  0.54672031034749424  0.55780583994503519  0.56775735377040426  0.57746967676377381
  0.58817307566125610  0.60022541030565024  0.61085118574480246  0.62053091593201237
  0.62957492966204542  0.63810818150737458  0.64778248277999373  0.65851269709222260
  0.66939295657624964  0.68017278606101161  0.69032876161143564  0.69988078265521914
  0.70881906687607310  0.71707434979663209  0.72528208408826111  0.73364754553331180
  0.74291052359461973  0.75254221415006217  0.76176455556841793  0.77063195976503684
  0.77980021498076579  0.78937391830156700  0.79917590847922360  0.80790717999032635
  0.81735598411811339  0.82687596645111927  0.83616362426857571  0.84524073518333354
  0.85466565092906732  0.86505921797787377  0.87605061887087599  0.88773599167740214
  0.89933093881263138  0.91036681053102753  0.91943011883511128  0.92695848502044298
  0.93523064123308486  0.94420600996999204  0.95322085757080122  0.96153956526162698
  0.96942980307421822  0.97731890791215581  0.98799194135647983  1.00000000000000000
 -0.00264180550293467  0.00981989873058439  0.01989785148230395  0.02968517618556425
  0.03935444579285293  0.05012004425379194  0.06141061923997357  0.07219940825998708
  0.08291580416241372  0.09495346616305807  0.10635922922160326  0.11699240158325494
  0.12745234130923433  0.13825707556479905  0.14946133939802861  0.16113448330050209
  0.17354855551589984  0.18641525653361837  0.19971860378980308  0.21208183889896309
  0.22444848487623906  0.23588055419967596  0.24749515121718574  0.25966897017753049
  0.27148594094918721  0.28189402969525290  0.29130892389302915  0.30106088959279453
  0.31080214696633102  0.32057839351692696  0.33054453426583552  0.34191362686222981
  0.35374022873164757  0.36512691967532579  0.37685211520027384  0.38902081284479967
  0.40025019075215679  0.41104438838894103  0.42189408320512262  0.43275167102676720
  0.44323017413424454  0.45315741949762189  0.46310369318162786  0.47376216581819930
  0.48490541480578642  0.49580844925682171  0.50614304437682722  0.51605065078926737
  0.52560730557803181  0.53496162637047084  0.54454261776142476  0.55492656328190304
  0.56613278594626348  0.57748699157154360  0.58884831938023396  0.60069828970352335
  0.61264861861620468  0.62399578593777416  0.63412960319280232  0.64460396194888592
  0.65600898062221213  0.66792173601878535  0.67928247605672443  0.68968788741728626
  0.69906698109423004  0.70821695443069410  0.71698546642190908  0.72550625255594259
  0.73409411008882308  0.74305406565543952  0.75298780528435583  0.76369947737602628
  0.77410102092376221  0.78477317902577881  0.79555504289916068  0.80575553260649846
  0.81591143361373020  0.82569851039975140  0.83535693034775993  0.84479128424851591
  0.85400822760766504  0.86350979949537232  0.87340182635395014  0.88309541273791103
  0.89315517628245045  0.90247351753295679  0.91068403067684101  0.91847149801070982
  0.92628400767568619  0.93422641489718095  0.94313582054675260  0.95248022479355854
  0.96250830458503356  0.97456465191482411  0.98675240483103843  1.00000000000000000
 -0.00247885675600586  0.00952290829881691  0.01927259747053633  0.02871184219069122
  0.03813785156883437  0.04743202076100717  0.05755908559555092  0.06874396055453419
  0.08002929450370570  0.09105439004684490  0.10143699068768489  0.11192272547444494
  0.12306313700719926  0.13428133024071995  0.14586495726836529  0.15798683910281699
  0.17056806922768825  0.18327922826859638  0.19475822892546682  0.20480839368615716
  0.21420377087695766  0.22335406823854984  0.23221673489050176  0.24128034185039454
  0.25119260421948980  0.26282258643333378  0.27447092033102571  0.28520743147756289
  0.29457338699354124  0.30375558678016557  0.31281609212878814  0.32253362396535917
  0.33240686238083655  0.34246973125135199  0.35284990565738594  0.36362928730566141
  0.37501301181853114  0.38637685224773910  0.39706007708117924  0.40734970901858214
  0.41754753794985516  0.42774034951464734  0.43777494284061336  0.44794941225178964
  0.45800022086530140  0.46730075470365501  0.47664869272774585  0.48581627325497861
  0.49514657973003728  0.50427449785590084  0.51331732842513034  0.52291302456833555
  0.53264142886813504  0.54219705857760336  0.55184406277588938  0.56153695476710586
  0.57309745165185666  0.58528615111813898  0.59651254961504674  0.60812128138411992
  0.61942608074500161  0.62985247840341985  0.64019874911675156  0.65072374862159588
  0.66134392390930008  0.67265251522332925  0.68407428426329231  0.69490208992265301
  0.70462543362610697  0.71473318575758160  0.72580822858577143  0.73666083621418743
  0.74644514736866974  0.75678435878673189  0.76743738812933204  0.77895866671260983
  0.79039642093749762  0.80362389378897914  0.81595100296366319  0.82843549503635094
  0.83818012895956340  0.84725957393071649  0.85581712002777932  0.86407077454637948
  0.87250584901140926  0.88129747224587007  0.88982734075541636  0.89870040452237454
  0.90869048056127688  0.91979391442899949  0.93380445508784471  0.94751422790928597
  0.96116398364228206  0.97371231791948465  0.98669087052875259  1.00000000000000000
  0.01075909706620143  0.01547726314618416  0.02169446047846283  0.02684936962975298
  0.03144293233772311  0.03575583380223203  0.03980801051420946  0.04358223318463268
  0.04706503178211252  0.05038910922627086  0.05368266137593126  0.05695206456415480
  0.06020857013080520  0.06347506578537658  0.06665319231565679  0.06969015588625774
  0.07253570870868500  0.07525125862005268  0.07791662975444315  0.08058815885321637
  0.08330810119968697  0.08619738103722753  0.08913281120881655  0.09211592657305841
  0.09520909676955017  0.09835052296198178  0.10151181509250337  0.10465756631998215
  0.10780625726893438  0.11106448711171768  0.11443589641581337  0.11773254953889546
  0.12098432742093332  0.12421040679300006  0.12745965155835379  0.13082396022881368
  0.13432260079744299  0.13802232409992884  0.14135299111801355  0.14480779001542232
  0.14807709357938156  0.15175320548902049  0.15575353555662177  0.15978762853881165
  0.16364516936389262  0.16723010873101410  0.17068809984883687  0.17410453180877097
  0.17749866805053180  0.18101548483581853  0.18464810650478980  0.18845391411089846
  0.19250694985107583  0.19680361513873745  0.20114471681858789  0.20551418117981946
  0.21030517223127268  0.21558361037150345  0.22132813374375709  0.22693830758974448
  0.23239873510446030  0.23732205140189996  0.24252177542597447  0.24748250770017588
  0.25228186639495803  0.25752481304487224  0.26240350303606080  0.26778943120445109
  0.27265945676032688  0.27797557145271745  0.28373394699099258  0.29003675892007946
  0.29812975080145399  0.30547136421087018  0.31618456116519084  0.32823747309013124
  0.33887428398649633  0.34813170910122881  0.35811560711582796  0.37012946990959783
  0.38023510514489983  0.38653108935297192  0.39156343809443683  0.39658643650214531
  0.40279078086195191  0.41492555754493021  0.43025266238315679  0.44456653592941414
  0.46181994383252006  0.48255347829179213  0.50030837707123355  0.53503401474197299
  0.58174566978479025  0.61998513846827552  0.67716723620595998  1.00000000000000000
 -0.00256868542070528  0.01355366194528843  0.02830341605619711  0.04208020174227940
  0.05618305991396438  0.07043654553166810  0.08432047011880861  0.09758924634907383
  0.10951709907147435  0.12097615929972931  0.13283288451492398  0.14532662835269411
  0.15689988888953246  0.16706109171518438  0.17661004765531094  0.18604702202817322
  0.19646008755812625  0.20764663937515826  0.21949212605445675  0.23140492454300987
  0.24180717810268540  0.25124369675030633  0.25922380168509285  0.26760960371178338
  0.27650313376117142  0.28572648441725246  0.29534423743383836  0.30469760283249370
  0.31391513182026370  0.32308615449737782  0.33207451307275865  0.34124300363385274
  0.35092242248748839  0.36042041336841524  0.36954123170987235  0.37969272820093530
  0.39121371488607259  0.40239670802970495  0.41263383235834028  0.42278046013963655
  0.43331661666494614  0.44393701351578763  0.45429597735141669  0.46568742353105708
  0.47724675764709884  0.48861180012381372  0.50018973559084123  0.51152031844306056
  0.52325234399116760  0.53523556615373002  0.54578878303640055  0.55563278508900482
  0.56560824525256082  0.57619643385459274  0.58643567202106750  0.59589397687360324
  0.60531394900314295  0.61590139274600664  0.62572536067259077  0.63440005244519393
  0.64278937050083118  0.65155094370170519  0.66090529711223056  0.67016729622471727
  0.67907635146411871  0.68775964738524842  0.69647900854323019  0.70551551008024305
  0.71526499155167689  0.72579408606446438  0.73729968899109410  0.74955746415524127
  0.76166775481292714  0.77296879161951737  0.78038433743215707  0.78870286384415333
  0.79705915298644159  0.80576446324146178  0.81470203808838859  0.82447292854818122
  0.83416270025060069  0.84298956590723628  0.85193580451949846  0.86091626366739060
  0.86948387681802297  0.87816703100927929  0.88704498668503329  0.89618175989821591
  0.90718350676339876  0.91916001046131479  0.93180800263200625  0.94464701398462692
  0.95851673647813973  0.97307015996224122  0.98678099633541538  1.00000000000000000
 -0.00501849917653172  0.40302160291662004  0.51442584317325779  0.58212970534334785
  0.62665789504486014  0.66245331969671728  0.69127419483021424  0.71483573858640326
  0.73422207404325690  0.75103188850863956  0.76499197345084413  0.77686594370801243
  0.78781169158398678  0.79834958542652434  0.80830830374000118  0.81749498411938581
  0.82606837661176957  0.83388808454148022  0.84030891583964262  0.84614591784220183
  0.85203268414643885  0.85727411143588450  0.86240431168144682  0.86718754977938806
  0.87176174916353888  0.87591171740638329  0.87976716595975868  0.88368463002669861
  0.88749297951062733  0.89118700206022616  0.89475789896636260  0.89817894548471378
  0.90141603303311191  0.90444149984644295  0.90729804622455468  0.91004965790836534
  0.91275612277030038  0.91539174861304085  0.91785815081777888  0.92003904616560706
  0.92204465658673262  0.92406638172044986  0.92610138360372019  0.92813665627059150
  0.93017511108815221  0.93217830620494180  0.93405866190636322  0.93592549339434838
  0.93769439258154430  0.93931391619422433  0.94086840633805913  0.94248008171730890
  0.94396589937893849  0.94543829996056938  0.94690638330756094  0.94832615335227100
  0.94970803779488921  0.95107296354105475  0.95241469754600250  0.95366814290321233
  0.95485008987650222  0.95599606741009058  0.95713658919548372  0.95832715722116224
  0.95952669870993434  0.96072774658528193  0.96200516321076390  0.96333849181752840
  0.96460553500221335  0.96580264171239960  0.96690760719022639  0.96799931112829440
  0.96907776805517487  0.97012678106076711  0.97115857936895078  0.97217997724687932
  0.97321772625245029  0.97428739194397296  0.97539714383913756  0.97653231148373165
  0.97761152633039994  0.97860395695065783  0.97959368025960403  0.98062161998587838
  0.98159406084020817  0.98265419315826552  0.98375291335189430  0.98489973252963670
  0.98620906492201477  0.98756530447811874  0.98895611897359370  0.99034052746816403
  0.99182149669368758  0.99353046474427809  0.99588184339019059  1.00000000000000000
   1.2157598970163149E-017  -1.0000000000000000     
 F F F F F F F F F F F F F F F F F F F F F F F F F F F F F F F F F F F F F F F F F F F F F F F F F F F F F F F F F F F F F F F F
  <DiscreteSampler_grid>
  grouped_processes
  1 # 1 for a reference and 2 for a running grid.
  10 # Attribute 'min_bin_probing_points' of the grid.
  1 # Attribute 'grid_mode' of the grid. 1=='default',2=='initialization'
  0.0000000000000000 # Attribute 'small_contrib_threshold' of the grid.
  0.5000000000000000 # Attribute 'damping_power' of the grid.
 # binID   n_entries weight   weight_sqr   abs_weight
    10   10   9.031520704891542E-007   4.275003171085409E-012   9.031520704891542E-007
  </DiscreteSampler_grid>
