  0.11748305299251571  0.14806166412017877  0.15028999490702424  0.15251832569386975
  0.15474665648071523  0.15697498726756073  0.15920331805440621  0.16143164884125172
  0.16365997962809722  0.16588831041494270  0.16840578312076948  0.17107846918712313
  0.17375115525347679  0.17642384131983044  0.17909652738618409  0.18176921345253774
  0.18444189951889139  0.18711458558524505  0.26558756555446073  0.30134363648847379
  0.31489324372547828  0.32844282757078286  0.34199241141608749  0.35880065008992751
  0.43386869902949959  0.52511433146979647  0.61635996391009351  0.70760559635039033
  0.79176370753612835  0.79299614945168717  0.79422859136724588  0.79546103328280471
  0.79669347519836353  0.79792591711392236  0.79915835902948107  0.80039080094503989
  0.80162324286059872  0.80285568477615754  0.80408812669171637  0.80532056860727508
  0.80655301052283390  0.80778545243839273  0.80901789435395155  0.81025033626951026
  0.81148277818506909  0.81271522010062791  0.81394766201618673  0.81518010393174545
  0.81641254584730427  0.81764498776286310  0.81887742967842192  0.82010987159398063
  0.82134231350953946  0.82257475542509828  0.82380719734065710  0.82503963925621593
  0.82627208117177464  0.82750452308733347  0.82873696500289229  0.82996940691845111
  0.83120184883400983  0.83243429074956865  0.83366673266512747  0.83489917458068630
  0.83613161649624512  0.83736405841180395  0.83859650032736266  0.83982894224292148
  0.84106138415848031  0.84229382607403913  0.84352626798959796  0.84475870990515678
  0.84599115182071560  0.84722359373627443  0.84845603565183314  0.84968847756739196
  0.85092091948295079  0.85215336139850961  0.85338580331406844  0.88759994336200621
  0.91884385834223559  0.92203882001240056  0.92523378168256554  0.92842874335273051
  0.93162370502289538  0.93481866669306035  0.93793472950759149  0.94063891061029103
  0.94334309171299058  0.94604727281569012  0.94875145391838966  0.95145563502108921
  0.95415981612378875  0.95686399722648829  0.96564941081024236  1.00000000000000000
  0.00002613317889953  0.00010789607577902  0.00017668917353199  0.00024410514145765
  0.00026502255966626  0.00028798354702345  0.00031310632057211  0.00032838198341325
  0.00033497329860173  0.00034156461379021  0.00034815592897869  0.00035474724416717
  0.00036133855935564  0.00036865378267979  0.00037599019459369  0.00038332660650759
  0.00039066301842149  0.00039799943033539  0.00040566842949498  0.00041383416550235
  0.00042199990150971  0.00043016563751707  0.00043833137352443  0.00044649710953180
  0.00067514766448630  0.00110623460833895  0.00180233126252108  0.00181375517404187
  0.00182517908556266  0.00183660299708345  0.00184802690860424  0.00185945082012503
  0.00187087473164582  0.00188229864316661  0.00189372255468740  0.00190514646620819
  0.00191657037772898  0.00192799428924977  0.00193941820077056  0.00195084211229135
  0.00196226602381214  0.00197368993533293  0.00198511384685372  0.00199653775837451
  0.00200818621338051  0.00202090150891530  0.00203361680445009  0.00204633209998489
  0.00205904739551968  0.00207176269105447  0.00208447798658927  0.00209719328212406
  0.00210990857765885  0.00212262387319365  0.00213533916872844  0.00214805446426323
  0.00216076975979803  0.00217348505533282  0.00218620035086762  0.00219891564640241
  0.00221163094193720  0.00222434623747200  0.00223755059696901  0.00225170325739910
  0.00226585591782919  0.00228000857825929  0.00229416123868938  0.00230831389911947
  0.00232246655954956  0.00233661921997965  0.00235077188040974  0.00236492454083983
  0.00237907720126993  0.00239322986170002  0.00240738252213011  0.00242153518256020
  0.00243568784299029  0.00244984050342038  0.00246399316385047  0.00247814582428057
  0.00259094348465776  0.00280125941360299  0.00301910929841272  0.00441068838977233
  0.00721506924332536  0.01182837922234972  0.01935720750407031  0.02366596174075975
  0.02366596174076975  0.02366596174077975  0.02366596174078975  0.02366596174079975
  0.02366596174080975  0.02366596174081975  0.02366596174082974  1.00000000000000000
  0.00000171457017206  0.00001551117249294  0.00001562082815367  0.00001573048381440
  0.00001584013947512  0.00001594979513585  0.00001605945079658  0.00001616910645731
  0.00001627876211803  0.00001638841777876  0.00001649807343949  0.00001660772910022
  0.00001671738476095  0.00001682704042167  0.00001693669608240  0.00001704635174313
  0.00001715600740386  0.00001726566306458  0.00001737531872531  0.00001748497438604
  0.00001759463004677  0.00001770428570749  0.00001781394136822  0.00001792359702895
  0.00001806863398350  0.00001823430766298  0.00001839998134246  0.00001856565502193
  0.00001873132870141  0.00001889700238089  0.00001906267606037  0.00001922834973984
  0.00001939402341932  0.00001955969709880  0.00001972537077827  0.00001989104445775
  0.00002005671813723  0.00002022239181671  0.00002038806549618  0.00002055373917566
  0.00002071941285514  0.00002088508653462  0.00003237451121412  0.00004798968199819
  0.00009119649338586  0.00018973806145436  0.00023448198234280  0.00026499557643524
  0.00029917190299415  0.00035201789410750  0.00046321795502008  0.00047590267320377
  0.00048858739138746  0.00050127210957115  0.00051395682775483  0.00052664154593852
  0.00054075731584175  0.00055555249467129  0.00057034767350084  0.00058514285233038
  0.00059993803115992  0.00061473320998946  0.00063127573225052  0.00064853250638048
  0.00066578928051044  0.00068304605464040  0.00070030282877037  0.00071755960290033
  0.00124713145549489  0.00137586985637822  0.00141974284460772  0.00146361583283723
  0.00150748882106674  0.00155136180929624  0.00160132364029758  0.00165249613756888
  0.00170366863484018  0.00175484113211147  0.00180601362938277  0.00186371218960232
  0.00192339867512918  0.00198308516065605  0.00204277164618291  0.00210245813170978
  0.00230782622437269  0.00258546098663597  0.00287838541412939  0.00592523169382103
  0.01233621035016516  0.02555151466140983  0.02849559978835267  0.02849559978836267
  0.02849559978837267  0.02849559978838266  0.02849559978839266  1.00000000000000000
  0.04310440619786587  0.05651921694526309  0.07101005492760790  0.09275861270320443
  0.15494369907818983  0.17952874163465640  0.19426152762914001  0.20899431362362364
  0.22372709961810741  0.28740340283423510  0.29531514190480962  0.29914024944144774
  0.30296535697808585  0.30679046451472397  0.31061557205136209  0.31444067958800015
  0.31826578712463827  0.32209089466127638  0.32591600219791450  0.32974110973455262
  0.33356621727119073  0.33739132480782891  0.34121643234446702  0.34504153988110520
  0.34886664741774331  0.35269175495438149  0.41089188024568724  0.50321611966869906
  0.52346147552435462  0.52670937927127048  0.52995728301818634  0.53320518676510220
  0.53645309051201806  0.53970099425893392  0.54294889800584978  0.54619680175276564
  0.54944470549968139  0.55269260924659724  0.55594051299351310  0.55918841674042896
  0.56243632048734471  0.56568422423426057  0.56893212798117643  0.57218003172809229
  0.57542793547500803  0.57867583922192389  0.58192374296883975  0.63558884891455925
  0.72791308833757118  0.82023732776058300  0.91256156718359505  0.95887512338808145
  0.95994961742061014  0.96102411145313882  0.96209860548566750  0.96317309951819619
  0.96424759355072487  0.96532208758325355  0.96639658161578224  0.96747107564831081
  0.96854556968083949  0.96962006371336817  0.97069455774589686  0.97176905177842554
  0.97284354581095422  0.97391803984348291  0.97499253387601159  0.97606702790854016
  0.97714152194106885  0.97821601597359753  0.97926227368548069  0.98009178273806152
  0.98092129179064225  0.98175080084322297  0.98258030989580381  0.98340981894838453
  0.98423932800096536  0.98506883705354609  0.98589834610612692  0.98672785515870765
  0.98755736421128848  0.98838687326386920  0.98921638231645004  0.99004589136903076
  0.99087540042161149  0.99170490947419232  0.99253441852677304  0.99336392757935388
  0.99419343663193460  0.99502294568451544  0.99585245473709616  0.99668196378967699
  0.99751147284225772  0.99834098189483844  0.99917049094741928  1.00000000000000000
  0.02747189601262412  0.15768302048777341  0.19812196357669917  0.21370349341654371
  0.22928502325638833  0.24486655309623281  0.27257266337735120  0.27645383231758158
  0.28033500125781202  0.28421617019804241  0.28809733913827279  0.29197850807850317
  0.29585967701873350  0.29974084595896389  0.30362201489919421  0.30750318383942454
  0.31138435277965493  0.31526552171988526  0.31914669066011564  0.32302785960034597
  0.32690902854057630  0.33079019748080668  0.35456988246239812  0.35786539106814058
  0.36116089967388298  0.36445640827962544  0.36775191688536790  0.37104742549111031
  0.37434293409685276  0.37763844270259517  0.38093395130833763  0.38422945991408003
  0.38752496851982249  0.39082047712556489  0.39411598573130735  0.39741149433704981
  0.40070700294279227  0.40400251154853473  0.40729802015427718  0.41059352876001964
  0.41388903736576216  0.41901579799080552  0.43396442100469901  0.44891304401859256
  0.46386166703248610  0.47881029004637982  0.50082179011716543  0.50191204011206458
  0.50300229010696373  0.50409254010186288  0.50518279009676192  0.50627304009166108
  0.50736329008656023  0.50845354008145938  0.50954379007635853  0.51063404007125757
  0.51172429006615672  0.51281454006105587  0.51390479005595502  0.51499504005085417
  0.51608529004575321  0.51717554004065236  0.51826579003555151  0.51935604003045066
  0.52044629002534981  0.52137620944291652  0.52221788328748719  0.52305955713205776
  0.52390123097662833  0.52474290482119901  0.52558457866576958  0.52642625251034014
  0.52726792635491071  0.52810960019948139  0.52895127404405196  0.52979294788862252
  0.53063462173319320  0.53147629557776377  0.53231796942233434  0.53315964326690501
  0.53400131711147558  0.53484299095604615  0.53568466480061672  0.53652633864518740
  0.53736801248975796  0.53820968633432853  0.53905136017889921  0.53989303402346978
  0.54073470786804034  0.54157638171261091  0.62529452669583196  0.65797615448633828
  0.65797615448634827  0.65797615448635827  0.65797615448636826  1.00000000000000000
  0.05188935597737634  0.09596587094730520  0.10890950048412090  0.12242879561019113
  0.13832687893240303  0.19437793165957978  0.28363601769725971  0.37289410373493964
  0.39858092418338165  0.40227888753283231  0.40597685088228297  0.40967481423173369
  0.41337277758118435  0.41707074093063501  0.42076870428008561  0.42446666762953628
  0.42816463097898688  0.43186259432843754  0.43556055767788815  0.43925852102733881
  0.44295648437678942  0.44665444772624008  0.45035241107569068  0.45405037442514135
  0.45774833777459195  0.50117746047580003  0.50431739778138573  0.50745733508697144
  0.51059727239255714  0.51373720969814285  0.51687714700372855  0.52001708430931426
  0.52315702161489996  0.52629695892048567  0.52943689622607137  0.53257683353165719
  0.53571677083724289  0.53885670814282860  0.54199664544841442  0.54513658275400012
  0.54827652005958583  0.55141645736517153  0.55455639467075724  0.55769633197634294
  0.56083626928192865  0.60446369601499528  0.69372178205267510  0.78297986809035502
  0.87223795412803495  0.95837013990672004  0.95940889704363519  0.96044765418055045
  0.96148641131746571  0.96252516845438085  0.96356392559129611  0.96460268272821126
  0.96564143986512652  0.96668019700204177  0.96771895413895692  0.96875771127587218
  0.96979646841278733  0.97083522554970259  0.97187398268661784  0.97291273982353299
  0.97395149696044825  0.97499025409736351  0.97602901123427865  0.97706776837119391
  0.97810652550810906  0.97914528264502432  0.97995207526387240  0.98075399225331750
  0.98155590924276259  0.98235782623220769  0.98315974322165278  0.98396166021109788
  0.98476357720054308  0.98556549418998818  0.98636741117943327  0.98716932816887837
  0.98797124515832346  0.98877316214776856  0.98957507913721365  0.99037699612665875
  0.99117891311610384  0.99198083010554894  0.99278274709499403  0.99358466408443913
  0.99438658107388433  0.99518849806332943  0.99599041505277452  0.99679233204221962
  0.99759424903166471  0.99839616602110981  0.99919808301055490  1.00000000000000000
 -0.00260633256502889  0.00292395427797419  0.00584790855594837  0.00877186283392256
  0.01169581711189675  0.01461977138987093  0.01754372566784512  0.02046767994581931
  0.02377182453170744  0.02713030904082631  0.03048879354994517  0.03384727805906403
  0.03720576256818289  0.04056424707730175  0.08723511783209480  0.15507046069107858
  0.22290580355006237  0.29074114640904614  0.35857648926802987  0.42641183212701361
  0.49424717498599735  0.52126821268338575  0.52198338293856439  0.52269855319374303
  0.52341372344892168  0.52412889370410032  0.52484406395927896  0.52555923421445760
  0.52627440446963614  0.52698957472481478  0.52770474497999342  0.52841991523517207
  0.52913508549035071  0.52985025574552935  0.53056542600070800  0.53128059625588653
  0.53199576651106517  0.53271093676624381  0.53342610702142246  0.53414127727660110
  0.53485644753177974  0.53557161778695839  0.53628678804213692  0.53700195829731556
  0.53771712855249421  0.53843229880767285  0.53914746906285149  0.53986263931803014
  0.54057780957320878  0.54129297982838731  0.54173697206673510  0.54188421298216183
  0.54203145389758856  0.54217869481301539  0.54232593572844212  0.54247317664386885
  0.54262041755929569  0.54276765847472241  0.54291489939014914  0.54306214030557598
  0.54320938122100271  0.54335662213642943  0.54350386305185616  0.54365110396728300
  0.54379834488270973  0.54394558579813646  0.54409282671356329  0.54424006762899002
  0.54438730854441675  0.54453454945984359  0.54468179037527031  0.54482903129069704
  0.54497627220612377  0.54512351312155061  0.54527075403697733  0.54541799495240406
  0.54556523586783090  0.54571247678325763  0.54585971769868435  0.54600695861411119
  0.54615419952953792  0.54630144044496465  0.54644868136039149  0.54659592227581821
  0.54674316319124494  0.54689040410667167  0.54703764502209851  0.54718488593752523
  0.54726595083872487  0.54726595083873486  0.54726595083874485  0.54726595083875484
  0.54726595083876484  0.54726595083877483  0.54726595083878482  1.00000000000000000
  0.01757663091023758  0.02436866956156887  0.02790400578980448  0.03143934201804009
  0.03497467824627570  0.03851001447451131  0.04210606395268977  0.04620820979423421
  0.05031035563577867  0.05441250147732311  0.05851464731886757  0.06517879225078660
  0.15926646359352875  0.25335413493627079  0.34744180627901294  0.39611482538370346
  0.39961347150146542  0.40311211761922744  0.40661076373698940  0.41010940985475136
  0.41360805597251332  0.41710670209484885  0.42060534824897422  0.42410399440309954
  0.42760264055722491  0.43110128671135028  0.43459993286547560  0.43809857901960098
  0.44159722517372635  0.44509587132785167  0.44859451748197704  0.45209316363610236
  0.45559180979022773  0.47869432448638166  0.57278199582912370  0.66686966717186591
  0.68843206691051473  0.68962590277387803  0.69081973863724133  0.69201357450060463
  0.69320741036396794  0.69440124622733124  0.69559508209069454  0.69678891795405784
  0.69798275381742114  0.69917658968078444  0.70037042554414775  0.70156426140751105
  0.70275809727087435  0.70395193313423765  0.70514576899760095  0.70633960486096425
  0.70753344072432756  0.70872727658769086  0.70992111245105416  0.71111494831441746
  0.71230878417778087  0.71350262004114418  0.71469645590450748  0.71589029176787078
  0.71708412763123408  0.71827796349459738  0.71947179935796068  0.72066563522132399
  0.72185947108468729  0.72305330694805070  0.72424714281141400  0.72544097867477730
  0.72663481453814061  0.72782865040150391  0.72902248626486721  0.73021632212823051
  0.73141015799159381  0.73260399385495711  0.73379782971832042  0.73499166558168372
  0.73618550144504702  0.73737933730841032  0.73857317317177362  0.73976700903513692
  0.74096084489850023  0.74215468076186353  0.74334851662522683  0.74454235248859013
  0.74573618835195343  0.74693002421531673  0.74812386007868004  0.74931769594204334
  0.79031445013962787  0.88440212148236985  0.92675547212784948  0.94170720413781250
  0.95572126498885923  0.96544343677128452  0.97224736611048379  1.00000000000000000
  0.30897873242696133  0.51493829101314448  0.53046154578693216  0.56927032455031146
  0.66269061230414084  0.69006089048248187  0.69354778725219879  0.69703468402191560
  0.70052158079163240  0.70400847756134932  0.70749537433106613  0.71098227110078305
  0.71446916787049997  0.71795606464021677  0.72144296140993369  0.72492985817965061
  0.72841675494936753  0.73190365171908434  0.73539054848880125  0.73887744525851806
  0.74236434202823487  0.74585123879795179  0.74933813556766860  0.77153344089621922
  0.77272576535516546  0.77391808981411170  0.77511041427305782  0.77630273873200406
  0.77749506319095030  0.77868738764989653  0.77987971210884266  0.78107203656778890
  0.78226436102673513  0.78345668548568137  0.78464900994462761  0.78584133440357373
  0.78703365886251997  0.78822598332146621  0.78941830778041244  0.79061063223935868
  0.79180295669830481  0.79299528115725104  0.79418760561619728  0.79537993007514340
  0.79657225453408964  0.79776457899303588  0.79895690345198200  0.80014922791092824
  0.80134155236987448  0.80253387682882060  0.80372620128776684  0.80491852574671308
  0.80611085020565920  0.80730317466460544  0.80849549912355168  0.80968782358249780
  0.81088014804144404  0.81207247250039027  0.81326479695933640  0.81445712141828264
  0.81564944587722887  0.81684177033617500  0.81803409479512124  0.81922641925406747
  0.82041874371301360  0.82161106817195984  0.82280339263090607  0.82399571708985220
  0.82518804154879843  0.82638036600774467  0.82757269046669091  0.82876501492563703
  0.82995733938458327  0.83114966384352951  0.83234198830247563  0.83402226680434466
  0.83810941261765393  0.84219655843096319  0.84628370424427246  0.85037085005758184
  0.85445799587089111  0.85854514168420026  0.86263228749750953  0.86671943331081880
  0.87080657912412807  0.87489372493743722  0.87898087075074649  0.88306801656405576
  0.88715516237736503  0.89124230819067418  0.89532945400398345  0.91068867223570815
  0.92763297053780946  0.94457726883991078  0.96505355805990201  1.00000000000000000
   2.6126055196768094E-011  -1.0000000000000000     
 F F F F F F F F F F F F F F F F F F F F F F F F F F F F F F F F F F F F F F F F F F F F F F F F F F F F F F F F F F F F F F F F
  <DiscreteSampler_grid>
  grouped_processes
  1 # 1 for a reference and 2 for a running grid.
  10 # Attribute 'min_bin_probing_points' of the grid.
  1 # Attribute 'grid_mode' of the grid. 1=='default',2=='initialization'
  0.0000000000000000 # Attribute 'small_contrib_threshold' of the grid.
  0.5000000000000000 # Attribute 'damping_power' of the grid.
 # binID   n_entries weight   weight_sqr   abs_weight
    10   10   1.807850697821884E+005   3.247963791687084E+011   1.807850697821884E+005
  </DiscreteSampler_grid>
