  0.00936004432122666  0.01673410554224702  0.02741888812333348  0.03865365531157872
  0.04891036326018545  0.05884159345008835  0.06895698802192664  0.07935795997527452
  0.08961995831283359  0.10008381117800511  0.11093314946240963  0.12095724164391092
  0.13061143669175543  0.14044328692389688  0.15153471662887036  0.16317172736098468
  0.17457266178354719  0.18492647210543969  0.19619795097102508  0.20656402553513553
  0.21804308479016671  0.22867035272360073  0.23989210530260149  0.25084930256336180
  0.26184151953679863  0.27264248839270422  0.28320933428700518  0.29355179054505925
  0.30369903008389310  0.31365477675977838  0.32391928992282726  0.33477110086059386
  0.34600484645636959  0.35699724567839303  0.36794532895450033  0.37980307379357042
  0.39170881227003457  0.40217014957199504  0.41166713576802605  0.42132198452414243
  0.43150389504708403  0.44181318243426076  0.45166121892428307  0.46160267160211449
  0.47208015168375816  0.48281925308507179  0.49396119742033373  0.50497296270185632
  0.51535724447311648  0.52601220176884467  0.53648589782597433  0.54681059069426585
  0.55663499318778920  0.56594440581986638  0.57449652076347724  0.58321460394282598
  0.59224218159908859  0.60158343266494885  0.61159141098252889  0.62221894423093083
  0.63343800356525215  0.64517171886564662  0.65653129895611617  0.66807316899478664
  0.67837501297317704  0.68812613290873159  0.69742904884755674  0.70730842268869665
  0.71680663750549101  0.72631230025896021  0.73636801409227592  0.74688555024374892
  0.75724102423772999  0.76739775481752559  0.77813774252104273  0.78955921896483283
  0.80107850941208014  0.81258079456689369  0.82376585240379374  0.83419299667394353
  0.84368795305897915  0.85279750829861922  0.86186235530540833  0.87164826697543829
  0.88141024693277048  0.89133746869174924  0.90203260119894346  0.91332230948681203
  0.92492954448366826  0.93723674811699742  0.94812606548492273  0.95916098114140957
  0.96983668500195686  0.98072876659469810  0.99117504871335382  1.00000000000000000
 -0.00000619344569059  0.00003666501245097  0.00007568736120845  0.00010858621332395
  0.00014240348205515  0.00017889297868161  0.00021955557572373  0.00026420451312812
  0.00031360182472512  0.00036337178148705  0.00041272976148757  0.00046397808666643
  0.00051978210707746  0.00058445037908741  0.00065346147193767  0.00072074258765835
  0.00078606672049894  0.00085318415509588  0.00091870596239214  0.00099022168611252
  0.00106545216224977  0.00115030472725743  0.00123119548985389  0.00131180186932691
  0.00139411323098652  0.00147805217952338  0.00156778806715950  0.00166282390920018
  0.00176570079150691  0.00187430187232364  0.00198544300267753  0.00209946641627878
  0.00221072723022985  0.00231318055009172  0.00240933221899472  0.00251131329782578
  0.00262841929109293  0.00274675224728208  0.00286978932809221  0.00299222794737110
  0.00312450863508290  0.00327146968623037  0.00342663131454315  0.00358654498840027
  0.00375923871487178  0.00396249085274187  0.00417266131493235  0.00438403865523797
  0.00459530419020420  0.00480191830258619  0.00502099274647556  0.00524877269204747
  0.00548189281926991  0.00572631850619171  0.00598941069559117  0.00627135676959887
  0.00656345821262149  0.00686121684490845  0.00717456866910824  0.00749189902336986
  0.00782283735259337  0.00816758192583897  0.00852062175792872  0.00888225153626232
  0.00926743670152316  0.00968427400237265  0.01014262664652133  0.01067706941830151
  0.01125617435885499  0.01184476870854843  0.01246862659990225  0.01315332838778228
  0.01387788940647692  0.01460722839535652  0.01535012529060835  0.01620659290169550
  0.01717247664934596  0.01823008225297351  0.01940298857196924  0.02064259912888078
  0.02193594925728022  0.02345952898087652  0.02542271863346022  0.02762918867816799
  0.02991712511434133  0.03243674746701727  0.03526383486086532  0.03880372321665324
  0.04304451249834767  0.04824633094165064  0.05494221157626664  0.06420424294652988
  0.07556415145862069  0.09358900745203019  0.27319578323763993  1.00000000000000000
 -0.00000267559738278  0.00011752405894728  0.00025004457383801  0.00041279513029923
  0.00060207038604347  0.00079478774066856  0.00099324707606914  0.00120130043633027
  0.00144290920343241  0.00171394432203299  0.00199354606402251  0.00228154530557301
  0.00257657531802846  0.00287038169752986  0.00317974049709555  0.00351697854067557
  0.00387604960943300  0.00424346844567577  0.00461120487252223  0.00497495812870889
  0.00534732041204590  0.00572856449813247  0.00612430505829130  0.00654231319659997
  0.00696964641172881  0.00741088531813821  0.00786354642258882  0.00830818107735311
  0.00873083838610795  0.00913690330909104  0.00955245468539451  0.00998510967070237
  0.01043349632116557  0.01088815166346646  0.01134868934795809  0.01183653872113683
  0.01235529752826315  0.01287690634570558  0.01341004870663234  0.01397553156400796
  0.01454632012883081  0.01514022325003418  0.01577790049157814  0.01644542771603643
  0.01714605117946168  0.01792314815634412  0.01869290787222687  0.01950034467523399
  0.02033057417703731  0.02115989764842205  0.02198904972576720  0.02286289224517945
  0.02377924306789512  0.02470904597083073  0.02565243746469036  0.02665509491092648
  0.02769705714214121  0.02876498259163491  0.02983898202421967  0.03094099421932192
  0.03208870470449941  0.03318465181929822  0.03433755738596799  0.03552732518307478
  0.03668914375999115  0.03802349015553849  0.03946567728855189  0.04100069452435984
  0.04268655538813652  0.04445060494008090  0.04622496165260424  0.04810439442520209
  0.05012826388389890  0.05222664364497882  0.05431469806937545  0.05644993744769124
  0.05871052946069859  0.06129312113775529  0.06390220798799622  0.06632651542666282
  0.06871878540225136  0.07123097718666321  0.07408418484532131  0.07754856674744823
  0.08131882659232767  0.08593349189193042  0.09137208468111420  0.09688403099679394
  0.10198546589258024  0.10679092940953801  0.11100991797968235  0.11646243495701789
  0.12241166269266852  0.12938790638210762  0.38743584169610779  1.00000000000000000
 -0.00170194596899247  0.00880400746050015  0.01831328121804236  0.02862568494332325
  0.03922834354659042  0.04920755634183701  0.05954249010672989  0.07113309239885951
  0.08242133273843286  0.09323018544623674  0.10423477174083294  0.11502590606313184
  0.12612276627665431  0.13628191721515959  0.14693555909735576  0.15699064593459694
  0.16699392283679543  0.17731498202119919  0.18761261226455073  0.19833087228382748
  0.20950468747926962  0.22109432182356081  0.23259503061356016  0.24416150703010286
  0.25546427750200468  0.26709476148461103  0.27896195494903647  0.29119038995555357
  0.30320984197287482  0.31463745852892738  0.32567439577269730  0.33680850034280924
  0.34831576176497581  0.35921703840182717  0.36948162002313112  0.38012352532989929
  0.39133585476598287  0.40305065035764459  0.41368677896924050  0.42339638953601261
  0.43267511545487075  0.44194263475214857  0.45169289253645428  0.46184616748238894
  0.47197152564830985  0.48227316873516596  0.49308953112859782  0.50391157822092292
  0.51454534324462731  0.52476604583132858  0.53495143634975828  0.54561027082203561
  0.55594475187885273  0.56589564551643146  0.57540445479173608  0.58555297632040060
  0.59615547413510195  0.60630948717267696  0.61553172759992048  0.62531058699552344
  0.63485915187413400  0.64431593977790524  0.65226736189321233  0.66032660859660175
  0.66859810315740742  0.67792204817776813  0.68762857965049617  0.69761370524570776
  0.70762731244366250  0.71850606574390596  0.72962001397592047  0.74104033036396288
  0.75213293897128464  0.76258845303954870  0.77260894580980333  0.78361607898908348
  0.79498679947628137  0.80703665538107383  0.81955061854374234  0.83219998680030494
  0.84477057294014346  0.85670795930136012  0.86772135406681883  0.87791570267531205
  0.88750455117289173  0.89766949557435483  0.90787811204660684  0.91812010241288100
  0.92792459595087096  0.93818886733303897  0.94906978696839528  0.95990105569586104
  0.97016170849203553  0.97980418053382312  0.98978560163184148  1.00000000000000000
 -0.00233221676388563  0.00922624751526764  0.01921846503793663  0.02969335878388298
  0.04002563697119595  0.04990724574399241  0.06006159696281411  0.06994508487968057
  0.08016406728309797  0.09055616593410806  0.10078821034007474  0.11127886064408955
  0.12229184032001715  0.13349586926324905  0.14550235251257576  0.15789466277564429
  0.16972303418286319  0.18114000510152067  0.19246302802214843  0.20418132970013261
  0.21599441229136032  0.22739560035167763  0.23846057490545736  0.24952253441244160
  0.26094987027724875  0.27220371439967200  0.28281250914885570  0.29315314535172610
  0.30293293707388258  0.31229106226215236  0.32141330718207217  0.33076158693450747
  0.34049615805057504  0.35040865254130366  0.36068004692240463  0.37096508393048472
  0.38137116632950918  0.39193678166603979  0.40254659486510075  0.41337842687603210
  0.42521542652890892  0.43809287530651164  0.45132632673568096  0.46301389074060506
  0.47316366408293292  0.48319628295112466  0.49322442839430891  0.50256171601385180
  0.51188627830898970  0.52140559879759873  0.53383872806259614  0.54453842129161312
  0.55429813144654128  0.56408493973454077  0.57443277050401331  0.58504682948446418
  0.59556469201601603  0.60622105654258696  0.61613724599700237  0.62541004247379495
  0.63410371480826933  0.64276179702166958  0.65166327621165410  0.66115062114058853
  0.67136636366729252  0.68217220102135878  0.69301763397003890  0.70382218698765864
  0.71478366665058723  0.72584770090329698  0.73659465667599733  0.74760681583296229
  0.75983222821168062  0.77201017254367255  0.78462682935472550  0.79639355309691995
  0.80813767396762282  0.81852839264114641  0.82777263615191821  0.83687915635891896
  0.84642775494189570  0.85599993373793026  0.86537579054341029  0.87472511862130775
  0.88416248656025354  0.89389811468313918  0.90434104022768425  0.91454270927174008
  0.92442884123096891  0.93461412610369732  0.94518778263575953  0.95606029016689131
  0.96673541100229954  0.97697264588447996  0.98847673073827125  1.00000000000000000
 -0.00259646365797170  0.00918099849457135  0.01952376577322896  0.02999182060322162
  0.04001441920754380  0.04969436541759447  0.05938112676264012  0.06947864477895639
  0.07931815239307868  0.08909163492342707  0.09892997823123405  0.10941926608759639
  0.12054758674073400  0.13157554163071600  0.14214648538334976  0.15212610674198518
  0.16150677849465792  0.17062142586574783  0.17932190967670650  0.18852907739398034
  0.19880492152806822  0.20959883845162097  0.22045123350224488  0.23120305289017828
  0.24239832254355900  0.25412422110087168  0.26636060440081638  0.27873966245309706
  0.29100681626215230  0.30332080448377130  0.31532105509652325  0.32698752619805599
  0.33801292215140177  0.34877810423962241  0.35988026426937980  0.37217454705180303
  0.38284768266041813  0.39251358519590629  0.40134796442014281  0.41016687020580173
  0.41902778548019115  0.42798603273657831  0.43740164279506100  0.44780797587393090
  0.45816751147317425  0.46828729590642182  0.47826155634718293  0.48794960872673809
  0.49805079007491876  0.50767955525604658  0.51726932047847474  0.52767443903412881
  0.53877109626248521  0.55092439360288503  0.56373549209413931  0.57713302310927450
  0.58992995463336151  0.60125390759698150  0.61155631001029676  0.62156491862412544
  0.63185744047791070  0.64242107138339877  0.65264523111711048  0.66266788498290585
  0.67276109512427318  0.68333424142153765  0.69444316972245701  0.70566543121220204
  0.71651902186616911  0.72696896554774992  0.73767189204184336  0.74783889359386191
  0.75783945828027277  0.76794069666602849  0.77829257391782136  0.78856523817813662
  0.79872056188912277  0.80903166823218331  0.81968592488043546  0.83057531749523639
  0.84146829194675865  0.85244837610783741  0.86337740866354118  0.87433373757589450
  0.88508134439514130  0.89589319874561213  0.90721891629556539  0.91814280063539999
  0.92814832435432426  0.93783970833984109  0.94780473055825420  0.95786186895761116
  0.96758977531423251  0.97769939996349220  0.98877518758583061  1.00000000000000000
  0.01164045975161253  0.01253525066333846  0.01450403251639570  0.01622643151528285
  0.01775148150253640  0.01913616464947413  0.02039476574803475  0.02187303627069366
  0.02341728336947693  0.02493285326404567  0.02640344546601164  0.02788368198070968
  0.02936453807473982  0.03084774590473137  0.03231021063124184  0.03373410980038320
  0.03512575982963152  0.03652619039877249  0.03795490873528994  0.03941721439312272
  0.04088604385110380  0.04227897233486464  0.04358175559344784  0.04485302005931978
  0.04615578433517546  0.04750053449881159  0.04887930668956211  0.05027628328823778
  0.05172771416304019  0.05314720926126003  0.05455838439264199  0.05599636934982726
  0.05745051397818354  0.05892280021584052  0.06043092702705307  0.06202447979570515
  0.06363137513319113  0.06523533330573894  0.06686694835796131  0.06851299335187726
  0.07013220122384344  0.07172586450206671  0.07338207104955717  0.07508217495793858
  0.07683772056951549  0.07867999846258751  0.08057757286060629  0.08251532163744434
  0.08451655996631226  0.08650649812212213  0.08840189646566041  0.09019666618021273
  0.09200683978478094  0.09397930414245886  0.09585242890150783  0.09780860932243904
  0.09984578494728480  0.10188751031921163  0.10390492085940124  0.10597744869272123
  0.10814397701297769  0.11021541714967042  0.11219908682103572  0.11420160080852199
  0.11628553241813702  0.11845124340311054  0.12061612709958119  0.12275102105526217
  0.12504589173849848  0.12743246556010582  0.12994157630951481  0.13235214845232923
  0.13485277451196481  0.13733446953938766  0.13977099229877535  0.14239476708676096
  0.14515045697101644  0.14840012079498602  0.15193071743844935  0.15570260332998903
  0.15973409465850000  0.16364667052070980  0.16842712291082285  0.17396325239533900
  0.18016122236080093  0.18656087251508632  0.19544709459241549  0.20368490520319790
  0.21169976368808971  0.22384691135855189  0.23377493939126992  0.24124241001613347
  0.25180424136874868  0.27790003844036953  0.32027332033018929  1.00000000000000000
 -0.00181451270943320  0.00808633398036136  0.01638363241385610  0.02508367558294541
  0.03384661110980703  0.04332958600166400  0.05436959937821717  0.06469373605857767
  0.07434776969873640  0.08396092712961643  0.09386710367631830  0.10376110119116536
  0.11338302692650100  0.12288067631975286  0.13262107829369060  0.14224046320142272
  0.15192213083410072  0.16209770749732166  0.17225580438517879  0.18297432692141269
  0.19314140118656697  0.20241695165414489  0.21130738214088512  0.22032360766144229
  0.22990027353091227  0.23975531012184165  0.24938563564559399  0.25905197787583267
  0.26897018679301660  0.27902611196209043  0.28882348372786887  0.29889785010017511
  0.30914276067153673  0.31953270421774882  0.33014173241745959  0.34093072641103422
  0.35214621596634321  0.36402678574834696  0.37633226636035999  0.38861319069533423
  0.40116877526756461  0.41433094678699189  0.42815822780474594  0.44257476676676744
  0.45685859229434450  0.47199055782258603  0.48742615073843004  0.50263639136741345
  0.51768134599017401  0.53261428016184775  0.54780499132672078  0.56306994041534397
  0.57712800316427360  0.59044543628833679  0.60368535814418589  0.61663618716195367
  0.62973278646195752  0.64313622157324990  0.65635677317345187  0.66865538013046744
  0.67876146905495149  0.68898522715305444  0.70022981085085878  0.71063215571245231
  0.72066185291381979  0.73036299574417984  0.74110580305281837  0.75136519263798052
  0.76109988291122044  0.77078502917850389  0.78071773125384847  0.79088557173698115
  0.80098759680958931  0.81071116186412773  0.82010954895195798  0.82938679910426849
  0.83852632173880903  0.84760738670447511  0.85638572282363512  0.86438945422170810
  0.87191717417210002  0.87945146017052656  0.88740114961220207  0.89550786146677086
  0.90325569271640094  0.91030229612068092  0.91748647080360868  0.92533030412671680
  0.93395990817029750  0.94288871368779825  0.95161722778101832  0.96069540437805667
  0.97049479902642044  0.98029166223921216  0.98991227995969766  1.00000000000000000
 -0.00109600529955116  0.17201509426990294  0.25363519801099599  0.31281199192653730
  0.35509429985831936  0.39020991469820582  0.42036016785443403  0.44790681743863120
  0.47222208784424186  0.49476470163087571  0.51528822919073725  0.53343303568962641
  0.55046653719155492  0.56635052054625767  0.58157355937745037  0.59656333286114305
  0.61018075476312672  0.62236896375766815  0.63403831519246234  0.64558097861449548
  0.65661973045267985  0.66724835519403480  0.67727573073774905  0.68671025887548454
  0.69577772646877389  0.70482500647823298  0.71362800959365180  0.72203281152659293
  0.72999066617886910  0.73727088970754451  0.74443553955934783  0.75152413988365419
  0.75847239036289005  0.76530021898729317  0.77185397398812594  0.77782034449165749
  0.78379580456480591  0.78946579538917094  0.79490710904537154  0.79999429030377767
  0.80508155025196138  0.81048465328393116  0.81561619557759413  0.82026296649502839
  0.82461190451152422  0.82881789257558991  0.83289995501380287  0.83686710717507962
  0.84071567929033797  0.84448288624751977  0.84826709768504738  0.85205007520335019
  0.85575050181149992  0.85933019481850403  0.86281959851188894  0.86627859279998087
  0.86970092085236772  0.87313034775815235  0.87649980675017314  0.87974919841980825
  0.88286176156935725  0.88592645777045531  0.88902453434382933  0.89211387855805269
  0.89527446717040737  0.89839438935569005  0.90142350251324055  0.90440373626442916
  0.90737136113396377  0.91030782778774821  0.91312218066397954  0.91581573989232856
  0.91843031815809795  0.92086015258598464  0.92323790826381835  0.92561575663885098
  0.92799876841682605  0.93041607008753802  0.93270395541151896  0.93492897602527392
  0.93710949160062795  0.93936265658294205  0.94177755183353784  0.94423041782769945
  0.94672120766445667  0.94922639684587251  0.95177904436583005  0.95438212442373449
  0.95702190713440682  0.95976634185098075  0.96315662042656391  0.96683618997853504
  0.97092785324293207  0.97606723198092249  0.98433793995370944  1.00000000000000000
   4.0881436822469190E-018  -1.0000000000000000     
 F F F F F F F F F F F F F F F F F F F F F F F F F F F F F F F F F F F F F F F F F F F F F F F F F F F F F F F F F F F F F F F F
  <DiscreteSampler_grid>
  grouped_processes
  1 # 1 for a reference and 2 for a running grid.
  10 # Attribute 'min_bin_probing_points' of the grid.
  1 # Attribute 'grid_mode' of the grid. 1=='default',2=='initialization'
  0.0000000000000000 # Attribute 'small_contrib_threshold' of the grid.
  0.5000000000000000 # Attribute 'damping_power' of the grid.
 # binID   n_entries weight   weight_sqr   abs_weight
    10   10   4.276828568949454E-006   4.418452914564630E-011   4.276828568949454E-006
  </DiscreteSampler_grid>
