  0.12474875931455420  0.15413911151424126  0.16244488969514928  0.17115317128625523
  0.18027753493537424  0.20795986322550630  0.30611611288195023  0.40427236253839405
  0.50242861219483781  0.60058486185128168  0.66971037977751469  0.67902494361397236
  0.68833950745043004  0.69765407128688772  0.70696863512334551  0.71037547454680083
  0.71276817595707009  0.71516087736733924  0.71755357877760839  0.71994628018787765
  0.72233898159814680  0.72473168300841595  0.72712438441868521  0.72944078572831017
  0.73131250147893900  0.73318421722956773  0.73505593298019656  0.73692764873082539
  0.73879936448145422  0.74067108023208295  0.74254279598271178  0.74441451173334061
  0.74628622748396944  0.74815794323459828  0.75001894840366778  0.75121474203324790
  0.75241053566282801  0.75360632929240812  0.75480212292198823  0.75599791655156834
  0.75719371018114845  0.75838950381072845  0.75958529744030856  0.76078109106988867
  0.76197688469946878  0.76317267832904889  0.76436847195862900  0.76556426558820911
  0.76676005921778922  0.76795585284736934  0.76915164647694945  0.77034744010652945
  0.77168643627624389  0.77312344780704301  0.77456045933784212  0.77599747086864124
  0.77743448239944035  0.77887149393023947  0.78030850546103858  0.78174551699183770
  0.78318252852263681  0.78461954005343593  0.78605655158423515  0.78749356311503427
  0.78893057464583338  0.79036758617663250  0.79181651993097912  0.79337774115827298
  0.79493896238556672  0.79650018361286046  0.79806140484015420  0.79962262606744794
  0.80118384729474179  0.80274506852203553  0.80430628974932927  0.80586751097662301
  0.80742873220391687  0.80898995343121061  0.81055117465850435  0.81211239588579809
  0.81548685026700751  0.81946015125894267  0.82343345225087783  0.82740675324281299
  0.83138005423474826  0.83535335522668341  0.83932665621861868  0.84329995721055384
  0.84727325820248911  0.85124655919442427  0.88018471218230832  0.96044487923355404
  0.97080399933052020  0.98099776189358701  0.99049888094679328  1.00000000000000000
  0.00000347419139928  0.00035071410302276  0.00036901672580329  0.00038977125818946
  0.00041263219700920  0.00051770496820441  0.00096570403605523  0.00180111061774464
  0.00335868843124634  0.00626224920114923  0.01167523321800260  0.01198795829879613
  0.01229214603132112  0.01259633376384610  0.01290052149637109  0.01320470922889607
  0.01353655858383462  0.01387569237311771  0.01421482616240080  0.01455395995168388
  0.01489309374096697  0.01518253783834171  0.01541981097687360  0.01565708411540549
  0.01589435725393738  0.01613163039246927  0.01636890353100115  0.01660617666953304
  0.01684344980806493  0.01708072294659681  0.01729050444924102  0.01749652136613229
  0.01770253828302356  0.01790855519991482  0.01811457211680609  0.01832058903369736
  0.01852660595058862  0.01873262286747989  0.01893863978437116  0.01914465670126242
  0.01935067361815369  0.01957472663785612  0.01980977504670841  0.02004482345556069
  0.02027987186441298  0.02051492027326526  0.02074996868211755  0.02098501709096983
  0.02122006549982212  0.02145511390867440  0.02169016231752669  0.02192521072637897
  0.02220605000379781  0.02255122614675444  0.02289640228971106  0.02324157843266768
  0.02358675457562430  0.02393193071858093  0.02427710686153755  0.02462228300449417
  0.02496745914745079  0.02525751025009997  0.02552928542472261  0.02580106059934524
  0.02607283577396787  0.02634461094859051  0.02661638612321315  0.02688816129783578
  0.02715993647245842  0.02743171164708105  0.02770348682170369  0.02797526199632632
  0.02824703717094896  0.02851197666885380  0.02875685774781218  0.02900173882677056
  0.02924661990572894  0.02949150098468732  0.02973638206364570  0.02998126314260408
  0.03022614422156246  0.03047102530052084  0.03071590637947922  0.03096078745843760
  0.03120566853739599  0.03145054961635436  0.03169543069531275  0.03194031177427113
  0.03218519285322951  0.04434441923376178  0.07619472325378016  0.07619472325379016
  0.07619472325380017  0.07619472325381017  0.07619472325382018  1.00000000000000000
  0.00011458009327879  0.00011902794144681  0.00012347578961484  0.00013055614689395
  0.00013805051554740  0.00025134154961536  0.00045676363815814  0.00062525762420146
  0.00064078524785212  0.00065631287150278  0.00067184049515344  0.00068736811880410
  0.00070464745551088  0.00072193035579524  0.00073921325607960  0.00075649615636397
  0.00077475961291826  0.00079399621015679  0.00081323280739532  0.00083246940463385
  0.00085472484058132  0.00155591313206271  0.00181655862896901  0.00183559383987026
  0.00185462905077152  0.00187366426167278  0.00189269947257403  0.00191173468347529
  0.00193076989437655  0.00194980510527780  0.00196884031617906  0.00198787552708032
  0.00200701648181828  0.00202820347470913  0.00204939046759997  0.00207057746049081
  0.00209176445338166  0.00211295144627250  0.00213413843916335  0.00215532543205419
  0.00217651242494503  0.00219769941783588  0.00221888641072672  0.00224090293603947
  0.00226448495307544  0.00228806697011141  0.00231164898714738  0.00233523100418334
  0.00235881302121931  0.00238239503825528  0.00240597705529125  0.00242955907232722
  0.00245314108936319  0.00247672310639916  0.00278938320370718  0.00283961634867239
  0.00288984949363760  0.00294008263860281  0.00299031578356803  0.00304054892853324
  0.00309200377860533  0.00314733046718747  0.00320265715576961  0.00325798384435175
  0.00331331053293389  0.00336863722151603  0.00342396391009818  0.00346485047485181
  0.00350496834973992  0.00354508622462803  0.00358520409951614  0.00362532197440425
  0.00366543984929235  0.00370555772418046  0.00374567559906857  0.00378579347395668
  0.00382795584282324  0.00387503489348986  0.00392211394415648  0.00396919299482310
  0.00401627204548973  0.00406335109615635  0.00411043014682297  0.00415750919748959
  0.00420458824815621  0.00460840561481352  0.00838147719917609  0.01522599456141413
  0.02771335786893651  0.05034152512670139  0.05900002871928044  0.05900002871929044
  0.05900002871930043  0.05900002871931043  0.05900002871932043  1.00000000000000000
  0.11896121104558310  0.23048305783669532  0.23179944900672386  0.23311584017675244
  0.23443223134678101  0.23574862251680956  0.23706501368683813  0.23838140485686671
  0.23969779602689528  0.24101418719692383  0.24233057836695240  0.24364696953698098
  0.24496336070700953  0.24627975187703810  0.24759614304706667  0.24891253421709525
  0.25028865500038078  0.25194850976118255  0.25360836452198426  0.25526821928278604
  0.25692807404358781  0.25858792880438958  0.26024778356519129  0.26190763832599306
  0.26356749308679484  0.26522734784759661  0.26688720260839832  0.26854705736920009
  0.27020691213000186  0.33456470536816935  0.37644946293271075  0.37884535126678270
  0.38124123960085460  0.38363712793492649  0.38603301626899839  0.38842890460307034
  0.39082479293714223  0.39322068127121412  0.39561656960528607  0.39801245793935797
  0.40040834627342992  0.40280423460750187  0.40520012294157376  0.40759601127564571
  0.40999189960971766  0.41238778794378961  0.41478367627786150  0.41717956461193345
  0.41957545294600535  0.42197134128007729  0.42436722961414919  0.42676311794822108
  0.42915900628229303  0.43155489461636493  0.43395078295043682  0.43634667128450871
  0.49058740044663213  0.59294987989174597  0.66932423721042211  0.67882079619718272
  0.68831735518394321  0.69781391417070371  0.70731047315746420  0.71680703214422481
  0.72630359113098542  0.80066833525602099  0.90303081470113478  0.92100025042135614
  0.92599983612199765  0.93099942182263928  0.93599900752328080  0.93932878888201721
  0.94194217836711269  0.94455556785220818  0.94716895733730377  0.94978234682239926
  0.95239573630749486  0.95500912579259034  0.95762251527768594  0.96023347691331051
  0.96284353148220747  0.96545358605110454  0.96806364062000161  0.97067369518889857
  0.97328374975779564  0.97589380432669270  0.97850385889558966  0.98094379144104882
  0.98332581751091774  0.98570784358078656  0.98808986965065548  0.99047189572052441
  0.99285392179039333  0.99523594786026226  0.99761797393013119  1.00000000000000000
  0.05596285661061607  0.23115221153583504  0.23313775640500337  0.23512330127417166
  0.23710884614333999  0.23909439101250829  0.24107993588167659  0.24306548075084491
  0.24505102562001321  0.24703657048918154  0.24902211535834984  0.25121655259038739
  0.25361370957639495  0.25601086656240252  0.25840802354841008  0.26080518053441765
  0.26320233752042521  0.26559949450643278  0.26799665149244034  0.27039380847844791
  0.27789670487347296  0.28654593480949103  0.29519516474550911  0.30384439468152707
  0.31249362461754504  0.41337037426852802  0.46302552904763428  0.47148635886934559
  0.47994718869105690  0.48840801851276816  0.49686884833447936  0.50532967815619068
  0.51379050797790182  0.53775131341680293  0.63869609449275189  0.66799352407426782
  0.66982895788772778  0.67166439170118775  0.67349982551464782  0.67533525932810778
  0.67717069314156786  0.67900612695502782  0.68084156076848779  0.68267699458194786
  0.68451242839540782  0.68634786220886790  0.68818329602232786  0.69001872983578783
  0.69185416364924790  0.69368959746270786  0.69552503127616794  0.69736046508962790
  0.69919589890308786  0.70103133271654794  0.70286676653000790  0.70470220034346798
  0.70653763415692794  0.70837306797038790  0.71020850178384798  0.71204393559730805
  0.71387936941076802  0.71571480322422809  0.71755023703768805  0.71938567085114813
  0.72122110466460820  0.72305653847806817  0.72489197229152824  0.72672740610498821
  0.72856283991844828  0.79690231840233583  0.81418625295490521  0.81618067849967602
  0.81817510404444671  0.82016952958921752  0.82216395513398821  0.82415838067875891
  0.82615280622352971  0.82814723176830041  0.83014165731307121  0.83213608285784191
  0.83397610487944296  0.83558423343290078  0.83719236198635871  0.83880049053981653
  0.84040861909327436  0.84201674764673218  0.84362487620019011  0.84523300475364793
  0.84684113330710575  0.84844926186056357  0.85005739041402140  0.85166551896747933
  0.85327364752093715  0.89905521892404805  0.96017539898554471  1.00000000000000000
  0.06451803048451740  0.07362722142701186  0.08273641236950634  0.09368954615344773
  0.11069939059960501  0.23030323558547577  0.27276144760139320  0.27567783752962000
  0.27859422745784673  0.28151061738607353  0.28442700731430026  0.28734339724252705
  0.29025978717075379  0.29317617709898058  0.29609256702720732  0.29900895695543400
  0.30192534688366074  0.30484173681188748  0.30775812674011421  0.31067451666834095
  0.31359090659656769  0.31650729652479442  0.31942368645302116  0.32234007638124790
  0.32525646630947463  0.32817285623770137  0.33108924616592805  0.36090509059755016
  0.48050893558342095  0.54719538045783400  0.55850931363655143  0.56982324681526897
  0.58113717999398651  0.59245111317270405  0.60376504635142170  0.62660696112899317
  0.62864027581838933  0.63067359050778549  0.63270690519718165  0.63474021988657769
  0.63677353457597385  0.63880684926537001  0.64084016395476617  0.64287347864416222
  0.64490679333355838  0.64694010802295454  0.64897342271235070  0.65100673740174686
  0.65304005209114302  0.65507336678053918  0.65710668146993534  0.65913999615933139
  0.66117331084872755  0.66320662553812371  0.66523994022751987  0.66727325491691603
  0.66930656960631218  0.67133988429570834  0.67337319898510439  0.67540651367450055
  0.67743982836389671  0.67947314305329287  0.68150645774268892  0.68353977243208508
  0.68557308712148124  0.68768237803985544  0.69116758138746348  0.69465278473507164
  0.69813798808267968  0.70162319143028773  0.70510839477789589  0.70859359812550393
  0.71207880147311209  0.71556400482072025  0.71904920816832829  0.72253441151593645
  0.72601961486354460  0.72950481821115265  0.73299002155876081  0.73647522490636885
  0.73996042825397690  0.74344563160158506  0.74693083494919310  0.76427743950520022
  0.81537437725394502  0.82019057766225734  0.82500677807056966  0.82982297847888209
  0.83445147554193355  0.83857539122682390  0.84269930691171424  0.84682322259660459
  0.85094713828149493  0.88039615501412416  0.97551608482996621  1.00000000000000000
  0.00834862581935454  0.02241435740527798  0.02399538147722271  0.02557640554916744
  0.02715742962111217  0.02873845369305689  0.03031947776500162  0.03190050183694634
  0.03348152590889107  0.03506254998083579  0.03664357405278052  0.03822459812472524
  0.03980562219666997  0.04138664626861470  0.04329726400448999  0.04527882154693256
  0.04726037908937513  0.04924193663181770  0.05122349417426027  0.05320505171670285
  0.05518660925914541  0.05716816680158798  0.05914972434403055  0.06113128188647313
  0.06311546425369113  0.06510550891541156  0.06709555357713196  0.06908559823885238
  0.07107564290057278  0.07306568756229320  0.07505573222401360  0.07704577688573402
  0.07903582154745442  0.08102586620917483  0.08301591087089524  0.17887574182832014
  0.25126930404778064  0.25466032023051965  0.25805133641325873  0.26144235259599774
  0.26483336877873676  0.26822438496147577  0.27161540114421479  0.27500641732695386
  0.27839743350969293  0.28178844969243200  0.28517946587517101  0.28857048205791008
  0.29196149824064915  0.29535251442338817  0.29874353060612718  0.30213454678886620
  0.30552556297160527  0.30891657915434428  0.31230759533708330  0.33688239184786772
  0.34155228039501861  0.34622216894216945  0.35089205748932029  0.35556194603647112
  0.36023183458362190  0.36490172313077268  0.36957161167792352  0.37424150022507430
  0.37891138877222508  0.38358127731937586  0.38825116586652669  0.39292105441367747
  0.43861690709524648  0.55229090955374049  0.62892230903563373  0.63980636919976719
  0.65069042936390087  0.66157448952803444  0.67245854969216812  0.68334260985630157
  0.68925711865685024  0.69210021711694714  0.69494331557704403  0.69778641403714092
  0.70062951249723782  0.70347261095733471  0.70631570941743160  0.70847841307953952
  0.70897809657181754  0.70947778006409568  0.70997746355637370  0.71047714704865172
  0.71097683054092986  0.71147651403320789  0.71197619752548602  0.71247588101776405
  0.71278441349665311  0.71278441349666311  0.71278441349667310  1.00000000000000000
  0.03701632817586271  0.03913211391993845  0.04124789966401418  0.05002905008390458
  0.06045498775260067  0.15451528344590373  0.26898302555664994  0.30020309149900914
  0.31084921937521476  0.31475967906101504  0.31743404299276340  0.32010840692451176
  0.32278277085626017  0.32545713478800853  0.32813149871975689  0.33080586265150524
  0.33348022658325360  0.33615459051500202  0.33882895444675037  0.34150331837849879
  0.34417768231024720  0.34685204624199556  0.34952641017374397  0.35220077410549233
  0.35488016981563220  0.35757352789054797  0.36026688596546375  0.36296024404037952
  0.36565360211529524  0.36834696019021101  0.37104031826512679  0.37373367634004251
  0.43564897531298913  0.46092121826466126  0.46414870162526356  0.46737618498586586
  0.47060366834646816  0.47383115170707041  0.47705863506767271  0.48028611842827496
  0.48351360178887726  0.48674108514947950  0.48996856851008175  0.49319605187068399
  0.49642353523128624  0.49965101859188848  0.50287850195249073  0.50610598531309303
  0.50933346867369522  0.51256095203429752  0.51578843539489971  0.51901591875550201
  0.57084362672630284  0.62736139450206019  0.63184319456887461  0.63632499463568903
  0.64080679470250346  0.64528859476931788  0.64977039483613241  0.65425219490294684
  0.65873399496976137  0.66321579503657579  0.66769759510339022  0.67217939517020475
  0.67666119523701918  0.68114299530383360  0.68562479537064802  0.72957301146782039
  0.73144047278957791  0.73330793411133555  0.73517539543309307  0.73704285675485071
  0.73891031807660823  0.74077777939836587  0.74264524072012339  0.74451270204188091
  0.74638016336363855  0.74824762468539607  0.75009131801814743  0.75157310430205382
  0.75305489058596020  0.75453667686986670  0.75601846315377308  0.75750024943767946
  0.75898203572158596  0.76046382200549234  0.76194560828939872  0.76342739457330522
  0.76490918085721160  0.76639096714111798  0.76787275342502448  0.76935453970893086
  0.77106451577850155  0.87502835719153682  0.87505609194437661  1.00000000000000000
  0.12985622485478718  0.40523522919838623  0.41463712506343914  0.42475539812794133
  0.43507088327399174  0.50060413261682857  0.50379126900917770  0.50697840540152683
  0.51016554179387608  0.51335267818622521  0.51653981457857445  0.51972695097092358
  0.52259912866148661  0.52530383593145702  0.52800854320142743  0.53071325047139783
  0.53341795774136824  0.53612266501133865  0.53882737228130906  0.54153207955127958
  0.54421682984117614  0.54690053506227498  0.54958424028337372  0.55226794550447256
  0.55495165072557140  0.55763535594667024  0.56031906116776908  0.56330821491499738
  0.56762236684554357  0.57193651877608975  0.57625067070663594  0.58056482263718212
  0.58695362079626534  0.59705846906233384  0.63640300194805854  0.72943973119121697
  0.73130202986000814  0.73316432852879942  0.73502662719759060  0.73688892586638177
  0.73875122453517306  0.74061352320396423  0.74247582187275540  0.74433812054154669
  0.74620041921033786  0.74806271787912904  0.74992501654792032  0.75178731521671149
  0.75364961388550267  0.75551191255429395  0.75737421122308513  0.75923650989187630
  0.76109880856066758  0.76296110722945876  0.76482340589824993  0.76668570456704122
  0.76854800323583239  0.77041030190462356  0.77227260057341485  0.77413489924220602
  0.77599719791099731  0.77785949657978848  0.77972179524857976  0.78158409391737094
  0.78344639258616222  0.78530869125495339  0.78717098992374468  0.78903328859253585
  0.79089558726132714  0.85536118157255936  0.91783012679024623  0.92049846140133862
  0.92316679601243090  0.92583513062352329  0.92850346523461569  0.93117179984570797
  0.93384013445680036  0.93650846906789276  0.93917680367898504  0.94184513829007743
  0.94451347290116983  0.94718180751226211  0.94985014212335450  0.95251847673444690
  0.95518681134553918  0.95785514595663157  0.96051420333214055  0.96317123515572445
  0.96582826697930835  0.96848529880289225  0.97114233062647615  0.97379936245006016
  0.97645639427364406  0.97911342609722796  0.98947791460763357  1.00000000000000000
   2.5391322765120930E-012  -1.0000000000000000     
 F F F F F F F F F F F F F F F F F F F F F F F F F F F F F F F F F F F F F F F F F F F F F F F F F F F F F F F F F F F F F F F F
  <DiscreteSampler_grid>
  grouped_processes
  1 # 1 for a reference and 2 for a running grid.
  10 # Attribute 'min_bin_probing_points' of the grid.
  1 # Attribute 'grid_mode' of the grid. 1=='default',2=='initialization'
  0.0000000000000000 # Attribute 'small_contrib_threshold' of the grid.
  0.5000000000000000 # Attribute 'damping_power' of the grid.
 # binID   n_entries weight   weight_sqr   abs_weight
    10   10   7.566957847984116E+002   1.438600373715521E+006   7.566957847984116E+002
  </DiscreteSampler_grid>
