  0.00934714179544742  0.01625940008685231  0.02664976353975371  0.03870640242410127
  0.05030961605505534  0.06194682242678339  0.07235454162786252  0.08172078073852812
  0.09081512481672784  0.10019751631412822  0.10940093010424565  0.11863546284827163
  0.12775702523226862  0.13731759180247569  0.14654984016256206  0.15579445566146721
  0.16559768571399813  0.17536729826582384  0.18497371082114469  0.19501911548398851
  0.20479263665237266  0.21507043632877815  0.22562666350016869  0.23663501670137693
  0.24709687974309960  0.25705816648771695  0.26711101970301521  0.27758065051213959
  0.28834167842889291  0.29896405369033757  0.30942673739394505  0.32003834549872046
  0.33047292016147867  0.34051558810211247  0.35064754423049310  0.36133157368656987
  0.37280357089200672  0.38477430160602710  0.39696776741946382  0.40918581705390794
  0.42056619133981671  0.43149549414660276  0.44199543086422993  0.45236664606941757
  0.46280328871510701  0.47294017461642224  0.48326189436362965  0.49420947422911421
  0.50537917081518069  0.51678588078425325  0.52782132562600370  0.53922727987671037
  0.55036938594071971  0.56127545460413453  0.57229398613659177  0.58318486908616574
  0.59386797871018893  0.60435415756948363  0.61447022889397152  0.62408466548432739
  0.63340130218806467  0.64258824457589658  0.65175862988177047  0.66074413723989267
  0.67020287367436071  0.67992951548276725  0.69009921120260664  0.70089231549724229
  0.71212723143088363  0.72343715175399448  0.73429810796872308  0.74485665097327491
  0.75525479913176830  0.76561551335768785  0.77617299597862099  0.78731024585782439
  0.79738253691798533  0.80660833762961981  0.81569221893138044  0.82468328270381897
  0.83401156324748760  0.84319707281186940  0.85236300579644875  0.86223832630032571
  0.87216478379403972  0.88241469596098099  0.89401120962475200  0.90688194856092808
  0.92006445793183345  0.93105048501247589  0.94132444061945930  0.95092795111051265
  0.96041452262462934  0.97026662902572147  0.98021315601779258  1.00000000000000000
  0.00002569849470552  0.00004208632924939  0.00005775403696202  0.00007619250312741
  0.00009826850256434  0.00012293455700756  0.00015022248961694  0.00018019048520620
  0.00021270116278681  0.00024825900885684  0.00028613660745115  0.00032662981578512
  0.00036613198747848  0.00040731580763240  0.00044920027450835  0.00049114421902757
  0.00053608727874543  0.00058338610123174  0.00063411198681417  0.00069057650394451
  0.00074950239348086  0.00080983271007236  0.00087212395145979  0.00093655444658140
  0.00100422175762369  0.00107631725953453  0.00115272651086934  0.00122875908947864
  0.00130484418400855  0.00138180881073135  0.00146845440469632  0.00155469568773242
  0.00163874038631376  0.00172582524039574  0.00182274759155789  0.00192898290415243
  0.00203446683875903  0.00214063601401482  0.00225600489019808  0.00238146030972126
  0.00250980396621176  0.00263545782914357  0.00275992796682502  0.00289046224546868
  0.00302905573637021  0.00316824924541748  0.00331005141065211  0.00345534166712460
  0.00360481239509443  0.00377188158804004  0.00394621831366010  0.00413017794994607
  0.00432482431898327  0.00452794651335395  0.00473792183496659  0.00495532668580094
  0.00518075548130005  0.00541985731673335  0.00568603763848185  0.00597298865402689
  0.00628419805889960  0.00660944620276385  0.00693323605672337  0.00727751166579782
  0.00767343151655919  0.00807164319876923  0.00848588394273176  0.00889149125612061
  0.00932404860922032  0.00979357356033710  0.01028252419646448  0.01080921100064295
  0.01137780104208223  0.01198960840793077  0.01270327731367247  0.01341726313910197
  0.01418476115431623  0.01496294333752934  0.01593937217385487  0.01702436429859662
  0.01821421477423004  0.01956759437620836  0.02112240127302662  0.02290918670352717
  0.02482438246782738  0.02704627724175483  0.02964852363159375  0.03263498169568779
  0.03644095006066395  0.04121921599786811  0.04785224406514718  0.05710497392817896
  0.07212114966671231  0.13639354679984000  0.62864787403937250  1.00000000000000000
 -0.00000435888381809  0.00002632136915580  0.00005840896512221  0.00008641332701904
  0.00011340152867801  0.00014306483539467  0.00017714247202925  0.00021510631612958
  0.00025453706553278  0.00029360923467108  0.00033249528968762  0.00037237947021834
  0.00041356225703814  0.00045726712512908  0.00050766652490467  0.00056494529284939
  0.00062396991041436  0.00067971793585212  0.00073348893762232  0.00078780591606388
  0.00084554637112489  0.00090281763264555  0.00096253126281777  0.00102625775652647
  0.00109258349963282  0.00116245759297847  0.00123622767224387  0.00131318139611010
  0.00139308273773065  0.00147632050066028  0.00156246533529642  0.00165013544898110
  0.00173856974277575  0.00182795272366143  0.00191676868470760  0.00200545629382080
  0.00209609455801410  0.00218822519326269  0.00229721149700062  0.00241231013349095
  0.00253799857832812  0.00267099616547419  0.00279677006684338  0.00292698388478985
  0.00306529015636841  0.00321262627482000  0.00336773841515970  0.00352983023810655
  0.00369857305518926  0.00386902270562646  0.00406017049651944  0.00424885455351942
  0.00444077460518381  0.00464152788494303  0.00485176641281411  0.00507059236479622
  0.00530254307048680  0.00554278501562672  0.00577774258536259  0.00602598126336345
  0.00628572496589001  0.00656972244988711  0.00690201792092725  0.00726271892779251
  0.00760536094619788  0.00793793152276039  0.00828867274058856  0.00863657608673617
  0.00901511269884918  0.00941811652231211  0.00985287929632910  0.01036133318087427
  0.01089970752868506  0.01151042740126654  0.01216096393678457  0.01285134374437897
  0.01360362938373060  0.01447086024105332  0.01544594659763094  0.01650982886554077
  0.01762097841260662  0.01882288640437790  0.02010322324659633  0.02150844899218035
  0.02318425953949274  0.02537090773828638  0.02822253088816008  0.03186665013147631
  0.03595856031192642  0.04026043322029791  0.04532467366724723  0.05261646079770117
  0.06392210354918108  0.08337912126043198  0.17835782148746049  1.00000000000000000
 -0.00263761846148586  0.01019614496877420  0.02009019767621150  0.03152295074229099
  0.04204148392460485  0.05324778940367961  0.06395147360796480  0.07436327037864122
  0.08457732552719376  0.09396838245329524  0.10325434298932171  0.11246931925062079
  0.12215785570535127  0.13200545276124365  0.14243622694913072  0.15381005745343382
  0.16555783121048234  0.17681412464714155  0.18734339595246291  0.19758303810470979
  0.20752590455361763  0.21725542970595235  0.22733261763265974  0.23815221226053926
  0.25010193627025817  0.26204518990855219  0.27331800270636436  0.28398265270328749
  0.29462401888121187  0.30586643896755322  0.31707050905572431  0.32808208314578263
  0.33926023114321596  0.35037535365352585  0.36064617581018704  0.37036247503970376
  0.38025356399232763  0.39050836761642810  0.40088041620687098  0.41137901178135255
  0.42210433882501353  0.43296993587159177  0.44383397689505494  0.45429840373212471
  0.46462783530408369  0.47514877012784212  0.48592841309089080  0.49676585560674957
  0.50725242633993550  0.51769143575878818  0.52856997795175253  0.53939936328019178
  0.54941174532088588  0.55901622242067839  0.56929947616080845  0.58007450032678753
  0.59032031442848076  0.60016401737672509  0.61066444000753906  0.62154466305964062
  0.63228749149754548  0.64310852448912226  0.65452797758552639  0.66637927999090352
  0.67802498048435211  0.68929107678401824  0.70026972948612465  0.71119506010447864
  0.72221236079312978  0.73318773010710103  0.74376866723648694  0.75386974705555387
  0.76401500722973614  0.77457218541468165  0.78591378313697091  0.79719212224642810
  0.80745445678544958  0.81734485452673356  0.82723248919199555  0.83787325178300254
  0.84919366377258787  0.86002507631782410  0.87010930350208826  0.88011710892023909
  0.89046989580725122  0.90050507736790930  0.91004077425145324  0.91967644292137807
  0.92997222827788217  0.94019141754555835  0.95013623410889481  0.95968784558470210
  0.96926322142919252  0.97899481500271623  0.98954435433451671  1.00000000000000000
 -0.00187490633251466  0.00937735165487176  0.01901207176648536  0.02874368559806682
  0.03845817331440303  0.04848915850263465  0.05931345073106922  0.07060983734858528
  0.08191019863033303  0.09187534348013562  0.10201576238538004  0.11228288163201319
  0.12287402014036553  0.13373279626131235  0.14483221384210718  0.15599778608904738
  0.16678223187701918  0.17735154072592296  0.18810534546219621  0.19846285154539717
  0.20961918991098979  0.22089404012584529  0.23216342303529669  0.24316121531353277
  0.25443946372399129  0.26540264255042217  0.27594177390927604  0.28621950162079790
  0.29719122782683144  0.30844605314022144  0.31879031098229316  0.32847943008526154
  0.33842868012282384  0.34898520932697974  0.35956159806043120  0.37007681070163106
  0.38127465509698244  0.39266358727694145  0.40363410021083951  0.41390818412217045
  0.42392895596940183  0.43392054686934606  0.44409887558890787  0.45502681320057264
  0.46657848233799548  0.47811357849243918  0.48826783126617829  0.49884685366132503
  0.50876836911041656  0.51868737419826516  0.52810323280267690  0.53721925181332852
  0.54618883840303245  0.55517152111242507  0.56440069629483092  0.57412332167326130
  0.58393336118737782  0.59347576168070693  0.60314142423762462  0.61353196305477775
  0.62446750824643538  0.63474486721531498  0.64524356894619483  0.65605634822431913
  0.66673663391497950  0.67687925630486712  0.68716306781791459  0.69817270265422848
  0.70945662169181756  0.72054982880015361  0.73187650008055338  0.74358511206924915
  0.75581856700815275  0.76772273100295407  0.77901324756235724  0.78949711869125272
  0.80034195639833883  0.81144250571390186  0.82213661273286165  0.83265039279510711
  0.84301141336286178  0.85350517508990542  0.86385221813101309  0.87437804715131962
  0.88440317602410501  0.89397451449170073  0.90327256027800884  0.91252244977914510
  0.92210471130629967  0.93190961533855909  0.94229750849597838  0.95329862766674200
  0.96471932831197382  0.97649271043204344  0.98795621125939947  1.00000000000000000
 -0.00160400316027590  0.00896884516908109  0.01856555279654102  0.02845540876741241
  0.03796227391140204  0.04707921017855727  0.05671170989050546  0.06682788223580076
  0.07800234296137917  0.08966142064841386  0.10106674507759046  0.11154900113831998
  0.12175780834807709  0.13221159827196305  0.14327051395360224  0.15356742721086772
  0.16377012232216284  0.17356250271247742  0.18334633945094775  0.19325706584516050
  0.20314361528736247  0.21279775568140558  0.22271394364648492  0.23369080937324058
  0.24654596750580007  0.25918477220553454  0.27152721754768816  0.28401408761202940
  0.29597206842341456  0.30720727775110857  0.31842496933902653  0.32903599805988032
  0.33928875566296424  0.34899906242418782  0.35924793488668411  0.36918382780269454
  0.37982632284087242  0.39125143778758248  0.40327835677393259  0.41475596764272715
  0.42547463780298578  0.43555494224974511  0.44533103499165738  0.45535656566027360
  0.46543471903098060  0.47587967103335804  0.48633463897351686  0.49667466972997121
  0.50687373836855310  0.51702601451271457  0.52719702617478659  0.53715018597736774
  0.54710251782778463  0.55690528540580542  0.56730838573912756  0.57836526907269736
  0.58876554730566955  0.59886731035222351  0.60862031465051369  0.61851880036552731
  0.62874923727657073  0.63865613090831352  0.64902624705759182  0.65924767014480778
  0.66964136964616738  0.68024435439293918  0.69121496396990045  0.70259824116379288
  0.71511537984291595  0.72793918397008350  0.74012650816785286  0.75154036170201532
  0.76237304909865444  0.77297758855656129  0.78312222307776080  0.79316119110194627
  0.80257132091153893  0.81252172894914487  0.82293385591372636  0.83428308237764726
  0.84478146074515359  0.85509778180337359  0.86517463027186570  0.87557938921726741
  0.88611546871184432  0.89691986935749901  0.90794009555012745  0.91914749537165907
  0.93019663970670452  0.94058828504266956  0.95097293113664971  0.96119052517853509
  0.97131208241665046  0.98036742054195591  0.98994003737065028  1.00000000000000000
  0.01071781851285648  0.01323214326904519  0.01586506635640636  0.01786562711379868
  0.01946657527255074  0.02106849353473772  0.02266091307272962  0.02424296995911740
  0.02581737350601504  0.02740149647786724  0.02898476397882482  0.03054695423240869
  0.03206032653601176  0.03354147329486967  0.03500692088767085  0.03645366781591129
  0.03787890646906999  0.03934058140930254  0.04082348992522537  0.04234156284178842
  0.04390376591872526  0.04548013059052835  0.04711435358548990  0.04872588767246948
  0.05031313657412099  0.05188384376392772  0.05344536292671750  0.05502685057578638
  0.05663990849797342  0.05828205239266935  0.05994101055566804  0.06159763344782465
  0.06323877195303552  0.06484813083906721  0.06642371309786733  0.06794299889015551
  0.06946682868842401  0.07101454828286205  0.07262359884042240  0.07434768957708349
  0.07614713725397949  0.07789528023722028  0.07961323902405533  0.08136177270275845
  0.08327937320629859  0.08537293069335437  0.08751209030945152  0.08960775088591573
  0.09167093049844047  0.09373458359915407  0.09585772119833026  0.09816049782557942
  0.10048087530212090  0.10272391244671286  0.10489592447669906  0.10701387371775993
  0.10916336615602286  0.11139228159254909  0.11368773410522108  0.11606578232424145
  0.11858150316239090  0.12123587508472045  0.12389915782070469  0.12656401904415898
  0.12930296104845557  0.13219783316893607  0.13529744899963689  0.13837112371485807
  0.14129476342180836  0.14433607022942022  0.14781997226845484  0.15169766015548730
  0.15557750495453224  0.15917178566034401  0.16269507772879441  0.16673453672316596
  0.17119329264691463  0.17617864445519787  0.18126337741447326  0.18654347334567958
  0.19258160799669402  0.19913569159937097  0.20580598153385016  0.21174815080194850
  0.21751854977623794  0.22470511555480682  0.23129706252507115  0.23780379167463558
  0.24402508934061667  0.25185087231733216  0.26146185639099645  0.27660142197912785
  0.29786321499117052  0.31408899494698844  0.65037687855784831  1.00000000000000000
 -0.00393715161815085  0.01576236134490043  0.03167604232104552  0.04719596495976370
  0.06287858647035957  0.07809820439237875  0.09194292977030222  0.10464299167699753
  0.11753147861272284  0.13034385616250840  0.14249194480681868  0.15363823268796900
  0.16462179232943960  0.17563917344430524  0.18676327921245836  0.19825115723077658
  0.20950204967837133  0.22044825535553011  0.23135330813195529  0.24165046308303276
  0.25141746651262425  0.26113755922285997  0.27117551857530131  0.28141447483346527
  0.29146571070323735  0.30127479711875932  0.31123562025159740  0.32138157487249369
  0.33127870980414353  0.34118808272827811  0.35080010456972471  0.35952977123062813
  0.36753736099070194  0.37536577447954911  0.38316975918336627  0.39112462835906764
  0.39947584310137774  0.40819235320186009  0.41743969859528363  0.42725176031359496
  0.43645861840443906  0.44502652434475998  0.45321342351162736  0.46151894812521882
  0.47004369444921124  0.47869336427015818  0.48801179576773679  0.49757275569743120
  0.50734730367672332  0.51625342042906386  0.52496972535527797  0.53382599941785769
  0.54273157185505660  0.55166151871638680  0.56104380741041571  0.57108385049968891
  0.58119250220850438  0.59076496656537747  0.60005754755954210  0.60961130999413971
  0.61926393382280898  0.62846610248791290  0.63690879029197678  0.64570686676705447
  0.65493067764282276  0.66454137805773250  0.67415147889181937  0.68330889675682505
  0.69240130861022786  0.70176866202047061  0.71134873916439945  0.72109015542091492
  0.73049559035837608  0.73977805767000571  0.74886963117741123  0.75850644081668617
  0.76830506800642262  0.77863896782588315  0.78910206715450248  0.79931298999336431
  0.80911829652987322  0.81915151595102664  0.82953130591654867  0.84076665202989076
  0.85238436544646823  0.86473229987305233  0.87810864396329857  0.89229160307432132
  0.90625580241558856  0.92030351652292952  0.93430865434472965  0.94888179747042911
  0.96288815620603163  0.97586075189192878  0.98797268683079609  1.00000000000000000
  0.00998590105771890  0.28133688828988768  0.36417037860034601  0.41977438027970349
  0.46123611793346625  0.49352152422678136  0.52051699359321235  0.54376115043462092
  0.56467537656891598  0.58268348944405679  0.59909643437522253  0.61455574792360812
  0.62868180295592724  0.64142257742971132  0.65285955168581467  0.66367690286340442
  0.67385343571759149  0.68358102161195866  0.69273240175318995  0.70148317996021026
  0.70993401177978599  0.71783095144788756  0.72545276896311284  0.73270915964399319
  0.73944633293273665  0.74598860172954995  0.75240094350693409  0.75861358477067142
  0.76461518121123961  0.77023056371855481  0.77545655090228471  0.78033710094513031
  0.78522480461943145  0.78996539776091856  0.79445384272504127  0.79882782028318577
  0.80312696964988606  0.80748076038208916  0.81182590250253006  0.81600893698985288
  0.82010640041529448  0.82418404622269714  0.82807523978802744  0.83179201474110542
  0.83539377442729534  0.83890550131585750  0.84241232926023590  0.84579597806474549
  0.84927348834713690  0.85282902067972044  0.85628508020205307  0.85964982779496890
  0.86302570590819716  0.86636987828180978  0.86959364972265840  0.87263963215880980
  0.87565897540079862  0.87852064298043753  0.88136360167759620  0.88417321683003347
  0.88699763509794460  0.88978084704967420  0.89254929217434864  0.89525894554293950
  0.89784656482709335  0.90044797359675910  0.90304742102704405  0.90565565874829090
  0.90827735281699995  0.91089691015627328  0.91352548470594797  0.91622326666987586
  0.91872401938697723  0.92125794876220812  0.92373477736526122  0.92618018190884399
  0.92860001345465171  0.93102245435727660  0.93354704339949057  0.93618732121559889
  0.93881656899500976  0.94152810995833058  0.94421095973723390  0.94682860571347005
  0.94943566534032831  0.95209231204627698  0.95473354014691381  0.95746546520289189
  0.96013648545435915  0.96308470077980113  0.96611508291108805  0.96940315745342120
  0.97317476817854998  0.97777562320703493  0.98551783009406702  1.00000000000000000
   4.6213009245715587E-008  -1.0000000000000000     
 F F F F F F F F F F F F F F F F F F F F F F F F F F F F F F F F F F F F F F F F F F F F F F F F F F F F F F F F F F F F F F F F
  <DiscreteSampler_grid>
  grouped_processes
  1 # 1 for a reference and 2 for a running grid.
  10 # Attribute 'min_bin_probing_points' of the grid.
  1 # Attribute 'grid_mode' of the grid. 1=='default',2=='initialization'
  0.0000000000000000 # Attribute 'small_contrib_threshold' of the grid.
  0.5000000000000000 # Attribute 'damping_power' of the grid.
 # binID   n_entries weight   weight_sqr   abs_weight
    10   10   9.589589345455926E+005   4.305997822207327E+012   9.589589345455926E+005
  </DiscreteSampler_grid>
