  0.00911972639713099  0.01679709142606080  0.02788470641738221  0.04045166945945626
  0.05283300131769030  0.06479038619196284  0.07648903709062733  0.08779154821610248
  0.09895510127295953  0.10981244159726332  0.12011898340978822  0.13030581165763488
  0.14015056873318127  0.15059991076182144  0.16086317800855496  0.17083468739941177
  0.18071527683854086  0.19061244258661048  0.20017398726070038  0.21071283655558673
  0.22233527714762225  0.23486998608587803  0.24630062935572619  0.25706923378045632
  0.26735443222540256  0.27703129310729768  0.28620029180410678  0.29521322238517206
  0.30440112478869896  0.31394980202937961  0.32410744760390181  0.33452586699639347
  0.34445342133847429  0.35413292221595821  0.36472641093772362  0.37548811264015264
  0.38582195825573140  0.39599723151519062  0.40652402194580939  0.41707936782391036
  0.42684566298630433  0.43696506817811764  0.44658321478656837  0.45612920043161786
  0.46477931956459045  0.47346088596898900  0.48257702822258314  0.49432460416628377
  0.50704920052360003  0.51923397204983324  0.53121814469929640  0.54270275068479268
  0.55456643245174697  0.56613602543560715  0.57822237755425265  0.59019979089735164
  0.60114791232807474  0.61200076648189150  0.62212524264182956  0.63202275734211355
  0.64241272983331721  0.65318816895446663  0.66337696893655951  0.67264736907320499
  0.68092789593291081  0.68872726301530163  0.69682480461781338  0.70535008525898701
  0.71459851582742950  0.72515001415306068  0.73589300282222925  0.74762282423601456
  0.75881548285696487  0.77034967249423247  0.78117856491784743  0.79200517902966194
  0.80290286893984064  0.81400011439931963  0.82455693305790301  0.83559159622333690
  0.84717886001242892  0.86029624026076479  0.87242062235987383  0.88203559841580537
  0.89070536939581213  0.89919631773642039  0.90725305943158885  0.91493450879453619
  0.92314844934428053  0.93205897938518889  0.94156960619766905  0.95146552805136686
  0.96177148778942823  0.97330461628885745  0.98604070425505985  1.00000000000000000
  0.00002697662384597  0.00004203884995522  0.00006302869302456  0.00008604212577739
  0.00011061358601139  0.00013938309915910  0.00017119317748909  0.00020487297678961
  0.00024739735512215  0.00029102284158439  0.00033658087681529  0.00038904605571947
  0.00044689457345817  0.00050418649121640  0.00056224851463944  0.00062118855607840
  0.00068460134033174  0.00074880498041914  0.00081314754028559  0.00087900402454728
  0.00094272548993846  0.00100571177610196  0.00106954785728154  0.00113587079378918
  0.00120789770527028  0.00128168163277177  0.00135281781492605  0.00143149969170673
  0.00151518980139897  0.00160503285078221  0.00170087154626733  0.00179775551868095
  0.00188817188605340  0.00197303225086217  0.00205260893562073  0.00213501085780148
  0.00221607241606432  0.00231190496410974  0.00241114323673944  0.00252306074451733
  0.00265022548889331  0.00278986022701196  0.00294231214821128  0.00310648533443025
  0.00327999062691827  0.00345320355127478  0.00362454565834760  0.00380160996412078
  0.00398439794920010  0.00417059944358944  0.00436928842680825  0.00459233290817283
  0.00483070739967150  0.00506794752407108  0.00531718550204031  0.00558825468945070
  0.00586440121485053  0.00614246424850706  0.00645832138068126  0.00682003107132351
  0.00721565584561641  0.00767320375314288  0.00819875140677247  0.00872486449870103
  0.00926984986584885  0.00976431212554145  0.01031860672287840  0.01090274016484769
  0.01145267443221416  0.01198121633174425  0.01253342018906508  0.01315838025589974
  0.01396894487351106  0.01484021192420939  0.01571481649202086  0.01654817870428913
  0.01749981404032982  0.01856851297475678  0.01977037318587500  0.02104359688478521
  0.02249792526761486  0.02437855208791341  0.02649004599754651  0.02907593543167089
  0.03239715421450991  0.03635683822990293  0.04099927455482696  0.04597390822839849
  0.05159867341246117  0.05949573040660885  0.06950643578452873  0.08467577400188302
  0.11917974742213366  0.17702083104059402  0.47905576965362501  1.00000000000000000
 -0.00000527802658408  0.00002839526081837  0.00006198132527793  0.00009051691999321
  0.00011947690310765  0.00015310368375962  0.00018498007225029  0.00021567820128619
  0.00025003361222663  0.00028756837326973  0.00032859519704446  0.00037445780831043
  0.00042629829351323  0.00047864544716319  0.00053270721255138  0.00058338383497034
  0.00063761338142828  0.00068710004470652  0.00074837207375286  0.00080986575822476
  0.00086992039009864  0.00093812076004660  0.00100570192518108  0.00106950870269859
  0.00113125606489724  0.00119422302592789  0.00126345204043994  0.00133963313004291
  0.00141867025242424  0.00151059340248321  0.00161328895689479  0.00172074212837615
  0.00183208078473038  0.00194217752159933  0.00204535251055443  0.00214563631283907
  0.00225237866730450  0.00236486193812651  0.00247410598107657  0.00257895636212584
  0.00268685540961618  0.00280280847334111  0.00292835484837707  0.00306791313136001
  0.00322419730077098  0.00338945566761574  0.00356340178141596  0.00372508378026234
  0.00390990164325740  0.00410608014860159  0.00431764140924199  0.00453127803946686
  0.00475362039710071  0.00499825355285603  0.00525074513569058  0.00551961921094955
  0.00580708338939151  0.00610028021489118  0.00641073807150360  0.00674494403888537
  0.00710551500825545  0.00749546449795233  0.00785913170710674  0.00823919424112237
  0.00864117176579073  0.00905074269271196  0.00949699955781560  0.01000369393084495
  0.01056358266407278  0.01118398408810065  0.01183731557609868  0.01251325424217838
  0.01325113825469595  0.01407045303737469  0.01499325193249112  0.01601048461652004
  0.01707018116368147  0.01810326027844689  0.01916785663946007  0.02032824076785463
  0.02189983949252203  0.02376339711723098  0.02549639389860433  0.02738592076275909
  0.02968717052072211  0.03264092145245141  0.03765479526203340  0.04252201265802426
  0.04749593190705389  0.05379950246937979  0.06307926668630380  0.07855065284580447
  0.09848866235639088  0.13534000577444946  0.17147478374677400  1.00000000000000000
 -0.00265617120337204  0.00795820948052988  0.01788216579524821  0.02674413037305380
  0.03514498875017095  0.04347765918645767  0.05196227610302335  0.06079963922848065
  0.07054445282268307  0.08034343079348735  0.09014600660278288  0.09993421089742241
  0.11048403875949053  0.12186851966686128  0.13274446445308558  0.14244061587201193
  0.15231803500097182  0.16249720794013267  0.17315176476231747  0.18402582264180470
  0.19490228952584074  0.20590657073951876  0.21708358562849253  0.22875557660988555
  0.24168829151800564  0.25446995039907810  0.26653106633549978  0.27742628052867307
  0.28769826007106258  0.29759570226778798  0.30825055698738835  0.31918756084049249
  0.32883182072639688  0.33852324870617595  0.34861205855957939  0.35936722566770685
  0.37044130595712998  0.38294662166140025  0.39573827104291825  0.40759404253448744
  0.41872987424518499  0.42935820264927516  0.43988525059212669  0.44999244561660873
  0.46077803707739223  0.47254055757211072  0.48395724567314752  0.49536348019357046
  0.50495304893034276  0.51414777822386259  0.52280208819221663  0.53114083686130975
  0.54000345944454309  0.54949805397384088  0.55994761239143509  0.57035229309657143
  0.58159273295237501  0.59229902371444154  0.60326215763908819  0.61310897336392511
  0.62374641471344849  0.63495844011199265  0.64478795541887080  0.65532180668097095
  0.66538261795649523  0.67964662095967565  0.69196964264318028  0.70240371357308873
  0.71261526235903971  0.72302093634512343  0.73370043140696695  0.74524720620715557
  0.75786893066704930  0.77090706354926997  0.78155290038718694  0.79130636370319396
  0.80112404609376342  0.81164139831711846  0.82253130595673518  0.83228427382312842
  0.84295880344827179  0.85446207959359011  0.86627317043433405  0.87790800976929184
  0.88828674833024002  0.89894617597158943  0.90978576429357605  0.92049524068656552
  0.93087801846306051  0.94121093219093899  0.95124257033851134  0.96158318064801074
  0.97124429795069289  0.98054765048895753  0.98981576327521048  1.00000000000000000
 -0.00223074177696171  0.00944390625708280  0.01873266428047184  0.02771095174793974
  0.03707816881190909  0.04731768581618601  0.05962047330631758  0.07170663393729006
  0.08341238172905424  0.09421623491794053  0.10492422376675080  0.11573340759186999
  0.12670624113227419  0.13868438501447525  0.15060795912471805  0.16138070745701352
  0.17149242152970004  0.18129094211078930  0.19110242975210337  0.20056115643944139
  0.21047097319048089  0.22132710110660209  0.23254804423710179  0.24261156570592915
  0.25178165956194964  0.26118175926154891  0.27077355505676132  0.28197029593262385
  0.29276379121553264  0.30386169466435292  0.31473020132699292  0.32614086009976001
  0.33750879756293117  0.34884198490298113  0.36030888930957145  0.37125473949300863
  0.38153266290292964  0.39123700296993613  0.40149690018160172  0.41270361779707854
  0.42422129123049812  0.43593810363034297  0.44733214750234712  0.45802317202874931
  0.46787376906600342  0.47712117560353434  0.48656753108047113  0.49634973932332355
  0.50614310803972939  0.51570070352955533  0.52605366730054981  0.53712146998030463
  0.54735143866843683  0.55661873382695126  0.56607412210959474  0.57578408976778050
  0.58586582587845759  0.59669090870938113  0.60652002829622664  0.61907285658911060
  0.62947143726821775  0.64009672551730201  0.65076011242330178  0.66086654925760313
  0.67045171395889192  0.68006346403258922  0.68996746299209333  0.70022680252287450
  0.70994296022568393  0.71960191313790889  0.72897193425197171  0.73861497223404504
  0.74919096209323999  0.75999691855379781  0.77126546620925907  0.78188389122399637
  0.79253470192856645  0.80414094792631075  0.81607938447926143  0.82607198747661570
  0.83557562699834398  0.84469917099652803  0.85405558331174192  0.86305181917743923
  0.87201874427223824  0.88144757035486088  0.89208588516236742  0.90248622553634061
  0.91354237653641612  0.92416786249849969  0.93560868344455383  0.94855539033729563
  0.96006778304600027  0.97152627831317395  0.98422999442432291  1.00000000000000000
 -0.00249952503642744  0.00946397708586807  0.01975181176759173  0.03007050296355899
  0.04037563966539885  0.05130862083135826  0.06243712270366876  0.07346937389158202
  0.08457823136924784  0.09542935814030219  0.10666023940024220  0.11795349308206897
  0.12977315977771195  0.14269468901977317  0.15224219424616220  0.16106146521876824
  0.17019871310796994  0.17986637647623241  0.18930979183784757  0.19796749652788628
  0.20606942975311662  0.21499596186974479  0.22540230215943755  0.23454930387543732
  0.24485343999428372  0.25521798877684582  0.26661739730875850  0.27798631914461774
  0.28961700029112608  0.30112530722272840  0.31249931614971788  0.32367476760665947
  0.33521628783851637  0.34801161001544717  0.35959478783482007  0.36940131418411931
  0.37815977418174956  0.38611252622513242  0.39455558696646159  0.40343885910622285
  0.41280742252305080  0.42248214189523720  0.43334065694934365  0.44454336404603173
  0.45588076428256463  0.46643307696141850  0.47677231866708925  0.48658623211728536
  0.49648135048622666  0.50842660149334729  0.52008524040084103  0.53034362900582910
  0.54080433457348043  0.55198839927205345  0.56341662130021342  0.57438922621720712
  0.58491393505137290  0.59593676562130138  0.60704806457070060  0.61799793739671649
  0.62923862022931787  0.64070638331100027  0.65152745864024530  0.66182384094280666
  0.67245211459380927  0.68457971768423764  0.69630807929758143  0.70878061561999295
  0.71764205429546912  0.72633762248201350  0.73480038834301664  0.74449112422645591
  0.75365286457126546  0.76176343715375860  0.76988212890363283  0.78001981409025323
  0.79098482631775258  0.80183685269477145  0.81304339322116415  0.82474660031038882
  0.83664245162538498  0.84814256927405240  0.85914162728064580  0.86965661873633293
  0.88003735086827417  0.88953128695789996  0.89920918976033104  0.90919448916960677
  0.91998633616522685  0.93145935384452172  0.94275384171780363  0.95379965427955560
  0.96477217612368660  0.97562781514996166  0.98722355908999071  1.00000000000000000
  0.01000447412453104  0.01588425245930960  0.02185386361275677  0.02669091700269071
  0.03115276107093462  0.03543936145236246  0.03963089606478650  0.04349478350052433
  0.04708271856954214  0.05054250922909937  0.05395981169603443  0.05736393713605344
  0.06065693028237618  0.06382563303714761  0.06685117740341844  0.06977709902008201
  0.07264709357688934  0.07550205699053375  0.07839766573079003  0.08121570273773658
  0.08398244574144027  0.08670725532665462  0.08948252147761601  0.09233308404195679
  0.09520956540382065  0.09807764848178377  0.10086915205799797  0.10382565737088723
  0.10661979100844526  0.10938932423497801  0.11206103482499209  0.11459163340272273
  0.11712728849891609  0.11971211697938312  0.12234744254802522  0.12518078413949080
  0.12824076551261104  0.13150597456165383  0.13488727419005944  0.13830585381537727
  0.14174908748984749  0.14521372726294648  0.14867733414016410  0.15200954095297950
  0.15517709523595824  0.15835695106864617  0.16164421072826179  0.16520154686808516
  0.16894376197468700  0.17276584000555748  0.17650479122912963  0.17997488097442188
  0.18338895963788962  0.18681033698549035  0.19052809293953549  0.19440751649887664
  0.19823392971900736  0.20215809696217954  0.20634200746486445  0.21088317554511221
  0.21532161279410666  0.21978631626481412  0.22411259327787145  0.22858176291770413
  0.23297583496423635  0.23747015133869140  0.24218532285111280  0.24704731402653529
  0.25213890791514648  0.25715526016807577  0.26205750837265523  0.26704451596961726
  0.27252364501357279  0.27819452330364980  0.28405646050641109  0.29116719330129903
  0.30043154250232035  0.30984042099748965  0.32001890224497281  0.33113247491359782
  0.34183513518416270  0.35284206689963032  0.36071885217498767  0.36985681528112746
  0.38031712014828728  0.39031484193190275  0.40102426643193767  0.41144599114412927
  0.42428345016536556  0.44214168634973638  0.45941683343016049  0.47911235983496053
  0.52400338102797084  0.61072862068100209  0.84254375802281190  1.00000000000000000
 -0.00222122143048708  0.01001522225467083  0.02154243104850205  0.03286221215866489
  0.04409125122147474  0.05467055941146324  0.06727773839458798  0.08218162411165186
  0.09573376065865009  0.10739024975731855  0.11787720814187964  0.12895002932395885
  0.14038051570721621  0.15187454487353966  0.16315410092079749  0.17487156750576205
  0.18644174186930401  0.19756301281221728  0.20822078124573859  0.21839045134130608
  0.22847341193327048  0.23869523580698554  0.24872551580206131  0.25812537255279833
  0.26727328633921432  0.27692141530067088  0.28650337552255856  0.29625938875587438
  0.30572005191912371  0.31575286416047577  0.32659489195247288  0.33725951793421338
  0.34795404729729629  0.35813263090078107  0.36874164033268442  0.37970934487956870
  0.39084844939789182  0.40188947678107928  0.41240743029454963  0.42241742342505934
  0.43232879716830813  0.44242306393119685  0.45318269441402365  0.46321141943693611
  0.47201333809936541  0.48082082842361801  0.48929825579517167  0.49806450774403682
  0.50725126609710580  0.51728447761295027  0.52771253623577863  0.53793491167703644
  0.54766219422189322  0.55722139058392972  0.56653694022458956  0.57607460343911199
  0.58648575705509975  0.59784451604409983  0.60846592901932839  0.61777859184982986
  0.62636211800215114  0.63484630025848876  0.64279248120064825  0.65170271378174194
  0.66084014453125173  0.67017129663928865  0.67991808989434543  0.68947628444814768
  0.69992494076489564  0.71011471943872906  0.71996236830992322  0.72989652521221349
  0.74014486605131224  0.75069417100871894  0.76144529504651182  0.77309141013107563
  0.78540131157369009  0.79567265724441671  0.80438762965140964  0.81410488310047180
  0.82401477315394833  0.83299887439154796  0.84277475172799532  0.85325439454261187
  0.86373805436356565  0.87464323949170419  0.88598702345239777  0.89866351111224074
  0.91144954870604611  0.92384534092404336  0.93619420572224477  0.95132629952192771
  0.96508933736489144  0.97658720072460992  0.98814602071875335  1.00000000000000000
 -0.00250929797011679  0.35831214151992208  0.47261977120541004  0.54342015275604305
  0.59462519417776882  0.63307846292587588  0.66322308843703803  0.68890914287832616
  0.70977699984445386  0.72887550872555185  0.74543863505065777  0.75977336773603121
  0.77249286079252177  0.78412137054664000  0.79473257473803893  0.80418933434503526
  0.81336384446575805  0.82172021319412158  0.82922345707393330  0.83619200394263382
  0.84285427640776645  0.84923931617080828  0.85501843292764457  0.86030073128456874
  0.86528503990756034  0.87039346588282374  0.87508119051714173  0.87937151170902150
  0.88322199877156693  0.88698804149167709  0.89063648108765059  0.89408990618279638
  0.89730910983426071  0.90040323243115439  0.90349040125621616  0.90669869747094656
  0.90985248808716757  0.91290680015661918  0.91580061978255700  0.91839234539063108
  0.92067252042837922  0.92272599154709234  0.92468200940316125  0.92665009972301138
  0.92861943462185537  0.93056904449049593  0.93250594446282398  0.93445729411721989
  0.93633867906740964  0.93800369008519713  0.93960447771741096  0.94114694715985836
  0.94273103116428780  0.94432146054534050  0.94593241568182274  0.94744638674489268
  0.94881939910718960  0.95015438331551738  0.95144897501189718  0.95277610527097867
  0.95410346266050605  0.95540401480741877  0.95670710815803894  0.95794866504036424
  0.95914724705115706  0.96032078302254431  0.96148186469533758  0.96259021369045850
  0.96360186651937740  0.96461696883216674  0.96566441081391274  0.96674531758743265
  0.96783987376825398  0.96892442222540143  0.97011066022436576  0.97127215809100265
  0.97244106799901697  0.97364449965514865  0.97486651744755093  0.97601989345984741
  0.97709436462867472  0.97811828312716409  0.97914668659127779  0.98010312892573603
  0.98101964533888519  0.98196512912766809  0.98299925650293740  0.98409173343743817
  0.98525207693176020  0.98652725071686342  0.98789881994363649  0.98933421325807291
  0.99090057930399467  0.99277341522119722  0.99550855864704768  1.00000000000000000
   7.6020208815272602E-008  -1.0000000000000000     
 F F F F F F F F F F F F F F F F F F F F F F F F F F F F F F F F F F F F F F F F F F F F F F F F F F F F F F F F F F F F F F F F
  <DiscreteSampler_grid>
  grouped_processes
  1 # 1 for a reference and 2 for a running grid.
  10 # Attribute 'min_bin_probing_points' of the grid.
  1 # Attribute 'grid_mode' of the grid. 1=='default',2=='initialization'
  0.0000000000000000 # Attribute 'small_contrib_threshold' of the grid.
  0.5000000000000000 # Attribute 'damping_power' of the grid.
 # binID   n_entries weight   weight_sqr   abs_weight
    10   10   3.683005672454076E+004   7.919172317557653E+009   3.683005672454076E+004
  </DiscreteSampler_grid>
