  0.00916316709839361  0.01861986887676213  0.03279246807293090  0.04657518669499180
  0.05815642766683046  0.07087205143765814  0.08242467848809307  0.09318861501784416
  0.10351290412547837  0.11404523656172323  0.12492773077602072  0.13596474425381494
  0.14621375065897385  0.15521057179684286  0.16446913947722069  0.17450438109860247
  0.18574787203638460  0.19674379991154278  0.20730908231176426  0.21703984747240476
  0.22647843246112842  0.23508567769627250  0.24383546141838472  0.25386657508454169
  0.26358974543327623  0.27350448862306376  0.28351337553846168  0.29448216755817713
  0.30694779952835666  0.31965536973397923  0.33038523772215189  0.34198976275132881
  0.35317216703613213  0.36363383063614718  0.37396412315724925  0.38438960765734670
  0.39577077374103342  0.40202667587188273  0.40895194060980922  0.41589111408801938
  0.42297954663961401  0.43034730606985222  0.43802076697117204  0.44604403051386737
  0.45376651555884112  0.46246311513843580  0.47445847361567917  0.48573641175151350
  0.49697251344186083  0.50852441381182134  0.52073182303785981  0.53212718388538272
  0.54357759018340324  0.55603963984645444  0.56891571967563348  0.58222584628638285
  0.59511961893021192  0.60770781595713086  0.61956428858508650  0.63129578453011603
  0.64320272342487261  0.65537077038801794  0.66715278778149556  0.67752939786623867
  0.68663117954124053  0.69557159657025158  0.70421877580465431  0.71332205506160706
  0.72283121211501622  0.73237102541943255  0.74251029491836307  0.75385750497798676
  0.76527715473542834  0.77636420930540395  0.78735056942634385  0.79731296475027547
  0.80769684838624367  0.81812332884544692  0.82829550615565584  0.84039985524364524
  0.85385134550316222  0.86786591359387577  0.88092358232072332  0.89264514847990595
  0.90194852813606319  0.91137261877378173  0.92028764207050218  0.93019482624727257
  0.93897751010447261  0.94764519459842811  0.95652413024461436  0.96723796601070122
  0.97677109726789801  0.98617888174746049  0.99039165935925733  1.00000000000000000
  0.00000194610507345  0.00000344088446215  0.00000464527663900  0.00000620998255315
  0.00000820926759586  0.00001048323893368  0.00001301534526345  0.00001621690447086
  0.00002077974837381  0.00002552847724474  0.00002990914123919  0.00003428752105222
  0.00003913846337138  0.00004469321265494  0.00005054726650515  0.00005651539576682
  0.00006322135792638  0.00006983501300561  0.00007733809423964  0.00008524222423455
  0.00009333871645120  0.00010243468631512  0.00011019448658111  0.00011754939994486
  0.00012484992686798  0.00013267758093624  0.00014234159214714  0.00015371696267637
  0.00016730078280615  0.00018087699525545  0.00019434941508457  0.00020813352086911
  0.00022255796172088  0.00023683337162341  0.00024922798750404  0.00026099652673687
  0.00027278169976510  0.00028575133095212  0.00029927114265707  0.00031321975794112
  0.00032796867681932  0.00034264438401177  0.00035786172523493  0.00037278633361884
  0.00038948415967690  0.00040885851472349  0.00042900022364752  0.00044972360992456
  0.00047200513795295  0.00049577674441571  0.00052129534023322  0.00055002910418331
  0.00058223268490649  0.00061764241332845  0.00065598452940418  0.00069425515857552
  0.00073852643195808  0.00078192351819733  0.00082737525626453  0.00087322736234944
  0.00092307381778822  0.00097677213588045  0.00103362089259855  0.00109770168407926
  0.00116945849086724  0.00123311469089629  0.00129821183570752  0.00137023204039407
  0.00145169241922698  0.00154819010683077  0.00163677938323281  0.00173426664205077
  0.00182998187663033  0.00194093682247564  0.00204655598221701  0.00216592226042128
  0.00229802210075192  0.00245770732983891  0.00265054176504829  0.00287346636573493
  0.00312999186931014  0.00343696653450594  0.00379163377652396  0.00420304964957949
  0.00475130221085268  0.00536995385258825  0.00605101822015959  0.00689369571078139
  0.00813671405862759  0.00975709466767508  0.01182719315242725  0.01478655876459820
  0.02057622994020011  0.03946698537635684  0.14156941234180373  1.00000000000000000
 -0.00000114621349194  0.00000283797839219  0.00000916081914697  0.00001660954279466
  0.00002452081164830  0.00003265011468646  0.00004060593447227  0.00004848439197079
  0.00005622103763386  0.00006355330012221  0.00007041891000113  0.00007755282551033
  0.00008482153193091  0.00009192133170970  0.00009912268789695  0.00010724403919121
  0.00011614934720627  0.00012461705453153  0.00013153269975888  0.00013834831465808
  0.00014526498595351  0.00015241307364943  0.00015965853169511  0.00017138885270152
  0.00018396933732218  0.00019645110439430  0.00020828231380071  0.00022019234644886
  0.00023273894432871  0.00024580244405828  0.00025812581068592  0.00026895832263767
  0.00027910765531789  0.00028960252330519  0.00030167687151387  0.00031445647525113
  0.00032846885593074  0.00034320392419157  0.00035815935902097  0.00037453455351133
  0.00039204553883816  0.00041059517171116  0.00042847498880394  0.00044737458484828
  0.00046605038894580  0.00048386733498615  0.00050299075861721  0.00052542951453385
  0.00054863426632443  0.00057424850404103  0.00060291514384067  0.00063340123492621
  0.00066561618685000  0.00070270236199757  0.00073829772427508  0.00077454327840937
  0.00081502660979174  0.00085654890444065  0.00089865121063299  0.00095181592464056
  0.00100442902101771  0.00105691543458959  0.00111164722903553  0.00116924650456636
  0.00123379886110430  0.00131122202867434  0.00139893144290053  0.00147988535317684
  0.00155108851916779  0.00162112972846121  0.00169447531719353  0.00178134244211070
  0.00187527439913917  0.00198151800046690  0.00209426431250808  0.00220439818100580
  0.00233361239303685  0.00248706839119105  0.00265522379857813  0.00286449829415865
  0.00313075286887142  0.00345702805050363  0.00379125590191596  0.00416628465249292
  0.00459344653524225  0.00541953358517795  0.00627667636757647  0.00698556524802537
  0.00794198208985154  0.00986760688206533  0.01255485975832697  0.01550880850945701
  0.02034049607542028  0.03893100225742870  0.10877553380357410  1.00000000000000000
 -0.00251836301823329  0.01121279915871137  0.02319605165446532  0.03528129833892359
  0.04702831502719361  0.05856616108148502  0.07042126984595380  0.08194193587505087
  0.09278413781498074  0.10372589872211070  0.11545031543557359  0.12786456062172932
  0.14059465147157796  0.15192359683207837  0.16264628872248788  0.17373449961779724
  0.18421548287943609  0.19394861458721691  0.20339502045353450  0.21360330062351141
  0.22442314188218687  0.23542431401151312  0.24677261919044535  0.25837914903997461
  0.26830282995906146  0.27649950357380304  0.28466812332309988  0.29340220633206404
  0.30294478172232547  0.31586706895471517  0.33017411502698824  0.34099315806385655
  0.35002332914377909  0.35797678937665822  0.36540461319973416  0.37407709892867685
  0.38360688131640502  0.39319191731635300  0.40307936238451486  0.41402128638883723
  0.42517947149988672  0.43575001308649974  0.44564701422275993  0.45593689214567046
  0.46658324463067380  0.47798520014156659  0.49122000015899120  0.50281164572471293
  0.51287383395281605  0.52285963281810177  0.53351024475233966  0.54363584115920616
  0.55197528668792306  0.56019507495197995  0.56785394486919494  0.57498542103672312
  0.58182425440128271  0.58950098104099646  0.59670965551722410  0.60405506423249500
  0.61338905892077200  0.62308164832611890  0.63244124362909471  0.64204023552354361
  0.65112104850101526  0.66047783358132883  0.67146658485292776  0.68369997770771151
  0.69473636268535854  0.70553951529457082  0.71562525218711837  0.72566841286549544
  0.73592425219952651  0.74717616719663837  0.75754294724966731  0.76734905155561439
  0.77737102736043451  0.78822045392603168  0.79937096778570305  0.80853284881122989
  0.81852083843432133  0.82976857521914860  0.84268659804365376  0.85643046143791202
  0.86904514771114738  0.88052872919082736  0.89163074256145136  0.90231858480139604
  0.91326889298146330  0.92472642332972510  0.93675617738994665  0.94859587046414828
  0.96028482605259380  0.97331356055384965  0.98633295701203005  1.00000000000000000
 -0.00275835996612299  0.00870316017136853  0.01985366436788219  0.03228823322821087
  0.04458545319646814  0.05588827299487827  0.06586658699347764  0.07448763466157136
  0.08307604139483818  0.09184374271506299  0.10142920903381882  0.11139337666016109
  0.12145971619492778  0.13233956381162079  0.14345422599639704  0.15379887138064088
  0.16381673798781718  0.17447953430359975  0.18667809504862631  0.19632571297275594
  0.20527813218577656  0.21311572877703197  0.22115133983674484  0.22970326790785697
  0.23937474955274560  0.24749528452877328  0.25621744008653269  0.26399037457087449
  0.27102807621240294  0.28043054544381824  0.28820786873343057  0.29439229141234891
  0.30170244302635224  0.31096675510096644  0.32043479782426559  0.33047039430066866
  0.33998907598020034  0.34809118385863097  0.35642538700211662  0.36666038372347698
  0.37843860645439636  0.39105930078813389  0.40379632620475631  0.41601120870523961
  0.42809506351058013  0.44100486935019217  0.45389623577655225  0.46610354699915657
  0.47799065954423325  0.49059058990215648  0.50325275111772083  0.51563749505310907
  0.52797850347015418  0.54004158616910869  0.55234453697055153  0.56492176228858693
  0.57726616707761125  0.58978877632574489  0.60222273849932817  0.61504046616557129
  0.62815389928217713  0.64083089683641892  0.65247895216380458  0.66317874025411616
  0.67420605786647891  0.68559128039382600  0.69811239454444807  0.71196067040008659
  0.72567426036192539  0.73769795875554178  0.74854821983821995  0.75752083128456738
  0.76655600325825313  0.77468172375259703  0.78186118449459086  0.78874499270323517
  0.79626352881158435  0.80408332028314855  0.81045814816981132  0.82020123678882151
  0.83130597581896004  0.84416653588232193  0.85844679385723943  0.87183641604691264
  0.88426159606378940  0.89621158309778215  0.90675347388878536  0.91822545849635084
  0.92965474550171845  0.94058389731638337  0.95175061193687871  0.96204468092763584
  0.97181388140405722  0.98108919635675940  0.99035566864220193  1.00000000000000000
 -0.00300417640033954  0.01595940509491108  0.03014734727594496  0.04314705867841356
  0.05172233291335115  0.06033659472793099  0.06939419675188793  0.07814286725711078
  0.08622956073977939  0.09415022327362381  0.10271345706542881  0.11363292651140408
  0.12588420620746824  0.13837377584826580  0.15052645676650706  0.16280144049877088
  0.17619305179567776  0.19092863395556534  0.20492458151440832  0.21854938656214243
  0.23001352100358172  0.23947903656432870  0.24858410621708493  0.25802276094248944
  0.26798172372117912  0.27804936000330249  0.28800242155391020  0.29888195882809337
  0.31046315611614267  0.32192011856716141  0.33378730330500622  0.34690535378509457
  0.36100524900218417  0.37369083527269098  0.38473224474884765  0.39541941784574264
  0.40686609156468528  0.41775528427373010  0.42754554826749919  0.43799372090280309
  0.45122082131078795  0.46496372701673583  0.47780978572983779  0.48979454270426975
  0.50092206618226853  0.51233409763715099  0.52256456734316314  0.53181694546396507
  0.54114120626115148  0.55079927741621193  0.56035658380396958  0.56915716451016007
  0.57779218537484445  0.58700349361985582  0.59750471964895646  0.60763679385934499
  0.61619237029376228  0.62475553909824899  0.63402599539324567  0.64325583788961349
  0.65143249650435220  0.65912559781795699  0.66764571203749978  0.67888720664719249
  0.69020128959331806  0.70112130584342924  0.71208443759568429  0.72402387480144925
  0.73492350805885742  0.74429332163832851  0.75334168677832325  0.76279114729177921
  0.77332621064951967  0.78502284887307494  0.79645168051155568  0.80809000117881546
  0.81689567298233490  0.82478653135376745  0.83290512561270436  0.84100526075986359
  0.84965361579426169  0.85873783964017780  0.86697573005242956  0.87551051919152634
  0.88629077028302272  0.89824710446305545  0.90938458812106415  0.92052059429704503
  0.93261374824947241  0.94338070935192520  0.95251855324439805  0.96116428345692451
  0.96979836018391019  0.97771704538726933  0.98903371305346954  1.00000000000000000
  0.00075967679323838  0.00165581254885727  0.00294528640527106  0.00418488389536526
  0.00532598085549196  0.00636048267479358  0.00740920399111484  0.00846749380498673
  0.00953321860744229  0.01065422121923558  0.01178855988414852  0.01291489168004482
  0.01407657641940234  0.01527031927857911  0.01649463006598724  0.01774782810604695
  0.01902625917649997  0.02026301829168892  0.02155491249524916  0.02283732570376727
  0.02397339671507929  0.02514514803496037  0.02633499684770641  0.02754322743466086
  0.02877572441578802  0.02997165465020734  0.03124586803910030  0.03264075134086004
  0.03410345506172275  0.03559203115671505  0.03716690175890376  0.03878635343400064
  0.04047217888432994  0.04211644982082442  0.04364793529218262  0.04530242372502187
  0.04695488410453385  0.04849284927986838  0.05003240389302669  0.05152497613825184
  0.05290645149627567  0.05423962596966859  0.05553350163025625  0.05687623129967347
  0.05828224535237705  0.05971376498650884  0.06119234071568712  0.06280109852124224
  0.06460968900195722  0.06640577411184154  0.06806238642743946  0.06960008496788274
  0.07113025239151426  0.07270075346538533  0.07424241709667896  0.07564056190226721
  0.07694300709043385  0.07822500920373991  0.07967457097847680  0.08125644117357668
  0.08308128947885242  0.08510711286741938  0.08674331188287830  0.08810452955238733
  0.08941810758896945  0.09087840280552280  0.09252579106709810  0.09445774288620290
  0.09652286049381299  0.09888868883754398  0.10139041696789070  0.10353943019066777
  0.10566758881568877  0.10826086805275562  0.11119862983165008  0.11453068747474233
  0.11881151903511553  0.12484697739502647  0.13377849416662446  0.13989685583543077
  0.14405205256976630  0.14717826745505999  0.15103738322140781  0.15542047803517764
  0.16100626234922469  0.16897504948268569  0.17540457564971620  0.18001252455458203
  0.18325485068662928  0.19370922095093446  0.19959486335133714  0.20431552455389862
  0.20850891403237948  0.21084954160243563  0.21466880498227259  1.00000000000000000
 -0.00183463977093134  0.00946319295381109  0.01887410321880990  0.02792238884749936
  0.03647794902118644  0.04563552857620792  0.05631369769094322  0.06756170537302937
  0.08077551456181832  0.09109763927524535  0.10087107831160227  0.11081720291393575
  0.12045054451086447  0.12903837503537705  0.13728400033366805  0.14604548628769315
  0.15705393072783644  0.16831932772869554  0.18069174236058555  0.19311580547762602
  0.20560085836306954  0.21892663288958258  0.23298501978247993  0.24630248463946464
  0.25946537194275604  0.27219900857801854  0.28436420468112583  0.29644493691370494
  0.30850519721492542  0.32064306863817582  0.33307896550490290  0.34692012132640215
  0.35929885549234575  0.36957133772194545  0.37948236800164675  0.38962425886542223
  0.39933623755429964  0.40859165330107411  0.41786783567036340  0.42756534679665120
  0.43691770587259765  0.44585268842357040  0.45469908499581890  0.46305206237813329
  0.47155198881596594  0.48076823556042142  0.48971574975405496  0.49832758767839658
  0.50671985318957324  0.51559921899071171  0.52553745160890442  0.53621225332380240
  0.54704582987304684  0.55739965156783100  0.56888457843819262  0.57930738656843106
  0.59023374534732009  0.60090405619480147  0.61139664462016641  0.62245093889010494
  0.63310940912667368  0.64345268452864124  0.65299307720999233  0.66185435688946082
  0.67049656461879414  0.67940454630849445  0.68917134987431339  0.70034191500293419
  0.71263609141867934  0.72374734539338748  0.73485284716898858  0.74556936732478285
  0.75544292475584007  0.76313604182107464  0.77000948977115968  0.77687782256197235
  0.78397531921326880  0.79114531105765884  0.80141563728798426  0.81243171827900018
  0.82392067147377812  0.83520678172818497  0.84542080037278855  0.85730418866725810
  0.87000976901987526  0.88173625608556527  0.89192665572562080  0.90220726565255682
  0.91295535218594037  0.92403489874046429  0.93627254139585947  0.95116651862668833
  0.96398117009268613  0.97498606697778945  0.98649341897611742  1.00000000000000000
 -0.00096553792847948  0.34603011922770027  0.45385148915866946  0.52054773392341769
  0.57033399870188817  0.60854324399860404  0.64230052416673011  0.67038134488214929
  0.69427544684974563  0.71426726911350635  0.73122580971519302  0.74703739872378816
  0.76116739245187481  0.77392528864477050  0.78562194632155113  0.79676810709928636
  0.80653829426426249  0.81538126055843030  0.82402153907983100  0.83216766853166602
  0.83941498046970175  0.84617019267582827  0.85283845854423956  0.85930729368163616
  0.86563739005996343  0.87136720589080030  0.87673653719393874  0.88131736124083460
  0.88602022205291697  0.89085805255368899  0.89541708722315116  0.89970470306151640
  0.90379783237402744  0.90775427921300333  0.91157808996378886  0.91507921338600040
  0.91796912796423713  0.92063433100815506  0.92334584496126260  0.92610045227019511
  0.92888022560867356  0.93150347656733368  0.93391315341838599  0.93631729496166849
  0.93862968002505276  0.94064651259092180  0.94276044190611197  0.94478588860805401
  0.94662357588232238  0.94831292748226326  0.94993724882960018  0.95153872142091578
  0.95303842722669863  0.95456535371494489  0.95617662202067766  0.95772336904828759
  0.95904658649297070  0.96035582946193232  0.96165624541714834  0.96303767085995740
  0.96446127034210660  0.96584430483754136  0.96715117758094182  0.96839613972754990
  0.96960117392137313  0.97075725719207062  0.97188510167722297  0.97305160609765706
  0.97421833811266512  0.97542487773507269  0.97665698220799646  0.97789199225055246
  0.97909448180430225  0.97990478908700684  0.98069561585899190  0.98140341665487463
  0.98208065152944379  0.98276132891764290  0.98345958472506068  0.98419286046088217
  0.98505318052988877  0.98595511170564709  0.98686105578880046  0.98776673141042837
  0.98868318536886102  0.98963922108324509  0.99062762822640860  0.99166112203402956
  0.99257064402087114  0.99344225208276582  0.99427842899521601  0.99505148870590765
  0.99590698397116295  0.99687144984015530  0.99805290016480031  1.00000000000000000
   1.0866057486068802E-007  -1.0000000000000000     
 F F F F F F F F F F F F F F F F F F F F F F F F F F F F F F F F F F F F F F F F F F F F F F F F F F F F F F F F F F F F F F F F
  <DiscreteSampler_grid>
  grouped_processes
  1 # 1 for a reference and 2 for a running grid.
  10 # Attribute 'min_bin_probing_points' of the grid.
  1 # Attribute 'grid_mode' of the grid. 1=='default',2=='initialization'
  0.0000000000000000 # Attribute 'small_contrib_threshold' of the grid.
  0.5000000000000000 # Attribute 'damping_power' of the grid.
 # binID   n_entries weight   weight_sqr   abs_weight
    10   10   1.637601750914196E+004   1.918241485255093E+009   1.637601750914196E+004
  </DiscreteSampler_grid>
