  0.00963244764422485  0.01541631872365043  0.02492426727930542  0.03580143164209592
  0.04631607614745585  0.05647031759179343  0.06687672783010394  0.07760757148659454
  0.08824863111578322  0.09887762594768620  0.10943630655628005  0.12020918304985484
  0.13104792237832077  0.14159639166463550  0.15123773307616190  0.16030375323403112
  0.16974486018728918  0.17975512856627524  0.18976805353240178  0.19965690772741188
  0.20950348538153180  0.21933438888660081  0.22898745782046337  0.23865989650336700
  0.24839254262472965  0.25819546602028826  0.26819891963934045  0.27935763040488509
  0.29081842052018658  0.30186172982701021  0.31265969213759803  0.32296704398628351
  0.33366188569143007  0.34451577892458846  0.35495187139511980  0.36481495320362689
  0.37451836933996885  0.38426126938011734  0.39394462887871523  0.40350712437367547
  0.41299638308956116  0.42231428879273092  0.43148469976618259  0.44088079944269937
  0.45049216271682452  0.46031705625633529  0.47055342531867045  0.48153445225794200
  0.49268815597418486  0.50399767931497996  0.51576627108489936  0.52771330978983821
  0.53929744590387452  0.55033459268575902  0.56094100830623062  0.57037955733903323
  0.57968211929232438  0.58927002330228384  0.59963321793488089  0.60999029866025511
  0.61918536882070285  0.62836680597348482  0.63769386652434512  0.64768524690955787
  0.65826351343817402  0.67003798013151572  0.68299431146304324  0.69433059765534721
  0.70422615378414499  0.71386097194241205  0.72334942050443995  0.73264565599367470
  0.74190197788375245  0.75155625310378216  0.76179999323180503  0.77240197601133009
  0.78339013605524754  0.79484634382250663  0.80673102450587242  0.81866180235891972
  0.83097853605372918  0.84352841877470874  0.85559274884084668  0.86673631246668736
  0.87728228765638805  0.88764900303597127  0.89835492034626807  0.90991778995329264
  0.92112097246587699  0.93175363242868225  0.94227514544607238  0.95245982590268941
  0.96231586207130648  0.97152639676825248  0.98106340007573245  1.00000000000000000
 -0.00000521475190911  0.00002806203815251  0.00005839909025242  0.00008512182345829
  0.00011021167959342  0.00013986125280207  0.00017042470031753  0.00020779686411732
  0.00024717373971499  0.00028848649936926  0.00033084141711839  0.00037604937652285
  0.00042453217444729  0.00048104021730697  0.00053851672402862  0.00059504224503402
  0.00064969830950919  0.00070370380604682  0.00075583868620642  0.00080855260266716
  0.00086540002405282  0.00092638857996995  0.00099279463457917  0.00106084441853759
  0.00113004678973978  0.00120553314262921  0.00128624120882999  0.00137088380351802
  0.00145727125368849  0.00154647910809547  0.00164093107392534  0.00174128721883345
  0.00184251992924186  0.00194345924637186  0.00204525444002834  0.00215242990926584
  0.00226360710467032  0.00237675445051868  0.00249421354559197  0.00261962339326726
  0.00275175626217988  0.00288252693433218  0.00302099163574515  0.00316700793320567
  0.00331150184248236  0.00345894166677850  0.00360975606276300  0.00376542546754740
  0.00393711115716856  0.00411959588345177  0.00430459874931458  0.00450454624189069
  0.00470973113056708  0.00493388590510714  0.00519147736211119  0.00546256267353513
  0.00574380171642369  0.00601086737663711  0.00625296488154106  0.00651090700715119
  0.00678129725386477  0.00706758503382048  0.00738203507647919  0.00772344100664987
  0.00810182723705428  0.00852130173123833  0.00897451849012411  0.00944618914209024
  0.00993685399547027  0.01045507523048178  0.01100734419384867  0.01163884145533210
  0.01231707714570150  0.01303964003347912  0.01377841911582594  0.01455417332399969
  0.01536626804370234  0.01625975468987044  0.01721418051232732  0.01837020890100503
  0.01975286632717059  0.02124478812631567  0.02292470076488678  0.02488918660645000
  0.02725438355571743  0.02979252487639699  0.03240974988411990  0.03548633959334691
  0.03934681143184567  0.04490271935323541  0.05259639014794039  0.06261161596438440
  0.07831686575255269  0.10023199782904793  0.16134996063423601  1.00000000000000000
  0.00001275686053824  0.00009758994861460  0.00015790368348600  0.00023626976330206
  0.00032426833041434  0.00042590558612129  0.00054197356778359  0.00065815969232421
  0.00078200955936148  0.00092747259466093  0.00107887582450561  0.00123109246752345
  0.00138217495035981  0.00154202678326588  0.00170863642482778  0.00188528391108379
  0.00206197109205221  0.00224182299987822  0.00242247841333331  0.00261097946733632
  0.00280492654772631  0.00300162496650028  0.00321333603532370  0.00342975957051065
  0.00364472438055050  0.00387166677223542  0.00410995906550920  0.00436233878108865
  0.00463594617522090  0.00493191332389633  0.00525288985923784  0.00558282308209911
  0.00590810273919842  0.00623481525709592  0.00656684155331657  0.00689804015566936
  0.00723264525636004  0.00757854365325273  0.00794264449364146  0.00833380336035123
  0.00871140522715496  0.00908581249199450  0.00948291662628709  0.00989560623729463
  0.01032732611161802  0.01076966083117463  0.01121175171245362  0.01167701118975786
  0.01216606099147860  0.01268122138716577  0.01319843346546576  0.01372640619634137
  0.01425935422480985  0.01481391427777108  0.01543443600000100  0.01611362517538350
  0.01680499034556004  0.01750194180976689  0.01823108052096906  0.01899138959609676
  0.01975913797273804  0.02059038250379190  0.02145239051424886  0.02233286106137113
  0.02318729535364843  0.02401935210197075  0.02494135569915841  0.02594627230332164
  0.02704267213134917  0.02825543550075572  0.02955848079758779  0.03093582778786064
  0.03231341530890573  0.03400522862185223  0.03587573313395102  0.03786338882082635
  0.03990031010283486  0.04194977733349478  0.04398657531618836  0.04607902819140847
  0.04843789403515612  0.05110121104097064  0.05404904003488566  0.05723905304389004
  0.06115528625696031  0.06654480036712893  0.07281595829352615  0.07971773976069517
  0.08901228264286733  0.10002467953317573  0.11276350384324338  0.12837569361586859
  0.14469232266779042  0.19056600122860257  0.36140042838641429  1.00000000000000000
 -0.00293583435661366  0.01087466131651173  0.02255245444369651  0.03439841256124940
  0.04473761510886367  0.05399479148241629  0.06277351377277522  0.07242091364979283
  0.08265603106311101  0.09288642592518220  0.10306823857253047  0.11392051124295693
  0.12446770449435735  0.13460231266325748  0.14444252067594868  0.15525457425954642
  0.16639336204813382  0.17807258385266697  0.18995107491758323  0.20183037578463164
  0.21325708543853519  0.22453533307037668  0.23633471798584543  0.24812592854387105
  0.25918474920372814  0.27010315834517457  0.28128069144974371  0.29242079102262925
  0.30321651951564976  0.31388730803793891  0.32470992810294130  0.33565923006011567
  0.34671531753292245  0.35755742972114085  0.36856118309552521  0.37973576965875810
  0.39075836915542261  0.40153679786659841  0.41231799080008413  0.42349251521161174
  0.43511145327932682  0.44661283777703670  0.45732427779287593  0.46739542448429400
  0.47740184961925808  0.48773828777977357  0.49848783804910202  0.50965155767553083
  0.52097518209214266  0.53247461952653807  0.54406494256355176  0.55512362939765447
  0.56532128416155492  0.57519923408722418  0.58516485962642972  0.59529655324108544
  0.60558403442001851  0.61586659901107721  0.62600902833110705  0.63572901016862748
  0.64549364982374691  0.65593779356821580  0.66654396976377861  0.67677655451162255
  0.68645935232397437  0.69632945696813020  0.70638901213033423  0.71675833185517279
  0.72730750315194792  0.73838692531055694  0.74895064870759975  0.75889035668437754
  0.76859482404907553  0.77857172526329133  0.78878859260264400  0.79910753011480073
  0.80983443423121104  0.82112500370447028  0.83278786859612863  0.84439766933226634
  0.85590927513372272  0.86741307886228736  0.87784403048974291  0.88714545290000446
  0.89639937086229826  0.90594807736423766  0.91532725493850364  0.92431618877804822
  0.93314771577936495  0.94252953005956963  0.95234619682934696  0.96172472447903368
  0.97103294511994753  0.98067784797209978  0.99022164101307342  1.00000000000000000
 -0.00234594865100089  0.01021889575749033  0.02051971083636243  0.03148217790593874
  0.04210920479783380  0.05284409471025649  0.06355586772549102  0.07424369407215120
  0.08507304115516175  0.09610087609281569  0.10711879812411687  0.11776558287688701
  0.12781798572734723  0.13752228992580956  0.14703798638750065  0.15629788746741730
  0.16580337692364136  0.17571163191671776  0.18580747908942830  0.19572612300040984
  0.20552499751772985  0.21585915993564964  0.22690477508259271  0.23806241388598781
  0.24939197794053919  0.26089531073913702  0.27240008027931706  0.28349714059609510
  0.29405842195055570  0.30460611276075295  0.31496773788098459  0.32561335179011680
  0.33643094417670383  0.34768544669154605  0.35888075722598822  0.36962073602739393
  0.37971751640007906  0.38914866840621271  0.39866153125968851  0.40835090009434821
  0.41794590180667235  0.42708441283293269  0.43621447591925538  0.44575543957120423
  0.45555193800369592  0.46538722466367188  0.47510474314749146  0.48493880808799322
  0.49466889856664537  0.50493097809749110  0.51497964454957690  0.52506234286882159
  0.53554787543857008  0.54662201584291559  0.55805800889939361  0.56827303255916306
  0.57829649228354052  0.58840025295115217  0.59880066313626645  0.60926987554263556
  0.61950176356457165  0.62929759573366850  0.63877723560641286  0.64849047586678243
  0.65915219805527514  0.67058782847084597  0.68248461900318469  0.69445554919506947
  0.70575631192557664  0.71629000406380261  0.72599151744055512  0.73572721947049624
  0.74588928228544615  0.75679249482391242  0.76761156955949328  0.77756255308185707
  0.78762305345052430  0.79829704185805594  0.81039715309112226  0.82248540963527828
  0.83436533387482859  0.84522725616005157  0.85623198951604285  0.86694140129651753
  0.87724913517806902  0.88746353093470709  0.89822477272797940  0.91022326475107274
  0.92243486876883229  0.93419987695931783  0.94605287970329299  0.95785129348219200
  0.96912098482577258  0.97960067962441955  0.99004555930039839  1.00000000000000000
 -0.00247711782557449  0.00982906966079972  0.01988332416220170  0.03032662343138887
  0.04076709467016000  0.05147452297381230  0.06224977590743716  0.07288707552042112
  0.08338146131151607  0.09366454431817661  0.10455925038059272  0.11621941928621439
  0.12838075800982593  0.13886557602885008  0.14937333934731753  0.15949336051102189
  0.16961177510963285  0.18013523212759563  0.19052936584317567  0.20028472557492696
  0.20955453864987980  0.21937047716702651  0.22968074294804391  0.24028837914742551
  0.25060917277090539  0.26360931979867813  0.27642220650599492  0.28813196176966965
  0.29919555116306268  0.31079294589626516  0.32280746619194300  0.33474057155782860
  0.34624891874348329  0.35751659003324543  0.36910548655139325  0.38119058352871960
  0.39346982128413410  0.40557648783005246  0.41741876034357045  0.42910257215606429
  0.44065216511607053  0.45207271780767627  0.46340977452677418  0.47461607277092743
  0.48531943942680589  0.49548039138302080  0.50579385993339654  0.51587823000701083
  0.52640971503414413  0.53643382814364715  0.54623400644671882  0.55615110789458444
  0.56676749946875760  0.57795246046054227  0.58890947704499141  0.59947762424473561
  0.60892172192737049  0.61779598225836641  0.62709573726351087  0.63666156635435112
  0.64573774528948391  0.65464345609550167  0.66362861925451821  0.67353294398206776
  0.68463098385560306  0.69708883013822365  0.70897764174273681  0.71959136748086949
  0.72961255392694513  0.73938574697631410  0.74942290684151924  0.75917951105988746
  0.76886686986227959  0.77845161486681769  0.78785952776279944  0.79836006359727885
  0.81003752399910123  0.82294738091730435  0.83498526301326192  0.84597294674241774
  0.85658174677584620  0.86685984072708433  0.87637158322418074  0.88500721352995548
  0.89345647777104198  0.90225108875480975  0.91153257485395112  0.92082305535268849
  0.93111591597282872  0.94150025965130058  0.95200499017852125  0.96201704362918228
  0.97166730655702238  0.98102524239689293  0.99050316338729183  1.00000000000000000
  0.01110858604302488  0.01393771314374107  0.01676264380841911  0.01907093031533342
  0.02117051367016445  0.02338605706627500  0.02543240169064730  0.02737126650161130
  0.02923580219737930  0.03105045531410851  0.03284774040174813  0.03462636780527299
  0.03634902230118975  0.03802245248005362  0.03967203740413559  0.04123249214704262
  0.04280540963880291  0.04437522181252794  0.04591900589089759  0.04746810252209688
  0.04898411028231940  0.05048890293122447  0.05198772121033005  0.05347857813696380
  0.05500820791418352  0.05656475007458635  0.05814801667551478  0.05974630026179056
  0.06133760278473310  0.06287381864801193  0.06433470415753834  0.06576008729741023
  0.06719681889594005  0.06866913037054023  0.07018034073142722  0.07173562740100642
  0.07329619612979801  0.07487188395169483  0.07646318328055665  0.07802877220573551
  0.07960236341753477  0.08121471388652929  0.08282708983423040  0.08440043259831526
  0.08607758514537171  0.08773232536182068  0.08942640499038347  0.09118426511412846
  0.09295090234786997  0.09474039776175680  0.09654532209120477  0.09839450296982380
  0.10033794696475484  0.10232995313461149  0.10438814348740993  0.10656815914501358
  0.10888120805961340  0.11113587919667699  0.11353548769618582  0.11591891175758592
  0.11823707406023795  0.12037577080704187  0.12248006261196477  0.12465120148773676
  0.12713039019489877  0.13008652120456951  0.13321417174135697  0.13660191922637016
  0.13994834412000273  0.14345088542785200  0.14731303484888472  0.15143592252172247
  0.15551653986265424  0.15911027181602658  0.16249760587452300  0.16609818044250901
  0.17001221918984827  0.17408752185181967  0.17839384750759180  0.18261415026283895
  0.18668586478872062  0.19112724326259217  0.19628462373302138  0.20164211788678643
  0.20601139473653468  0.21050154965756063  0.21597311581135448  0.22246084714912340
  0.23069049908427711  0.23941769242246697  0.24948899280859141  0.25940949924421003
  0.27639963404562062  0.29577729378347506  0.81891622818697107  1.00000000000000000
 -0.00344496978964818  0.01422895650445880  0.02877745680880768  0.04282850161435561
  0.05681420520693119  0.06940120308553538  0.08146160200066163  0.09348179358202181
  0.10498688549125680  0.11629498799751878  0.12766639697496215  0.13987377138319115
  0.15146884740713670  0.16228058577642088  0.17254671579175601  0.18237818157460725
  0.19277848834179351  0.20207086901621238  0.21131281726424692  0.21999646264156483
  0.22924652248372690  0.23922458721322390  0.24902184629398930  0.25857920470983620
  0.26801671438348035  0.27749021384009470  0.28689687461498659  0.29674335729579410
  0.30690110289178690  0.31665733515425082  0.32586096204706144  0.33504639135445680
  0.34442634031605796  0.35432589948337917  0.36469588031095779  0.37536900322034578
  0.38631469752902592  0.39719857056835567  0.40833992832145799  0.41963051058898487
  0.43070539296964733  0.44201799716162249  0.45398563948840759  0.46655100229801272
  0.47898400005803377  0.49037537129455783  0.50104490313164241  0.51183597875790920
  0.52290041322279990  0.53344114135174003  0.54430765342472420  0.55625511596436761
  0.56724466234542081  0.57738271530956842  0.58715900005711497  0.59719590509532661
  0.60733498186621238  0.61703539822040521  0.62677938443743786  0.63660828151759308
  0.64632845008743833  0.65671265509404975  0.66703310000487870  0.67651452712116011
  0.68553550287373788  0.69469843552594157  0.70452559386840063  0.71442244286292933
  0.72382576615695837  0.73299796519960059  0.74222762512521390  0.75145495290997810
  0.76013575468371952  0.76822320501525776  0.77631353934167613  0.78443596074105482
  0.79295048666630230  0.80193593002928631  0.81138476394541381  0.82146119374261961
  0.83214754748938158  0.84210891865569948  0.85243850046012615  0.86271286817109782
  0.87266205835498256  0.88277065601255944  0.89217674505210853  0.90175671044400951
  0.91201009799982224  0.92351786165871741  0.93590067653490383  0.94882417919639073
  0.96211124125910585  0.97502455771369123  0.98784272357774305  1.00000000000000000
 -0.01262806915618073  0.29784124726416256  0.39015877113065028  0.44796032475911651
  0.48912116610751732  0.52206250844871260  0.54914591048323780  0.57246405487629826
  0.59157224062918867  0.60886089982710268  0.62532357470840239  0.63983424481367179
  0.65252318783549357  0.66440804033003520  0.67599819373435066  0.68673648535020337
  0.69615734731380174  0.70511803500485004  0.71390545360616053  0.72243587330583026
  0.73039778670038380  0.73735396780791929  0.74389498373588769  0.75016300326840002
  0.75618446207326728  0.76205875494145703  0.76775455266777315  0.77321661125269470
  0.77850951547623248  0.78381279067630005  0.78901365542691970  0.79407515624964287
  0.79887857145960306  0.80358233078498931  0.80819579396243679  0.81264045065444190
  0.81692436500015264  0.82108395764993725  0.82519581632989236  0.82933357866615409
  0.83331618788246475  0.83695736369456153  0.84032589322991980  0.84362643088245914
  0.84687760315422278  0.85018076020451183  0.85352247529223368  0.85685115719209815
  0.86011031434391882  0.86322595742403818  0.86629035269355925  0.86929304414826347
  0.87252907682739067  0.87554190770306084  0.87832165878649160  0.88092020011100092
  0.88343727916200399  0.88597423223505778  0.88862194735527611  0.89120653238364156
  0.89366598017229626  0.89611782058075806  0.89856220197054448  0.90099865816160540
  0.90342260460854062  0.90581581869954764  0.90819196317478368  0.91050460975311731
  0.91283636588974770  0.91516966774248021  0.91748639444424007  0.91976032244653450
  0.92196044310583725  0.92427878002605257  0.92649141376809063  0.92869418216649902
  0.93093654075260779  0.93320937349651378  0.93549277301787725  0.93785093857192148
  0.94037896381901254  0.94293423114600594  0.94557233075744784  0.94813827080632118
  0.95060624738159516  0.95302451835825119  0.95534683053389824  0.95782392744549461
  0.96042841749224606  0.96325644380735020  0.96636622465444588  0.96969031500174629
  0.97323476227096994  0.97738147599135472  0.98473311638766337  1.00000000000000000
   1.6112001835014240E-012  -1.0000000000000000     
 F F F F F F F F F F F F F F F F F F F F F F F F F F F F F F F F F F F F F F F F F F F F F F F F F F F F F F F F F F F F F F F F
  <DiscreteSampler_grid>
  grouped_processes
  1 # 1 for a reference and 2 for a running grid.
  10 # Attribute 'min_bin_probing_points' of the grid.
  1 # Attribute 'grid_mode' of the grid. 1=='default',2=='initialization'
  0.0000000000000000 # Attribute 'small_contrib_threshold' of the grid.
  0.5000000000000000 # Attribute 'damping_power' of the grid.
 # binID   n_entries weight   weight_sqr   abs_weight
    10   10   4.537944508780390E+001   1.788231308298142E+004   4.537944508780390E+001
  </DiscreteSampler_grid>
