  0.04643496006888320  0.05775811710449605  0.06617950101802442  0.07251012438256009
  0.07884074774709576  0.08517534909813040  0.09151967355987502  0.09786399802161962
  0.10417312756951438  0.10515714534256587  0.10614116311561735  0.10712518088866882
  0.10810919866172031  0.10909321643477179  0.11007723420782327  0.11106125198087474
  0.11204526975392623  0.11302928752697770  0.11401330530002918  0.11499732307308067
  0.11598134084613214  0.11696535861918361  0.11794937639223510  0.11893339416528657
  0.11991741193833805  0.12090142971138954  0.12188544748444101  0.12286946525749248
  0.12385348303054397  0.12483750080359544  0.12582660383982072  0.12681671275856984
  0.12780682167731897  0.12879693059606809  0.12978703951481718  0.13077714843356630
  0.13176725735231543  0.13275736627106455  0.13374747518981367  0.13473758410856276
  0.13572769302731189  0.13671780194606101  0.13770791086481013  0.13869801978355922
  0.13968812870230835  0.14067823762105747  0.14166834653980659  0.14265845545855571
  0.14364856437730480  0.14463867329605393  0.14562878221480305  0.14661889113355217
  0.14760900005230129  0.14859910897105041  0.14958921788979954  0.15057932680854869
  0.15156943572729781  0.15255954464604693  0.15354965356479605  0.15453976248354517
  0.15552987140229430  0.15651998032104344  0.15751008923979257  0.15850019815854169
  0.15949030707729081  0.16048041599603993  0.16147052491478905  0.16246063383353818
  0.16345074275228733  0.16444085167103645  0.16543096058978557  0.16642106950853469
  0.19092052180600588  0.19768344944215721  0.20444637707830857  0.21120930471445992
  0.21797223235061136  0.22473515998676277  0.23149808762291416  0.23826101525906548
  0.24502394289521684  0.27236015690924897  0.35698862912119700  0.44161710133314486
  0.52624557354509272  0.61087404575704074  0.69550251796898865  0.78013099018093657
  0.81799508320287584  0.82689376824178351  0.83500401423418469  0.84104961731799033
  0.84709522040179608  0.84876853260679863  0.84876853260680862  1.00000000000000000
  0.00004403832174548  0.00043704971941892  0.00055297269613579  0.00055689383406185
  0.00056081497198792  0.00056473610991398  0.00056865724784005  0.00057257838576611
  0.00057649952369218  0.00058042066161825  0.00058434179954431  0.00058826293747038
  0.00059218407539644  0.00059610521332251  0.00060002635124857  0.00060394748917464
  0.00060786862710070  0.00061178976502677  0.00061571090295283  0.00061963204087890
  0.00062355317880496  0.00062747431673103  0.00063190007919327  0.00063635278098881
  0.00064080548278435  0.00064525818457988  0.00064971088637542  0.00065416358817096
  0.00065861628996649  0.00066306899176203  0.00066752169355757  0.00067197439535310
  0.00067642709714864  0.00068087979894417  0.00068533250073971  0.00068978520253525
  0.00069423790433078  0.00069869060612632  0.00070314330792186  0.00070759600971739
  0.00071204871151293  0.00071700824680712  0.00072206457322405  0.00072712089964097
  0.00073217722605790  0.00073723355247483  0.00074228987889175  0.00074734620530868
  0.00075240253172560  0.00075745885814253  0.00076251518455946  0.00076757151097638
  0.00077262783739331  0.00077768416381023  0.00078274049022716  0.00078779681664409
  0.00079285314306101  0.00079790946947794  0.00080296579589486  0.00080802212231179
  0.00106256258638208  0.00112914104977382  0.00119714583976639  0.00127274992436588
  0.00134869103945028  0.00143454429164226  0.00152039754383425  0.00256311820938240
  0.00336717681995622  0.00352604042210698  0.00368490402425773  0.00386037016406990
  0.00404076990003428  0.00422116963599866  0.00442540138703732  0.00463025677427155
  0.00531719060383632  0.00939680685739955  0.01249245785701045  0.01388152559274453
  0.01541762731338737  0.01714055072391490  0.02543263201825481  0.02657211465044564
  0.02771159728263647  0.02885884677237909  0.03002038077105018  0.03118191476972128
  0.03293033889795994  0.05286372596469667  0.05286372596470667  0.05286372596471667
  0.05286372596472667  0.05286372596473667  0.05286372596474666  1.00000000000000000
  0.00004586113109080  0.00018548887236597  0.00020197269392045  0.00026145540510663
  0.00042192454049734  0.00054096229467267  0.00061235571268986  0.00071118415142946
  0.00114597784205970  0.00180677440487365  0.00189873790484385  0.00199070140481405
  0.00209133406578549  0.00219369332149287  0.00230321011818125  0.00241714028865503
  0.00301530627842069  0.00388839232440696  0.00403523917991519  0.00418208603542342
  0.00433838849323747  0.00450183523936679  0.00466528198549611  0.00484043380286947
  0.00502235692766368  0.00520428005245790  0.00734078738488138  0.01184112083045131
  0.01722394788381238  0.01783989081556342  0.01845583374731446  0.01907832630286122
  0.01976389677454502  0.02044946724622882  0.02113503771791262  0.02189492272740638
  0.02265799158884877  0.02342106045029116  0.03494564261520515  0.03632924139083851
  0.03651994914693177  0.03671065690302502  0.03690136465911827  0.03709207241521153
  0.03728278017130478  0.03747348792739803  0.03766419568349129  0.03785490343958454
  0.03804561119567779  0.03823631895177104  0.03842702670786430  0.03861773446395755
  0.03880844222005080  0.03899914997614406  0.03918985773223731  0.03938056548833056
  0.03957127324442382  0.03976198100051707  0.03995268875661032  0.04014339651270357
  0.04032009938462512  0.04048261444648480  0.04064512950834449  0.04080764457020417
  0.04097015963206385  0.04113267469392353  0.04129518975578322  0.04145770481764290
  0.04162021987950258  0.04178273494136226  0.04194525000322195  0.04210776506508163
  0.04227028012694131  0.04243279518880100  0.04259531025066068  0.04275782531252036
  0.04292034037438004  0.04308285543623973  0.04324537049809941  0.04340788555995909
  0.04357040062181877  0.04373291568367846  0.04389543074553814  0.04405794580739782
  0.04422046086925750  0.04438297593111719  0.04454549099297687  0.04470800605483655
  0.05654645573078800  0.05956641103650790  0.05956641103651790  0.05956641103652790
  0.05956641103653790  0.05956641103654790  0.05956641103655790  1.00000000000000000
  0.01386600335439041  0.01546877030034585  0.01707153724630128  0.01867430419225671
  0.02027707113821214  0.02435753544752389  0.02975500225786355  0.03515246906820322
  0.04054993587854289  0.04699542056905390  0.05371430540085321  0.06043319023265252
  0.12071926282886403  0.20480400276103977  0.28888874269321568  0.37297348262539143
  0.44270872892171959  0.46510210416176856  0.48749547940181764  0.53713159637058028
  0.55643191623227983  0.57203892221279240  0.58764592819330497  0.60325293417381776
  0.68332855598132358  0.76741329591349938  0.85149803584567529  0.87570863237041840
  0.87669216552500107  0.87767569867958362  0.87865923183416617  0.87964276498874872
  0.88062629814333127  0.88160983129791382  0.88259336445249637  0.88357689760707891
  0.88456043076166146  0.88554396391624401  0.88652749707082656  0.88751103022540911
  0.88849456337999166  0.88947809653457421  0.89046162968915676  0.89144516284373931
  0.89242869599832186  0.89341222915290452  0.89439576230748707  0.89537929546206962
  0.89636282861665217  0.89734636177123472  0.89832989492581727  0.89931342808039982
  0.90029696123498237  0.90128049438956503  0.90226402754414758  0.90324756069873013
  0.90423109385331268  0.90521462700789523  0.90619816016247778  0.90718169331706044
  0.90816522647164299  0.90914875962622554  0.91013229278080809  0.91111582593539064
  0.91209935908997319  0.91308289224455574  0.91406642539913840  0.91504995855372095
  0.91603349170830350  0.91701702486288605  0.91800055801746860  0.91898409117205115
  0.91996762432663370  0.92095115748121625  0.92193469063579880  0.92291822379038135
  0.92390175694496390  0.92488529009954645  0.92586882325412911  0.92685235640871166
  0.92783588956329421  0.92881942271787676  0.92980295587245931  0.93078648902704186
  0.93177002218162441  0.93275355533620696  0.93373708849078951  0.93472062164537206
  0.93570415479995461  0.93668768795453716  0.95213812619244353  0.96652281352593672
  0.97536367169387539  0.98378627166811117  0.99189313583405569  1.00000000000000000
  0.05695139964421592  0.32650493037912504  0.34095476947181136  0.36334911636578227
  0.44555863616610475  0.48408930129644023  0.49241594796708271  0.50074259463772519
  0.50906924130836761  0.51739588797901004  0.52572253464965257  0.53404918132029511
  0.54866826217507503  0.58696675335352466  0.59324933152246251  0.59953190969140024
  0.60581448786033809  0.61209706602927572  0.61837964419821345  0.62466222236715119
  0.63094480053608892  0.63722737870502666  0.64350995687396439  0.69764073828461981
  0.75213637217912155  0.75802007778932334  0.76390378339952525  0.76978748900972704
  0.77567119461992895  0.78155490023013097  0.78743860584033287  0.79332231145053478
  0.79920601706073657  0.80508972267093848  0.81097342828114027  0.85918163951001603
  0.88063997820957141  0.90209831690912701  0.91694305509018037  0.91780384549990446
  0.91866463590962855  0.91952542631935263  0.92038621672907672  0.92124700713880081
  0.92210779754852490  0.92296858795824888  0.92382937836797296  0.92469016877769705
  0.92555095918742114  0.92641174959714523  0.92727254000686932  0.92813333041659341
  0.92899412082631749  0.92985491123604158  0.93071570164576567  0.93157649205548965
  0.93243728246521373  0.93329807287493782  0.93415886328466191  0.93501965369438600
  0.93588044410411009  0.93674123451383418  0.93757811238736832  0.93823715129259222
  0.93889619019781601  0.93955522910303979  0.94021426800826358  0.94087330691348736
  0.94153234581871115  0.94219138472393493  0.94285042362915872  0.94350946253438250
  0.94416850143960629  0.94482754034483007  0.94548657925005386  0.94614561815527765
  0.94680465706050143  0.94746369596572522  0.94812273487094900  0.94878177377617279
  0.94944081268139657  0.95009985158662036  0.95075889049184414  0.95141792939706793
  0.95207696830229172  0.95273600720751550  0.95339504611273929  0.95405408501796307
  0.95471312392318686  0.95537216282841064  0.95603120173363443  0.95669024063885821
  0.95734927954408200  0.95800831844930578  0.96244156757990507  1.00000000000000000
  0.02866208155949913  0.03330174532644724  0.03794140909339535  0.04326765322275372
  0.05139100077553060  0.05951434832830747  0.11322955971956924  0.19343941533181594
  0.25427830023687070  0.26878876210594543  0.28329922397502033  0.29780968584409517
  0.31232014771316996  0.33317584951285328  0.35411118546246290  0.37517823815935808
  0.45538809377160477  0.50272014522844366  0.50884921894741397  0.51497829266638440
  0.52105205088302931  0.52594392788775568  0.53083580489248217  0.53572768189720854
  0.54061955890193503  0.54551143590666140  0.55040331291138778  0.55529518991611415
  0.56018706692084053  0.56552602312261946  0.57126594355383176  0.57700586398504417
  0.58274578441625657  0.62531751625421583  0.62615713433147868  0.62699675240874153
  0.62783637048600438  0.62867598856326723  0.62951560664053008  0.63035522471779293
  0.63119484279505589  0.63203446087231874  0.63287407894958159  0.63371369702684444
  0.63455331510410729  0.63539293318137013  0.63623255125863298  0.63707216933589594
  0.63791178741315879  0.63875140549042164  0.63959102356768449  0.64043064164494734
  0.64127025972221019  0.64210987779947304  0.64294949587673600  0.64378911395399885
  0.64462873203126170  0.64546835010852455  0.64619671568496329  0.64683953066116939
  0.64748234563737539  0.64812516061358139  0.64876797558978749  0.64941079056599349
  0.65005360554219960  0.65069642051840559  0.65133923549461159  0.65198205047081770
  0.65262486544702369  0.65326768042322980  0.65391049539943580  0.65455331037564179
  0.65519612535184790  0.65583894032805390  0.65648175530426001  0.65712457028046600
  0.65776738525667211  0.65841020023287811  0.65905301520908410  0.65969583018529021
  0.66033864516149621  0.66098146013770231  0.66162427511390831  0.66226709009011431
  0.66290990506632042  0.66355272004252641  0.66419553501873252  0.66483834999493852
  0.66548116497114451  0.66612397994735062  0.67916057755101877  0.75937043316326547
  0.80498916308085122  0.80498916308086121  0.80498916308087121  1.00000000000000000
  0.00795015573046705  0.01097415079483300  0.01399814585919895  0.01702214092356490
  0.02004613598793085  0.02487306319222751  0.03033449721064582  0.03579593122906413
  0.04125736524748245  0.04711043648193079  0.05299523642998234  0.05888003637803389
  0.06287204440680785  0.06383873982785843  0.06480543524890897  0.06577213066995953
  0.06673882609101009  0.06770552151206065  0.06867221693311121  0.06963891235416177
  0.07060560777521233  0.07157230319626288  0.07253899861731344  0.07350569403836399
  0.07447238945941455  0.07543908488046511  0.07640578030151567  0.07737247572256623
  0.07833917114361678  0.07930586656466733  0.08027256198571789  0.08123925740676845
  0.08220595282781901  0.08317264824886957  0.08413930276768440  0.08510594913228718
  0.08607259549688996  0.08703924186149274  0.08800588822609552  0.08897253459069830
  0.08993918095530108  0.09090582731990386  0.09187247368450664  0.09283912004910942
  0.09380576641371220  0.09477241277831498  0.09573905914291776  0.09670570550752054
  0.09767235187212332  0.09863899823672610  0.09960564460132888  0.10057229096593166
  0.10153893733053444  0.10250558369513722  0.10347223005974000  0.10437839472056380
  0.10513026399715156  0.10588213327373933  0.10663400255032709  0.10738587182691486
  0.10813774110350262  0.10888961038009039  0.10964147965667814  0.11039334893326591
  0.11114521820985368  0.11189708748644143  0.11264895676302920  0.11340082603961697
  0.11415269531620473  0.11490456459279250  0.11565643386938027  0.11640830314596802
  0.11716017242255579  0.11791204169914354  0.11866391097573131  0.11941578025231908
  0.12016764952890684  0.12091951880549461  0.12167138808208236  0.12242325735867013
  0.12317512663525788  0.12392699591184565  0.12467886518843342  0.16831454014574249
  0.24392230922340302  0.31953007830106356  0.39513784737872409  0.41633272568384816
  0.41633272568385815  0.41633272568386814  0.41633272568387814  0.41633272568388813
  0.41633272568389812  0.41633272568390811  0.41633272568391810  1.00000000000000000
  0.00796126921971636  0.10921742737275164  0.11426818807883656  0.11931894878492146
  0.12436970949100637  0.12992587891521162  0.13555411178606189  0.14118234465691215
  0.14699139574557080  0.15366101319861564  0.16033063065166048  0.17043861705993077
  0.24585488219403900  0.32127114732814721  0.39668741246225547  0.41731142395867671
  0.41818854893467938  0.41906567391068211  0.41994279888668484  0.42081992386268752
  0.42169704883869025  0.42257417381469292  0.42345129879069565  0.42432842376669833
  0.42520554874270106  0.42608267371870379  0.42695979869470646  0.42783692367070919
  0.42871404864671186  0.42959117362271459  0.43046829859871732  0.43134542357472000
  0.43222254855072273  0.43309967352672540  0.43397679850272813  0.43485392347873086
  0.43573104845473354  0.43660817343073627  0.43748529840673900  0.43836242338274167
  0.43923954835874440  0.44011667333474708  0.44099379831074981  0.44187092328675248
  0.44274804826275521  0.44362517323875794  0.44450229821476062  0.44537942319076335
  0.44625654816676602  0.44713367314276875  0.44801079811877148  0.44888792309477415
  0.44976504807077688  0.45064217304677956  0.45151929802278229  0.45239642299878502
  0.45327354797478769  0.45415067295079042  0.45502779792679310  0.45590492290279583
  0.45678204787879856  0.45765917285480123  0.45853629783080396  0.45941342280680669
  0.46029054778280937  0.46116767275881210  0.46204479773481483  0.46292192271081756
  0.46379904768682023  0.46467617266282296  0.46555329763882569  0.46643042261482842
  0.46730754759083110  0.46818467256683383  0.46906179754283656  0.46993892251883929
  0.47081604749484196  0.47169317247084469  0.47257029744684742  0.47344742242285015
  0.47432454739885288  0.47520167237485555  0.47607879735085828  0.47695592232686101
  0.47783304730286374  0.47871017227886642  0.51533299282460687  0.59074925795871513
  0.66616552309282351  0.70188797888040277  0.72133541590220274  0.77375120459767288
  0.84916746973178125  0.92458373486588952  0.97698367039362588  1.00000000000000000
  0.11936533053716022  0.12529156974717193  0.15190146775144020  0.23666747013473996
  0.31411622791761290  0.32945194191233140  0.34478765590705002  0.36012336990176858
  0.37753752167503629  0.45873545812107658  0.46732106850537602  0.47590667888967547
  0.48449228927397492  0.49307789965827425  0.50166351004257370  0.51024912042687298
  0.51883473081117237  0.58586706991680526  0.64772857515558635  0.65420654950190060
  0.66068452384821474  0.66716249819452900  0.67364047254084314  0.68011844688715728
  0.68659642123347142  0.69307439557978556  0.69955236992609959  0.70603034427241373
  0.76296411662029795  0.83436371035817325  0.84043040769907196  0.84649710503997067
  0.85256380238086937  0.85863049972176808  0.86469719706266668  0.87076389440356539
  0.87683059174446398  0.88289728908536258  0.88896398642626129  0.89503068376715988
  0.91721866359239279  0.91810623095824828  0.91899379832410366  0.91988136568995915
  0.92076893305581464  0.92165650042167002  0.92254406778752551  0.92343163515338100
  0.92431920251923638  0.92520676988509187  0.92609433725094725  0.92698190461680274
  0.92786947198265823  0.92875703934851361  0.92964460671436910  0.93053217408022459
  0.93141974144607997  0.93230730881193546  0.93319487617779096  0.93408244354364633
  0.93497001090950183  0.93585757827535732  0.93674514564121270  0.93759819351738372
  0.93825489901666903  0.93891160451595435  0.93956831001523977  0.94022501551452509
  0.94088172101381040  0.94153842651309572  0.94219513201238103  0.94285183751166635
  0.94350854301095166  0.94416524851023698  0.94482195400952240  0.94547865950880772
  0.94613536500809303  0.94679207050737835  0.94744877600666366  0.94810548150594898
  0.94876218700523429  0.94941889250451961  0.95007559800380492  0.95073230350309035
  0.95138900900237566  0.95204571450166098  0.95270242000094629  0.95335912550023161
  0.95401583099951692  0.95467253649880224  0.95532924199808755  0.95598594749737287
  0.95664265299665829  0.95729935849594361  0.95763326088587430  1.00000000000000000
   1.3422669381349145E-010  -1.0000000000000000     
 F F F F F F F F F F F F F F F F F F F F F F F F F F F F F F F F F F F F F F F F F F F F F F F F F F F F F F F F F F F F F F F F
  <DiscreteSampler_grid>
  grouped_processes
  1 # 1 for a reference and 2 for a running grid.
  10 # Attribute 'min_bin_probing_points' of the grid.
  1 # Attribute 'grid_mode' of the grid. 1=='default',2=='initialization'
  0.0000000000000000 # Attribute 'small_contrib_threshold' of the grid.
  0.5000000000000000 # Attribute 'damping_power' of the grid.
 # binID   n_entries weight   weight_sqr   abs_weight
    10   10   2.443738507682658E+004   5.055661351533796E+009   2.443738507682658E+004
  </DiscreteSampler_grid>
