  0.00937061721308402  0.01640808094863943  0.02703924494407301  0.03996758455997156
  0.05156154940535788  0.06230611686143557  0.07219874614185184  0.08202633206184506
  0.09212516996175342  0.10264544092063163  0.11269563533251746  0.12247023097200010
  0.13250456560961937  0.14223398977517029  0.15139144505233337  0.16038927201122513
  0.16977720748588113  0.17964129784265045  0.18946821435948330  0.19928947368761032
  0.20957656417017700  0.21988891895995794  0.22994822922251612  0.23970048159591389
  0.24934242813230087  0.25895701927962250  0.26885868004239150  0.27933582810134927
  0.29026950380036698  0.30096628736175673  0.31158851648628288  0.32119284702255535
  0.33031162406229780  0.33954799792491031  0.34930110313618268  0.35912482210191421
  0.36903080393116411  0.37870016905518761  0.38913501826142144  0.39919242874350136
  0.40963350783669111  0.42048932666497107  0.43164428096646612  0.44301233547928326
  0.45462229751318223  0.46649997548326883  0.47849024200086454  0.49073308932644638
  0.50359153243614263  0.51701459317440346  0.53042478217319977  0.54350340749533288
  0.55381816729022859  0.56417834960112123  0.57337613067487092  0.58259761356885198
  0.59190828400032802  0.60203930028049246  0.61318699779632813  0.62505839965772214
  0.63745002796716410  0.64877277209873274  0.65850397311267717  0.66817925232078612
  0.67787240900606915  0.68852273909580641  0.69899180107165648  0.70961042281425946
  0.72116200941291897  0.73297691336647786  0.74453436187644639  0.75594149601533445
  0.76724286028765987  0.77800643260639868  0.78865159350110403  0.79898958935619646
  0.80916488667962272  0.81974563179259607  0.83058427628501341  0.84178398532876042
  0.85337131134052868  0.86468516119752103  0.87585937046519813  0.88639887257735117
  0.89693701951791438  0.90713456670643466  0.91682683423124012  0.92677605068390312
  0.93721062839803781  0.94759091250249250  0.95739636730071820  0.96643905753826032
  0.97514140983556030  0.98434626830168526  0.99052505929686796  1.00000000000000000
  0.00002584344098723  0.00003606052223009  0.00004665506779993  0.00005911614073611
  0.00007308212829853  0.00008872004403276  0.00010712415185572  0.00012856597452561
  0.00015327361293936  0.00017979423141244  0.00020754210008617  0.00023681913689576
  0.00026804537398638  0.00029921950485581  0.00033227631219310  0.00036999289740663
  0.00041233955969819  0.00045730939038346  0.00050408097378365  0.00055319623952174
  0.00060663019767974  0.00066168364783048  0.00071672110521169  0.00077218711298145
  0.00083179201824420  0.00089226707272712  0.00096052489303150  0.00102859967654135
  0.00109579428539670  0.00116280500283000  0.00123067682731169  0.00130370988363870
  0.00137957846659377  0.00146117689492141  0.00154787398851403  0.00163688916345345
  0.00172974605754748  0.00182638336434604  0.00192325241217643  0.00202774185924864
  0.00212838979014828  0.00223554189639832  0.00235554570438343  0.00248302861838800
  0.00260957917793092  0.00274039352767739  0.00287014283001188  0.00301180943118212
  0.00315819044461874  0.00329621154147007  0.00343756802188740  0.00358320283715690
  0.00373557444881940  0.00390660717829807  0.00408854489516093  0.00426489940767593
  0.00443662729034606  0.00461586600471073  0.00480873229767072  0.00501845648929310
  0.00523629703754578  0.00545611181260947  0.00568303515220931  0.00592128368612797
  0.00617257479016162  0.00644955304794267  0.00673641220739696  0.00703429702699514
  0.00736094558438665  0.00770184121911310  0.00806213968315283  0.00845016768835005
  0.00884616164344048  0.00932458569414621  0.00992308430065570  0.01053356770657233
  0.01116459437565118  0.01180916873398356  0.01249130122481104  0.01324919167940989
  0.01410718521714958  0.01507663442066732  0.01613538997608218  0.01723207695330310
  0.01851603239567166  0.02021454213612987  0.02234342879527722  0.02497673096934412
  0.02842865212779205  0.03296279255922745  0.03877540311603505  0.04624819887065152
  0.05854729953658340  0.09203877907243432  0.36006812436905700  1.00000000000000000
 -0.00000444791350525  0.00002163984221028  0.00005156968151545  0.00008056963419122
  0.00010713113270949  0.00013316601555097  0.00016358568372916  0.00019572283775450
  0.00022904792353553  0.00026537163476474  0.00030484275473620  0.00034501094642133
  0.00038568465944191  0.00042670920563579  0.00046929240851741  0.00051410695944208
  0.00056272460436077  0.00061603942605561  0.00066969876559676  0.00072172274352281
  0.00077342804136150  0.00082872028210969  0.00088675647108276  0.00094810482945770
  0.00101162706089151  0.00107931514019998  0.00115065159789223  0.00122187391805521
  0.00129088752336307  0.00135734758924381  0.00142125674695849  0.00148538091730864
  0.00155620851574764  0.00163625371775815  0.00173776459395060  0.00183965206598812
  0.00193670291895958  0.00203128223388735  0.00212772482161628  0.00222988928697857
  0.00233569160768179  0.00244315784163216  0.00256077176348077  0.00268077383707478
  0.00281012047020752  0.00294987422849230  0.00309029665130118  0.00323244816409371
  0.00338156113015529  0.00352532407888827  0.00367253325830017  0.00382342452177623
  0.00398177527595258  0.00414859820319792  0.00432431073870563  0.00451088699432299
  0.00470422493020003  0.00492685029376052  0.00516698983983712  0.00541393046211368
  0.00567839923041763  0.00595505307864806  0.00623949764037265  0.00653394839132023
  0.00684326736569164  0.00717634879530975  0.00753830821146016  0.00789973241030546
  0.00829070853647019  0.00871288588882744  0.00916275825089930  0.00962969745224552
  0.01021000788680741  0.01084540726030791  0.01151247995952136  0.01219066136447342
  0.01284563736840509  0.01351680295146483  0.01431072183838480  0.01521105961111487
  0.01625045260658538  0.01738649046140806  0.01867314734212330  0.02009410370022703
  0.02174565753873937  0.02373226357725472  0.02601703780674249  0.02850715948525232
  0.03150525742236640  0.03591586530373327  0.04190653829429068  0.04876180377663386
  0.05819040499736793  0.07454998972173764  0.40917656814748260  1.00000000000000000
 -0.00293275206180143  0.01123996020373452  0.02258976281571076  0.03254893322027611
  0.04223643544910597  0.05095508387645550  0.05962081369122929  0.06841926888739960
  0.07794442377756984  0.08866990138654703  0.10021849405296418  0.11154366145772607
  0.12270335557285229  0.13391382962897880  0.14488499767685475  0.15550736979099281
  0.16613385108568191  0.17683267207273778  0.18730532760041985  0.19777620247307701
  0.20850712414206529  0.21931327124230610  0.23034009853989648  0.24113087805452721
  0.25158025576440524  0.26187992524057940  0.27236861806099200  0.28285946922645916
  0.29313537820913188  0.30380658546081502  0.31533645440914715  0.32768286402361069
  0.34073158138755066  0.35404402601983198  0.36701790637764342  0.37887717360902584
  0.38970258141352115  0.40030939920795422  0.41144869364099196  0.42316635946655967
  0.43404208476107453  0.44400799668088964  0.45357594392362277  0.46317307154414800
  0.47242078916156410  0.48169753577055230  0.49093738569711687  0.50042789025977519
  0.51047710768492072  0.52123881465905209  0.53394371345937841  0.54650943271484409
  0.55838395560111342  0.56959836384906626  0.58031713446534150  0.59019642437028286
  0.59985563251386798  0.60997661491733324  0.62040165008293968  0.63076119745492221
  0.64107039726321979  0.65163946668547568  0.66262492811872409  0.67449846781378897
  0.68615516774094787  0.69657085430739440  0.70602212182927304  0.71552564632811111
  0.72515901549623485  0.73457903655611245  0.74429454443208343  0.75452027176822611
  0.76504810454676042  0.77543168821153585  0.78628379990777764  0.79772671841341869
  0.80883176278493107  0.81901403668021178  0.82878827484387785  0.83879740861247809
  0.84876881227564316  0.85817784155500665  0.86710397714757048  0.87611643958298524
  0.88556622352886183  0.89537021504266656  0.90528672756178807  0.91444125101893159
  0.92398660096471052  0.93344939585449993  0.94361871163602051  0.95366838021804012
  0.96458843398488436  0.97600389530637810  0.98792813297574011  1.00000000000000000
 -0.00244640608143295  0.01023257119111835  0.02115269628252875  0.03199145136460500
  0.04211608786176579  0.05208299993973988  0.06189621671506271  0.07238169934987351
  0.08248721487292399  0.09524854888444226  0.10821525895913753  0.12110836380046736
  0.13303524956077600  0.14474278514668490  0.15666171421051595  0.16799944768294237
  0.17882397109943007  0.18960879127283670  0.20070905658395286  0.21151973773656302
  0.22245516581855851  0.23361696466594264  0.24480298872597925  0.25615097094423661
  0.26772535330593933  0.27932415231592445  0.29086780844206411  0.30253160939290458
  0.31412671924334329  0.32491535273124150  0.33543659029668255  0.34594174614696194
  0.35623411712308656  0.36659346343983368  0.37726018829701313  0.38837821028512237
  0.39936050915287880  0.41053724175958328  0.42181841398679271  0.43289175743700059
  0.44384898730344124  0.45423381047389610  0.46418778231748931  0.47416111934189564
  0.48497876670472195  0.49647159627427007  0.50764462799169363  0.51831995696870348
  0.52895773273439683  0.53958083763440012  0.55002365894192540  0.56044431613619106
  0.57038327261341570  0.57969993276249876  0.58913347699742957  0.59849233026235027
  0.60725524147544685  0.61560496515396934  0.62443095684972616  0.63413010600408648
  0.64390434034204991  0.65310492060191006  0.66196556974785814  0.67103044469176321
  0.68088537808640859  0.69127147206315220  0.70216436142848360  0.71306892958593437
  0.72392246745652256  0.73457337168003001  0.74458646475810741  0.75428328128699873
  0.76392522386796202  0.77391176386791127  0.78486695549161489  0.79641936198446706
  0.80789267241756624  0.81868109302862779  0.82895033315698952  0.83919983673220688
  0.84970047854841246  0.86050699755508908  0.87144299909118061  0.88163028727716597
  0.89101780424087640  0.89988387548409321  0.90817715393006038  0.91685560985553438
  0.92648909946155289  0.93614711609887580  0.94614081921677007  0.95650611491189363
  0.96706516227034767  0.97776089676931432  0.98884409944147822  1.00000000000000000
 -0.00208233759509540  0.01002109221561541  0.01955234233492662  0.02917990707321436
  0.03917832439375762  0.04970885173843113  0.06050829454160888  0.07031929402164305
  0.07924369510160145  0.08816842139485342  0.09742848651902622  0.10718336040187873
  0.11734049700971215  0.12766490498816752  0.13802126402560957  0.14831640118663472
  0.15863903881663063  0.16940410367936048  0.17969618015423416  0.18988833110267583
  0.20089628695370218  0.21281057043056961  0.22554405726175589  0.23713451803544638
  0.24854510386410897  0.25996910387566802  0.27095790397079034  0.28145845114632617
  0.29188796887502283  0.30281735403813909  0.31357475904633536  0.32407874445645807
  0.33425003686860039  0.34487501743541465  0.35585384255188163  0.36629999351030940
  0.37577060216007929  0.38445171042580473  0.39353220052175852  0.40360577630734551
  0.41451054187735764  0.42401008453598643  0.43333141760370497  0.44243710546711890
  0.45243135080788166  0.46214074823803863  0.47271279550485551  0.48349278156409448
  0.49475337758857735  0.50595305608393437  0.51754290126040037  0.52932302662043729
  0.54030790828167652  0.55118517440021242  0.56213123973095125  0.57295861585315588
  0.58387260778050221  0.59518205370796307  0.60660932717959148  0.61776542742856044
  0.62832531479767550  0.63886003087016174  0.64934156055851111  0.65880184782212825
  0.66886396803557024  0.67843356151809231  0.68822113224757397  0.69807297498752874
  0.70862482626728995  0.71943718646382260  0.73042099734149779  0.74032896158893002
  0.75018961564552766  0.76027086650420217  0.77091223698573985  0.78174704706776987
  0.79279814556400641  0.80491084222337272  0.81771843191779625  0.83075965984318401
  0.84322812177211337  0.85536758649238986  0.86623668942851872  0.87744359544219053
  0.88769032256656955  0.89827445771595882  0.90888541220677577  0.91900576673176959
  0.92862304812824448  0.93827133652261840  0.94793325141601603  0.95771573025092638
  0.96786787666909346  0.97874758450756127  0.98955976935723622  1.00000000000000000
  0.01054961714600769  0.01393447827361161  0.01689632206817793  0.01915857608836821
  0.02111546560485779  0.02304524327246994  0.02494121638062359  0.02677870486221148
  0.02862564768564082  0.03038215733537409  0.03206312814521244  0.03368706456490784
  0.03527758152104669  0.03684502693954429  0.03844606300868215  0.04008037211499792
  0.04171564411033276  0.04322312692527574  0.04475414140379019  0.04635244894311085
  0.04794430876377647  0.04948302866331059  0.05102248460007267  0.05254693508304532
  0.05408063856206640  0.05561991317156838  0.05717487957802551  0.05877073446480040
  0.06043612652907322  0.06208796950137022  0.06371878595349416  0.06523241270345573
  0.06673518956290643  0.06824912592325669  0.06978078619182394  0.07136596049615532
  0.07302126026040322  0.07473372605566851  0.07652218305877799  0.07837400978050560
  0.08020595576152634  0.08199998526462240  0.08382102678235973  0.08570321181703899
  0.08763385470030766  0.08961152146768685  0.09173386302516399  0.09377714500491532
  0.09589541427943636  0.09801712173035836  0.10020179109641872  0.10245332550989714
  0.10474215620052651  0.10711999104135975  0.10949816492289738  0.11180033775734287
  0.11407393709528373  0.11647003464477565  0.11878728244550506  0.12106521177484671
  0.12334930884204062  0.12565492640105808  0.12822866758116724  0.13078020806133300
  0.13335339724310247  0.13613478421606723  0.13930157153768349  0.14257474090732475
  0.14575995726441587  0.14913367291353125  0.15249057016809586  0.15599087512053525
  0.15999161044378993  0.16445990415060735  0.16926708363350404  0.17415404224011999
  0.17869885084009612  0.18340634288291610  0.18731106767215902  0.19239119609322539
  0.19774624321463899  0.20487456803701093  0.21169559597301807  0.21843892215537355
  0.22477162153942937  0.23217256532059696  0.23987028652870376  0.24817578583662323
  0.25912179754290882  0.27105178498516636  0.28202493850760851  0.30196258318105557
  0.35191407341207870  0.46943433331283829  0.76320505805955874  1.00000000000000000
 -0.00274501754604014  0.01157217696843522  0.02399374296041096  0.03716925364459194
  0.04941027747848160  0.06141480711844265  0.07307132063177751  0.08417435844204310
  0.09465457150950428  0.10582827335208722  0.11884319962240607  0.13258363643174015
  0.14594468543234157  0.15905279362805574  0.17143436662395675  0.18358056318619645
  0.19553626609200797  0.20673007430594970  0.21695950208735285  0.22731674204152291
  0.23845289678214621  0.24944874381472693  0.26026642672930189  0.27110442883652475
  0.28249160557334740  0.29359512697029821  0.30474118287320073  0.31496753257508014
  0.32522370823346181  0.33549371524351573  0.34579827887814163  0.35529025906526912
  0.36402592273567091  0.37251022186681854  0.38161495586161570  0.39109850052848616
  0.40043864635781140  0.40971454348272524  0.41932766624627837  0.42893343834763503
  0.43797063426580612  0.44683711628566930  0.45619647835245403  0.46587204949897593
  0.47538095630413624  0.48467121296890792  0.49410938329141851  0.50380324384577646
  0.51327086368112274  0.52277032215674690  0.53282738350469350  0.54321999015010980
  0.55380652801588104  0.56426881439119114  0.57416535767424748  0.58372160599705181
  0.59293101584362740  0.60186403818580914  0.61058736785945256  0.61922797723967526
  0.62850597528632068  0.63872569059120299  0.64901821698957829  0.65945735353893153
  0.66975032514056265  0.67951807363118777  0.68912472389859880  0.69933984908568814
  0.70996698763401711  0.72098643124344175  0.73168012094866142  0.74198333548620299
  0.75163140824258501  0.76031372049640877  0.76963188354135004  0.77905951471476309
  0.78865421262979363  0.79843566942698874  0.80868841372180922  0.81921147026243257
  0.83015755266431979  0.84093626211139072  0.85176470709147278  0.86266163928312045
  0.87313836181314630  0.88429213338736845  0.89570543185659035  0.90736055160620699
  0.91901397254440120  0.93001827503419132  0.94131210895609774  0.95237488096389655
  0.96458266336623366  0.97640271095154008  0.98815515102566986  1.00000000000000000
  0.02735952968737173  0.31364274869778302  0.41126766203572612  0.47390224269742803
  0.51813182855477280  0.55146481614726495  0.57948568406719025  0.60231416947659455
  0.62229327491173370  0.64100622540171481  0.65748485113450217  0.67211834414394100
  0.68567387578854910  0.69811666420482199  0.70922736386097451  0.71957923474564234
  0.72915819386209979  0.73797045689274754  0.74604177968557117  0.75353145441902980
  0.76064246431054050  0.76785429293625773  0.77457969919238545  0.78081278252035702
  0.78687934195062870  0.79257000104554243  0.79796287719990877  0.80315582864718027
  0.80806278069192905  0.81286303260508042  0.81756218895088462  0.82219350165571425
  0.82675780083044603  0.83109400096294284  0.83510401454652483  0.83879284933986387
  0.84232976603996190  0.84574288187885682  0.84901297002212084  0.85227455369452820
  0.85550918731218351  0.85873926422367530  0.86213584061623694  0.86539284330169886
  0.86858973347080570  0.87164452880724508  0.87455566860449341  0.87732539316759361
  0.88001203587882570  0.88271579955494361  0.88541968258578740  0.88811369703530685
  0.89075313274489076  0.89327228449005502  0.89564177842370263  0.89790145370987917
  0.90011047705952096  0.90233070540241589  0.90461835776911048  0.90698338993631278
  0.90933640435220731  0.91169661550071623  0.91403229003501874  0.91627245266733504
  0.91833577323356164  0.92029621067484380  0.92231307138838670  0.92428500401290925
  0.92623229926849127  0.92819996442377273  0.93016523305984622  0.93208988244257029
  0.93400603365211610  0.93585768573188133  0.93770484089904438  0.93949858313307155
  0.94130970162353877  0.94318199855147489  0.94511554875174630  0.94707319471211571
  0.94904276474337645  0.95102354935375122  0.95301205049100224  0.95496078212438729
  0.95685924423930713  0.95877116307090149  0.96090233890809440  0.96305549782583333
  0.96522653954573545  0.96756085419949656  0.97013282886856389  0.97287076502584457
  0.97602218961005094  0.98031671334401260  0.98743520142876451  1.00000000000000000
   1.5109985038416473E-007  -1.0000000000000000     
 F F F F F F F F F F F F F F F F F F F F F F F F F F F F F F F F F F F F F F F F F F F F F F F F F F F F F F F F F F F F F F F F
  <DiscreteSampler_grid>
  grouped_processes
  1 # 1 for a reference and 2 for a running grid.
  10 # Attribute 'min_bin_probing_points' of the grid.
  1 # Attribute 'grid_mode' of the grid. 1=='default',2=='initialization'
  0.0000000000000000 # Attribute 'small_contrib_threshold' of the grid.
  0.5000000000000000 # Attribute 'damping_power' of the grid.
 # binID   n_entries weight   weight_sqr   abs_weight
    10   10   1.727680014380622E+005   1.201437444368149E+011   1.727680014380622E+005
  </DiscreteSampler_grid>
