  0.00955250807047150  0.01607028669655856  0.02557006365296977  0.03690309365986367
  0.04712719528179823  0.05673879860400513  0.06648642055136135  0.07669234796945371
  0.08709983753950992  0.09702329495440633  0.10677662581199036  0.11708635190047534
  0.12770797593646788  0.13850091902613412  0.14897505945463216  0.15918695563181770
  0.16885777941020919  0.17778006079128950  0.18658382336959103  0.19573204793766094
  0.20489188746397308  0.21388924144904264  0.22323197083435259  0.23321566263721724
  0.24305302116100716  0.25258957026730122  0.26199561824039497  0.27216628199372972
  0.28290645183840768  0.29435512051486518  0.30561672183862898  0.31645245703286373
  0.32698284677482675  0.33696309603495678  0.34649577440050955  0.35613385765796141
  0.36576727793688979  0.37578383112101443  0.38562039400265474  0.39625959439085501
  0.40768954858903428  0.41945962555805932  0.43119831044790924  0.44229686649692090
  0.45333017104941054  0.46373779455828301  0.47432104007017345  0.48442006195724763
  0.49485456871676120  0.50490858775193392  0.51472228937510156  0.52467106692470522
  0.53514764095174272  0.54608510473445371  0.55703178249658980  0.56933779684787822
  0.58294230075947628  0.59707575773993149  0.61037611176581186  0.62271143471683621
  0.63343085950928013  0.64364522503634269  0.65406571803878855  0.66429071934318917
  0.67446388508864441  0.68475636968651532  0.69582161902867612  0.70708611253332954
  0.71811876268788000  0.72860912080882512  0.73869976838284501  0.74885208743648879
  0.75867052524169987  0.76832529936984617  0.77780642885559426  0.78742219617889375
  0.79744651561146618  0.80796922727729759  0.81892966680916668  0.82984966509206104
  0.84057694916459047  0.85115709521749328  0.86188314502048646  0.87220698371085903
  0.88228765916398155  0.89231316192616261  0.90260349162184839  0.91306510562317034
  0.92322923432785553  0.93349501433155779  0.94387131636775790  0.95422135031145328
  0.96438142815058137  0.97459978069053710  0.98649614118174789  1.00000000000000000
  0.00003327006244397  0.00006074301752333  0.00008592096131569  0.00011238492029754
  0.00014206884763974  0.00017200097696923  0.00020356711180798  0.00023803564563340
  0.00027972344359095  0.00032981525054763  0.00037989107379850  0.00043081036567950
  0.00048484392472716  0.00054526496686773  0.00060699077243854  0.00067462932518147
  0.00074018301159906  0.00080510527455112  0.00087171497456281  0.00094044630822647
  0.00101350021593497  0.00109101247690212  0.00117137045747041  0.00125369357366585
  0.00134027525496531  0.00143315718690570  0.00153080723266712  0.00163123449414911
  0.00173457284977088  0.00184139647942361  0.00195256097730212  0.00206801197392762
  0.00218150418421141  0.00229346520654534  0.00240770458902189  0.00252454164352330
  0.00264563052669473  0.00278040899803974  0.00292487939436544  0.00308112470514932
  0.00325102539769142  0.00343106223465183  0.00361794609612005  0.00382014054526501
  0.00403521824819205  0.00425804144594167  0.00448629469102091  0.00470807339670728
  0.00491548701734499  0.00512824928112449  0.00535280931147621  0.00558932373286941
  0.00582844330172899  0.00607009270167985  0.00631401178270069  0.00658692876686484
  0.00689287003188917  0.00720892884731679  0.00753666006872959  0.00788700486063442
  0.00826717475327811  0.00867929592710101  0.00912131361817254  0.00958353495806817
  0.01007368558377696  0.01059015930784435  0.01110408947088118  0.01167145909948742
  0.01222749347851963  0.01285308247663200  0.01344577338904305  0.01405393699099142
  0.01472705330507683  0.01547088016257430  0.01636486059191277  0.01739799356816466
  0.01857520055971715  0.01985016973458435  0.02133129507273986  0.02305934505523860
  0.02495533423046273  0.02702488587456128  0.02931354853212856  0.03163302232457660
  0.03439935155864076  0.03770264439573851  0.04138459731456434  0.04533670572808098
  0.05047013807084508  0.05989234909204190  0.07679755208182956  0.10179886938218088
  0.14550460787174219  0.22245121554600794  0.36935465757371383  1.00000000000000000
  0.00002033280191904  0.00013205135585436  0.00027098996362056  0.00042858882024734
  0.00060710178018845  0.00079644561932316  0.00102230964030226  0.00128205965040200
  0.00156464291605407  0.00184802587815398  0.00213467252599729  0.00244813841322097
  0.00278281704045844  0.00310688347908400  0.00342321713898651  0.00374605005923228
  0.00407758739885186  0.00441923090545910  0.00477139567783288  0.00514124779907581
  0.00552055778959000  0.00590654403357684  0.00630567747401848  0.00676093950604883
  0.00721861710102664  0.00769641572772774  0.00818349245715771  0.00866891223172231
  0.00915618236662654  0.00965276422698128  0.01015007429077184  0.01065952565570296
  0.01118988325473871  0.01172131919925833  0.01227806929054539  0.01284844329100198
  0.01341737632691338  0.01402263096399817  0.01460795638808454  0.01522730403534433
  0.01589056941430867  0.01656045081033926  0.01727554840289470  0.01802566043910799
  0.01878929915002402  0.01958518961633208  0.02041982693861252  0.02127519784645011
  0.02214238182948580  0.02305003790180144  0.02401799781385679  0.02497944072452611
  0.02593912753838465  0.02698771040477263  0.02807624480150153  0.02914867277917331
  0.03023936297559206  0.03141363994586344  0.03253478254537916  0.03366522429000274
  0.03480680607101305  0.03598674951192397  0.03723002787845307  0.03852940231046551
  0.03982037199159282  0.04114398846755771  0.04270678909317778  0.04447094914618901
  0.04623855249170868  0.04806686578924328  0.04994044226362031  0.05183966085898503
  0.05382009689403476  0.05586805215583151  0.05805874098270968  0.06038049759599821
  0.06290230224979482  0.06550988241454890  0.06805797464229744  0.07087987692319506
  0.07431573683828699  0.07827031405694673  0.08314455534426383  0.08854294168248730
  0.09393530550812303  0.09934076172521501  0.10525967865616667  0.11197190117466552
  0.11815242439906658  0.12417791258147036  0.13061970503360387  0.13877172709216112
  0.15225057723359178  0.17482284751409971  0.24425975518887974  1.00000000000000000
 -0.00193097979708931  0.00867428361812002  0.01786416276490460  0.02734441140181227
  0.03722758928207084  0.04682984152011269  0.05627515808556759  0.06611893630679533
  0.07701016425719959  0.08833256142497499  0.09947031623324679  0.11023213674201454
  0.12094800887420419  0.13159905289430468  0.14209324505699084  0.15285614477429207
  0.16360303288780983  0.17431192548392183  0.18515547951563177  0.19670883454540128
  0.20823930714218614  0.22014525557643103  0.23158968108993633  0.24317522281810325
  0.25428700912674013  0.26532731803451109  0.27569566959678377  0.28596447804163533
  0.29600827513107048  0.30571044193734270  0.31538859110781065  0.32528041995256812
  0.33592893320126821  0.34676800022768750  0.35795126304032338  0.36952828546583899
  0.38096245919972271  0.39169193895668170  0.40153933302808725  0.41091682765954779
  0.42048569431365268  0.43035014038281605  0.44010600560930868  0.44940553282171386
  0.45885079974518794  0.46901831157677892  0.47985827976876994  0.49017505267023981
  0.49979731686388318  0.50946968988997754  0.51895306937225993  0.52888899393569266
  0.53961819039788517  0.55116681327141748  0.56219667382805927  0.57291072202457771
  0.58317658343339429  0.59402724422066389  0.60451504001202183  0.61484850896422405
  0.62496796225954221  0.63609634276204330  0.64770511565982913  0.65950417267764949
  0.67063667271628091  0.68137713434701763  0.69223859683696431  0.70315108873872756
  0.71338817558761147  0.72344156928585568  0.73373676663679854  0.74390813387367616
  0.75445520924999521  0.76565437909298195  0.77717999246796632  0.78867812785945901
  0.80012355640313804  0.81107766282419091  0.82117176739533526  0.83030956679093237
  0.83994234866915685  0.84963730705818952  0.85986642502663146  0.86995291371359040
  0.88011225198457432  0.89094068987613240  0.90104737531780932  0.91032093340363163
  0.91931551980161663  0.93011470085516934  0.94169943792939259  0.95362076667127249
  0.96545067366582371  0.97719729634298824  0.98890180453961452  1.00000000000000000
 -0.00231867001302774  0.00976467755244758  0.02005334040454420  0.03082523976087221
  0.04190988517279049  0.05415926802527880  0.06674774228076776  0.07824144942977564
  0.08836347476849861  0.09845376957899567  0.10937999744427483  0.12090167395075950
  0.13255330733966317  0.14417546149946270  0.15538000827126616  0.16577504454595274
  0.17606454062789986  0.18652813237121019  0.19761325373510308  0.20796724749888112
  0.21802418045861113  0.22755861807447114  0.23627392982117665  0.24484053376180950
  0.25412567118426416  0.26425299086941861  0.27385284461478604  0.28297390552299367
  0.29240235247719443  0.30179925196579610  0.31202392827804915  0.32144425505209190
  0.33168228574208730  0.34180849823936127  0.35166934028777413  0.36053518784583471
  0.36895208170603655  0.37765494152711687  0.38708794389659051  0.39727731677602640
  0.40808372861905418  0.41959324480192051  0.43054518260025765  0.44138916583435595
  0.45216762220122431  0.46398480061415670  0.47590593047746349  0.48714081731596093
  0.49811303890092123  0.50933912629071543  0.52021613041852899  0.53041226058028612
  0.54035465347156941  0.55126377469614796  0.56305025336115189  0.57533346538331720
  0.58713116346669192  0.59846578698069297  0.60919129654086934  0.61984505372782006
  0.63036119031771298  0.64036446927821145  0.65036809598902934  0.66086626405463256
  0.67130101817133914  0.68218365008434412  0.69322065438208180  0.70444277129387856
  0.71485998288292674  0.72510083989944052  0.73599992885000065  0.74699656757680166
  0.75689436402353716  0.76659304527834926  0.77613688632189415  0.78544778786996794
  0.79468561227104528  0.80432628734888578  0.81421426422495513  0.82431487812303317
  0.83425450671752410  0.84629199318902215  0.85895619182992800  0.87227785035283478
  0.88513145073818278  0.89716649142647131  0.90825946083202558  0.91899337721791818
  0.92991471987760299  0.94001679114990055  0.95030299312792921  0.96023256560130343
  0.97032801134186164  0.98073344741169888  0.99039750320290820  1.00000000000000000
 -0.00156872011562558  0.00897894876432750  0.01788858450387564  0.02689118435650562
  0.03647688182047668  0.04626415403241189  0.05627154721218911  0.06589855820222522
  0.07581919087439037  0.08581483414144209  0.09617507827124830  0.10618199749798062
  0.11606297889721877  0.12612612327455300  0.13668881981508679  0.14747827059787916
  0.15797886036337069  0.16827158159684730  0.17824423108001067  0.18855208711028462
  0.19934475339058147  0.20978048498864144  0.21932967769790693  0.22891183818580646
  0.23897309010232232  0.24915519650506851  0.25935014974050286  0.26964498444581297
  0.28029707583611946  0.29114019920450313  0.30192833872889535  0.31282671325933997
  0.32350574063201054  0.33420695643283771  0.34543303972982065  0.35739422626521578
  0.37009047496207043  0.38252643953349164  0.39392634623955647  0.40495763049857586
  0.41611571420995785  0.42765441791220515  0.43956804161722857  0.45258620905797803
  0.46465989404175673  0.47574660934145085  0.48633944163769777  0.49673237948971954
  0.50723437661121129  0.51793954199867653  0.52956527546270882  0.54047405130692516
  0.55161903920895827  0.56200278195687703  0.57339433683170526  0.58434324234371682
  0.59570012085052804  0.60738035870490825  0.61992041105011053  0.63114609520533416
  0.64163534324194527  0.65141397987364691  0.66101345055611105  0.67127156146677502
  0.68183434271332566  0.69299740953928302  0.70375572779044682  0.71463163728188595
  0.72520175096212636  0.73591593139060962  0.74707838453801456  0.75730252675122023
  0.76822998772827056  0.77844663036740380  0.78884761670341219  0.79843492808175609
  0.80792461321437670  0.81826626333737162  0.82933294644844391  0.83940759080213212
  0.84909988764826261  0.85850334287039887  0.86811187838693904  0.87747181105831007
  0.88665057987078244  0.89649202677159501  0.90652703358741127  0.91640818084310371
  0.92618250198471597  0.93572828109233075  0.94596957623308886  0.95704602061505839
  0.96814745157209203  0.97863205326624947  0.98934408095736281  1.00000000000000000
  0.01062265063840120  0.01339213848463683  0.01603721242581373  0.01812508810109953
  0.02009188218672894  0.02204503496629992  0.02398598302402432  0.02590713182332951
  0.02780506059837680  0.02965450588406945  0.03148870909379883  0.03333185435269087
  0.03520444252741183  0.03705222017087539  0.03896800479134858  0.04089646506527864
  0.04271440161427109  0.04435793175981147  0.04597876678766303  0.04764869039849230
  0.04928526077807876  0.05096306722222449  0.05268462136076147  0.05443819838536689
  0.05623948090683393  0.05806063862033162  0.05992820309585603  0.06182364282550164
  0.06375164953866783  0.06571875089020039  0.06772198351430880  0.06977025364955221
  0.07183102574640410  0.07381383513139847  0.07584484790971092  0.07799231599679152
  0.08017299081651488  0.08239245032489838  0.08454400190612647  0.08660714614786610
  0.08859050339188121  0.09055546112942545  0.09253044682999297  0.09467816105332374
  0.09682479017834833  0.09902740784275350  0.10122514361366954  0.10329474555528610
  0.10554912764201813  0.10806368647591143  0.11067733182702823  0.11335354951807511
  0.11593145152640724  0.11838486339014126  0.12083909494563334  0.12344773160366820
  0.12636033945633721  0.12962544594009281  0.13302563779357102  0.13634065299743275
  0.13953264928090359  0.14250153564841789  0.14560465231845426  0.14923692242387099
  0.15343984336392583  0.15785167877910597  0.16315764350122172  0.16887716374839087
  0.17556591980853700  0.18268378242374189  0.19027996519841275  0.19737341432314517
  0.20462861891308928  0.21236944998045942  0.21887320524024867  0.22477794324994216
  0.23002493729166695  0.23508740305423723  0.24290504599048351  0.25169477310722344
  0.26142924324758421  0.27070248394382690  0.28039470400711131  0.28834713598442258
  0.29590420981617421  0.30378704896654141  0.31165453706176388  0.32006006196309816
  0.32894524362436234  0.33637549044362741  0.34834944691931874  0.35876604157994846
  0.36884830339701385  0.37970074690456795  0.40421287923840271  1.00000000000000000
 -0.00368491352977038  0.01574547116606249  0.03234637195423728  0.05002978433541090
  0.06677892073251485  0.08082439858212358  0.09345389949284624  0.10529302451870697
  0.11685777615606235  0.12804724469233761  0.13950044944955753  0.15097602866139129
  0.16219100344557091  0.17287889131248577  0.18324018513467583  0.19387687207551180
  0.20471005408860568  0.21491255983486307  0.22479376637033074  0.23454930310466152
  0.24437923206695891  0.25365852252035914  0.26270814713303337  0.27146201988510027
  0.28079479108522443  0.28994913957735191  0.29949027067864559  0.30875718949959269
  0.31873603743680506  0.32923153335144534  0.33931879889669919  0.34860971274485403
  0.35723260250179778  0.36569587277104060  0.37487964839667598  0.38463441558778527
  0.39354242910267950  0.40253489679734844  0.41148578856114160  0.42039461613322165
  0.43011260810077201  0.43972755265438435  0.44850211767423426  0.45713809789403098
  0.46590421534091669  0.47501081441489951  0.48602736335957258  0.49722336975617670
  0.50881775632322213  0.52038902396320585  0.53192812795721200  0.54309039667520409
  0.55273913167326882  0.56214026122378202  0.57105919115319226  0.58016156643504402
  0.58852082505962433  0.59699901578283332  0.60553334641640921  0.61420474527877855
  0.62296825807882017  0.63167911184612857  0.64011181316780508  0.64871138388326077
  0.65743075654537786  0.66619638677042303  0.67484136540585837  0.68361406004202641
  0.69291770039503509  0.70280253486442656  0.71287777739240155  0.72278945460044186
  0.73251769481711626  0.74209213192400969  0.75141490546291279  0.76025428408249474
  0.76876573672099136  0.77754159428658431  0.78676727887926801  0.79654315382464835
  0.80662394333032961  0.81689356911133182  0.82769227796468492  0.83837802237405590
  0.84936961158167645  0.86079242255517607  0.87280485102174821  0.88493839889578452
  0.89725636450671464  0.91008898106576652  0.92375361919400256  0.93859012731002545
  0.95402361283895398  0.96947109382622376  0.98468746228914916  1.00000000000000000
  0.00558588240436355  0.17084552982423165  0.24137316355680144  0.29574326321192845
  0.33719709024840228  0.37185044745453805  0.40050776603871463  0.42578393399966807
  0.44921496274763895  0.47068692916338462  0.48928801507285669  0.50760093671184281
  0.52507563863591833  0.54152333382471463  0.55715174029702763  0.57110557344399526
  0.58433909770965986  0.59765573230280977  0.61050760734560450  0.62200630552061964
  0.63243468605495667  0.64246810696387657  0.65232298428338353  0.66192986375855767
  0.67098942471945722  0.67975206335340188  0.68849803219897365  0.69721721231240941
  0.70559408890897179  0.71339807476689432  0.72045600800315779  0.72740610766285951
  0.73433392487849025  0.74159689215156444  0.74861379077409640  0.75515879414702558
  0.76147786961417319  0.76784078887057738  0.77406112509897529  0.77990049948857987
  0.78556711605646834  0.79117187969573899  0.79668235759060468  0.80229756066370694
  0.80778091491872328  0.81324836595904271  0.81867085541790541  0.82377794798504256
  0.82853732182875950  0.83320964665900299  0.83764324639689880  0.84190945015119323
  0.84607699359708044  0.85007158758959112  0.85387034282337426  0.85758484940072677
  0.86127136056128673  0.86501254455995591  0.86893939947914178  0.87257660961594741
  0.87591777654652969  0.87917964335946774  0.88239724800586194  0.88554034492930667
  0.88862971630969434  0.89175394965616006  0.89493417264990527  0.89820011401969102
  0.90139892308161274  0.90446364258999923  0.90745159143560283  0.91046361909590401
  0.91339524137609185  0.91635316212787032  0.91932402318936091  0.92218756748124409
  0.92502592659490634  0.92787674897315220  0.93062259578289708  0.93332747715167086
  0.93626448102152027  0.93931020031906265  0.94250821960657449  0.94581775975060356
  0.94916047159839900  0.95265144940260948  0.95649461759632126  0.96063406208008428
  0.96560946125347780  0.97187654170696214  0.97752087598969351  0.98208970252233330
  0.98601933935955355  0.98989609726098382  0.99451181949978174  1.00000000000000000
   1.9615210089374501E-020  -1.0000000000000000     
 F F F F F F F F F F F F F F F F F F F F F F F F F F F F F F F F F F F F F F F F F F F F F F F F F F F F F F F F F F F F F F F F
  <DiscreteSampler_grid>
  grouped_processes
  1 # 1 for a reference and 2 for a running grid.
  10 # Attribute 'min_bin_probing_points' of the grid.
  1 # Attribute 'grid_mode' of the grid. 1=='default',2=='initialization'
  0.0000000000000000 # Attribute 'small_contrib_threshold' of the grid.
  0.5000000000000000 # Attribute 'damping_power' of the grid.
 # binID   n_entries weight   weight_sqr   abs_weight
    10   10   4.436575953780009E-008   5.052554144402829E-015   4.436575953780009E-008
  </DiscreteSampler_grid>
