  0.00997687233008837  0.01541816693764406  0.02393829044538020  0.03365603478768612
  0.04386762506587302  0.05335011941977900  0.06259428930742077  0.07262460921138778
  0.08343178318843529  0.09477758439292663  0.10590697864963156  0.11660525790511919
  0.12610298520322827  0.13490967791210720  0.14379680915244133  0.15342481330628532
  0.16362072547788439  0.17397775743974406  0.18514864535782974  0.19657873729447620
  0.20708668728729174  0.21663614262734004  0.22631648619580619  0.23846312778507422
  0.25196845601440609  0.26504993186010273  0.27660865912180949  0.28688526259718333
  0.29682327157581823  0.30641791317438261  0.31651842086442000  0.32865509476263577
  0.34112458974658122  0.35268440058208661  0.36234836632916567  0.37171053999068210
  0.38122084748972529  0.39017182256854355  0.39961255882371621  0.40873373550471243
  0.41842984628414509  0.43081420743050786  0.44352083572537554  0.45567333541112681
  0.46602896099578861  0.47529478804072556  0.48447328180943533  0.49387562613598163
  0.50289905114398137  0.51169847609210672  0.52048583141624105  0.52948696351401847
  0.53866888994999662  0.54893077233345589  0.55923120281775529  0.57210558104673259
  0.58485310045238914  0.59642989028455884  0.60678374333597696  0.61630026106352132
  0.62553615742006752  0.63442654157057077  0.64403226446795891  0.65375412824068668
  0.66397674260345152  0.67467542742091979  0.68522549093388752  0.69487956877127732
  0.70373742316181587  0.71344617729159221  0.72476175835931689  0.73595099051283730
  0.74618274967344045  0.75849086308166269  0.77129694314249975  0.78411166111673836
  0.79666746709027403  0.80859295575474199  0.82000844437737297  0.83147421781045028
  0.84400166843794844  0.85671720387657768  0.87026665241292511  0.87964726247894753
  0.88749880715050644  0.89572891935670651  0.90449290398746929  0.91276488450796656
  0.92041403674863176  0.92780497398787176  0.93632639961929653  0.94891782810073921
  0.96224473065309446  0.97499025724619859  0.98732642486164779  1.00000000000000000
 -0.00000161396531004  0.00000575593706231  0.00001609386080570  0.00002609695372493
  0.00003573838126843  0.00004535170481952  0.00005585063769204  0.00006719193725217
  0.00007782567394790  0.00008738390193749  0.00009592748706800  0.00010387504950775
  0.00011204483249342  0.00012092577424432  0.00013073094718388  0.00014186268362038
  0.00015380813822572  0.00016675737389759  0.00017937524675479  0.00019199194335332
  0.00020481925340433  0.00021834022634560  0.00023361737575741  0.00024992098742586
  0.00026687915927172  0.00028434534722673  0.00030356348889206  0.00032445065324194
  0.00034547891301835  0.00036829551074598  0.00038929619853384  0.00041115617768886
  0.00043407994182263  0.00045764928178103  0.00048143517582363  0.00050710884252826
  0.00053788712823672  0.00056524617654478  0.00059094804844325  0.00061706806752704
  0.00064317025098158  0.00067173988582151  0.00070399414790387  0.00073651259291617
  0.00077007196278378  0.00080845361394803  0.00085555585976990  0.00090894413677979
  0.00096615230421796  0.00102413952834400  0.00107197588993162  0.00110765865688907
  0.00114890419598152  0.00119094451433633  0.00123330644956480  0.00127557324735922
  0.00131816337532456  0.00136661896479108  0.00141755716389325  0.00147521281012805
  0.00154178221213106  0.00161286751776585  0.00168545168048996  0.00175804678465279
  0.00183452146976729  0.00191632137757316  0.00200354921219711  0.00215515303696023
  0.00230483911473734  0.00244326630285911  0.00257722542604555  0.00271086348007751
  0.00286623689595497  0.00303488923145467  0.00323065939468107  0.00349876657461142
  0.00384582792577954  0.00422054820844327  0.00456290796955686  0.00488891559322022
  0.00522980116340830  0.00562773004520215  0.00606311127684146  0.00660245631806393
  0.00739559895096294  0.00876086479999841  0.01055822498792598  0.01293828731164458
  0.01474180019778477  0.01740250954098407  0.02078786902396485  0.02644398808153197
  0.03548823420337771  0.05905314988382601  0.15212585785979865  1.00000000000000000
  0.00000206905680812  0.00000614767729982  0.00001110384066386  0.00001717773736898
  0.00002909339082738  0.00003968011848658  0.00004928001014649  0.00006422410525483
  0.00008424481079368  0.00010651262730463  0.00013186336610337  0.00016212595075602
  0.00019542428144672  0.00023333970541921  0.00026959875471401  0.00030502295786345
  0.00034198332012946  0.00038163913792716  0.00043046215172054  0.00048315613160444
  0.00053917522872739  0.00059598551022830  0.00065200139732320  0.00071067845800705
  0.00077324898651240  0.00083906623579457  0.00090409965153998  0.00097536006373967
  0.00105614000619968  0.00114910078014368  0.00125709816676342  0.00137428617524497
  0.00149411835572712  0.00162865287886034  0.00177472638058034  0.00193033048175135
  0.00209404137848173  0.00225776579951892  0.00241439956748847  0.00257281109921553
  0.00273423536488809  0.00290364577907937  0.00311376815968751  0.00330472991312153
  0.00350531094964892  0.00371714806231362  0.00395576572823127  0.00423238249460454
  0.00452562248390662  0.00488282733197727  0.00521716308050623  0.00550419673363744
  0.00574745022169337  0.00596980515655737  0.00620712394267802  0.00646162646732084
  0.00675999794012699  0.00703255983449312  0.00729584256493046  0.00756541499121303
  0.00784558242920044  0.00812549374011994  0.00840464370377920  0.00870431690633785
  0.00905335002432325  0.00940897728995788  0.00985943007570766  0.01051168488302011
  0.01130103052886483  0.01188143636704527  0.01237310687801152  0.01288194858170645
  0.01342897277048952  0.01406218994922172  0.01465588032593322  0.01524614278493070
  0.01584350577662572  0.01647814347059738  0.01710147796321641  0.01775854060395757
  0.01870301070546964  0.01991342576339867  0.02133466044749054  0.02292681304804427
  0.02493018553686608  0.02799830106693459  0.03128603196802348  0.03471773641293255
  0.03845913033677077  0.04300990858790689  0.04892558986510798  0.05508832175363507
  0.06750669183993996  0.10638804762862306  0.25793399161681241  1.00000000000000000
 -0.00373303446784652  0.01374844358644638  0.02518664521497061  0.03547165171655729
  0.04570087156402849  0.05658015583237725  0.06765727048819398  0.07756585953650351
  0.08877414515628067  0.10072239717629050  0.11019204529419527  0.11760280728091387
  0.12498908049436085  0.13202019149156355  0.13984027317756276  0.14802994288011995
  0.15665462946834438  0.16458169095370126  0.17465525092488954  0.18661244403823626
  0.19809113869842448  0.20978743898112137  0.22199221213643788  0.23393931723126526
  0.24491158226117196  0.25453222448652130  0.26405288930966825  0.27438279124793136
  0.28542089228916084  0.29618344531844176  0.30625632585358042  0.31846503628225897
  0.33258568668949706  0.34542871406080811  0.35651760457649190  0.36639297962369671
  0.37657200208402203  0.38593853004633266  0.39579258611546270  0.40620483197335933
  0.41689792865808201  0.42836205511903896  0.43945218252141993  0.44999876875642891
  0.46068866744870129  0.47189940852966328  0.48354452760943695  0.49560618827360220
  0.50784817196908771  0.51924223190292040  0.53012565259907274  0.54093338003576263
  0.55164938025684251  0.56333670375474088  0.57596697146667697  0.58878267408569229
  0.60094463141297805  0.61037157343652948  0.61842821698211903  0.62705115788198740
  0.63505255510081793  0.64199317157025870  0.64914437529024205  0.65728836418343228
  0.66601560947233185  0.67779715532336415  0.68901975028137208  0.69832216039679840
  0.70735994355811005  0.71709778900450782  0.72708045413515365  0.73781456705414916
  0.74900203956174449  0.76077455110476189  0.77276298988399816  0.78328267840809163
  0.79415520681098517  0.80413610791063328  0.81533195416858772  0.82780930276864639
  0.84076717081743735  0.85438371495942289  0.86905737522071946  0.88331597597716549
  0.89707373580429672  0.91008492502794280  0.92206312548849578  0.93342047587184729
  0.94292740672008613  0.95197497404779918  0.96108567410584556  0.97004448833281121
  0.97827237273393453  0.98573567534454820  0.99294170121063907  1.00000000000000000
 -0.00350544105925370  0.01518307885620096  0.02543917926676709  0.03287620251191190
  0.04072073873277294  0.04864593200809737  0.05692273656514839  0.06525496049349067
  0.07249473581875181  0.07983262282831226  0.08997540585118737  0.10120118194757494
  0.11117992475844267  0.12095943044229349  0.13141432158314856  0.14189068053207585
  0.15345065194428351  0.16473525354060362  0.17513779165388402  0.18444766704278528
  0.19530444536100955  0.20735018295280683  0.22007951585652358  0.23129714836974083
  0.24170999026021586  0.25222873497399251  0.26302170021946536  0.27376521650752733
  0.28399564790926290  0.29491112940585462  0.30783577076716073  0.31883800679470148
  0.32781668092257193  0.33710599773115701  0.34614504290391945  0.35704528241829653
  0.36814229915774438  0.37909477898814126  0.39100423572940152  0.40189642236572815
  0.41216303440171609  0.42200439119610422  0.43136274263038693  0.44000569351547369
  0.44809650704372067  0.45660858385690467  0.46693021923961675  0.47873483225676461
  0.49106980441333498  0.50256206397505032  0.51306684079149600  0.52311053162089305
  0.53290504108841319  0.54318684620889812  0.55319431707514743  0.56290472995967922
  0.57350630383521550  0.58491942956773180  0.59628783078258862  0.60788683544308231
  0.61952077921503823  0.63046167390807040  0.64145976465437715  0.65372361668403778
  0.66708497513273335  0.68161195404498898  0.69462138037427390  0.70701367443028951
  0.71896521643174571  0.73117999562173208  0.74445255359401430  0.75695403386824045
  0.76911799832924510  0.78067011110311246  0.79104524768038686  0.80107900514045804
  0.81089951574330221  0.82150435348752970  0.83179663291595152  0.84190224715660056
  0.85074613249807940  0.85912597037216465  0.86920933225767039  0.88022491901401467
  0.89052341738111251  0.90112723872888256  0.91062070054692745  0.92019404947317529
  0.93008029051047991  0.93973631982669115  0.94892093635647978  0.95816068777342722
  0.96853824531982691  0.97967787174834531  0.98986420365758765  1.00000000000000000
 -0.00326192704226442  0.01274550986690338  0.02403625836957839  0.03415748059697685
  0.04411783312108628  0.05447453144642531  0.06566875445665854  0.07654008483389543
  0.08705527283789578  0.09844703473679978  0.11105894006123966  0.12387527297933779
  0.13475309268807134  0.14507575374979476  0.15720623896039773  0.17000593254491458
  0.18313747105658124  0.19659134719249757  0.20878838010561979  0.22084780692203457
  0.23346793063606994  0.24710841757542445  0.26015612115460335  0.27327573856537352
  0.28608848056458347  0.29748896999655366  0.30728354931751056  0.31712814111587051
  0.32744860482862048  0.33733410036550088  0.34611172139591417  0.35469134662426793
  0.36397062982232675  0.37418425155818141  0.38384437100799890  0.39256009536182251
  0.40073649581733206  0.40889940253398893  0.41747371771448899  0.42657867148606732
  0.43630644999070117  0.44792297914730123  0.46016746218859061  0.47165749984174909
  0.48249338556978655  0.49261449377528194  0.50347781871575503  0.51372374802816556
  0.52320180172934350  0.53189615320581718  0.54034588522605853  0.55095529010008137
  0.56135636902163888  0.57158760699899414  0.58186781136392485  0.59256831991110992
  0.60421735500568163  0.61625248587146819  0.62839959700083170  0.64002533234433301
  0.65048897760847624  0.65978200155655176  0.66918071633722687  0.67835004926048015
  0.68755499287988142  0.69744261997981871  0.70855101226356665  0.72081165200540309
  0.73302295545634866  0.74435507386457256  0.75490563059314930  0.76429112729110515
  0.77394520927224808  0.78380828929206658  0.79424172326744524  0.80538953096819788
  0.81646859030605101  0.82899189453309030  0.84142799123358458  0.85241238299532063
  0.86293416789434274  0.87364061194765597  0.88551198464996184  0.89874040251535747
  0.91295585197756635  0.92313477157595725  0.93191309747702655  0.94101854684352115
  0.95047327670117998  0.95961624283420366  0.96709273730416456  0.97440390023242052
  0.98116281830869834  0.98734201211350903  0.99346443788048888  1.00000000000000000
  0.00087578202779639  0.00167946301277915  0.00294553869579518  0.00402261848239730
  0.00498917350573543  0.00589705074460221  0.00677714917615711  0.00764602142857771
  0.00851136789349446  0.00932982727658009  0.01012506627214491  0.01092397591235559
  0.01170869127508846  0.01249555160638930  0.01329933154206053  0.01412999157691715
  0.01500157423693134  0.01587870426475232  0.01673948969774841  0.01756938252112649
  0.01838684851955891  0.01921373928245137  0.02003340824029267  0.02084991846948458
  0.02164886557333607  0.02241352265371630  0.02318225820611849  0.02399424435356652
  0.02482033539094998  0.02569500929077428  0.02659023665343761  0.02747520657583910
  0.02836102023352104  0.02921391982787856  0.03008579072682236  0.03096984740382919
  0.03181819671514843  0.03268818488940520  0.03357909474737789  0.03449632795935083
  0.03548823264934493  0.03656052762065797  0.03763900232219576  0.03863110598940649
  0.03955811991232529  0.04046776563173852  0.04137550558045172  0.04228919450476008
  0.04325575452737649  0.04433008555007497  0.04541656091277906  0.04651901092959709
  0.04758414283961578  0.04859038382540413  0.04957591277113142  0.05057193450216484
  0.05159836153228995  0.05283263102930154  0.05398938574599823  0.05518065734695967
  0.05622893923790814  0.05730906106239637  0.05891305773141670  0.06038707529847857
  0.06187065399635739  0.06359560072120141  0.06542001863702039  0.06710145177703510
  0.06878024179689599  0.07054346489080643  0.07250222912725060  0.07461512506098497
  0.07643525478748119  0.07794851579480126  0.07936931225026851  0.08106353722470867
  0.08289878618446388  0.08503269629867169  0.08834818823015324  0.09245065988072930
  0.09644403071012227  0.10009081231155238  0.10524348198889147  0.11331613475609377
  0.12291769665076084  0.12888969156605007  0.13219490964781214  0.13571814227960960
  0.14188143998955438  0.14915805432913593  0.15451308773366279  0.17554571009523406
  0.19080625287047595  0.24444866951823388  0.65771114491837790  1.00000000000000000
 -0.00340721885128386  0.01080141130285274  0.02412009550374559  0.03820917278490525
  0.05363082744579826  0.06652805957277767  0.07619035535419352  0.08388523270194985
  0.09117919181952848  0.09928646103029479  0.10897143227817395  0.11786345237147848
  0.12528567496839604  0.13607908571346772  0.14633009353778567  0.15974824083964648
  0.17080366541706640  0.18152356153998347  0.19221173740937933  0.20262199292213839
  0.21361902295649807  0.22471742518758184  0.23490809137156277  0.24447462625561323
  0.25410797158052939  0.26493789371091842  0.27432028357542054  0.28249159461664242
  0.29086947193113422  0.29902125989720574  0.30688668318610796  0.31466387211224156
  0.32276882926737083  0.33107246680740959  0.34054398221431820  0.35114407969642669
  0.36190952779628083  0.37209469041638921  0.38173899676303519  0.39136308909691420
  0.40156943874426115  0.41262504184880383  0.42362120856954838  0.43398697698516892
  0.44412667314958487  0.45389828188697134  0.46444784857791066  0.47468879864759467
  0.48791996114456010  0.50166314654978372  0.51426675529200550  0.52586103050057287
  0.53685378712624354  0.54797986545654542  0.55947493506682477  0.57236790649847968
  0.58507827101331522  0.59655376245875424  0.60743567687150379  0.61759088046853372
  0.62897649093151820  0.64008380663910580  0.65170460145310138  0.66182556222362021
  0.67168729798272786  0.68155373971916422  0.69130173929965810  0.70093047039483702
  0.71049474509676158  0.71986094575780879  0.72854097272788454  0.73621891124296834
  0.74394936624718211  0.75165220110521436  0.75894014785130981  0.76599863745002328
  0.77338422217807334  0.78130928934611199  0.78955487702659466  0.79845261980609106
  0.80753706486276955  0.81606312228595279  0.82476668299864275  0.83409518986189579
  0.84450939292919225  0.85704945159290524  0.87048656631478405  0.88344491569726225
  0.89561762943190149  0.90786250931665557  0.92100349616961730  0.93452528066971652
  0.94914849091333675  0.96468261784047271  0.98205163621095448  1.00000000000000000
 -0.01071037777827154  0.38325080679783707  0.49553658146927487  0.56327599687791929
  0.61030512803680803  0.64538895162722520  0.67521076438313077  0.70112727099165206
  0.72402157747427753  0.74199826413699932  0.75742011583191038  0.77126625277631877
  0.78348964903162899  0.79422957670688699  0.80459186721851828  0.81466065478763983
  0.82398681868704560  0.83274882857689192  0.84074379560334089  0.84839222161853312
  0.85531200756045533  0.86123460942742947  0.86684419934381618  0.87242422036041134
  0.87753493057320409  0.88194112244351608  0.88619386684633583  0.89028354255385200
  0.89424907128364695  0.89792577908684590  0.90139492521722420  0.90479090773758786
  0.90815708263474082  0.91136925447736628  0.91443160062359474  0.91725601321767014
  0.91973735924269295  0.92217447526303842  0.92464922810673011  0.92699817612989588
  0.92939178395685829  0.93170239388101517  0.93401711097547535  0.93630241590850805
  0.93858177801444476  0.94066049459824808  0.94252838882117829  0.94424945341272559
  0.94598221684815231  0.94768849690334467  0.94932664854573257  0.95085357524964997
  0.95223892363536444  0.95359996367962974  0.95498369382567316  0.95643286498684266
  0.95787913612815156  0.95920151489707406  0.96044956916981683  0.96170227520542362
  0.96301563544805158  0.96439742570142195  0.96579170855239804  0.96714052444037479
  0.96846467228265765  0.96976841259255919  0.97100367025770884  0.97223327789788128
  0.97344534310481012  0.97459499199999311  0.97565883648434437  0.97669438857898572
  0.97770424331301720  0.97868608605516938  0.97963548150973423  0.98053364647459629
  0.98144058187769079  0.98234566754038777  0.98318484858700195  0.98406450838112469
  0.98496489549114041  0.98586100039928892  0.98671395122626071  0.98758887446420007
  0.98848857026793724  0.98937021705187589  0.99021859547646818  0.99106321572358225
  0.99197663248528012  0.99290778594999229  0.99381515293242684  0.99477663055823495
  0.99576250755458418  0.99687896058402703  0.99821339799345365  1.00000000000000000
   2.0953658574696418E-016  -1.0000000000000000     
 F F F F F F F F F F F F F F F F F F F F F F F F F F F F F F F F F F F F F F F F F F F F F F F F F F F F F F F F F F F F F F F F
  <DiscreteSampler_grid>
  grouped_processes
  1 # 1 for a reference and 2 for a running grid.
  10 # Attribute 'min_bin_probing_points' of the grid.
  1 # Attribute 'grid_mode' of the grid. 1=='default',2=='initialization'
  0.0000000000000000 # Attribute 'small_contrib_threshold' of the grid.
  0.5000000000000000 # Attribute 'damping_power' of the grid.
 # binID   n_entries weight   weight_sqr   abs_weight
    10   10   1.849630686824634E-005   1.779661406296370E-009   1.849630686824634E-005
  </DiscreteSampler_grid>
