  0.05515851916896750  0.05842309994224758  0.06168768071552767  0.07013510351824689
  0.08029935894591350  0.15846745290084102  0.26557155978055413  0.27285555375834991
  0.27498225397681436  0.27710895419527881  0.27923565441374326  0.28136235463220771
  0.28348905485067211  0.28561575506913656  0.28774245528760101  0.28986915550606546
  0.29199585572452991  0.29412255594299436  0.29624925616145881  0.29837595637992320
  0.30050265659838765  0.30262935681685205  0.30475605703531650  0.30688275725378089
  0.30900945747224534  0.31113615769070979  0.31326285790917419  0.31538955812763864
  0.31751625834610303  0.31964295856456748  0.32176965878303188  0.32389635900149633
  0.32602305921996078  0.32814975943842517  0.33027645965688962  0.33240315987535402
  0.39359238109511685  0.50069648797483013  0.52440949605009490  0.52881370180678511
  0.53321790756347520  0.53762211332016530  0.54202631907685539  0.54643052483354548
  0.55083473059023558  0.55523893634692567  0.55964314210361565  0.56404734786030575
  0.56845155361699584  0.57285575937368594  0.57725996513037603  0.58166417088706612
  0.64984575060521121  0.70139590910178951  0.72282588732675435  0.74425586555171919
  0.82839570673941765  0.87599428911583932  0.87775450028611812  0.87951471145639704
  0.88127492262667595  0.88303513379695475  0.88479534496723367  0.88655555613751258
  0.88831576730779138  0.89007597847807030  0.89183618964834921  0.89359640081862812
  0.89535661198890693  0.89711682315918584  0.89887703432946475  0.90063724549974367
  0.90239745667002258  0.90415766784030149  0.90591787901058041  0.90767809018085921
  0.90943830135113812  0.91119851252141704  0.91295872369169595  0.91471893486197486
  0.91647914603225378  0.91823935720253269  0.91999956837281149  0.92175977954309041
  0.92351999071336932  0.92528020188364812  0.92704041305392704  0.92880062422420595
  0.93056083539448475  0.93232104656476367  0.93408125773504258  0.93584146890532149
  0.93882733412177444  0.96114057171941014  0.97610590625089944  1.00000000000000000
 -0.00000090720727981  0.00009264043158151  0.00010517419269383  0.00019170119032698
  0.00035869074756849  0.00067108736067793  0.00125545394884177  0.00198359956445754
  0.00202991608099887  0.00207623259754019  0.00212254911408152  0.00216886563062285
  0.00221518214716418  0.00226469239553042  0.00231728774929129  0.00236988310305217
  0.00242247845681304  0.00247507381057391  0.00252766916433478  0.00258554356021757
  0.00264526893344944  0.00270499430668132  0.00276471967991320  0.00282444505314507
  0.00288417042637695  0.00531240983780914  0.00994150387087643  0.01277498017692037
  0.01338031335190017  0.01354886460363387  0.01371741585536756  0.01388596710710125
  0.01405451835883495  0.01422306961056864  0.01439162086230234  0.01456017211403603
  0.01472872336576972  0.01489727461750342  0.01506582586923711  0.01525709568604368
  0.01544849636497559  0.01563989704390751  0.01583129772283942  0.01602269840177133
  0.01621409908070325  0.01640549975963516  0.01659690043856707  0.01678830111749898
  0.01697970179643090  0.01717948698660127  0.01739685460898338  0.01761422223136549
  0.01783158985374760  0.01804895747612971  0.01826632509851182  0.01848369272089393
  0.01870106034327604  0.01891842796565815  0.01913579558804026  0.01935316321042237
  0.02216827319227478  0.02240351173083424  0.02263875026939371  0.02287398880795317
  0.02310922734651263  0.02334446588507210  0.02357970442363156  0.02381494296219103
  0.02405018150075049  0.02428542003930995  0.02452065857786942  0.02475589711642888
  0.02499113565498835  0.02520897664255048  0.02542055464399606  0.02563213264544165
  0.02584371064688723  0.02605528864833282  0.02626686664977840  0.02647844465122398
  0.02669002265266957  0.02690160065411516  0.02711317865556074  0.02732475665700633
  0.02753633465845191  0.02774791265989749  0.02795949066134308  0.02817106866278866
  0.02838264666423425  0.04371928864072510  0.05307677698983601  0.05307677698984601
  0.05307677698985601  0.05307677698986601  0.05307677698987601  1.00000000000000000
  0.00012361135014577  0.00013916627667572  0.00015702275631322  0.00017593385653804
  0.00019711394008246  0.00026078433470399  0.00027681855447215  0.00029159868924988
  0.00030802449230696  0.00032447540593676  0.00034274826918581  0.00036105883017357
  0.00063366372735150  0.00112626864870995  0.00199879358230266  0.00205399607904402
  0.00210233433579903  0.00215067259255404  0.00219901084930905  0.00224900109984808
  0.00230280361916541  0.00235660613848273  0.00241040865780006  0.00246421117711738
  0.00252173111942000  0.00258161559352428  0.00264150006762855  0.00270138454173282
  0.00276126901583710  0.00310465977471872  0.00313999131224286  0.00317532284976701
  0.00321065438729116  0.00324598592481530  0.00328131746233945  0.00331664899986360
  0.00335198053738774  0.00338731207491189  0.00342264361243604  0.00346150375032622
  0.00350082924234361  0.00354015473436100  0.00357948022637839  0.00361880571839578
  0.00365813121041317  0.00369745670243056  0.00373678219444795  0.00377610768646534
  0.00381558063413345  0.00385935156601981  0.00390312249790617  0.00394689342979253
  0.00399066436167889  0.00403443529356525  0.00407820622545161  0.00412197715733797
  0.00416574808922433  0.00420951902111069  0.00471626795251414  0.00588841915535344
  0.00594382084038059  0.00599922252540774  0.00605462421043489  0.00611002589546204
  0.00616542758048919  0.00622082926551634  0.00627623095054349  0.00633163263557064
  0.00638703432059779  0.00644243600562494  0.00649783769065209  0.00654871713214524
  0.00659746494890774  0.00664621276567023  0.00669496058243273  0.00674370839919523
  0.00679245621595772  0.00684120403272022  0.00688995184948272  0.00693869966624521
  0.00698744748300771  0.00703619529977020  0.00708494311653270  0.00713369093329520
  0.00718243875005769  0.00723118656682019  0.01007027824148684  0.01791196417988800
  0.02534315663437168  0.02534315663438167  0.02534315663439167  0.02534315663440167
  0.02534315663441167  0.02534315663442167  0.02534315663443167  1.00000000000000000
  0.03784608443578093  0.20964579095506791  0.21095824857680257  0.21227070619853719
  0.21358316382027184  0.21489562144200650  0.21620807906374115  0.21752053668547577
  0.21883299430721043  0.22014545192894508  0.22145790955067973  0.22277036717241439
  0.22408282479414901  0.22539528241588366  0.22670774003761832  0.22802019765935297
  0.22937393741644610  0.23101280931292942  0.23265168120941276  0.23429055310589611
  0.23592942500237943  0.23756829689886277  0.23920716879534612  0.24084604069182944
  0.24248491258831278  0.24412378448479613  0.24576265638127945  0.24740152827776279
  0.24904040017424614  0.28728176695190905  0.33503081096573750  0.33850905302956052
  0.34198729509338349  0.34546553715720646  0.34894377922102948  0.35242202128485245
  0.35590026334867542  0.35937850541249838  0.36285674747632130  0.36633498954014426
  0.36981323160396717  0.37329147366779014  0.37676971573161311  0.38024795779543608
  0.38372619985925899  0.38720444192308195  0.39068268398690487  0.39416092605072783
  0.43851559688902575  0.45666540602699773  0.47481521516496988  0.49296502430294192
  0.55508440131907155  0.64503369077404615  0.65398338582139504  0.66220654155839631
  0.66728109627143106  0.66862377743135160  0.66996645859127213  0.67130913975119266
  0.67265182091111320  0.67399450207103373  0.67533718323095437  0.67667986439087491
  0.67802254555079544  0.67936522671071597  0.68070790787063651  0.68205058903055704
  0.68339327019047758  0.68473595135039822  0.68607863251031875  0.68742131367023929
  0.68849561348286969  0.68955320599362624  0.69061079850438289  0.69166839101513944
  0.69272598352589598  0.69378357603665253  0.69484116854740918  0.69589876105816573
  0.69695635356892227  0.69801394607967882  0.69907153859043536  0.70012913110119201
  0.70118672361194856  0.70224431612270510  0.70330190863346165  0.70435950114421830
  0.70541709365497485  0.70647468616573139  0.70753227867648794  0.73015213163506765
  0.82010142109004236  0.87996119658152261  0.87996119658153260  1.00000000000000000
  0.04546743233998622  0.06004211984679328  0.07818137018864943  0.11443297492094567
  0.13466427458514682  0.15489557424934805  0.17039086385005506  0.17929671532945779
  0.18820256680886049  0.19710841828826323  0.20601426976766596  0.21492012124706875
  0.22382597272647159  0.26717596117481507  0.36212411648177040  0.41731184284603878
  0.41882792676296843  0.42034401067989807  0.42186009459682772  0.42337617851375742
  0.42489226243068706  0.42640834634761671  0.42792443026454635  0.42944051418147600
  0.43095659809840564  0.43247268201533529  0.43398876593226499  0.43550484984919463
  0.43702093376612428  0.43853701768305392  0.44005310159998356  0.44156918551691321
  0.44308526943384291  0.44460135335077255  0.44611743726770220  0.44763352118463184
  0.44914960510156149  0.45066568901849113  0.45218177293542083  0.45369785685235048
  0.45521394076928012  0.45673002468620977  0.45824610860313941  0.45976219252006911
  0.46127827643699876  0.46279436035392846  0.46431044427085810  0.46582652818778775
  0.46734261210471745  0.46885869602164709  0.47037477993857679  0.47189086385550644
  0.47340694777243614  0.47492303168936578  0.47643911560629548  0.47795519952322513
  0.49824397524785752  0.59319213055481279  0.68814028586176801  0.75133475856753706
  0.75516488350819444  0.75899500844885182  0.76282513338950919  0.76665525833016657
  0.77048538327082394  0.77236015925200807  0.77403955050483009  0.77571894175765210
  0.77739833301047412  0.77907772426329613  0.78075711551611826  0.78243650676894028
  0.78411589802176229  0.78579528927458431  0.78747468052740632  0.78915407178022834
  0.79083346303305035  0.79234263624365009  0.79368420325431521  0.79502577026498022
  0.79636733727564535  0.79770890428631047  0.79905047129697560  0.80039203830764072
  0.80173360531830573  0.80307517232897085  0.80441673933963598  0.80575830635030110
  0.80709987336096622  0.80844144037163135  0.80978300738229636  0.81112457439296148
  0.81246614140362661  0.81779522101084390  0.81779522101085389  1.00000000000000000
  0.08118843634923295  0.08664802579779633  0.08996271826225941  0.09327741072672248
  0.09659210319118555  0.09990679565564863  0.10322148812011170  0.10693818899355755
  0.11081524753396350  0.11469230607436946  0.11856936461477542  0.12244642315518138
  0.15848406671409004  0.21784459741144674  0.23292286098984419  0.24198330701759371
  0.25104375304534321  0.26010419907309273  0.26916464510084226  0.27824697416854199
  0.28733424332928426  0.34299127755683312  0.43825750796872309  0.45900806786735626
  0.47975862776598965  0.50240696997317003  0.60049649191685928  0.68770827819155655
  0.68955113248508970  0.69139398677862285  0.69323684107215600  0.69507969536568925
  0.69692254965922240  0.69876540395275555  0.70060825824628870  0.70245111253982184
  0.70429396683335499  0.70613682112688814  0.70797967542042139  0.70982252971395454
  0.71166538400748769  0.71350823830102095  0.71535109259455409  0.71719394688808724
  0.71903680118162050  0.72087965547515365  0.72272250976868679  0.72456536406221994
  0.72640821835575320  0.72825107264928635  0.73009392694281949  0.73193678123635264
  0.73377963552988590  0.73562248982341905  0.73746534411695219  0.73930819841048534
  0.74115105270401849  0.74299390699755163  0.74483676129108478  0.74667961558461804
  0.74852246987815119  0.76944509312577647  0.86753461506946572  0.87640341314477865
  0.87792243587975749  0.87944145861473633  0.88096048134971527  0.88247950408469411
  0.88399852681967295  0.88551754955465189  0.88703657228963073  0.88855559502460957
  0.89007461775958852  0.89159364049456735  0.89311266322954619  0.89463168596452514
  0.89608407917970689  0.89728419954802230  0.89848431991633770  0.89968444028465311
  0.90088456065296862  0.90208468102128403  0.90328480138959943  0.90448492175791484
  0.90568504212623036  0.90688516249454576  0.90808528286286117  0.90928540323117657
  0.91048552359949197  0.91168564396780749  0.91288576433612290  0.91408588470443830
  0.91528600507275371  0.91648612544106911  0.91680694023768106  1.00000000000000000
  0.00814660405556381  0.01042892672041543  0.01271124938526705  0.01499357205011867
  0.01727589471497030  0.01955821737982192  0.02272621686926621  0.02701547640987773
  0.03130473595048925  0.03559399549110077  0.03988325503171229  0.04623854041188240
  0.05406421611864305  0.06188989182540370  0.06971556753216435  0.07754124323892500
  0.08536099685560453  0.09316388308342725  0.10096676931125000  0.11391091728274885
  0.13042915815630057  0.15141132469911930  0.23411614655885180  0.31682096841858409
  0.39952579027831642  0.48223061213804891  0.56493543399778123  0.64764025585751361
  0.73034507771724611  0.81304989957697837  0.89575472143671064  0.91767487342945253
  0.91902427752360971  0.92037368161776700  0.92172308571192429  0.92307248980608148
  0.92442189390023877  0.92577129799439606  0.92712070208855324  0.92847010618271053
  0.92981951027686782  0.93116891437102500  0.93251831846518229  0.93386772255933947
  0.93521712665349677  0.93656653074765406  0.93780628026491419  0.93879993552503860
  0.93979359078516300  0.94078724604528730  0.94178090130541170  0.94277455656553610
  0.94376821182566051  0.94476186708578491  0.94575552234590921  0.94674917760603361
  0.94774283286615801  0.94873648812628242  0.94973014338640671  0.95072379864653112
  0.95171745390665552  0.95271110916677992  0.95370476442690433  0.95469841968702862
  0.95569207494715303  0.95668573020727743  0.95767938546740183  0.95854933706499845
  0.95918115505849710  0.95981297305199575  0.96044479104549441  0.96107660903899306
  0.96170842703249171  0.96234024502599036  0.96297206301948912  0.96360388101298777
  0.96423569900648642  0.96486751699998508  0.96549933499348373  0.96613115298698238
  0.96676297098048103  0.96739478897397968  0.96802660696747833  0.96865842496097698
  0.96929024295447563  0.96992206094797428  0.97055387894147294  0.97118569693497159
  0.97181751492847024  0.97244933292196889  0.97308115091546754  0.97371296890896619
  0.97434478690246484  0.97497660489596349  0.97544926802317300  1.00000000000000000
  0.34337359269460044  0.62606390154425817  0.62712780308851634  0.62819170463277452
  0.62925560617703269  0.63031950772129086  0.63138340926554903  0.63244731080980721
  0.63351121235406549  0.63457511389832366  0.63563901544258183  0.63670291698684001
  0.63776681853109818  0.63883072007535635  0.63989462161961452  0.64095852316387270
  0.64202242470813087  0.64308632625238904  0.64415022779664721  0.64521412934090538
  0.64624553865655265  0.64723170527276075  0.64821787188896884  0.64920403850517694
  0.65019020512138515  0.65117637173759324  0.65216253835380134  0.65314870497000943
  0.65413487158621753  0.65512103820242562  0.65610720481863372  0.65709337143484192
  0.65807953805105002  0.65906570466725811  0.66005187128346621  0.66103803789967430
  0.66202420451588240  0.66301037113209049  0.66399653774829870  0.66498270436450679
  0.66596887098071489  0.66714385314375479  0.66877572835736265  0.67040760357097040
  0.67203947878457826  0.67367135399818612  0.67530322921179387  0.67693510442540172
  0.67856697963900958  0.68019885485261733  0.68183073006622519  0.68346260527983305
  0.68509448049344090  0.68672635570704865  0.68835826459793492  0.68999020384689114
  0.69162214309584724  0.69325408234480346  0.69488602159375956  0.69651796084271578
  0.69814990009167188  0.69978183934062810  0.70141377858958420  0.70304571783854031
  0.70467765708749652  0.70630959633645263  0.70794153558540884  0.73094326260273723
  0.73436998435330769  0.73779670610387804  0.74122342785444850  0.74465014960501896
  0.74807687135558931  0.75150359310615977  0.75493031485673023  0.75835703660730058
  0.76178375835787104  0.76521048010844150  0.76863720185901185  0.77204073334973566
  0.77540287912457162  0.77876502489940769  0.78212717067424375  0.78548931644907971
  0.78885146222391578  0.79297076783126286  0.80098730994152978  0.80900385205179681
  0.81702039416206373  0.82503693627233077  0.83305347838259769  0.88321671827762938
  0.90001440988683346  0.91611695157189654  0.96582925717035928  1.00000000000000000
  0.17846488555272419  0.18596958008512710  0.20207160612919431  0.26851584928301103
  0.35999098732619950  0.43882557748093820  0.44750782684134777  0.45619007620175728
  0.46487232556216690  0.47355457492257652  0.48223682428298609  0.49091907364339560
  0.49960132300380516  0.56781553292610876  0.58744195088818918  0.60706836885026971
  0.63289909080266316  0.68823241954275860  0.69004935730325911  0.69186629506375974
  0.69368323282426037  0.69550017058476099  0.69731710834526162  0.69913404610576213
  0.70095098386626276  0.70276792162676338  0.70458485938726401  0.70640179714776452
  0.70821873490826515  0.70937174392115721  0.71048005844379702  0.71158837296643696
  0.71269668748907677  0.71380500201171659  0.71491331653435652  0.71602163105699634
  0.71712994557963616  0.71823826010227609  0.71934657462491591  0.72045488914755573
  0.72156320367019566  0.72267151819283548  0.72377983271547530  0.72488814723811523
  0.72599646176075505  0.72710477628339487  0.72821309080603480  0.72932140532867462
  0.73042971985131444  0.73153803437395426  0.73264634889659419  0.73375466341923401
  0.73486297794187383  0.73597129246451365  0.73707960698715358  0.73818792150979340
  0.73929623603243322  0.74040455055507304  0.74151286507771286  0.74262117960035279
  0.74372949412299261  0.74483780864563243  0.74594612316827225  0.74705443769091218
  0.74816275221355200  0.74927106673619182  0.75048128162211558  0.75188728521046633
  0.75329328879881718  0.75469929238716793  0.75610529597551868  0.75751129956386953
  0.75891730315222028  0.76032330674057103  0.76172931032892188  0.76313531391727263
  0.76454131750562337  0.76594732109397423  0.76735332468232498  0.76875932827067572
  0.77016533185902658  0.77280818099089921  0.77657055895722871  0.78033293692355810
  0.78409531488988760  0.78785769285621698  0.79162007082254648  0.79538244878887587
  0.79914482675520526  0.80290720472153465  0.80666958268786404  0.81043196065419354
  0.85369465417650381  0.94516979221969211  0.97802515499028364  1.00000000000000000
   3.5280081674928846E-012  -1.0000000000000000     
 F F F F F F F F F F F F F F F F F F F F F F F F F F F F F F F F F F F F F F F F F F F F F F F F F F F F F F F F F F F F F F F F
  <DiscreteSampler_grid>
  grouped_processes
  1 # 1 for a reference and 2 for a running grid.
  10 # Attribute 'min_bin_probing_points' of the grid.
  1 # Attribute 'grid_mode' of the grid. 1=='default',2=='initialization'
  0.0000000000000000 # Attribute 'small_contrib_threshold' of the grid.
  0.5000000000000000 # Attribute 'damping_power' of the grid.
 # binID   n_entries weight   weight_sqr   abs_weight
    10   10   3.245510334510384E+004   9.830824022933918E+009   3.245510334510384E+004
  </DiscreteSampler_grid>
