  0.00922540987853379  0.01662937048822127  0.02397173092165631  0.03282896474464362
  0.04240901315272757  0.05290321535067199  0.06646176331646624  0.07707122732538804
  0.08583943738007502  0.09335879533400966  0.10075326463690253  0.10937200236208808
  0.11870985239506522  0.12895611369541005  0.13919372763136190  0.14986159766491614
  0.16186050822364642  0.17418702828342397  0.18638356537404949  0.19777739596770849
  0.20878034421103786  0.21937376770069189  0.22867718668323811  0.23806531026941014
  0.24791045551017077  0.25814909239731021  0.26833732754260092  0.27772144878827698
  0.28674291340230657  0.29556321215072778  0.30388978625818341  0.31189779389470951
  0.32064053326101388  0.33019788361674185  0.34231029334377377  0.35543208801499027
  0.36862517250028054  0.38089666399559868  0.39334260202578647  0.40388245652293575
  0.41416526165070583  0.42401982973040664  0.43329974802803373  0.44329628858324577
  0.45299397177915396  0.46274605742028696  0.47216037271907019  0.48132128946970287
  0.49056667028289430  0.50013542483218665  0.50934361172351406  0.51838730512529696
  0.52712734113385740  0.53759073675342151  0.55013271374491968  0.56213357954602872
  0.57385523549709339  0.58612291384356796  0.59983659960364399  0.61465262967505285
  0.62918311890572709  0.64265328300486690  0.65396777233720504  0.66431855014049124
  0.67388929997678981  0.68288094951964984  0.69168896350626352  0.70078695102940591
  0.71063673747457079  0.72176436249835518  0.73314315891639559  0.74458161886236574
  0.75660846135720616  0.76865830106570010  0.77987675243666998  0.79119130571648444
  0.80273419066430296  0.81541066105388416  0.82875378958505663  0.84019821304112352
  0.85064827723356284  0.86140740875382471  0.87283364447394451  0.88373543074997063
  0.89445343668226540  0.90531855206014766  0.91565523766706558  0.92511542548131687
  0.93489212539642630  0.94495768522652412  0.95458547241830927  0.96420190702652175
  0.97351472415635154  0.98257535611300229  0.99113252670954255  1.00000000000000000
  0.00000131221855865  0.00000682697674346  0.00001414836059176  0.00002194243851584
  0.00002965004267389  0.00003733641802121  0.00004534518911562  0.00005406339714086
  0.00006382220851730  0.00007442352857487  0.00008497670926581  0.00009431772378400
  0.00010444414408056  0.00011493478173041  0.00012612090956275  0.00013546430356286
  0.00014404622884236  0.00015273063634213  0.00016220614186669  0.00017234973707637
  0.00018222282010543  0.00019266558415394  0.00020438270751614  0.00021689236932532
  0.00022909846650233  0.00024280991016512  0.00025794854928759  0.00027063113138189
  0.00028392261755473  0.00029793795745066  0.00031279116872847  0.00032781053448448
  0.00034322654078918  0.00035959373586853  0.00037822933103156  0.00039977841966311
  0.00042285931598803  0.00044665288148720  0.00047435611061161  0.00050174081867147
  0.00053203923222504  0.00056173229765857  0.00058806625059347  0.00061619479854463
  0.00064682628864972  0.00067794367059515  0.00070864683750354  0.00073889824822190
  0.00076862139457436  0.00080192126933434  0.00084021504594149  0.00088096017979279
  0.00092159126303283  0.00096555689912397  0.00101101098431237  0.00106013218677696
  0.00111492386101413  0.00117720733419287  0.00124688551869576  0.00131673572825137
  0.00138196943124851  0.00145016106111099  0.00152385985325477  0.00160007534312240
  0.00168270025331055  0.00177228284509146  0.00187345273635827  0.00198362373856648
  0.00209935383250022  0.00222116542463984  0.00234678702620650  0.00247723699364915
  0.00262953404174337  0.00279456322795505  0.00297702601043770  0.00317211133906011
  0.00339712135641414  0.00367808285120692  0.00398418895592094  0.00430970886400787
  0.00462916783453202  0.00505350513949356  0.00546163998647992  0.00591378972086891
  0.00642179322937729  0.00694278037655661  0.00757453052982819  0.00834679579726466
  0.00953478420696689  0.01099133031732906  0.01241087061267851  0.01376136137592903
  0.02599400658045231  0.04228607264238028  0.06232226040896599  1.00000000000000000
  0.00000356261108360  0.00000926456034553  0.00001742446839783  0.00002453482814133
  0.00003403654497750  0.00004612744584734  0.00005983335670452  0.00007710917292322
  0.00009849324779405  0.00012333809729900  0.00015307830930050  0.00019052548139210
  0.00023498836503425  0.00028239882638182  0.00033085250819021  0.00037892078383459
  0.00042944022914628  0.00048246865217436  0.00053838264890453  0.00059627040944201
  0.00065595395847991  0.00072261311307162  0.00079664659919661  0.00087779093505006
  0.00096454898809440  0.00104477333105837  0.00112234004683068  0.00119823144696936
  0.00127341591828496  0.00135862035478870  0.00145985331702698  0.00157050306957502
  0.00169167973071692  0.00180598103780363  0.00191614809386623  0.00202586835901646
  0.00214892881348082  0.00229449439795937  0.00246072788452382  0.00264069026918698
  0.00282459255403645  0.00301615738098698  0.00323853689225454  0.00348607997457086
  0.00374058010355072  0.00400204708579634  0.00427494896489973  0.00455132325185949
  0.00480657073643055  0.00508622762957272  0.00537726194106986  0.00567342912487014
  0.00594307781434470  0.00622415232023973  0.00652916044280418  0.00684265680200662
  0.00715477993280326  0.00753031311324283  0.00798183869997342  0.00842606064925213
  0.00875319990982053  0.00903158986842936  0.00933507355828163  0.00968001552981611
  0.01008761023593614  0.01052496829139952  0.01097465771064489  0.01146073358231725
  0.01197576401105368  0.01241730900543859  0.01281182032284677  0.01324722622166396
  0.01391989212103611  0.01489749892934365  0.01594027556936726  0.01688268046982609
  0.01783495652000586  0.01856023866049790  0.01934281993596577  0.02007267109821024
  0.02080867320086950  0.02155047652282013  0.02250003258350634  0.02349992827113907
  0.02448080362026763  0.02546539789430500  0.02640899152503901  0.02736314082785502
  0.02855760755026628  0.03076626707710614  0.03555484030369523  0.04208457664534533
  0.04949021678060540  0.05840545111015212  0.12646748187008017  1.00000000000000000
 -0.00306344029060150  0.01033804478358447  0.02356926815545803  0.03591992787075210
  0.04824161457363271  0.05979602013020480  0.07110624162845268  0.08201581203800079
  0.09154189506813638  0.10095475328160296  0.11061685234829367  0.12070804229095446
  0.13096767691852521  0.14187049894997170  0.15323373576221355  0.16392383407854816
  0.17412347376896375  0.18429709137409542  0.19422263233127260  0.20404486087583248
  0.21440330879065814  0.22485591102794975  0.23479236530215064  0.24368355332851019
  0.25380466255428880  0.26460933341173826  0.27528160556535053  0.28545937370653718
  0.29547007639121065  0.30546448633903134  0.31506207756907140  0.32488552724038205
  0.33573412202056557  0.34628026218041719  0.35647483397244190  0.36651728320977400
  0.37682321404443059  0.38713043417094972  0.39659595144476179  0.40568546489571650
  0.41479898383864827  0.42382058272258710  0.43274165208837989  0.44189641696563048
  0.45143644637086466  0.46168136020126344  0.47203260548558695  0.48227557989655173
  0.49221691645125198  0.50160835453248021  0.51094821225809839  0.52073323777301506
  0.53109447470082172  0.54200319877579495  0.55447603640917054  0.56776978321290528
  0.58043806055072777  0.59129547474941113  0.60100937859470527  0.61140387508606342
  0.62192632039921392  0.63192153243205751  0.64182400388840866  0.65267062880230231
  0.66424182709142854  0.67571481607797756  0.68680105129182900  0.69840476395152007
  0.71129883000748872  0.72456126602662074  0.73790293337925850  0.74904041920516196
  0.76078339484779178  0.77170809678242847  0.78139805598015977  0.79158374795886777
  0.80012583901282086  0.80925245211598262  0.81883464312174870  0.82758138672494719
  0.83546847879807651  0.84260564638335922  0.84982017424458145  0.85852134318459328
  0.86887697254214524  0.88150508890209489  0.89331578728120375  0.90424630169211340
  0.91471675216964210  0.92500682138108992  0.93594338416641265  0.94717717727823580
  0.95921526810257685  0.97251633523426717  0.98633090067755780  1.00000000000000000
 -0.00205953415816833  0.00901938038828716  0.01839938172135240  0.02845751322543920
  0.03818736538469943  0.04792789354659545  0.05822749073560590  0.06910954975582682
  0.08022924241584425  0.09258373948909840  0.10491876229419078  0.11731886208041552
  0.12970751770811215  0.14221598019213072  0.15486340881054414  0.16603979086041598
  0.17654384297070905  0.18644945985126304  0.19635231243696982  0.20597587569586645
  0.21584640653199189  0.22565263513820749  0.23732294060040415  0.25035464907311583
  0.26385019832925488  0.27545679096422099  0.28514629728496044  0.29432492401349108
  0.30473897065864158  0.31442592406293646  0.32493249145191744  0.33412604394796808
  0.34427881950380490  0.35399162166342740  0.36347038988557900  0.37189125089959885
  0.38065689801208158  0.39019707470715470  0.40109672618222736  0.41224109173555717
  0.42407946404074992  0.43860613809910215  0.45165176817476038  0.46457166476497519
  0.47586384854521868  0.48713366021909665  0.49835282713142232  0.50828346646745071
  0.51836511976465205  0.52755651544245874  0.53636146107997129  0.54529121107903644
  0.55489470934830454  0.56629021243379818  0.57802233574987272  0.58835759914749752
  0.59802142104678180  0.60790783071569665  0.61785899708001923  0.62784919219926294
  0.63752821337367493  0.64742858968942663  0.65797610484989888  0.66850171438856965
  0.67843612612925686  0.68775337622925303  0.69645929641839865  0.70543703773938859
  0.71526453787437827  0.72569876828456847  0.73621456701749011  0.74747200602278663
  0.75928998456511632  0.77159772534523940  0.78301535065420103  0.79402937081729319
  0.80468877584153820  0.81569834669829300  0.82724716159033751  0.83844809109631679
  0.84909085528973272  0.85916959377884594  0.86930600846743666  0.87989971899707764
  0.89019857991982831  0.90069985318618517  0.91094761851006800  0.92198596592753312
  0.93290690070672266  0.94360847466094255  0.95372008195945079  0.96326729602589434
  0.97289328579076373  0.98219511560321915  0.99127504558470492  1.00000000000000000
 -0.00239117619384495  0.00942488390346947  0.02046996622135487  0.03271978461463720
  0.04464699614602793  0.05670206873189512  0.06880534081437259  0.08118243029460727
  0.09336921833003181  0.10591111628933829  0.11755790020893256  0.12668852843079134
  0.13459706089174084  0.14195014847748844  0.15183534227360215  0.16203203841253394
  0.17248756335244003  0.18302092393099734  0.19399570246360820  0.20605855313620805
  0.21825819465692645  0.23083064725293656  0.24351216552038785  0.25551629239629114
  0.26635571516826362  0.27656106621669291  0.28733286753567400  0.29957201350392831
  0.31203178867691606  0.32357000404394132  0.33409544128545982  0.34532220039019562
  0.35656565647294403  0.36825142350251655  0.37891494600104142  0.38805856734799776
  0.39699231150042286  0.40678417245853871  0.41671227413500017  0.42649250394478266
  0.43617096809474154  0.44704552717133739  0.45841491474950380  0.46912720700054233
  0.48013365263965391  0.49102515656238716  0.50239678015325739  0.51274355429295615
  0.52446704677171796  0.53712955259069117  0.54938975890263142  0.56035573297791508
  0.57082704033627563  0.58069234274818882  0.59057184680978014  0.60100155890735341
  0.61134347542536627  0.62087619929253346  0.63053859877587715  0.64045012376867005
  0.64883166236793921  0.65627610263867076  0.66402616579157714  0.67255052548460148
  0.68005723438104204  0.68662583902405239  0.69304963715039292  0.70004469858641483
  0.70788435291108709  0.71853199002024071  0.72889841132658972  0.73884609569722481
  0.74927798132997558  0.76095427091736056  0.77266512940841980  0.78272624855121764
  0.79216293982430075  0.80189562554093030  0.81218828567629076  0.82202013766058935
  0.83161149382466915  0.84220970502971715  0.85383779530693182  0.86560204880295910
  0.87742010680897453  0.88813289537755458  0.89915699779616720  0.91113683866391260
  0.92455708581141449  0.93919306333049601  0.95139298567251407  0.96182865990772337
  0.97124183719344326  0.98030040352513270  0.98965399949257438  1.00000000000000000
  0.00063841251094812  0.00213255154929719  0.00391755792022541  0.00557554162751421
  0.00710462681932744  0.00854714706501827  0.00992978168062685  0.01129490158823289
  0.01269326301682863  0.01413768657579293  0.01549993583072136  0.01681131526528854
  0.01813348983182812  0.01947395562555349  0.02082685404867858  0.02204604520399524
  0.02326063613698542  0.02450407629492285  0.02579627823129951  0.02712105873777622
  0.02853675405437352  0.03001885387882834  0.03150606002994867  0.03294477766378238
  0.03430355959925243  0.03559255547116887  0.03689646989378545  0.03824298564999024
  0.03962282962918938  0.04100803324656617  0.04238107150262568  0.04370133558797611
  0.04487780557770670  0.04607768258938710  0.04738769455339627  0.04883488907273685
  0.05044512475987362  0.05217465044047240  0.05384229643055687  0.05542960966113224
  0.05702606886430878  0.05857306548848711  0.06009637294056565  0.06166686901001586
  0.06325219121327735  0.06481745002778248  0.06611446118725746  0.06712411116033921
  0.06808149736362849  0.06905055231653696  0.06996841966713750  0.07102925769191631
  0.07222805114704804  0.07357742939831387  0.07534202398832997  0.07687805025853846
  0.07854835280661329  0.08009699892324762  0.08187610922957668  0.08361729327688298
  0.08545492723908016  0.08726914753212653  0.08923354149724891  0.09099319837881924
  0.09273803314557219  0.09476718706725948  0.09696068894470469  0.09931819407042532
  0.10259410581633832  0.10628618088812589  0.10992994886816815  0.11343311037973206
  0.11727262506339253  0.12164986664796962  0.12599992966730175  0.13252259986058576
  0.13851084184862172  0.14178843740171715  0.14531800501198747  0.14911972393179299
  0.15355855653427430  0.15816565298698232  0.16114948537623830  0.16610446011269195
  0.16975838916133448  0.17488075939646677  0.18142895967648273  0.18822428193921656
  0.19747787858175586  0.20708976060657028  0.22648450802839151  0.25155802688058360
  0.26799274748389251  0.30804866693229599  0.54567907458697962  1.00000000000000000
 -0.00221318149167076  0.01085926925689129  0.02192899378899929  0.03377309458142438
  0.04482221226760825  0.05615108105130034  0.06769484746282474  0.07947610563067359
  0.09005007804235685  0.09995121623069679  0.10954640468877569  0.11885267724344586
  0.12729482852222584  0.13428652880271272  0.14134829706069921  0.14877491278176586
  0.15718281065792403  0.16673926682891738  0.17759172642053070  0.18810577860169561
  0.19876445112901162  0.20986528796767129  0.22002052718541740  0.23074752249946945
  0.24164567099572021  0.25318425113825238  0.26513323953632989  0.27638721536761784
  0.28774091614018565  0.29922662854244481  0.31024938456829354  0.32233553498196904
  0.33292727138483152  0.34402260024151521  0.35525746846005740  0.36840401446501148
  0.38255120256406333  0.39545630419893529  0.40650124654423903  0.41643815262460887
  0.42692267070015427  0.43854528087799921  0.45148043853594033  0.46771044307806109
  0.48510867144465775  0.49904553515107586  0.51150633577216142  0.52503706303403919
  0.54078627149830816  0.56061675404060018  0.57838261866493190  0.59392791274340939
  0.60807278170523915  0.62008933811759703  0.62995556590829460  0.63762028012731620
  0.64481285894875495  0.65189534921343584  0.65965883994554719  0.66828428118383076
  0.67694045182110341  0.68490918314300320  0.69259025190038670  0.70030157289217743
  0.70868631791935544  0.71824379641350200  0.72732236580157128  0.73594475973192541
  0.74435702603353937  0.75283996398723030  0.76163587101431363  0.77061374925768444
  0.77912612004297166  0.78661758104945534  0.79347718526800082  0.80002610103161165
  0.80796355332500980  0.81659131201007251  0.82568339090792708  0.83425139127073145
  0.84231768975006993  0.85023273285472301  0.85862399682133572  0.86764198774082657
  0.87759998406407691  0.88741209875773464  0.89782036497006368  0.90912877245880486
  0.92052013285236933  0.93153345648335162  0.94370240032818276  0.95464076693206523
  0.96486580237006370  0.97469227891963850  0.98655326379318331  1.00000000000000000
 -0.03080958899076435  0.38535096067331598  0.50092517398296821  0.56625148319410057
  0.61291599774555283  0.64782087212388284  0.67655310131815249  0.70118445618072756
  0.72328410385598296  0.74207236692597822  0.75798092501578440  0.77225678135361620
  0.78492760835234987  0.79640172622175087  0.80692874613460996  0.81640479531850652
  0.82504779462723266  0.83328758192709029  0.84106518107824624  0.84805913979338543
  0.85443513564038387  0.86044856687903193  0.86630065204407436  0.87188319215853727
  0.87684445475397954  0.88137896647292413  0.88581544923591105  0.89015155250409939
  0.89437283885896768  0.89832440438221606  0.90217781389848639  0.90600105009146026
  0.90975958625829134  0.91339140003332697  0.91649177062519316  0.91903441442493394
  0.92133760594179404  0.92359648794872429  0.92593461835543722  0.92840517128514777
  0.93087790263558323  0.93322220559600610  0.93540197491963617  0.93744903882301533
  0.93931253215269406  0.94106398878277131  0.94279218576267787  0.94449749489636181
  0.94610267322313846  0.94753510734165325  0.94892139205385351  0.95040751987604744
  0.95193672266623375  0.95346470102233893  0.95505060903239614  0.95669478814760989
  0.95828598867333759  0.95971790102390520  0.96108731029033967  0.96245075270999481
  0.96381007401626295  0.96515708227786579  0.96647935104745764  0.96774931230584094
  0.96890038161941228  0.97000202315804118  0.97107817264115392  0.97213031529978822
  0.97315778379964635  0.97415843071150443  0.97511544512768888  0.97610544905865249
  0.97711408852451753  0.97812133821846203  0.97912587395641049  0.98012543488720805
  0.98114420299807792  0.98216210135932747  0.98307785251234525  0.98398742503821723
  0.98478469984453332  0.98553464304140637  0.98628204000338182  0.98703270941351939
  0.98780846165860747  0.98862419479196051  0.98947813288902553  0.99034151118910163
  0.99125111505184249  0.99224290961219097  0.99326172901821974  0.99431738717920837
  0.99541624145660001  0.99659813341610337  0.99806057824694550  1.00000000000000000
   4.6767133925703535E-013  -1.0000000000000000     
 F F F F F F F F F F F F F F F F F F F F F F F F F F F F F F F F F F F F F F F F F F F F F F F F F F F F F F F F F F F F F F F F
  <DiscreteSampler_grid>
  grouped_processes
  1 # 1 for a reference and 2 for a running grid.
  10 # Attribute 'min_bin_probing_points' of the grid.
  1 # Attribute 'grid_mode' of the grid. 1=='default',2=='initialization'
  0.0000000000000000 # Attribute 'small_contrib_threshold' of the grid.
  0.5000000000000000 # Attribute 'damping_power' of the grid.
 # binID   n_entries weight   weight_sqr   abs_weight
    10   10   5.123300947569104E-001   2.563793103754032E+000   5.123300947569104E-001
  </DiscreteSampler_grid>
