  0.00977493747020787  0.01566177889518254  0.02504331217479409  0.03627613470664478
  0.04758256242202787  0.05904145921538512  0.07025492812673050  0.08133468764364367
  0.09174472230259169  0.10206917328458101  0.11249812857836125  0.12316846657418808
  0.13266348924422422  0.14262121349465742  0.15352579617459317  0.16500885414294178
  0.17589722105492220  0.18642422592717350  0.19694064842758890  0.20757974595215278
  0.21796379269294844  0.22829727152494081  0.23834930485197228  0.24848659794278286
  0.25940044106767646  0.27088078989165687  0.28243725151022658  0.29333519636826794
  0.30349221673356569  0.31348916575039054  0.32356718919538041  0.33364515050356985
  0.34372040615160115  0.35406613453941038  0.36535572681722700  0.37699648718334422
  0.38814991635709406  0.39908509251424013  0.40984333456595051  0.42074837760319217
  0.43177904370353554  0.44190931428115870  0.45128233957195507  0.46104127757916769
  0.47050702004511680  0.47950802519890340  0.48807025296880036  0.49672560697084389
  0.50663777479950789  0.51690944729769484  0.52707446284059900  0.53656642745442995
  0.54619749887458113  0.55698518191670343  0.56791463536401410  0.57932133312077316
  0.59049362397600713  0.60126925461211278  0.61182460677459283  0.62237804486212511
  0.63296615706251214  0.64351083183536995  0.65508022643545349  0.66662307461741588
  0.67785830246367962  0.68865152242660355  0.69936633937856629  0.70975882023383297
  0.71986906218120528  0.72981742421749018  0.73940797286968718  0.74888547739883271
  0.75870379430934221  0.76919726372029307  0.78021497687825003  0.79149946787318182
  0.80300124260390593  0.81406006813464749  0.82455369864583938  0.83474018469264188
  0.84459280939471448  0.85433900448798350  0.86388422084962868  0.87316273118179011
  0.88305863539358875  0.89348380111588555  0.90450513135043153  0.91579194950785792
  0.92669399955521004  0.93708956309298941  0.94687214215117477  0.95632449090485216
  0.96647962068225435  0.97723902993202616  0.98853332423494888  1.00000000000000000
  0.01119546493766871  0.01398761629627805  0.01559931482847553  0.01685132651893421
  0.01795377398503483  0.01897786068490158  0.01993878650028786  0.02085556856125079
  0.02173807031788666  0.02259067532890479  0.02343409198407744  0.02427860660015667
  0.02512431013613230  0.02597031623395364  0.02681718567685905  0.02764532079756871
  0.02849418508038990  0.02932674292486143  0.03014817253307854  0.03093748820674310
  0.03173519513857697  0.03257325273046071  0.03344875225162233  0.03435049760472711
  0.03526511279961924  0.03618661262112197  0.03711015166124151  0.03801825694470984
  0.03891868918672348  0.03987624664144830  0.04084695912897007  0.04183745717420839
  0.04283442317307867  0.04379638983253736  0.04475260107868208  0.04575739809682236
  0.04672868179570207  0.04770816835569406  0.04872995207474157  0.04978535081231679
  0.05086343360831664  0.05195347952411921  0.05307276451236134  0.05426962135862316
  0.05554864982642580  0.05680274348001499  0.05804057484222940  0.05936916679251756
  0.06081045363107285  0.06229491175447317  0.06372353622967435  0.06514788758093468
  0.06665930063859830  0.06825890995952989  0.06984194186684385  0.07123411424910682
  0.07265094400053103  0.07420395823413888  0.07588065806546540  0.07745796701757329
  0.07909022779811482  0.08084684450605899  0.08306613835321856  0.08558243942941865
  0.08800941027561106  0.09034123257994309  0.09267567912635867  0.09497623362945608
  0.09706914527305315  0.09918744267913802  0.10155369551690110  0.10413828488182177
  0.10697548565342795  0.11018771979892705  0.11390561138375338  0.11764317011026279
  0.12114625103941272  0.12463244990857297  0.12829042893691620  0.13226101176583394
  0.13629423921249720  0.14056140094481423  0.14551941153101366  0.15455631756333119
  0.16427094216201110  0.17554702295499369  0.18597487624616008  0.19505566237597630
  0.20533537705903798  0.21725490744059284  0.23460646688307790  0.25870204018368881
  0.31641007213771222  0.40546013974102724  0.50188404743683190  1.00000000000000000
 -0.00000624640904762  0.00003159821490045  0.00006707743829967  0.00009632905871712
  0.00012458964353824  0.00015610371025657  0.00019262472226359  0.00023217777844103
  0.00027223058428141  0.00031456845615870  0.00036128981990073  0.00041243681675271
  0.00046539608539159  0.00051831612828448  0.00057035477278078  0.00062659880739951
  0.00068509200846929  0.00074268783042394  0.00080232169004261  0.00086735174415630
  0.00093655484074047  0.00101237533287789  0.00109276161819248  0.00117585672870320
  0.00125792100042602  0.00133887830958016  0.00142177662392166  0.00150703286346866
  0.00159448772778107  0.00168662540224709  0.00178556533847627  0.00188820304502971
  0.00200290969353112  0.00212357010775601  0.00225127057017554  0.00238483999223189
  0.00252000403241376  0.00265103763792951  0.00278431821620276  0.00292239231998016
  0.00306539157812092  0.00321927269143946  0.00337607368676229  0.00353099514416822
  0.00368742792769730  0.00385038445268886  0.00402775323780870  0.00421146757970382
  0.00439910563849107  0.00459418729280911  0.00479701394073002  0.00500787194384543
  0.00522640484262419  0.00544892069802170  0.00567436283981410  0.00591008634335766
  0.00615892332016416  0.00643388799950327  0.00673123134587479  0.00703460233968947
  0.00734927439898237  0.00767835762295293  0.00803173651995512  0.00840722645546758
  0.00879785765438903  0.00922212568379183  0.00968045705138988  0.01016977381998668
  0.01074686507733355  0.01134595412638191  0.01197878621557216  0.01263011056988681
  0.01329158537514048  0.01397190903179689  0.01470757932497748  0.01545925842200383
  0.01633971306046064  0.01731317494423691  0.01843780925013988  0.01969199316792536
  0.02106306667625640  0.02257114600785420  0.02418690797348085  0.02605069494244841
  0.02832497064840374  0.03066092974267494  0.03327725237634515  0.03651334829414087
  0.04035158647939373  0.04632912635811566  0.05349433175281975  0.06211157927718414
  0.07855251579897377  0.11145167577151011  0.46986610121729933  1.00000000000000000
 -0.00309619150927936  0.01016953018046666  0.02222418944735799  0.03394197293497591
  0.04541320303199488  0.05624080084544660  0.06697294485565949  0.07806279243734987
  0.08940188792618310  0.10061304908634826  0.11138225489362247  0.12164915914841289
  0.13155462712954949  0.14143580776205034  0.15150321133339606  0.16170375816056323
  0.17195414225670910  0.18231680712417825  0.19285438210025410  0.20362811959722402
  0.21457895800921420  0.22562461213730794  0.23670896945069425  0.24754987082900262
  0.25792520963982124  0.26805804314173765  0.27885022919647257  0.28987199203642461
  0.29998284851496776  0.30951384657097536  0.31913883523512843  0.32931788098398168
  0.33953265137991584  0.34982846972853637  0.36033533009082080  0.37081872681337835
  0.38108822976343953  0.39099736595039303  0.40056826689839692  0.40992025853821795
  0.41956210024363438  0.42979852089778114  0.44006296365633579  0.45014810425616580
  0.46087770316785409  0.47268831533025829  0.48379358106915116  0.49403193397148348
  0.50427693460773404  0.51525379848572217  0.52610836330647237  0.53640900777839717
  0.54624333847218753  0.55602597780621044  0.56581355106081477  0.57618953140036500
  0.58620163826685001  0.59631145589666568  0.60621707929989765  0.61721438615870561
  0.62777536344904872  0.63836980103966634  0.64877292959138511  0.65957505958839391
  0.67038343348581597  0.68090682281723869  0.69175055160207599  0.70240637677257367
  0.71307628163308912  0.72422681446370274  0.73678400649981912  0.74934216497917117
  0.76049700568195244  0.77131440895707681  0.78130309919615371  0.79164810281451281
  0.80095579025349295  0.81028205349302929  0.81989773504143659  0.82983556349992671
  0.84045753072506890  0.85135427854496892  0.86285259759645494  0.87473563574176194
  0.88729373050600657  0.89950015096869962  0.91085996783603418  0.92134973783867680
  0.93161469581313805  0.94214127034197892  0.95278709427577335  0.96288488881736400
  0.97279655681526145  0.98209152283745138  0.99135081028735761  1.00000000000000000
 -0.00238921405136157  0.00936566696107427  0.01950557818709147  0.03013555589968502
  0.04075788102609680  0.05135657172117567  0.06230946435650747  0.07269335217660149
  0.08306729480668924  0.09294341966921343  0.10293794536900973  0.11347539593319649
  0.12456747371806920  0.13516869119546340  0.14560112578217782  0.15680783337029255
  0.16810268996392405  0.17896396448310239  0.18910970306344574  0.19879273416679463
  0.20847433133962662  0.21793099857864909  0.22786062066767665  0.23808450717765672
  0.24847701054357724  0.25868507341375702  0.26916418201759101  0.27940447818639880
  0.28940272918348142  0.29912028341167690  0.30864606188816535  0.31874709805180562
  0.32931339420739408  0.33978264998185026  0.34971684245640428  0.35938665641036927
  0.36872992256719817  0.37822094321696104  0.38805250001656350  0.39868451520584675
  0.41005661303294960  0.42138132285473956  0.43228424119400949  0.44304578574339315
  0.45415749748785683  0.46492230029626208  0.47560089852903714  0.48586542809612243
  0.49591649386471426  0.50581420127126886  0.51563254457336627  0.52598206255105195
  0.53693438668975757  0.54772430632496261  0.55812863634199850  0.56882648215983656
  0.58002187057005816  0.59117547632440037  0.60210002963242926  0.61303577941681819
  0.62388319206262022  0.63442597204498541  0.64494588331194003  0.65604687367817782
  0.66745783879989418  0.67882565132977835  0.69007996690165851  0.70131766465542855
  0.71229585130604023  0.72312862847163284  0.73433133761908309  0.74601874301809223
  0.75709444044207475  0.76825445860087049  0.77926796712648905  0.78996048027904187
  0.80068542514611185  0.81115076199265390  0.82140831792368540  0.83200574483609646
  0.84330478688515742  0.85571842367418216  0.86556613369917101  0.87616525652374599
  0.88699462127657336  0.89767740275887409  0.90727169244091121  0.91678781930338715
  0.92678749317411968  0.93694055833898293  0.94687360196265957  0.95694632554674763
  0.96782373669245958  0.97937853862995183  0.98971583186108225  1.00000000000000000
 -0.00092699523859187  0.00463515981646484  0.00990243997506331  0.01525426289782724
  0.02078760793072248  0.02655918420659258  0.03233485418968187  0.03800313973356035
  0.04385883097045243  0.04993225163574348  0.05599159740557806  0.06212028264654001
  0.06830400481734605  0.07452317529220327  0.08092779467161154  0.08733157165382927
  0.09348117535214813  0.09991218205352334  0.10605357169898781  0.11308436956025039
  0.11956650961630667  0.12607163834465385  0.13246123642324681  0.13887703409187552
  0.14604123034888178  0.15404885284129211  0.16240851038380208  0.17084293317785360
  0.17920854773296480  0.18721658423909210  0.19478543992490382  0.20194398480339204
  0.20951945025264415  0.21693026311075272  0.22440901425847684  0.23167006595622855
  0.23882010484728192  0.24614917844015335  0.25384627843770946  0.26189322338745613
  0.27000937509150108  0.27814179270770933  0.28638050640095569  0.29480823254751493
  0.30310385225203335  0.31138535429231878  0.31947519087230697  0.32744634560126445
  0.33545205743785295  0.34365276373771209  0.35200037579664828  0.36050986468496016
  0.36934301950763310  0.37841134243715679  0.38758298991076573  0.39675068550632114
  0.40591885738406985  0.41535459614577341  0.42537614466913409  0.43571949146181138
  0.44583118289896401  0.45569492638805953  0.46539501391288574  0.47515072109258261
  0.48484501442196920  0.49482002161178351  0.50522702035936062  0.51578652282388815
  0.52561177506447920  0.53515768365084881  0.54518148782083709  0.55615923982734838
  0.56820219255955862  0.58095710000714618  0.59300166335323334  0.60489202580292412
  0.61730030790421919  0.63059655315653573  0.64421873952254138  0.65818168211360595
  0.67178363223661985  0.68517133484074877  0.69968588658498421  0.71479944930169903
  0.72921115736003173  0.74593121807131346  0.76201576352328160  0.78011265367708926
  0.79954396277680695  0.82049761169596624  0.84301596904707077  0.86586397797854464
  0.89232121458262692  0.92284228217185982  0.95653333854236644  1.00000000000000000
 -0.00249039082640837  0.00961144896443029  0.01987547736730505  0.03078764577822089
  0.04128032678478170  0.05257772486595878  0.06379876749884331  0.07429275535720621
  0.08501877677647207  0.09603235556993701  0.10682182154491372  0.11744125282634668
  0.12812428449097046  0.13870082352501373  0.14881928669136119  0.15864608623014914
  0.16904691040045364  0.17953861884340488  0.18973608095567088  0.20021543213976564
  0.21103042979311798  0.22208805664737422  0.23299628390458124  0.24358267193850233
  0.25401949296129306  0.26396899024243131  0.27376783506982372  0.28351701810229663
  0.29355125162114776  0.30430097909729154  0.31522828050345097  0.32542201852616348
  0.33513271327021688  0.34425191061897131  0.35378874127862142  0.36325871204532739
  0.37291746781698532  0.38290030016029053  0.39298779434896364  0.40322298719827282
  0.41380704052550643  0.42534166594021000  0.43707799432896671  0.44923910110101611
  0.46106119980749133  0.47289317365932843  0.48425864044961470  0.49566560391328118
  0.50670798017668306  0.51774599338063809  0.52850693784466640  0.53909278081586554
  0.55069150092485775  0.56209932798335227  0.57306720930917288  0.58358555403581602
  0.59383274191057156  0.60383175479049567  0.61405592896390548  0.62447168923242802
  0.63571611064992706  0.64650010090667276  0.65743792379730248  0.66870577516130791
  0.68032789437768326  0.69197157084238881  0.70350891629552814  0.71510707274467189
  0.72633118679557040  0.73660992094458000  0.74620825579567229  0.75554588202902329
  0.76499642878782736  0.77437443187503552  0.78379723515536937  0.79325127980578192
  0.80302976075967625  0.81270404609747382  0.82221485426959129  0.83206464572436467
  0.84250658957008084  0.85269166476644953  0.86209850572958535  0.87143900423340581
  0.88167631256607293  0.89239222404787955  0.90295211882038806  0.91383817260316846
  0.92388475718576524  0.93439245300211093  0.94512619638698836  0.95648821587829735
  0.96754240278581649  0.97815263309768652  0.98945280376438804  1.00000000000000000
 -0.00215298775861768  0.00876487815221946  0.01826057271004571  0.02771519237952288
  0.03723269851456754  0.04691452153264411  0.05675564881372237  0.06777841375609370
  0.07971355843374973  0.09218701768246249  0.10402072901332986  0.11456600304020262
  0.12550058967320174  0.13648349150436034  0.14823354867747751  0.15958621095271255
  0.17048899757050850  0.18083198312127641  0.19091997953267917  0.20105999196506455
  0.21101293837223714  0.22108191027110011  0.23087695017632984  0.24253551094012010
  0.25311627640933126  0.26376910331075309  0.27408470404279422  0.28420094330842932
  0.29387454305746680  0.30326297845651506  0.31287203985974615  0.32352419351750589
  0.33469478507392264  0.34595609664305260  0.35645749023528323  0.36771078662722873
  0.37834092863501062  0.38868538617654030  0.39922555325375730  0.40997457892781031
  0.42079329598372384  0.43086928131363161  0.44138829650341499  0.45246408303340974
  0.46337017674954850  0.47417775925289385  0.48459400225137605  0.49482483829164403
  0.50521251019888080  0.51535571616580189  0.52489083566487360  0.53384304189232434
  0.54316707056697333  0.55307088255129278  0.56308050045946234  0.57316034474554367
  0.58355694178198092  0.59446955849637462  0.60561895017111578  0.61722269199040236
  0.62897264545785547  0.64023820066655435  0.65147652399574973  0.66245307033184087
  0.67334962932485309  0.68402217558445666  0.69559405842079769  0.70731606670446390
  0.71819841034560261  0.72882308177381605  0.73912789618594843  0.74962393769697044
  0.75918289749217183  0.76860767708785238  0.77717732002308637  0.78550646654997824
  0.79414740091110070  0.80313756488184118  0.81229151691391810  0.82210899956153349
  0.83246602628767108  0.84335878473962933  0.85423289711909423  0.86487954245683807
  0.87551793207768103  0.88658580363582873  0.89778308441770716  0.90916885012913840
  0.92091509021191209  0.93267888080514461  0.94472339983393616  0.95649784578583064
  0.96781210098907366  0.97869529785059850  0.98935987713738593  1.00000000000000000
 -0.00215232326405698  0.33939550629994031  0.43407585041660707  0.49201481089570087
  0.53412595086114356  0.56755622476792811  0.59475373247971863  0.61743048334236683
  0.63765890013545679  0.65540337537941795  0.67066435376139766  0.68473491466654268
  0.69774830156760537  0.70957150389372381  0.72039826458946721  0.73067088330568464
  0.74016811344134770  0.74881212838796207  0.75634272670695202  0.76339336627236298
  0.77024109250467832  0.77682935000453890  0.78325731561273237  0.78939478426359388
  0.79516756665747568  0.80054045203873181  0.80579622673501905  0.81104296935562414
  0.81607130024994756  0.82068863863390740  0.82501669723807813  0.82920588927867134
  0.83329213891622889  0.83716049852593921  0.84098373185216357  0.84487325601142638
  0.84867855029937900  0.85242448740757204  0.85590916107088022  0.85898072807275627
  0.86196311240906143  0.86487804291996284  0.86780236832585711  0.87073349442069092
  0.87367263995948441  0.87649391843014079  0.87908703555542522  0.88165424202714371
  0.88423685308338518  0.88681263746624350  0.88935464950866039  0.89189053327057821
  0.89437320645771290  0.89675004465730335  0.89901571701139948  0.90120348663109018
  0.90336423310741409  0.90551055574994543  0.90759077265420651  0.90967065386057910
  0.91171322874719141  0.91370123513855550  0.91564872466848435  0.91755211074394227
  0.91938709690484177  0.92117161856887175  0.92297842437862876  0.92479101432603206
  0.92659284867055391  0.92838643614843630  0.93015189453700353  0.93191246780561365
  0.93367686310337983  0.93543728682355876  0.93720224727932899  0.93895484980265420
  0.94071438977074717  0.94247618296943447  0.94424012948893554  0.94601061359250149
  0.94779572775425358  0.94954513479129199  0.95133947278220043  0.95319467273458014
  0.95505342899066803  0.95692744367674210  0.95896077323445450  0.96122854768191379
  0.96359320743032073  0.96609105078404511  0.96876864407700236  0.97166779510061352
  0.97495371305180456  0.97939805028798510  0.98705454122482550  1.00000000000000000
   2.3108204916002196E-017  -1.0000000000000000     
 F F F F F F F F F F F F F F F F F F F F F F F F F F F F F F F F F F F F F F F F F F F F F F F F F F F F F F F F F F F F F F F F
  <DiscreteSampler_grid>
  grouped_processes
  1 # 1 for a reference and 2 for a running grid.
  10 # Attribute 'min_bin_probing_points' of the grid.
  1 # Attribute 'grid_mode' of the grid. 1=='default',2=='initialization'
  0.0000000000000000 # Attribute 'small_contrib_threshold' of the grid.
  0.5000000000000000 # Attribute 'damping_power' of the grid.
 # binID   n_entries weight   weight_sqr   abs_weight
    10   10   1.808330485476212E-005   9.314619981458180E-010   1.808330485476212E-005
  </DiscreteSampler_grid>
