  0.00900190675631652  0.01687223878502607  0.02701302965696090  0.03638736442563669
  0.04588800923973259  0.05492690093870505  0.06466823523627292  0.07393753848361050
  0.08343973412442481  0.09427896663388030  0.10428729477863889  0.11255995877279884
  0.12011609931109241  0.12731206171098960  0.13409391857764449  0.14153587087695399
  0.14951718382807647  0.15725808585598802  0.16455551008230623  0.17199101440906905
  0.17961359131148844  0.18741700494777092  0.19631502709237938  0.20572702002235113
  0.21563829275100077  0.22577920443462249  0.23697141517368500  0.24870955482120333
  0.26012323244836744  0.27156841446350244  0.28336562943296212  0.29618575438045602
  0.31110847039587042  0.32249898068299299  0.33331749846154668  0.34274064149956601
  0.35164990110010613  0.36021627545639040  0.36798117090735527  0.37516594898925215
  0.38302401251042528  0.39086632355491407  0.40274533861742329  0.41675182207740086
  0.43148924162512325  0.44632545787953493  0.46014910245647583  0.47180010663164779
  0.48192176330758674  0.49179614569993957  0.50131262765167139  0.51103059048386257
  0.52180516731181159  0.53326744211721000  0.54462937602292361  0.55549785349533953
  0.56704828559839493  0.57748197111243360  0.58784694272964533  0.59886623157110153
  0.61022739079872546  0.62215458227299980  0.63418630479174243  0.64766426368703878
  0.66026548170339405  0.67315457144464119  0.68508327630715238  0.69688662759561970
  0.70770553993798957  0.71699709650010368  0.72525846656586568  0.73415666201910523
  0.74377675771085006  0.75330608388704556  0.76259454600693610  0.77152795384567152
  0.78345194919704475  0.79511933697714687  0.80660005463099116  0.81780044475980318
  0.82917129650390997  0.83783173582373494  0.84606310430772380  0.85441539427474877
  0.86351476258094595  0.87375187120226794  0.88438848346109922  0.89399071432784516
  0.90488529538878493  0.91566929109702944  0.92701398441038751  0.94027918130476706
  0.95602524298346492  0.97228198271214461  0.98670930094423137  1.00000000000000000
  0.00107487224801588  0.00168976984314638  0.00202703321703613  0.00229663291255038
  0.00256834518525576  0.00285199532538813  0.00313751378382742  0.00339709925690203
  0.00364102987411842  0.00390073224858544  0.00417736251200309  0.00448123758427590
  0.00476760222870382  0.00503784727486323  0.00532607822099145  0.00557353160600563
  0.00582530381949983  0.00606330279793047  0.00626698988486556  0.00647473693266064
  0.00671137345283122  0.00697992574697556  0.00726023325348321  0.00755766848872862
  0.00788812815616581  0.00827493497864601  0.00867355907466435  0.00902189888561120
  0.00933682698339831  0.00964527414774342  0.00995258727125595  0.01028728723992190
  0.01060701091062604  0.01093255711384783  0.01127171468461008  0.01165214939412177
  0.01208060272003175  0.01260619150577339  0.01306677405010634  0.01340309352365947
  0.01377679109620974  0.01417900206679503  0.01455763481709913  0.01491909895669563
  0.01528229081632075  0.01566329945072807  0.01603291151585952  0.01642011843724153
  0.01687092049393715  0.01738002626473980  0.01790812818781837  0.01844229416096326
  0.01897039622647871  0.01952236021929774  0.02011813541100767  0.02065228488107276
  0.02126373858108964  0.02190391100750404  0.02258838548665542  0.02334258337100072
  0.02417767072542108  0.02512371680442130  0.02616751558553083  0.02729948737820229
  0.02856879806552491  0.02974829534417387  0.03156032163996200  0.03385601961707511
  0.03582932956897211  0.03730275326734953  0.03882515129455497  0.04007950814262323
  0.04081968411427540  0.04291937601286738  0.04721586927906820  0.05273506977731882
  0.05805785556954606  0.06288190054810555  0.06368022049883174  0.06460877275728329
  0.06648902935323280  0.06855296720737096  0.07084609557344597  0.07312644675520569
  0.07534579557627989  0.07663973718156944  0.07744415971264482  0.08155899961157334
  0.10587946132180875  0.13019992303204417  0.15452038474227958  0.22387805642312705
  0.29418699390912190  0.36449593139511677  0.48374015207216148  1.00000000000000000
 -0.00000140510059203  0.00000516566761285  0.00001417209452207  0.00002313353058744
  0.00003214092567245  0.00004042380135411  0.00004843325921656  0.00005628569701754
  0.00006470672678597  0.00007522028185964  0.00008499615550818  0.00009490340194623
  0.00010453694539792  0.00011510302682377  0.00012683124051534  0.00013774713154450
  0.00014818792587304  0.00015887423752554  0.00017038527055768  0.00018403640538648
  0.00019983359329434  0.00021650954969811  0.00023064799487507  0.00024462682334736
  0.00025878925439038  0.00027376416919691  0.00028833293391833  0.00030291714417184
  0.00031817048110676  0.00033420488998015  0.00035194534738871  0.00036925620647286
  0.00038635825101347  0.00040338198401837  0.00041919955780557  0.00043449948370652
  0.00044927338892711  0.00046640522284931  0.00048593208664725  0.00050951457960883
  0.00053943244836530  0.00057572224678648  0.00061445308679969  0.00064894227081644
  0.00068269625161893  0.00071836815937190  0.00075643447134016  0.00079537792788809
  0.00083585048844210  0.00088197228452976  0.00093317795214750  0.00098104777599288
  0.00103006555588478  0.00108276330080645  0.00114107071824146  0.00120750903809832
  0.00127567326874909  0.00134661880112511  0.00142250858083020  0.00150243836284222
  0.00158899767255174  0.00169489506812855  0.00180499730419294  0.00189351296520355
  0.00197852832508030  0.00207098306154229  0.00217100493453034  0.00228059765103345
  0.00239771648179120  0.00258119260488919  0.00282366230744585  0.00307550304138882
  0.00327631562504648  0.00347852260135764  0.00370274918014249  0.00393953032950686
  0.00417820568227964  0.00443173602979112  0.00471062069066772  0.00503905851223643
  0.00538981982456462  0.00581773312118540  0.00649575519606027  0.00738510353483960
  0.00815972431906276  0.00903069740488830  0.00989950144544501  0.01082703607294293
  0.01210317646360197  0.01475718050741470  0.01907750846402002  0.02554812641732124
  0.03228056970083588  0.07006623977777304  0.20258545219554219  1.00000000000000000
 -0.00233052695896787  0.00938982905052434  0.02048321499777810  0.03153624801568043
  0.04386027644920563  0.05827633374162393  0.07363433737110439  0.08858080843822159
  0.10225703070537757  0.11281945683273374  0.12214493243927999  0.13087159852280733
  0.13970097578421756  0.14862171916886577  0.15773571607212644  0.16680789090303855
  0.17656317380386102  0.18631901711514598  0.19746285573743594  0.21003243429526058
  0.22517182525771084  0.24064020982609099  0.25699151326438402  0.27148204983376917
  0.28285855103608537  0.29296436056472319  0.30269641507573891  0.31195128913675413
  0.32167029308053835  0.33142500016695470  0.34498383291780038  0.35989075359435896
  0.37398309452584949  0.38631175288882347  0.39893497750685530  0.41050831779941921
  0.42124595641938567  0.43207066727921595  0.44261020382175842  0.45394692298969458
  0.46434833521572250  0.47352079455608104  0.48200263954890576  0.49082369140129900
  0.50080586106514302  0.51241479374229526  0.52494032835368765  0.53743616703158803
  0.54809529175435123  0.55676251721851910  0.56593643537927152  0.57570623981252189
  0.58537431612481960  0.59408504848227806  0.60289452678029920  0.61251431235919329
  0.62351369447660465  0.63361231342150004  0.64486738557999135  0.65343106310197308
  0.66242534996367242  0.67123312216994702  0.68057111936603876  0.69051265114360616
  0.70077070767892646  0.71134294212530702  0.72184351471456254  0.73200342170492738
  0.74166926628284191  0.75114029504025881  0.75970034350293936  0.76797090066843643
  0.77661993534471419  0.78546959184815091  0.79459994879774953  0.80328840313881944
  0.81267255857236820  0.82382570481377093  0.83681509034936674  0.85112689264083607
  0.86459377359792489  0.87560853992724941  0.88357531208136642  0.89122373986936987
  0.89945977300445790  0.90789253176346130  0.91605771178994022  0.92457665870349837
  0.93214177563752199  0.94130321225212055  0.95326966113622325  0.96473154498130576
  0.97419150847825320  0.98323711758889587  0.99190101769303740  1.00000000000000000
 -0.00486489205297484  0.01683663836439122  0.03214191198528727  0.04501025530232174
  0.05754807000807070  0.06708376259459158  0.07512561372586944  0.08271017073522574
  0.09051136983916204  0.09967100723447928  0.10909804391934942  0.11737450627864919
  0.12579568879973488  0.13848549064030186  0.15217427246205367  0.16660580699227534
  0.18072136281906095  0.19397838950207869  0.20618867464376858  0.21647850418134212
  0.22735561924614120  0.23848777224015505  0.25015084832541190  0.26149646924216868
  0.27172086692734060  0.28112830757792789  0.29048142011053679  0.30023374461344332
  0.31096839830804368  0.32215344394455825  0.33498788985404010  0.34970924579789692
  0.36122749626220341  0.37027927745803024  0.37935867969250853  0.38762549123478346
  0.39594898669140183  0.40459970804466411  0.41335617139627812  0.42325465283882413
  0.43377703882276536  0.44278087349414491  0.45066515333324125  0.45854452121848893
  0.46595851516096887  0.47430493031435433  0.48241649313187557  0.49025830154635841
  0.49865060528087674  0.50903690134925805  0.52259186389522738  0.53479830130541062
  0.54779290461043117  0.56154329582496743  0.57576979954291352  0.58967772598234047
  0.60270196412701682  0.61532742634761972  0.62784415701673846  0.64014472577528170
  0.65172861293167750  0.66226880809054112  0.67231531528523691  0.68244023201986270
  0.69286811080481758  0.70398323961129983  0.71442526074553081  0.72503964782781505
  0.73605533039721527  0.74670245464058593  0.75765123597657558  0.76726006406093794
  0.77777747141500864  0.78817047488848380  0.79816029390663379  0.80862090971001654
  0.81829033401418383  0.82779460102374181  0.83773351620615288  0.84764267992635001
  0.85675590223498599  0.86571048973793030  0.87471588819502988  0.88441460116839310
  0.89414993593427150  0.90307437112914835  0.91172467293644510  0.92063182931686205
  0.93056896204965744  0.94092172017289177  0.94993456566260537  0.95812246375407562
  0.96692463519933969  0.97689143152202051  0.98851569853284149  1.00000000000000000
 -0.00115070122808211  0.00473792718756263  0.00965239881661015  0.01437024008386307
  0.01905608777760031  0.02328228334915803  0.02785640052314639  0.03269389693505027
  0.03786590800054562  0.04291170911311331  0.04772950574785999  0.05266227504431793
  0.05793992467152104  0.06448363455759752  0.07279106106331160  0.08181053133410776
  0.08975828490444160  0.09758683809057635  0.10390426738467630  0.10891689156920845
  0.11382599567475743  0.11912883040976012  0.12503601797876390  0.13074146802931225
  0.13632274378036413  0.14175945256944344  0.14693277920382522  0.15245721759027936
  0.15820693534111471  0.16468597567051790  0.17140417306172176  0.17903911422089586
  0.18639445851123038  0.19585735699461690  0.20456659974542615  0.21288969194796437
  0.22049002160336553  0.22820813503457965  0.23600487499377890  0.24387112826340951
  0.25207312146005345  0.26073973431660108  0.26971389231954063  0.27901352369269328
  0.28917401080257910  0.29862016421709542  0.30800283528746542  0.31711831132320739
  0.32603902357142472  0.33458998377326360  0.34275065076225236  0.35109888230454828
  0.36008002901583425  0.36941101807239396  0.37915448727309120  0.38936464886144384
  0.39992772495614581  0.41149603737538437  0.42437065626558612  0.43764527094295896
  0.44957336696025280  0.46027359086824599  0.47011805530578504  0.47999354235221398
  0.48949058508924198  0.49842743782240539  0.50741137364253597  0.51596398209712868
  0.52803017952100506  0.53985181277269412  0.55047752229028757  0.56054952409942715
  0.57074101163042779  0.58250965067617777  0.59585638616473158  0.60824737326729728
  0.61948298710583061  0.63107923243629116  0.64353669358064403  0.65747661649585665
  0.66989580102527957  0.68456355718941397  0.69747718796034852  0.71113353777729715
  0.72616456221639358  0.74063692066921105  0.75745550478335899  0.77594520504765763
  0.79536941118353333  0.81574083360393546  0.83738192565841019  0.86100741120593549
  0.88543799153853586  0.91142560122781480  0.94741820518582054  1.00000000000000000
 -0.00216305656891778  0.00855157365035607  0.01780853503889561  0.02866695794192408
  0.03928886935526129  0.04979548474146932  0.05895010835630791  0.06865538959469564
  0.07860576709019959  0.08839870627554715  0.09780531369418471  0.10647425170144970
  0.11438639426436914  0.12433890318827663  0.13508423274999715  0.14532054349385465
  0.15408763060524527  0.16258222334545214  0.17030362342806601  0.17776717143746046
  0.18501482474029640  0.19226708615513932  0.20012630535572015  0.20836854554369438
  0.21664082999379378  0.22462426977535949  0.23430026606468179  0.24574459311448940
  0.25873171003479667  0.27239895529566249  0.28564513188856983  0.29803227947986011
  0.30937093700974017  0.31976314955559043  0.33015255523346260  0.34129788072318701
  0.35338697730331275  0.36648900830014952  0.38008028485898909  0.39341754740675872
  0.40496723352019864  0.41555921982077482  0.42596062674349988  0.43576997812619955
  0.44475249194881533  0.45392986334381502  0.46228977654971021  0.47134841554322726
  0.48070368006389685  0.48977451301779146  0.49958117894235254  0.50946308401664975
  0.51927955560549421  0.53093134346629400  0.54273848693344717  0.55432893108115455
  0.56521129852882979  0.57647499027159643  0.58791721810115882  0.59836031543425450
  0.60936176171131851  0.61980471807359594  0.62968989765315053  0.64051442621498278
  0.65165658314958352  0.66964801121088458  0.68267853907610654  0.69626637775793176
  0.70953968935536760  0.72232489981757597  0.73464038652530994  0.74554536077624523
  0.75501872115283553  0.76417210530149171  0.77340910907751503  0.78369971230017488
  0.79646129505683994  0.81108258144318801  0.82618784387517741  0.83872056339159573
  0.84900984109606092  0.85903021045998196  0.86961447819944826  0.87953969560239087
  0.88921505362113629  0.89764582416275085  0.90560225754324752  0.91400058519480776
  0.92300979605635392  0.93236751087564462  0.94178497687016505  0.95066895717808297
  0.95928066210114771  0.97182778923081525  0.98575816476215616  1.00000000000000000
 -0.00199917732221320  0.00847943264737680  0.01771577770046261  0.02783532751259483
  0.03846093368898148  0.04838390013471099  0.05804469426075502  0.06727140514569262
  0.07723582827885617  0.08821960797862896  0.10060629465074787  0.11422881991675386
  0.12744091850029732  0.13843612540089814  0.14794151043013723  0.15554174749380470
  0.16392527494294717  0.17224755322404234  0.18074023287254207  0.19000859100569362
  0.19944928377124088  0.20795081172216159  0.21792093732461087  0.22888124268892424
  0.24025501036137700  0.25077405578052675  0.26155387546606740  0.27177298030851416
  0.28482779791753760  0.29660295601854852  0.30835402866262307  0.31987699465415315
  0.33115044578087255  0.34227959425244631  0.35288522196250605  0.36478184944739239
  0.37718345876285636  0.39035789342644006  0.40408533218819392  0.41901403858119218
  0.43221933967209447  0.44537157879701661  0.45751682680018985  0.47046374834703480
  0.48329586280301789  0.49432536029251267  0.50576957469187600  0.51761107458465228
  0.52912290312043508  0.53933059714421216  0.54840740114245035  0.55742117954181880
  0.56782721780059853  0.57822235511241848  0.58732692991192192  0.59585771018451572
  0.60352642971228032  0.61217066038230039  0.62060904611901713  0.62851277616029111
  0.63630701957423219  0.64483402041481974  0.65198612366017927  0.65863630526025252
  0.66575160885941542  0.67373512085279197  0.68234301072461234  0.69152769871582842
  0.70108533250326199  0.71050898549874220  0.72190782139064624  0.73241456324638521
  0.74208690578931147  0.75185509728829736  0.76218500353606000  0.77287852160363757
  0.78365728118063394  0.79521828669750527  0.80788576234070719  0.81904695417429796
  0.82846346017904804  0.83821349628928821  0.84855334722484743  0.85918960707953096
  0.86947641078120230  0.87945396412708610  0.88979666146767811  0.90054872805244846
  0.91123794247572865  0.92201592766652807  0.93326192940154151  0.94557250246410074
  0.95861101463472387  0.97148185754511218  0.98464753754720336  1.00000000000000000
  0.02125042589518580  0.41110566550025229  0.53610901612474471  0.61348673779454510
  0.66281557012681813  0.70188009191377188  0.73326527281873310  0.75852267363504466
  0.77905155779823099  0.79700984417509491  0.81367195240648837  0.82818560849817824
  0.84145827529074080  0.85253516930272299  0.86186695758782106  0.87059845996764063
  0.87887258000834756  0.88626792117904540  0.89301907663522229  0.89913286598195452
  0.90457087392149138  0.90974119742779280  0.91459775079024841  0.91931652365682370
  0.92397682506115952  0.92848076553412595  0.93228255310992814  0.93575477645063043
  0.93885063985289652  0.94171988109669125  0.94444730451623393  0.94695720917752757
  0.94926389793953803  0.95147847236383287  0.95363120571865445  0.95577000417289359
  0.95776573911985696  0.95927013424406593  0.96061271569686513  0.96189919613514496
  0.96314637729132435  0.96435257232455440  0.96556421560853556  0.96669910419105942
  0.96776396135865750  0.96877868308154880  0.96978009614591965  0.97082738976602356
  0.97193076130934541  0.97305550870001978  0.97415310333172755  0.97521647037116177
  0.97621569736082459  0.97714842446831895  0.97803939504287307  0.97888997954248214
  0.97963955479349474  0.98035723837879585  0.98103280522081582  0.98173721261910696
  0.98245888618345190  0.98313133547329878  0.98375944798158510  0.98435653453406891
  0.98492412301202492  0.98549731002978125  0.98607446152158040  0.98666379647430513
  0.98727274152620947  0.98788950744026049  0.98848378528672443  0.98905831770008767
  0.98959174906966851  0.99006366099564092  0.99054484573765655  0.99102542988075493
  0.99151159739577566  0.99199018380453818  0.99243443076569549  0.99286826496139247
  0.99330860183282255  0.99375479503399500  0.99420131170483894  0.99464846607352497
  0.99508827650616483  0.99550988116623074  0.99591845179731009  0.99632283781926667
  0.99672225168933626  0.99709761351515980  0.99747734210135353  0.99786067614215246
  0.99826481901088548  0.99873720399186805  0.99931742636555621  1.00000000000000000
   1.1687493542431172E-015  -1.0000000000000000     
 F F F F F F F F F F F F F F F F F F F F F F F F F F F F F F F F F F F F F F F F F F F F F F F F F F F F F F F F F F F F F F F F
  <DiscreteSampler_grid>
  grouped_processes
  1 # 1 for a reference and 2 for a running grid.
  10 # Attribute 'min_bin_probing_points' of the grid.
  1 # Attribute 'grid_mode' of the grid. 1=='default',2=='initialization'
  0.0000000000000000 # Attribute 'small_contrib_threshold' of the grid.
  0.5000000000000000 # Attribute 'damping_power' of the grid.
 # binID   n_entries weight   weight_sqr   abs_weight
    10   10   9.124526233521136E-005   5.681644126515514E-008   9.124526233521136E-005
  </DiscreteSampler_grid>
