  0.00903847505173533  0.01743400487550812  0.03047162851272200  0.04343995902913485
  0.05493290333061317  0.06550964842156198  0.07723571598241526  0.08782159545747216
  0.09761806109026568  0.10741141462675638  0.11785484077916335  0.12912326098801546
  0.14143412631199934  0.15403251102487711  0.16596974240397686  0.17694742719913187
  0.18782170909626603  0.19838443518804971  0.21041554927164985  0.22121318746701452
  0.23080027307532686  0.23885581020140920  0.24685574039622390  0.25600458402310039
  0.26691534703574921  0.27863698241217388  0.28917010955914313  0.29851544786125894
  0.30751329864666299  0.31697459992446092  0.32649235581943681  0.33532429336007508
  0.34291171382519336  0.35081480641895907  0.35884913636256655  0.36965208636515895
  0.38014765184600169  0.39171957163653781  0.40285025263919960  0.41439006060782990
  0.42600006905113369  0.43770421108251956  0.44926042521464404  0.46139521713993664
  0.47401346945035105  0.48559705425780281  0.49719530548707858  0.50736736471425992
  0.51771340285385836  0.52738323964377765  0.53707653378001896  0.54635521950341859
  0.55561072436768399  0.56499649347428615  0.57458680196870560  0.58427253009700875
  0.59461961730885182  0.60588651597355636  0.61778105161975694  0.62953966472824208
  0.64111182259959909  0.65272274188536350  0.66459284056051238  0.67752045919261039
  0.68968625330043187  0.69982188378993770  0.70949379136806046  0.71929747178187220
  0.73016852935570553  0.74123494630586106  0.75216888037533736  0.76362040925422525
  0.77635652109267206  0.78961832350266015  0.80227591117522579  0.81342697787273566
  0.82316215595656150  0.83299336463357276  0.84138894544744458  0.84933285026128635
  0.85718902695479815  0.86552225035553043  0.87428135687906694  0.88350892963422378
  0.89341079591125183  0.90412669379135224  0.91509307125435280  0.92592152616481538
  0.93653190621023430  0.94648380938453647  0.95638793293599089  0.96629854671228277
  0.97594072243789820  0.98515722627938673  0.99022468247082895  1.00000000000000000
  0.00108824412771144  0.00158474605860543  0.00189388020384120  0.00213260563064521
  0.00234405129088009  0.00255847117363720  0.00277684068737021  0.00299815564817036
  0.00321566426833683  0.00342587727605425  0.00363963451707445  0.00384780649186559
  0.00405261642343127  0.00426546780629071  0.00447915030178783  0.00471720633358161
  0.00496984794976543  0.00522865354234345  0.00549027515664257  0.00574166918016130
  0.00599354395073309  0.00623684612513072  0.00648256349911021  0.00671853084625007
  0.00695970547908562  0.00722083865109875  0.00750045827289486  0.00779482952332488
  0.00808880631200944  0.00836851640623729  0.00866316334146766  0.00893932731940456
  0.00920281100258541  0.00948581691860033  0.00979060014380665  0.01008558263744063
  0.01034226613826815  0.01058972506725769  0.01085160760679506  0.01111528083840965
  0.01139964447517596  0.01168678685910411  0.01198677143871472  0.01230035097017602
  0.01261378034913641  0.01294136127130836  0.01334124595467633  0.01375563819742379
  0.01416692191119391  0.01458913765977858  0.01503836392971385  0.01549976566069290
  0.01595872837766322  0.01641443300990297  0.01687311620555859  0.01733902599979011
  0.01783351536185308  0.01837425487812099  0.01897598025243766  0.01963989335679296
  0.02030319660478342  0.02097120170444128  0.02182396573531533  0.02267800454896868
  0.02353115658557632  0.02432433374927505  0.02507471338582992  0.02592167707200350
  0.02687348832327377  0.02785538067386902  0.02885264244976405  0.02998837330505899
  0.03150618067717168  0.03394731503167009  0.03515997984755070  0.03674562680928672
  0.03823073030791386  0.03959546235733498  0.04074971460002963  0.04153891039850128
  0.04660204388454457  0.04992478857620145  0.05189038543679399  0.05399632085004193
  0.05627846459373938  0.05862103808373667  0.06273702993058476  0.06976140147748630
  0.08371740425351219  0.08946785755886924  0.09108026644959442  0.09108026644961656
  0.09507321442844294  0.10021612586435373  0.10716459741213613  1.00000000000000000
 -0.00000253541872078  0.00000609760318118  0.00001776513725877  0.00003130289310494
  0.00004430412924139  0.00005702505942025  0.00006886686785807  0.00007938382736473
  0.00008874562423419  0.00009771257078829  0.00010659895431843  0.00011657614135631
  0.00012682065285232  0.00013617074376961  0.00014519461719646  0.00015465703604962
  0.00016501874234972  0.00017621621829691  0.00018797533755973  0.00020001596755275
  0.00021205824808531  0.00022449437725068  0.00023764694379087  0.00025223356481569
  0.00026825551923056  0.00028466340735518  0.00030195964483761  0.00031867483512031
  0.00033503915320513  0.00035130389424595  0.00036793928116082  0.00038570339825314
  0.00040476003300549  0.00042307206937295  0.00044281607226806  0.00046561762264379
  0.00049113516422431  0.00051849821496914  0.00054683673062161  0.00057596877692830
  0.00060581543137412  0.00063661894765200  0.00066763822428260  0.00069896995830206
  0.00073158562140962  0.00076315182249520  0.00079865587451251  0.00083606641425783
  0.00087836691810103  0.00092650803536091  0.00097509724619516  0.00102618639766326
  0.00107939887340299  0.00114115475032085  0.00120871641059165  0.00127820125537209
  0.00134764263395209  0.00141780989027291  0.00149067167889785  0.00156149438671066
  0.00163783863697554  0.00171028470085642  0.00178266514168915  0.00185682048387834
  0.00193494303138207  0.00202904811492367  0.00214530462750191  0.00227796388911631
  0.00241535664935142  0.00254792381313198  0.00267846268780704  0.00281680666828445
  0.00296363249289190  0.00312116039897454  0.00328840111584139  0.00347832861227230
  0.00374863748963713  0.00406926199239799  0.00443123619240180  0.00479476047012315
  0.00514753053211371  0.00556084251381845  0.00610603652458828  0.00677857125903893
  0.00751223855568159  0.00833424157674791  0.00928590018325314  0.01036499971996884
  0.01187799447995903  0.01410472102722586  0.01640395573307363  0.01915775993789560
  0.02320590805488889  0.03030794178814906  0.04653270103456235  1.00000000000000000
 -0.00276222909964460  0.01142784836099622  0.02245289882257719  0.03095304372710767
  0.03921715445895724  0.04762389697575727  0.05700656266066181  0.06787431547786689
  0.07900853935230961  0.09021110800262989  0.10083860894657662  0.11193140436416747
  0.12301646729584116  0.13509072059971894  0.14756930810829075  0.16032078445464082
  0.17277050644009803  0.18476390954683411  0.19786238260895614  0.21067875826105151
  0.22270614623842178  0.23497743164696502  0.24684271824606752  0.25800580081324082
  0.26887170078913092  0.28003117880000350  0.29118012696927237  0.30284140940601328
  0.31547369274925463  0.32790412985520129  0.33992166794679901  0.35121560295795223
  0.36160802599045333  0.37158838113678505  0.38141325288560157  0.39161664410449215
  0.40257168947131938  0.41408082118985695  0.42574601460624095  0.43722661916994238
  0.44819344476027301  0.45900182838410297  0.47013207371460236  0.48159164009757960
  0.49329969021363168  0.50398492309063170  0.51376363501539901  0.52342261278824187
  0.53358200697608282  0.54356750643726981  0.55345428049102219  0.56364496510000484
  0.57511308614249990  0.58630487687961874  0.59640805347776693  0.60639016418051661
  0.61624359290419972  0.62573386605114112  0.63494046805101434  0.64408087777979550
  0.65294906788541129  0.66151539756028266  0.67028699870798136  0.67955176456928434
  0.68937884070572397  0.69906671143944177  0.70881765040488287  0.71969233181907821
  0.73125088485987289  0.74236275186742062  0.75230475003264863  0.76097035662171575
  0.77000473551456028  0.77876245440936853  0.78753438769734707  0.79646565556613147
  0.80552216842540758  0.81459971722024249  0.82390431544678577  0.83292861081584590
  0.84411764632837738  0.85532818111543674  0.86670524755413225  0.87856247853418679
  0.88893332936358382  0.89852353403517993  0.90695916137571131  0.91561113039531117
  0.92529296036043285  0.93544774172675038  0.94570557984787040  0.95636428392470585
  0.96763898011628191  0.97908806223541411  0.98975572375719634  1.00000000000000000
 -0.00361554393077794  0.01347311542184423  0.02635117353948931  0.03842959600265661
  0.04967749443775559  0.06081904028643927  0.07120538351189279  0.08123090466690290
  0.09177963938955924  0.10304647233813623  0.11361630290510942  0.12356948164493228
  0.13415572690575203  0.14467816056114807  0.15458419768432249  0.16419934015816731
  0.17410001055652558  0.18297012166329199  0.19025352868548653  0.19750229062142791
  0.20527947804019372  0.21441071756143582  0.22459280615836180  0.23574241534547025
  0.24838088896503072  0.26192322060523776  0.27539205272068096  0.28810463362169048
  0.29950421447091463  0.31025385547995576  0.32078746420218957  0.33243188244121991
  0.34379414932986457  0.35441085758991847  0.36508499968491953  0.37655251603126094
  0.38871240180256844  0.40022859973075159  0.41065193704665359  0.42156460660527073
  0.43326557943805410  0.44340814939813672  0.45313308563156734  0.46391077213940163
  0.47466138959797816  0.48461215964487470  0.49381165317226672  0.50269755476116440
  0.51180121718300753  0.52138519660570237  0.53030043558385465  0.53898459900859486
  0.54833621736347560  0.55794814613798194  0.56869778969973295  0.57994661381623525
  0.59119949180726594  0.60304122945282246  0.61475764775120789  0.62604022283404170
  0.63647910332579394  0.64685340039065786  0.65692399738464990  0.66755514738812871
  0.67867715444948085  0.69004916466823807  0.70128128547925739  0.71135726053662418
  0.72030522758444981  0.72929920618204880  0.73872586018852737  0.74910153591818063
  0.76037129083052934  0.77100114086220184  0.78165002792091309  0.79138333595057508
  0.80048698496167792  0.81030216603735772  0.82081280737031126  0.83145378556434757
  0.84184470389293642  0.85077381868765256  0.86051468043198220  0.87054472960728857
  0.88110540828168904  0.89192089720242862  0.90283777532013909  0.91369752309887198
  0.92495454024605939  0.93650758077630369  0.94850065442322840  0.95954071727266255
  0.96969945695784532  0.97947257596056125  0.98947507230584375  1.00000000000000000
 -0.00086280831190655  0.00331470855743215  0.00800460359965605  0.01229063765532002
  0.01727308657791963  0.02313191323719564  0.02969496441940095  0.03678201483998678
  0.04414924737569088  0.05212626252421311  0.05938736416361282  0.06645907489427787
  0.07370307473711560  0.08091932554365422  0.08786929366716170  0.09451750095656254
  0.10120525334274667  0.10801267014757032  0.11501752216823902  0.12209329421977866
  0.12950927672351711  0.13725566355119651  0.14539546877721832  0.15377070242379842
  0.16188823035805996  0.16959959043872860  0.17706097251951911  0.18435016629575951
  0.19138167633791273  0.19884304654087412  0.20641732527223661  0.21486743616849924
  0.22371567196853259  0.23263090002042305  0.24168335969147453  0.25089710358063866
  0.25988032729633309  0.26866033591005689  0.27794856060693007  0.28734548221845807
  0.29643380851005702  0.30505611753667145  0.31360605393822305  0.32071433328753557
  0.32870143067380214  0.33682840570065503  0.34490305300842461  0.35247514049162032
  0.36011358604174731  0.36722149868406789  0.37472138850254005  0.38282187649937288
  0.39103801073720884  0.39850644530585955  0.40552916206448292  0.41287408644506934
  0.42013929930610444  0.42771873258419968  0.43547667116063205  0.44419840515107079
  0.45259974460873936  0.46118834300307288  0.47044527376687417  0.47964631614206082
  0.48894961899937600  0.49789178801629069  0.50673059193782066  0.51592275492448603
  0.52533048294627149  0.53490581263271253  0.54527461005678035  0.55485893188458346
  0.56457907040878685  0.57501713287679201  0.58616678675720646  0.59774100203312375
  0.61046183323906311  0.62469827298432257  0.63750957188565283  0.65042618286353537
  0.66429623464381715  0.67716511658035250  0.68958169574147499  0.70318288472521584
  0.71752786165095439  0.73366820720308690  0.75144284453520838  0.76859998438693200
  0.78680390183994287  0.80480283986717205  0.82410820718643463  0.84630852101101062
  0.87104655385140606  0.89969653419235973  0.94021551666795045  1.00000000000000000
 -0.00147145309769785  0.00815782365862151  0.01665242160257535  0.02547089618585676
  0.03448228270439098  0.04408753985836943  0.05424379152394764  0.06439048850594593
  0.07404908175858982  0.08337008671780179  0.09434604682838263  0.10605562309191086
  0.11804844793393528  0.12863938866715630  0.13708279698716896  0.14599528953229449
  0.15502629439433505  0.16554574093442553  0.17705669916153710  0.18832371551677998
  0.19898654975065000  0.20912142118644728  0.21892684896706599  0.22920617799018009
  0.23927933845633306  0.24944938995519420  0.25936592076357318  0.26936780681385897
  0.28005765227258306  0.29126252664824570  0.30177607035984211  0.31146007018103467
  0.32055887923187648  0.32950646733240169  0.33886758071857254  0.34811092609062178
  0.35776366152993094  0.36848181813311093  0.37860178855324489  0.38933130759813012
  0.39959097888669770  0.41037602700117620  0.42160809006344302  0.43209991300463002
  0.44241950917619677  0.45282730679330624  0.46343019879380942  0.47350838530020589
  0.48406756104755283  0.49460222917088975  0.50418241640075812  0.51338208435188093
  0.52318369637189288  0.53466896182468626  0.54617076989686164  0.55702018521745289
  0.56799305810749545  0.57981281521151440  0.59065857762366369  0.60159117506045590
  0.61365757240962437  0.62617012936504757  0.63838948882423974  0.64963170503192880
  0.66041111842549871  0.67130125772329030  0.68151925612930719  0.69106006955202448
  0.69991083739010251  0.70909104119002653  0.71938075096672016  0.73035133349892634
  0.74204636787445699  0.75348749849603658  0.76403475609784544  0.77423871162343882
  0.78480671295766391  0.79586640370810591  0.80675102201019466  0.81769884048133257
  0.82915462364410342  0.84051969460773446  0.85194968635854573  0.86321101397596045
  0.87389290431896771  0.88422259824834371  0.89488585273677912  0.90640824683226962
  0.91774355551872566  0.92839963272492065  0.93928684719883004  0.95117256660349725
  0.96405464839142407  0.97656625888811688  0.98845949122420107  1.00000000000000000
 -0.00172486088216885  0.00750449623561561  0.01621060486707762  0.02554062214259808
  0.03552169472207103  0.04540784451596822  0.05525530356892806  0.06592001507300704
  0.07796260919699369  0.08974498882483350  0.10109005664154437  0.11165385305235023
  0.12215366666941820  0.13315795311252113  0.14413704521254664  0.15443053871410181
  0.16394039407394070  0.17261679233306762  0.18150803657315662  0.19061707675298195
  0.20075857184490267  0.21219573753282264  0.22369256189027914  0.23411839394854400
  0.24361225752689813  0.25382734895947417  0.26401144706468627  0.27420923484880044
  0.28457305179486764  0.29540970416964879  0.30614957774291351  0.31672056439192497
  0.32801484016013838  0.33948765589797858  0.35208049358745619  0.36430341465122090
  0.37527005597695839  0.38560304292364161  0.39624021376092755  0.40677933231766622
  0.41693395843142828  0.42661194214961839  0.43671265886704458  0.44733168633550668
  0.45840563415295504  0.46876313221826077  0.47912952117043667  0.49048361071878599
  0.50201202467535544  0.51236483786647991  0.52252626302027760  0.53422288401851903
  0.54546795655787184  0.55677985996114987  0.56819498019020331  0.57921177922616707
  0.59018854813778521  0.60053692389670188  0.61037485273338199  0.62034965997031877
  0.63152429803638876  0.64398468171340117  0.65605001068326130  0.66703219499577593
  0.67732141411214586  0.68783334148790576  0.69857485309514422  0.70879630030319651
  0.71847826569141460  0.72828027632636994  0.73844910643615302  0.74808889015053537
  0.75761510424586964  0.76717685992953066  0.77787316068154011  0.78787986842746605
  0.79926595874999395  0.81071716025729268  0.82068089183810178  0.82993686608601502
  0.83947756765963655  0.84936286583954379  0.85941548600723239  0.86920002474639424
  0.87894525522090505  0.88943741459678927  0.90037933145862259  0.91096477058729919
  0.92099518213058640  0.93143618948657381  0.94273861888173305  0.95559270195245793
  0.96707301769721643  0.97841514398555618  0.98916979429941454  1.00000000000000000
 -0.01390899898877232  0.37208564139967626  0.48576639953592854  0.55334462467400825
  0.60007949993805454  0.63627753205054072  0.66596284838855579  0.69085910518960958
  0.71160097983217885  0.72948709977595005  0.74444558048179355  0.75817874912509919
  0.77080610841475306  0.78219436132545528  0.79266160288424303  0.80253487734607321
  0.81169702934446442  0.82056834765871467  0.82897388610930534  0.83664174475559916
  0.84343926544432557  0.85038156778877394  0.85695746549523077  0.86314327062367591
  0.86891413784192606  0.87413730935699296  0.87866972704252277  0.88282023831615697
  0.88700215261164173  0.89111600315436523  0.89529929085820681  0.89892960633607688
  0.90245617582305016  0.90576343009617499  0.90909409979261724  0.91234137043873842
  0.91559481035587686  0.91837130168286130  0.92106981034412094  0.92367607465858292
  0.92618485728753108  0.92861620086562990  0.93094592264336218  0.93317545157241411
  0.93534307362373204  0.93745356098032384  0.93952554781970554  0.94165535385794430
  0.94379200525668949  0.94588616377640267  0.94778522176432911  0.94956683213397985
  0.95127814037333835  0.95295480663054843  0.95467733937365706  0.95649564232419271
  0.95811048341774752  0.95956831952129984  0.96093846912429992  0.96226035531276555
  0.96354952989241627  0.96479012820614185  0.96598573106687591  0.96713583906560052
  0.96829173074603336  0.96945102688274432  0.97060919449342209  0.97182548040572903
  0.97300566200787142  0.97420833250207695  0.97532135333869396  0.97635926336548995
  0.97735422564074137  0.97832439383747882  0.97926449199468368  0.98014252169498139
  0.98099193597797751  0.98187501681700418  0.98281709107262627  0.98374545331238417
  0.98464600535195757  0.98554522606533002  0.98645942221512828  0.98738105249998265
  0.98822984836864114  0.98900610821511759  0.98977825558958210  0.99056464541647871
  0.99137630481592276  0.99219344735020221  0.99300561931677245  0.99389093058081068
  0.99488964578090300  0.99608102180574032  0.99760077562795069  1.00000000000000000
   1.6556199329821149E-017  -1.0000000000000000     
 F F F F F F F F F F F F F F F F F F F F F F F F F F F F F F F F F F F F F F F F F F F F F F F F F F F F F F F F F F F F F F F F
  <DiscreteSampler_grid>
  grouped_processes
  1 # 1 for a reference and 2 for a running grid.
  10 # Attribute 'min_bin_probing_points' of the grid.
  1 # Attribute 'grid_mode' of the grid. 1=='default',2=='initialization'
  0.0000000000000000 # Attribute 'small_contrib_threshold' of the grid.
  0.5000000000000000 # Attribute 'damping_power' of the grid.
 # binID   n_entries weight   weight_sqr   abs_weight
    10   10   4.842413903975504E-007   1.093935719549467E-012   4.842413903975504E-007
  </DiscreteSampler_grid>
