  0.01167157566402350  0.47987238550140315  0.48057810433613957  0.48128382317087604
  0.48198954200561245  0.48269526084034886  0.48340097967508533  0.48410669850982174
  0.48481241734455816  0.48551813617929457  0.48622385501403104  0.48692957384876745
  0.48763529268350386  0.48834101151824028  0.48904673035297674  0.48975244918771316
  0.49045816802244957  0.49116388685718604  0.49186960569192245  0.49257532452665886
  0.49328104336139528  0.49398676219613175  0.49469248103086816  0.49539819986560457
  0.49610391870034098  0.49680963753507745  0.49751535636981387  0.49822107520455028
  0.49892679403928669  0.49963251287402316  0.50043885572319402  0.50135452608043429
  0.50227019643767468  0.50318586679491495  0.50410153715215533  0.50501720750939560
  0.50593287786663588  0.50684854822387626  0.50776421858111653  0.50867988893835692
  0.50959555929559719  0.51051122965283746  0.51142690001007785  0.51234257036731812
  0.51325824072455850  0.51417391108179877  0.51508958143903916  0.51600525179627943
  0.51692092215351970  0.51783659251076009  0.51875226286800036  0.51966793322524074
  0.52058360358248101  0.54821576883141798  0.56220939047325824  0.57620301211509850
  0.59019663375693887  0.60430211994858607  0.64447057755085879  0.64825164497301402
  0.65080250548459995  0.65335336599618576  0.65590422650777169  0.65845508701935751
  0.66100594753094344  0.66355680804252926  0.66610766855411518  0.66865209456951846
  0.67119471480194048  0.67373733503436251  0.67627995526678453  0.67882257549920655
  0.68136519573162846  0.68390781596405048  0.68645043619647250  0.68899305953121004
  0.69153568504676144  0.69407831056231284  0.69662093607786424  0.69916356159341553
  0.70170618710896693  0.70424881262451833  0.70679143814006973  0.71219669232251182
  0.72201259868893741  0.75095712364736777  0.83131252249972032  0.91166792135207297
  0.96082338792474842  0.96676252143117858  0.97270165493760874  0.97864078844403890
  0.98402129292869711  0.98934752861913156  0.99467376430956589  1.00000000000000000
  0.00000817061794229  0.00013858373674442  0.00014522882123000  0.00015187390571558
  0.00015851899020116  0.00016516407468675  0.00017180915917233  0.00017845424365791
  0.00018509932814350  0.00019174441262908  0.00019838949711466  0.00020503458160024
  0.00021167966608583  0.00021832475057141  0.00022496983505699  0.00023161491954258
  0.00023826000402816  0.00024490508851374  0.00025155017299932  0.00025819525748491
  0.00026484034197049  0.00027148542645607  0.00027813051094165  0.00028477559542724
  0.00029142067991282  0.00029933370353966  0.00030730192629651  0.00031527014905336
  0.00032323837181021  0.00033120659456706  0.00033917481732391  0.00034714304008076
  0.00035511126283761  0.00036307948559446  0.00037104770835131  0.00037901593110816
  0.00038698415386501  0.00039495237662186  0.00040292059937871  0.00041088882213556
  0.00041885704489241  0.00042682526764926  0.00043479349040612  0.00048804810494846
  0.00059885876047833  0.00070291190565477  0.00079914587877243  0.00112361925771140
  0.00116182738043386  0.00120003550315632  0.00124064882725428  0.00128199926428897
  0.00132457683333193  0.00136932801504740  0.00141407919676287  0.00202882560967040
  0.00267377663373549  0.00270675713766407  0.00273973764159264  0.00277271814552122
  0.00280569864944980  0.00283867915337838  0.00287165965730696  0.00290633827735320
  0.00294203116551149  0.00297772405366978  0.00301341694182807  0.00304910982998637
  0.00308480271814466  0.00312049560630295  0.00315906784408890  0.00319769618851442
  0.00323632453293994  0.00327495287736546  0.00331358122179098  0.00335220956621650
  0.00343192068389906  0.00359292377839436  0.00375398358384079  0.00391507960721238
  0.00523443441307832  0.00761677649926003  0.01107883156322598  0.01613063384542388
  0.02348109828550122  0.03416752052454952  0.04969692923487704  0.07236123991843338
  0.08909989475823532  0.08909989475824533  0.08909989475825533  0.08909989475826534
  0.08909989475827534  0.08909989475828535  0.08909989475829536  1.00000000000000000
  0.00002623717604157  0.00006480956054272  0.00006750979169342  0.00007021002284412
  0.00007291025399482  0.00007561048514552  0.00007838340994969  0.00008117298515620
  0.00008396256036272  0.00008675213556924  0.00010426175920354  0.00011189054986278
  0.00011257011458895  0.00011324967931511  0.00011392924404127  0.00011460880876744
  0.00011528837349360  0.00011596793821976  0.00011664750294593  0.00011732706767209
  0.00011800663239826  0.00011868619712442  0.00011936576185058  0.00012004532657675
  0.00012072489130291  0.00012140445602908  0.00012208402075524  0.00012276358548140
  0.00012344315020757  0.00012414944065555  0.00012490582486883  0.00012566220908211
  0.00012641859329538  0.00012717497750866  0.00012793136172194  0.00012868774593521
  0.00012944413014849  0.00013020051436177  0.00013095689857504  0.00013171328278832
  0.00013246966700160  0.00013322605121487  0.00013398243542815  0.00013473881964143
  0.00013549520385471  0.00013625158806798  0.00013700797228126  0.00013776435649454
  0.00013859196521381  0.00013943385275751  0.00014027574030121  0.00014111762784490
  0.00014195951538860  0.00014280140293230  0.00014364329047600  0.00014448517801970
  0.00014532706556340  0.00014616895310710  0.00014701084065079  0.00014785272819449
  0.00014869461573819  0.00014953650328189  0.00015037839082559  0.00015122027836929
  0.00015206216591298  0.00015290405345668  0.00017941055413933  0.00021700678842013
  0.00022518211412216  0.00023335743982419  0.00024220846257577  0.00025130794502583
  0.00026040742747590  0.00027033481239791  0.00028046292030173  0.00029059102820555
  0.00044740366477292  0.00072861265448673  0.00118372653568748  0.00140091881929868
  0.00152198263728761  0.00179650517031856  0.00292536753134514  0.00475209640702891
  0.00773683510912934  0.01257367529739370  0.02046037827431321  0.03326620308588353
  0.05410432050984353  0.07115344222401211  0.07115344222402212  0.07115344222403212
  0.07115344222404213  0.07115344222405214  0.07115344222406214  1.00000000000000000
  0.04768400986989345  0.07020139628247890  0.13244977487167500  0.18791909257620787
  0.18902172112391397  0.19012434967162006  0.19122697821932616  0.19232960676703226
  0.19343223531473835  0.19453486386244445  0.19563749241015055  0.19674012095785665
  0.19784274950556274  0.19894537805326884  0.20004800660097494  0.20115063514868103
  0.20225326369638713  0.20335589224409323  0.20445852079179933  0.20556114933950542
  0.20666377788721152  0.20776640643491762  0.20886903498262371  0.20997166353032984
  0.21107429207803596  0.21217692062574206  0.21327954917344816  0.21438217772115428
  0.21548480626886038  0.21658743481656650  0.21769006336427260  0.21879269191197873
  0.21989532045968482  0.22099794900739095  0.22210057755509705  0.22320320610280317
  0.22430583465050927  0.22540846319821539  0.22651109174592149  0.22761372029362759
  0.22871634884133371  0.22981897738903981  0.23092160593674591  0.23202423448445200
  0.23312686303215810  0.23422949157986420  0.23533212012757029  0.23643474867527639
  0.23753737722298249  0.23864000577068861  0.23974263431839471  0.24084526286610081
  0.24194789141380690  0.24305051996151300  0.24415314850921910  0.24525577705692519
  0.24635840560463129  0.24746103415233739  0.24856366270004349  0.24966629124774958
  0.31192681820779594  0.37957514033738560  0.39536568127221083  0.41115622220703629
  0.42694676314186164  0.46695355622922052  0.55575641711025203  0.64455927799128354
  0.71147226364735494  0.72260927102699923  0.73374627840664342  0.74488328578628760
  0.75602029316593178  0.76715730054557596  0.83032470890081578  0.87838164465331614
  0.88518690769368080  0.89199217073404546  0.89709566767107707  0.89999385461986681
  0.90289204156865666  0.90579022851744639  0.90868841546623624  0.91158660241502609
  0.91448478936381583  0.91688904683997452  0.91778879643793698  0.91868854603589956
  0.91958829563386202  0.92048804523182448  0.92138779482978694  0.92228754442774952
  0.92318729402571198  0.92408704362367444  0.92435354391733815  1.00000000000000000
  0.03999799092610686  0.32059680637853105  0.32869361275706210  0.33709323674203850
  0.34589926923401898  0.35905078109282001  0.39633712981600244  0.39727120931607890
  0.39820528881615536  0.39913936831623181  0.40007344781630827  0.40100752731638467
  0.40194160681646113  0.40287568631653758  0.40380976581661404  0.40474384531669050
  0.40567792481676695  0.40661200431684341  0.40754608381691987  0.40848016331699633
  0.40941424281707278  0.41034832231714924  0.41128240181722570  0.41221648131730210
  0.41315056081737855  0.41408464031745501  0.41501871981753147  0.41595279931760792
  0.41688687881768438  0.41782095831776084  0.41875503781783724  0.41968911731791370
  0.42062319681799015  0.42155727631806661  0.42249135581814301  0.42342543531821947
  0.42435951481829592  0.42529359431837233  0.42622767381844878  0.42716175331852524
  0.42809583281860170  0.42902991231867810  0.42996399181875455  0.43089807131883101
  0.43183215081890747  0.43276623031898387  0.43370030981906033  0.43463438931913678
  0.43556846881921324  0.43650254831928964  0.43743662781936610  0.43837070731944255
  0.43930478681951901  0.44023886631959541  0.44117294581967187  0.44210702531974833
  0.44304110481982473  0.44397518431990118  0.44490926381997764  0.44584334332005410
  0.44677742282013050  0.44771150232020696  0.44864558182028341  0.44957966132035987
  0.45051374082043627  0.45144782032051273  0.45238189982058918  0.45331597932066559
  0.45425005882074204  0.45518413832081850  0.45611821782089496  0.45705229732097136
  0.45798637682104781  0.50852328063861685  0.58837265097952107  0.64726855649703985
  0.65238728725905337  0.65750601802106690  0.66262474878308042  0.66774347954509383
  0.67286221030710736  0.67798094106912077  0.68309967183113429  0.68821838912753219
  0.69333702394493035  0.69845565876232851  0.70357429357972678  0.71007068317471100
  0.73208765628347683  0.74490871399031511  0.75724812562667720  0.76927029659975588
  0.84030125931819366  0.90890485445658364  0.90890485445659364  1.00000000000000000
  0.00623792012532550  0.22231150353238138  0.23673693418532835  0.25896629784949909
  0.34259361234335201  0.42622092683720492  0.50984824133105777  0.59347555582491063
  0.67710287031876359  0.75354826775138350  0.78120222789608196  0.80885618804078041
  0.83397366208632484  0.83500792792869027  0.83604219377105571  0.83707645961342114
  0.83811072545578658  0.83914499129815201  0.84017925714051755  0.84121352298288299
  0.84224778882524842  0.84328205466761386  0.84431632050997929  0.84535058635234472
  0.84638485219471016  0.84741911803707559  0.84845338387944103  0.84948764972180646
  0.85052191556417189  0.85155618140653733  0.85259044724890287  0.85362471309126831
  0.85465897893363374  0.85569324477599917  0.85672751061836461  0.85776177646073004
  0.85879604230309547  0.85983030814546091  0.86086457398782634  0.86189883983019178
  0.86293310567255710  0.86396737151492253  0.86500163735728797  0.86603590319965340
  0.86707016904201883  0.86810443488438427  0.86913870072674970  0.87017296656911514
  0.87120723241148057  0.87224149825384600  0.87327576409621144  0.87431002993857687
  0.87534313017190801  0.87637389452027759  0.87740465886864716  0.87843542321701684
  0.87946618756538641  0.88049695191375599  0.88152771626212556  0.88255848061049524
  0.88358924495886482  0.88462000930723439  0.88565077365560396  0.88668153800397365
  0.88771230235234322  0.88874306670071279  0.88977383104908236  0.89080459539745194
  0.89183535974582162  0.89286612409419119  0.89389688844256077  0.89492765279093034
  0.89673062146063365  0.90412480494176872  0.91151898842290380  0.91891317190403876
  0.92630735538517373  0.93370153886630869  0.93886379734424108  0.94166828746333275
  0.94447277758242454  0.94727726770151621  0.95008175782060789  0.95288624793969967
  0.95569073805879134  0.95838787753645960  0.95933274195846641  0.96027760638047333
  0.96122247080248013  0.96216733522448705  0.96311219964649386  0.96405706406850078
  0.96500192849050759  0.96594679291251451  0.96665627161661782  1.00000000000000000
 -0.00303115490089146  0.00089379172202329  0.00178758344404657  0.00268137516606986
  0.00357516688809314  0.00446895861011643  0.00536275033213972  0.00625654205416300
  0.00715033377618629  0.00804412549820958  0.00893791722023286  0.00983170894225615
  0.01072550066427943  0.01161929238630272  0.01251308410832601  0.01340687583034929
  0.01430066755237258  0.01519445927439587  0.01608825099641915  0.01698204271844244
  0.01787583444046573  0.01876962616248901  0.01966341788451230  0.02055720960653559
  0.02162933089099942  0.02278117303482442  0.02393301517864943  0.02508485732247444
  0.02623669946629945  0.02738854161012446  0.02854038375394947  0.02969222589777448
  0.03084406804159948  0.03199591018542449  0.03314775232924951  0.03429959447307451
  0.03545143661689952  0.03660327876072453  0.03775512090454954  0.03890696304837454
  0.04005880519219955  0.04121064733602456  0.09772659734239891  0.11363651202689663
  0.12381254866058437  0.13398858529427210  0.14416462192795984  0.15434065856164769
  0.16451669519533554  0.23985989064064109  0.33265965159824917  0.42545941255585745
  0.51825917351346551  0.54607950466647903  0.55198088711850513  0.55788226957053122
  0.56378365202255742  0.56968503447458352  0.57558641692660972  0.58148779937863582
  0.58738918183066202  0.59329056428268823  0.59919194673471443  0.61873851674591451
  0.62715611149097183  0.62946822858262041  0.63178034567426888  0.63409246276591746
  0.63640457985756593  0.63871669694921451  0.64102881404086298  0.64334093113251156
  0.64565304822416003  0.64796516531580861  0.65027728240745708  0.65258939949910566
  0.65490151659075424  0.65721363368240282  0.65952575077405129  0.66183786786569987
  0.66414998495734845  0.66646210204899692  0.66877421421809524  0.67108632590939776
  0.67339843760070028  0.67571054929200280  0.67802266098330544  0.68033477267460796
  0.68264688436591048  0.68495899605721300  0.68727110774851552  0.72160071712716933
  0.74605369965235391  0.74605369965236390  0.74605369965237389  1.00000000000000000
  0.01614617904027297  0.22992821734757629  0.23068976802848584  0.23145131870939539
  0.23221286939030497  0.23297442007121452  0.23373597075212407  0.23449752143303362
  0.23525907211394317  0.23602062279485275  0.23678217347576230  0.23754372415667185
  0.23830527483758140  0.23906682551849098  0.23982837619940053  0.24058992688031008
  0.24135147756121964  0.24211302824212919  0.24287457892303876  0.24363612960394831
  0.24439768028485787  0.24515923096576742  0.24592078164667697  0.24668233232758655
  0.24744388300849610  0.24820543368940565  0.24896698437031520  0.24972853505122475
  0.25063577894849476  0.25162372423926166  0.25261166953002856  0.25359961482079546
  0.25458756011156236  0.25557550540232926  0.25656345069309616  0.25755139598386306
  0.25853934127462996  0.25952728656539681  0.26051523185616371  0.26150317714693061
  0.26249112243769751  0.26347906772846441  0.26446701301923131  0.26545495830999821
  0.26644290360076511  0.26743084889153201  0.26841879418229891  0.26940673947306581
  0.27039468476383272  0.31893427154440590  0.37090881368354889  0.37735189656592921
  0.38010215959991378  0.38285242263389835  0.38560268566788292  0.38835294870186754
  0.39110321173585211  0.39385347476983668  0.39660373780382130  0.39935400083780592
  0.40210426387179049  0.40485452690577511  0.40760478993975974  0.41035505297374436
  0.41310531600772898  0.41585557904171355  0.41860584612745433  0.42135611490789959
  0.42410638368834486  0.42685665246879012  0.42960692124923539  0.43235719002968065
  0.43510745881012597  0.44875269984161487  0.53526531414876943  0.55145914094982629
  0.56203409048688768  0.57260904002394897  0.58318398956101036  0.59375893909807187
  0.60553469302092378  0.66854425938072803  0.67494423393079794  0.68134420848086785
  0.68774340557624958  0.69412300323854248  0.70050260090083538  0.70688219856312828
  0.71275250173440163  0.71847284842626657  0.72419319511813152  0.74046215707852947
  0.82697477138568387  0.91348738569283849  0.92176843086878468  1.00000000000000000
  0.08783143361409511  0.11220714681335725  0.17607238542898171  0.26573809381647961
  0.35540380220397771  0.44506951059147559  0.53473521897897358  0.62440092736647157
  0.67263128614332846  0.68391445448573140  0.68956550976100661  0.69259313203695583
  0.69562075431290493  0.69864837658885415  0.70167599886480336  0.70470362114075247
  0.70773124341670168  0.71075886569265079  0.71378648796860000  0.71681411024454922
  0.71984173252049843  0.72286935479644765  0.72589697707239687  0.72892459934834608
  0.73187912102565855  0.73482729019291515  0.73777545936017175  0.74072362852742835
  0.74367179769468494  0.74661996686194154  0.74956813602919814  0.75589197843705125
  0.76279517491207671  0.76969837138710229  0.77660156786212786  0.78350476433715344
  0.79040796081217912  0.86498302841417840  0.87599983405418314  0.87712541158796753
  0.87825098912175203  0.87937656665553643  0.88050214418932082  0.88162772172310522
  0.88275329925688972  0.88387887679067412  0.88500445432445851  0.88613003185824291
  0.88725560939202741  0.88838118692581181  0.88950676445959620  0.89063234199338059
  0.89175791952716499  0.89288349706094949  0.89400907459473389  0.89513465212851828
  0.89626019734130191  0.89738568965581911  0.89851118197033619  0.89963667428485339
  0.90076216659937047  0.90188765891388767  0.90301315122840475  0.90413864354292195
  0.90526413585743903  0.90638962817195623  0.90751512048647331  0.90864061280099051
  0.90976610511550760  0.91089159743002479  0.91201708974454188  0.91314258205905907
  0.91426807437357616  0.91539356668809335  0.91651905900261044  0.91764455131712763
  0.91877004363164472  0.91989553594616180  0.92102102826067900  0.92214652057519608
  0.92327201288971328  0.92439750520423036  0.92552299751874745  0.92664848983326464
  0.92777398214778173  0.92889947446229892  0.93002496677681601  0.93115045909133309
  0.93227595140585029  0.93340144372036737  0.93452693603488457  0.93565242834940165
  0.93677792066391874  0.94323014335840183  0.96055154996163061  1.00000000000000000
   3.1730752925677290E-009  -1.0000000000000000     
 F F F F F F F F F F F F F F F F F F F F F F F F F F F F F F F F F F F F F F F F F F F F F F F F F F F F F F F F F F F F F F F F
  <DiscreteSampler_grid>
  grouped_processes
  1 # 1 for a reference and 2 for a running grid.
  10 # Attribute 'min_bin_probing_points' of the grid.
  1 # Attribute 'grid_mode' of the grid. 1=='default',2=='initialization'
  0.0000000000000000 # Attribute 'small_contrib_threshold' of the grid.
  0.5000000000000000 # Attribute 'damping_power' of the grid.
 # binID   n_entries weight   weight_sqr   abs_weight
    10   10   8.119290229275003E+004   5.344284335523268E+010   8.119290229275003E+004
  </DiscreteSampler_grid>
