  0.00962602321854916  0.01649615766008547  0.02431700937761946  0.03338232971958396
  0.04295977397231949  0.05313440677094015  0.06386275408718926  0.07485216223352219
  0.08588861625026165  0.09704816618848125  0.10788519029597980  0.11873792395215720
  0.12979566569056622  0.14117189515912529  0.15121093399289803  0.16075521894576170
  0.17034445566166026  0.18055880753902451  0.19113005261996113  0.20113640366821195
  0.21065947713429820  0.22005098170958956  0.22977369418462901  0.23980974638907271
  0.25000763895409589  0.25995767976085798  0.26993413361858548  0.28031508301171765
  0.29095742343056386  0.30118633675109235  0.31105972704539403  0.32090239022251599
  0.33079878077099883  0.34071885339826696  0.35063510791610286  0.36096919017807255
  0.37183464540528921  0.38249704513040478  0.39327464217366004  0.40434573408041280
  0.41569308438098074  0.42700828259653051  0.43797232837131844  0.44889372027316088
  0.46014753893735139  0.47192264489548247  0.48373234989915515  0.49501706732367096
  0.50541221320144225  0.51516826241301961  0.52510223150621382  0.53466109091173819
  0.54452054210025924  0.55481430234107154  0.56561891190718028  0.57679328869700586
  0.58802663760997465  0.59931719414790074  0.61063029211304065  0.62166528739313320
  0.63228029466840019  0.64264462792816590  0.65270760922808213  0.66274168134533618
  0.67250521744754532  0.68246114253565293  0.69239808635397426  0.70242216067601448
  0.71305935338360693  0.72439299472861152  0.73561424257243679  0.74687962927606844
  0.75862342520405002  0.77089408868194687  0.78229734621569003  0.79332695186906743
  0.80457764724849501  0.81538412669885463  0.82568220911662460  0.83579383967488208
  0.84654429047499558  0.85699682433925561  0.86708782694866537  0.87734918655617511
  0.88805316468313023  0.89842660663714535  0.90863176701487425  0.91892685805812047
  0.93002369272325391  0.94046970951356346  0.95052989283424960  0.96001156943185817
  0.97033739915795325  0.98063833802430644  0.99099041381348740  1.00000000000000000
  0.00002524604764414  0.00003949534854386  0.00005032978624651  0.00006254658821568
  0.00007575841250304  0.00009022356933569  0.00010524282459328  0.00012104936894954
  0.00013833921613964  0.00015718817717368  0.00017712003800207  0.00019769910073479
  0.00022037839519529  0.00024571568602496  0.00027477670285805  0.00030488052048913
  0.00033490395996489  0.00036798942512896  0.00040235583513520  0.00043821787539730
  0.00047521902275745  0.00051508265569113  0.00055663616773775  0.00060009930398713
  0.00064442912626711  0.00069020801098938  0.00073857538171230  0.00078885267350665
  0.00084166512927715  0.00089875380154063  0.00095955658407024  0.00102361400195045
  0.00109747801254141  0.00116988139690363  0.00124035622879376  0.00131050275948361
  0.00138358329332396  0.00146005632521142  0.00154056667941296  0.00162354699347119
  0.00170719861229750  0.00179549636461148  0.00189044978871284  0.00199246161589032
  0.00209528006574671  0.00220111303255136  0.00231029247743894  0.00242221166614987
  0.00253578222523480  0.00265358276989852  0.00277570378786302  0.00290870635526508
  0.00305054239130845  0.00319708840664892  0.00335164796592152  0.00352059157301012
  0.00370383669136888  0.00389785447953728  0.00409710388890950  0.00429760052540438
  0.00449831757175642  0.00471565041783350  0.00495983624688612  0.00522567068008825
  0.00549683984150028  0.00577971713380807  0.00610143353592566  0.00645881242053914
  0.00684209792516941  0.00722889095500892  0.00763282380770796  0.00805977720551830
  0.00851959767880323  0.00899385478259877  0.00950493996600224  0.01001929709743075
  0.01063090787121721  0.01124281605701008  0.01208319842990517  0.01297168742730974
  0.01405495302808197  0.01519814069561293  0.01647048069660634  0.01794587863199770
  0.01967833288590857  0.02162056505851770  0.02402268394333709  0.02743577818913226
  0.03188656440724885  0.03752054374017631  0.04468293500797500  0.05360687173368613
  0.06900637958540783  0.10699826497836513  0.19810336457045055  1.00000000000000000
  0.00002229327630887  0.00002587689875111  0.00002812958770613  0.00003065015315357
  0.00003353786933907  0.00003675305436053  0.00004057305259973  0.00004547114861173
  0.00005293102938641  0.00005733821101600  0.00006272592500616  0.00006776384459479
  0.00007236917891783  0.00007711748528493  0.00008207822253570  0.00008738313272993
  0.00009337621501268  0.00009944202710189  0.00010620620462027  0.00011324347017044
  0.00012164519443686  0.00013277552625101  0.00014619685336078  0.00016090859377142
  0.00017523006805865  0.00019057945292881  0.00020743961045149  0.00022619216792717
  0.00024711669519116  0.00026991444196348  0.00029402776757163  0.00031988817505297
  0.00034790955270312  0.00037725215941777  0.00040669306623001  0.00043761967066057
  0.00047110144573706  0.00050700011930477  0.00054575174009239  0.00059012663658844
  0.00063907496082604  0.00069163855484790  0.00074755979688554  0.00080400368427782
  0.00086578088405761  0.00093649551828896  0.00101804921098305  0.00110723332278547
  0.00120488518402325  0.00130599861504496  0.00141111593344193  0.00152273712013549
  0.00164432667407968  0.00177711948372792  0.00191877265853550  0.00207604475100755
  0.00225529763213275  0.00245087052211882  0.00266372152298382  0.00288575584403314
  0.00311601761632652  0.00336530155866352  0.00363175611617666  0.00392338704188211
  0.00423935182958631  0.00459350075222773  0.00497875659098840  0.00539663771570553
  0.00584064595553309  0.00632819334777856  0.00686635695512047  0.00744041542936651
  0.00808947614753951  0.00882572269203465  0.00961211531998822  0.01043618330678010
  0.01127010680684451  0.01213383682775912  0.01312387609028258  0.01432369314425423
  0.01572536910484242  0.01736537057000399  0.01921540737370245  0.02139000400820402
  0.02382927351676115  0.02673060354257634  0.03021976152573264  0.03478009009433806
  0.04122815430325683  0.04804364894465770  0.05554121328641786  0.06553156480448825
  0.08285594466272418  0.11603186938467812  0.38971224697999196  1.00000000000000000
 -0.00245812696358162  0.00948080563646694  0.02044852666985092  0.03195486930339444
  0.04364907948958682  0.05598296418220351  0.06751736064367303  0.07853658750011519
  0.08887354942080032  0.09903310456057580  0.10882058447409214  0.11835032084185121
  0.12815555239556276  0.13823107829738931  0.14815344596596566  0.15799191906822721
  0.16798550256574538  0.17844384337194760  0.18927523528389723  0.20041770056654296
  0.21097371248065061  0.22129271303661302  0.23131494434514971  0.24177700307611116
  0.25223214222310231  0.26258489428088805  0.27311992109252614  0.28371280438500912
  0.29466733156936004  0.30548573126650275  0.31663110319429016  0.32784916605860581
  0.33851959725354641  0.34873730667171293  0.35901820729849171  0.36985141577458480
  0.38056510272169436  0.39104943869576841  0.40227263002310765  0.41294036414311475
  0.42376370779572453  0.43341760514616412  0.44425608651788961  0.45509529549078365
  0.46609779513326333  0.47665596242092112  0.48675528166029747  0.49668091439113210
  0.50677995734557879  0.51702884447342912  0.52679326935553028  0.53648320124589710
  0.54636168781589145  0.55630697911633697  0.56593556599912254  0.57531456517312229
  0.58477267015154821  0.59455723956077222  0.60477838149867613  0.61585728811707452
  0.62689892555152771  0.63844640224934535  0.64958259956500086  0.66102928337229772
  0.67239754207275126  0.68344686326169790  0.69426240065091749  0.70466320321389020
  0.71442979056005118  0.72357409340577916  0.73245389222503365  0.74162595254628483
  0.75105472943347995  0.76057068093423486  0.77048879692942174  0.78084959621930861
  0.79194656432155341  0.80363351166081376  0.81625057108137566  0.82763668135484303
  0.83867842894995570  0.84886979652360295  0.85864878356795782  0.86795732686012617
  0.87773056844776254  0.88788608969747362  0.89904264484033014  0.90956329738894970
  0.92063516483620644  0.93233911267625502  0.94463473634211803  0.95682738398945788
  0.96788952789528437  0.97884962050686997  0.98927532642902705  1.00000000000000000
 -0.00269692414470654  0.01109371949901331  0.02225995886882871  0.03227328507286769
  0.04170768142246431  0.05024779925064690  0.05927497864460042  0.06865684649350370
  0.07812308702840240  0.08785867691785681  0.09868497346785975  0.10958202147330741
  0.12051132519736485  0.13102034084810460  0.14145556485109581  0.15188155209235324
  0.16232660481174313  0.17291076997727614  0.18384418288594603  0.19479356713444881
  0.20529810129393949  0.21602226484869683  0.22682871334773236  0.23786638324107215
  0.24887152172189919  0.25970184350007358  0.27011228963256179  0.27975870798775604
  0.28918840235668059  0.29904597988888082  0.30898380706957518  0.31895494955871834
  0.32927784305753727  0.34021924840090706  0.35156821742260813  0.36240770081752077
  0.37302542494984908  0.38406718882485591  0.39521949764330283  0.40590109427256887
  0.41618518498928209  0.42581521139108175  0.43528325050587169  0.44466171372517393
  0.45415825452571457  0.46380990452090831  0.47370529122410376  0.48412957880486995
  0.49511869423547389  0.50599113319333033  0.51661503275722986  0.52680835558577166
  0.53677131476851869  0.54695981124160242  0.55740793887005968  0.56752567788652664
  0.57714057117985706  0.58705890883309009  0.59733648205796774  0.60770462883451581
  0.61801948879486124  0.62819359792153229  0.63984007716801006  0.65074979007844180
  0.66179887226149969  0.67261460584453869  0.68325367244334245  0.69323471045748353
  0.70316244724738997  0.71379036801916418  0.72459413867748002  0.73544212168956802
  0.74619326067267466  0.75646533379557679  0.76643407619822101  0.77663024722975205
  0.78715162589358678  0.79766764944142066  0.80834386091232280  0.81926167578101594
  0.83019347516367181  0.84045684038883250  0.85029655232034274  0.86063508993640292
  0.87117514257627193  0.88200575153288086  0.89374156681814954  0.90649010139845776
  0.91907791095717850  0.93058747306316503  0.94165992248497998  0.95304272392487355
  0.96456642483514954  0.97593021667574964  0.98785059494474314  1.00000000000000000
 -0.00232339371086260  0.00925823137012911  0.01949985804432047  0.03010955299564572
  0.04109257117216350  0.05198886012592134  0.06322588905973325  0.07436846685572363
  0.08494567535273136  0.09523746881956099  0.10545634227017209  0.11573183804592094
  0.12603661097531635  0.13653569596364626  0.14743170069157704  0.15879154882356211
  0.17020480715445374  0.18115976887933227  0.19162871353129998  0.20216560433364322
  0.21286237350750950  0.22398409006022785  0.23548524202576401  0.24685908443036669
  0.25813066305211096  0.26922525209189341  0.28040453822563477  0.29192661841948003
  0.30320670487404311  0.31407430686984694  0.32465780573681058  0.33476102848748734
  0.34453675770131215  0.35390625676197596  0.36316534551177976  0.37246373365077534
  0.38187130968369054  0.39057061268677845  0.39938775281631178  0.40870803697104424
  0.41860901405906314  0.42871695127679926  0.43841158118896090  0.44851556488523397
  0.45891948787962522  0.46990810273894412  0.48058013632224172  0.49100989134578504
  0.50088137664168975  0.51062427172054137  0.52018996284163987  0.52974925746745805
  0.53936950703128239  0.54929314907225524  0.55926966913651099  0.56888106435962826
  0.57879665738761699  0.58946911156626125  0.60057062723090804  0.61152612134324225
  0.62202164731470067  0.63256005562328110  0.64327985100182550  0.65420429897997767
  0.66518563167791445  0.67625376282504890  0.68707380616980651  0.69770989679680595
  0.70863268003341695  0.72010818393340481  0.73148329705684001  0.74240731804033955
  0.75295893916063050  0.76364132287642605  0.77476879039156688  0.78602701830642285
  0.79688930102249877  0.80732374918624650  0.81746511089279406  0.82789716512335010
  0.83847612628048784  0.84941733041600587  0.86013077795931703  0.87106950240077918
  0.88171035627659056  0.89171696744330609  0.90115837799448484  0.91109567575578065
  0.92246590992877986  0.93431711221001734  0.94533170764845387  0.95617450087809552
  0.96700876253744017  0.97819099440283386  0.98899338100897127  1.00000000000000000
  0.01086139726616279  0.01260886934203106  0.01494807637246106  0.01673666725603022
  0.01830808996127917  0.01982905661656186  0.02134274690171674  0.02295246569439486
  0.02459789758792299  0.02623067775522603  0.02783739081624526  0.02944278307866117
  0.03102102946400802  0.03258773846633174  0.03414874347014848  0.03571626998060001
  0.03729968434788091  0.03889375239451832  0.04048050143250223  0.04207708830124677
  0.04356805651326538  0.04506699546037980  0.04657801369038314  0.04812084049030703
  0.04971565477889686  0.05132622687281106  0.05292736620099030  0.05455064628436226
  0.05620537026094721  0.05791046409407682  0.05964877527031739  0.06136049340774655
  0.06303222834638174  0.06466987032920744  0.06635423953253725  0.06822517137447372
  0.07015691664580996  0.07206924206007832  0.07397091998144928  0.07585359644512248
  0.07788867117913834  0.07995692259642220  0.08194262263842103  0.08379218953884549
  0.08565339500766764  0.08745477650501567  0.08921766083600642  0.09119111997292484
  0.09337988808083189  0.09580003054044495  0.09818057253700582  0.10026672944931367
  0.10212522873183724  0.10406654580221737  0.10621267446175690  0.10877222558524507
  0.11124437828905134  0.11368705558470632  0.11597218780670571  0.11827483559838418
  0.12055483189123778  0.12289151475763528  0.12565511860935094  0.12886085536976274
  0.13226974439922135  0.13606107055906860  0.13947697106073151  0.14279431227099695
  0.14603544373183966  0.14904734706990094  0.15251733194003989  0.15609589422030087
  0.16063842258020594  0.16604668247649390  0.17067782603243767  0.17490792122722162
  0.17944069590893172  0.18441389379688103  0.18978563876431026  0.19482391590646550
  0.20101855825478143  0.20742702682612785  0.21341718678687488  0.21934012738173719
  0.22539440101499969  0.23239192487470872  0.23967302964160117  0.24772082394382802
  0.25883410287240088  0.26490833626941501  0.28370263832761655  0.30805942626463312
  0.33199822777043847  0.38974852085338768  0.66636423065167594  1.00000000000000000
 -0.00161737019990442  0.00628998065037583  0.01272425058355552  0.01893028432067057
  0.02550561544656008  0.03242117585091243  0.03949211184727006  0.04657498626023060
  0.05343766463581559  0.05995937102897897  0.06671730342703568  0.07378830379004540
  0.08106238731976136  0.08861220581933926  0.09646854178493243  0.10459507742470593
  0.11285565076216190  0.12105230140196488  0.12904282961798930  0.13667086538059539
  0.14446257520032021  0.15232126025436832  0.16020533662487199  0.16790934344263894
  0.17594268793557136  0.18440038809842146  0.19393820938765369  0.20435832474274421
  0.21470566833961779  0.22498433815062654  0.23609813430508308  0.24711819839145968
  0.25883291527405849  0.26980667066233616  0.28145850233797476  0.29360363525316019
  0.30785641517072354  0.32121511238171663  0.33362314590932068  0.34712272202177641
  0.36129722007131143  0.37673150583703652  0.39394292887314414  0.41284108251196189
  0.43258705309412654  0.45244660401881781  0.47236157274260737  0.49233881007739172
  0.51242985291861076  0.53186352115546176  0.55069470498942963  0.56963731176812049
  0.58916585580574254  0.60920388984716967  0.62636776804127037  0.64138322456481534
  0.65587917231633119  0.66968570649852588  0.68176133439781428  0.69349563655560864
  0.70536063507012392  0.71713797955615888  0.72817919722718027  0.73856134415001740
  0.74852778221553806  0.75859387731952321  0.76898726407335327  0.77942976949769160
  0.78956355959587499  0.79913975759918165  0.80816694249189891  0.81719526706866241
  0.82627885872274631  0.83542596101516986  0.84423008212575978  0.85262542148692833
  0.86054022985221623  0.86825382601776735  0.87634271962436683  0.88496607106811997
  0.89400390407392405  0.90290867905211036  0.91053306827936009  0.91772480641367060
  0.92450215813292014  0.93168181557324425  0.93890874162728799  0.94590930292580577
  0.95256433610653046  0.95908825917360319  0.96582364335548609  0.97269768944283908
  0.97947793894197543  0.98628823016426359  0.99319747113843748  1.00000000000000000
  0.02414923787212808  0.20880644576831892  0.28295468012899244  0.33242480465199059
  0.37101626699154455  0.40208418035129567  0.42922424588285329  0.45407398522117831
  0.47637684456106877  0.49612467090717666  0.51464239483685781  0.53196561106438245
  0.54763056791640752  0.56226854097846113  0.57515452678815115  0.58742531027169775
  0.59865059303260293  0.60924581991775661  0.61944819215889912  0.62952189168130357
  0.63941246517388706  0.64878252418059279  0.65728087623267994  0.66535748096404201
  0.67313294830929027  0.68092459328405741  0.68846439138256721  0.69570399839220753
  0.70291470455262151  0.70983341558143631  0.71627022869279100  0.72237599485801951
  0.72821549946878095  0.73397008421989307  0.73960274914942115  0.74529417459732372
  0.75084298475879729  0.75619831176334706  0.76143432638644515  0.76662619861773862
  0.77178127219912418  0.77680953337581526  0.78170023943173450  0.78650314121546638
  0.79114131624834405  0.79560363610729268  0.80006999701750137  0.80455182719693397
  0.80901166938662505  0.81334664148349534  0.81753712037811666  0.82171043824435652
  0.82601766842600965  0.83032357893348308  0.83446832240541957  0.83828464067353359
  0.84195943183380417  0.84560658774327679  0.84931496837476039  0.85310593996124229
  0.85679310822850085  0.86029890733483760  0.86375307677354618  0.86719903729179082
  0.87063240613056692  0.87400876317767962  0.87735479804229277  0.88073869263468008
  0.88413083502988454  0.88745651357623712  0.89068190749163534  0.89389772788074728
  0.89699864596748169  0.90014867540083543  0.90330076706649420  0.90641700157512850
  0.90946451126045036  0.91247247610480064  0.91552951333159283  0.91858227704403150
  0.92168083370911413  0.92467851671305834  0.92773919204071431  0.93096220152088238
  0.93435581794344813  0.93785279343318761  0.94142659841981835  0.94514921842024247
  0.94909814748149934  0.95325055301092698  0.95750971646753147  0.96225599998753109
  0.96764168868854739  0.97379741036581680  0.98266569984466512  1.00000000000000000
   4.1601999541411491E-029  -1.0000000000000000     
 F F F F F F F F F F F F F F F F F F F F F F F F F F F F F F F F F F F F F F F F F F F F F F F F F F F F F F F F F F F F F F F F
  <DiscreteSampler_grid>
  grouped_processes
  1 # 1 for a reference and 2 for a running grid.
  10 # Attribute 'min_bin_probing_points' of the grid.
  1 # Attribute 'grid_mode' of the grid. 1=='default',2=='initialization'
  0.0000000000000000 # Attribute 'small_contrib_threshold' of the grid.
  0.5000000000000000 # Attribute 'damping_power' of the grid.
 # binID   n_entries weight   weight_sqr   abs_weight
    10   10   8.327404412688408E-016   4.346865376453314E-030   8.327404412688408E-016
  </DiscreteSampler_grid>
