  0.03970504844553186  0.25730080477945572  0.26460160955891143  0.27199137290098307
  0.27989967991465836  0.28780798692833365  0.29889469089154469  0.31490619414977022
  0.36280694297690436  0.38385225112373889  0.40489755927057342  0.44602475533849734
  0.51263069017139673  0.57923662500429607  0.64584255983719552  0.71244849467009486
  0.77905442950299431  0.80531390968049277  0.82140750437055188  0.83694888818006108
  0.85249027198957050  0.86927144720916905  0.91715414283652374  0.93066337663986731
  0.94417261044321088  0.95768184424655434  0.95898744495744770  0.95967469976444830
  0.96036195457144902  0.96104920937844962  0.96173646418545033  0.96242371899245094
  0.96311097379945154  0.96379822860645226  0.96448548341345286  0.96517273822045357
  0.96585999302745418  0.96654724783445489  0.96723450264145550  0.96792175744845621
  0.96860901225545681  0.96929626706245753  0.96998352186945813  0.97067077667645874
  0.97135803148345945  0.97204528629046005  0.97273254109746077  0.97341979590446137
  0.97410705071146209  0.97479430551846269  0.97548156032546340  0.97616881513246401
  0.97685606993946472  0.97754332474646533  0.97823057955346593  0.97891783436046664
  0.97950195837415810  0.98002754918507717  0.98055313999599614  0.98107873080691521
  0.98160432161783417  0.98212991242875325  0.98265550323967221  0.98318109405059129
  0.98370668486151036  0.98423227567242932  0.98475786648334840  0.98528345729426736
  0.98580904810518644  0.98633463891610540  0.98686022972702447  0.98738582053794344
  0.98791141134886251  0.98843700215978147  0.98896259297070055  0.98948818378161951
  0.99001377459253859  0.99053936540345755  0.99106495621437662  0.99159054702529559
  0.99211613783621466  0.99264172864713374  0.99316731945805270  0.99369291026897177
  0.99421850107989074  0.99474409189080981  0.99526968270172878  0.99579527351264785
  0.99632086432356681  0.99684645513448589  0.99737204594540485  0.99789763675632392
  0.99842322756724289  0.99894881837816196  0.99947440918908093  1.00000000000000000
  0.00009805443111803  0.00022541377144374  0.00031939076127713  0.00041309027649532
  0.00070245520693985  0.00070926553538936  0.00071607586383888  0.00072288619228839
  0.00072969652073791  0.00073650684918742  0.00074331717763693  0.00075012750608645
  0.00075693783453596  0.00076374816298548  0.00077055849143499  0.00077736881988451
  0.00078417914833402  0.00079098947678353  0.00079779980523305  0.00080461013368256
  0.00081142046213208  0.00081810366557664  0.00082439632208646  0.00083068897859628
  0.00083698163510611  0.00084327429161593  0.00084956694812576  0.00085585960463558
  0.00086215226114541  0.00086844491765523  0.00087473757416505  0.00088103023067488
  0.00088732288718470  0.00089361554369453  0.00089990820020435  0.00090620085671418
  0.00091249351322400  0.00091878616973383  0.00092499662185079  0.00093081095609974
  0.00093662529034870  0.00094243962459765  0.00094825395884660  0.00095406829309556
  0.00095988262734451  0.00096569696159346  0.00097151129584242  0.00097732563009137
  0.00098313996434033  0.00098895429858928  0.00099476863283823  0.00100058296708719
  0.00100639730133614  0.00101221163558510  0.00101802596983405  0.00106694174100467
  0.00114934864982900  0.00118786055318557  0.00122022367088166  0.00124668474616255
  0.00127314582144343  0.00129960689672432  0.00132288105858806  0.00134514110973507
  0.00136740116088208  0.00138966121202908  0.00141192126317609  0.00143662362011153
  0.00146150398747571  0.00148638435483989  0.00151126472220406  0.00153763656027760
  0.00156828444925594  0.00159893233823428  0.00162958022721262  0.00166336024331344
  0.00171454681248808  0.00176573338166272  0.00216520147852021  0.00317668993198978
  0.00466002746009637  0.00683764798963977  0.01003699622520736  0.01473137125404816
  0.02157151760140419  0.02239328416742195  0.02239328416743195  0.02239328416744195
  0.02239328416745195  0.02239328416746195  0.02239328416747195  0.02239328416748195
  0.02239328416749195  0.02239328416750195  0.02239328416751194  1.00000000000000000
  0.00000438896670994  0.00000626804787772  0.00000814712904549  0.00001050567708900
  0.00001785901867877  0.00002521236026855  0.00003231339575244  0.00003911999215777
  0.00004592658856309  0.00008945088158599  0.00009213549026137  0.00009482009893675
  0.00009750470761213  0.00010018931628750  0.00010287392496288  0.00010555853363826
  0.00010824314231364  0.00011092775098902  0.00011387327691054  0.00011686135963864
  0.00011984944236675  0.00012283752509486  0.00017091801426768  0.00017601158760750
  0.00018110516094733  0.00018619873428716  0.00019142275122120  0.00019709211326293
  0.00020276147530466  0.00020843083734639  0.00021437920680224  0.00022068944596359
  0.00022699968512495  0.00023330992428630  0.00032705693406462  0.00054435485587046
  0.00076657427412489  0.00077103414116404  0.00077549400820319  0.00077995387524233
  0.00078441374228148  0.00078887360932063  0.00079333347635977  0.00079779334339892
  0.00080225321043807  0.00080671307747721  0.00081117294451636  0.00081563281155551
  0.00082009267859465  0.00082455254563380  0.00082901241267295  0.00083347227971209
  0.00083793214675124  0.00084239201379039  0.00084685188082953  0.00085131174786868
  0.00085516393259381  0.00085897507107480  0.00086278620955578  0.00086659734803677
  0.00087040848651776  0.00087421962499874  0.00087803076347973  0.00088184190196071
  0.00088565304044170  0.00088946417892268  0.00089327531740367  0.00089708645588465
  0.00090089759436564  0.00090470873284662  0.00090851987132761  0.00091233100980859
  0.00091614214828958  0.00091995328677056  0.00092376442525155  0.00092757556373253
  0.00093138670221352  0.00093519784069450  0.00093900897917549  0.00094282011765647
  0.00094663125613746  0.00133953604633005  0.00222648561440915  0.00370750035354003
  0.00616952200701490  0.01025923953856491  0.01705088694619919  0.02173382637897830
  0.02173382637898830  0.02173382637899830  0.02173382637900830  0.02173382637901830
  0.02173382637902830  0.02173382637903830  0.02173382637904829  1.00000000000000000
  0.07718121608098343  0.07746634267021807  0.07775146925945273  0.07803659584868737
  0.07832172243792203  0.07860684902715667  0.07889197561639133  0.07917710220562597
  0.07946222879486062  0.07974735538409528  0.08003248197332992  0.08031760856256458
  0.08060273515179922  0.08088786174103388  0.08117298833026852  0.08145811491950318
  0.08174324150873782  0.08202836809797248  0.08231349468720713  0.08259862127644177
  0.08288374786567643  0.08316887445491107  0.08385768594685536  0.08509668245423244
  0.08633567896160950  0.08757467546898656  0.08881367197636364  0.09005266848374070
  0.09129166499111778  0.09253066149849486  0.09376965800587192  0.09500865451324900
  0.09624765102062606  0.09748664752800314  0.09872564403538020  0.09996464054275728
  0.10120363705013435  0.10244263355751142  0.10368163006488849  0.10492327050192329
  0.10616661182868312  0.10740995315544294  0.10865329448220278  0.10989663580896261
  0.11113997713572243  0.11238331846248227  0.11362665978924211  0.11487000111600193
  0.11611334244276177  0.11735668376952160  0.11860002509628144  0.11984336642304126
  0.12108670774980110  0.12233004907656093  0.12357339040332076  0.12481673173008059
  0.17191139030583913  0.18463009609778572  0.19734880188973233  0.21006750768167895
  0.22278621347362568  0.27633262306201073  0.37097857057311862  0.45873597361485857
  0.46396259620818048  0.46918921880150238  0.47441584139482429  0.47964246398814619
  0.48486908658146805  0.49009570917478990  0.49532233176811175  0.50054895436143365
  0.50577557695475550  0.51100219954807735  0.51622882214139920  0.53209879625714185
  0.62515429361777552  0.63352415623888181  0.64189401885998809  0.65026388148109449
  0.65863374410220088  0.66700360672330727  0.67537346934441356  0.68374333196551995
  0.73966575139516921  0.83431169890627688  0.85872782383825430  0.86449984398949253
  0.87027186414073066  0.87531533241570392  0.87705892130940111  0.87880251020309830
  0.88054609909679549  0.88211429516474404  0.88211429516475404  1.00000000000000000
  0.02079999049504595  0.06688064401210222  0.07126128802420444  0.07564193203630665
  0.08002257604840887  0.08455603617913214  0.08956238476161994  0.09456873334410773
  0.09957508192659552  0.11201974767064458  0.20680925661954574  0.30159876556844711
  0.39638827451734826  0.49117778346624963  0.50735259010336375  0.51545972464047030
  0.52356685917757684  0.53167399371468338  0.53978112825179003  0.54788826278889657
  0.55599539732600312  0.58123697885286862  0.67602648780176999  0.75025111501180786
  0.75139461387684281  0.75253811274187787  0.75368161160691283  0.75482511047194778
  0.75596860933698284  0.75711210820201780  0.75825560706705275  0.75939910593208781
  0.76054260479712277  0.76168610366215772  0.76282960252719278  0.76397310139222774
  0.76511660025726269  0.76626009912229776  0.76740359798733271  0.76854709685236766
  0.76969059571740273  0.77083409458243768  0.77197759344747263  0.77312109231250770
  0.77426459117754265  0.77540809004257771  0.77655158890761267  0.77769508777264773
  0.77883858663768268  0.77998208550271775  0.78112558436775270  0.78226908323278765
  0.78341258209782272  0.78455608096285767  0.78569957982789274  0.78684307869292769
  0.78798657755796275  0.78913007642299771  0.79027357528803266  0.79141707415306772
  0.79256014501466832  0.79370309637107372  0.79484604772747913  0.79598899908388454
  0.79713195044028995  0.79827490179669536  0.79941785315310077  0.80056080450950617
  0.80170375586591158  0.80284670722231699  0.80398965857872240  0.80513260993512781
  0.80627556129153322  0.80741851264793851  0.80856146400434392  0.80970441536074933
  0.81084736671715474  0.81199031807356015  0.81938059300871557  0.83179897725412677
  0.84421736149953797  0.87301314369308691  0.91965679953320822  0.92519953466787874
  0.93074226980254926  0.93628500493721978  0.94156501870387588  0.94677127453689414
  0.95197753036991239  0.95718378620293076  0.96189372753795777  0.96646302852910837
  0.97103232952025886  0.97560163051140947  0.98317999045054127  1.00000000000000000
  0.10286897023518887  0.10880974109054542  0.11345281551442409  0.11809588993830276
  0.12273896436218144  0.12772249180914214  0.13302917789763977  0.13833586398613740
  0.14364255007463503  0.20489027141026347  0.30546999062515545  0.40604970984004729
  0.46115466132562793  0.46703025795591968  0.47290585458621137  0.47878145121650312
  0.48465704784679475  0.49053264447708639  0.49640824110737808  0.50228383773766971
  0.50815943436796140  0.51403503099825310  0.51991062762854467  0.52185412138875353
  0.52306507857494688  0.52427603576114012  0.52548699294733336  0.52669795013352672
  0.52790890731971996  0.52911986450591331  0.53033082169210655  0.53154177887829979
  0.53275273606449314  0.53396369325068638  0.53517465043687973  0.53638560762307297
  0.53759656480926621  0.53880752199545956  0.54001847918165280  0.54122943636784604
  0.54244039355403939  0.54365135074023263  0.54486230792642587  0.54607326511261922
  0.54728422229881246  0.54849517948500570  0.54970613667119894  0.55091709385739229
  0.55212805104358553  0.55333900822977877  0.55454996541597212  0.55576092260216536
  0.55697187978835860  0.55818283697455184  0.55939379416074519  0.56060475134693843
  0.56181570853313167  0.56302666571932503  0.56423762290551827  0.56544858009171151
  0.56665953727790475  0.56787049446409810  0.56908145165029134  0.57029240883648458
  0.57150336602267782  0.57271432320887117  0.57392528039506441  0.57513623758125765
  0.57634719476745100  0.57755815195364424  0.57876910913983748  0.57998006632603072
  0.58119102351222407  0.58240198069841731  0.60655673675280819  0.65107241050254738
  0.65966813757125797  0.66826386463996856  0.67685959170867904  0.68545531877738941
  0.69405104584609989  0.70264677291481037  0.74237387027526469  0.81513292582645824
  0.82382874608188006  0.83252456633730199  0.84122038659272391  0.84991620684814595
  0.85861202710356788  0.86730784735898969  0.88660886539480332  0.90779479273225894
  0.92065413078684943  0.93287365810195111  0.96906131903330484  1.00000000000000000
 -0.00303284405437832  0.00084577174019413  0.00169154348038826  0.00253731522058240
  0.00338308696077652  0.00422885870097066  0.00507463044116479  0.00592040218135892
  0.00676617392155305  0.00761194566174718  0.00845771740194132  0.00930348914213545
  0.01014926088232958  0.01099503262252371  0.01184080436271784  0.01268657610291198
  0.01353234784310611  0.01437811958330024  0.01522389132349437  0.01606966306368850
  0.01691543480388263  0.01776120654407676  0.01860697828427089  0.01945275002446503
  0.02029852176465916  0.02123674700496848  0.02233398039472768  0.02343121378448689
  0.02452844717424610  0.02562568056400530  0.02672291395376451  0.02782014734352371
  0.02891738073328292  0.03001461412304212  0.03111184751280133  0.03220908090256053
  0.03330631429231974  0.03440354768207894  0.03550078107183815  0.03659801446159736
  0.03769524785135656  0.03879248124111576  0.03988971463087497  0.04098694802063417
  0.07824023360388768  0.08972419498925575  0.09647265224382340  0.10322110949839103
  0.10996956675295860  0.11671802400752618  0.12346648126209374  0.13021493851666130
  0.13696339577122887  0.14371185302579645  0.14883052497415478  0.15320193635211965
  0.15757334773008450  0.16194475910804934  0.16631617048601421  0.17068758186397903
  0.17505899324194382  0.17943040461990864  0.18380181599787346  0.18798537788166336
  0.19113704174838259  0.19428870561510184  0.19744036948182109  0.20059203334854034
  0.20374369721525959  0.20689536108197884  0.21044666303223719  0.21433330447389601
  0.21821994591555485  0.22210658735721367  0.22599322879887249  0.22987987024053130
  0.23376651168219009  0.23765315312384888  0.24153979456550767  0.24542643600716643
  0.24931307744882522  0.32912830541514626  0.33987148190245192  0.34670875879349144
  0.35354603568453097  0.35972704103811542  0.36584252835274328  0.37195801566737119
  0.42330555609233789  0.51942129674361115  0.61553703739488463  0.71165277804615790
  0.80776851869743127  0.90388425934870464  0.96928531328837075  1.00000000000000000
  0.08959734042485556  0.09282721007249083  0.09605707972012609  0.09928694936776135
  0.10251681901539662  0.10674898182170831  0.11202773196511441  0.11730648210852052
  0.12258523225192662  0.17929683972245680  0.27937407865329100  0.37538477045946572
  0.38403541478617104  0.39268605911287641  0.40133670343958183  0.40998734776628726
  0.41863799209299268  0.42728863641969800  0.43593928074640337  0.44823773438938147
  0.46133918752454750  0.47444064065971364  0.48754209379487967  0.50491582110907307
  0.52184607434661612  0.52305035967794478  0.52425464500927355  0.52545893034060231
  0.52666321567193097  0.52786750100325974  0.52907178633458840  0.53027607166591717
  0.53148035699724594  0.53268464232857460  0.53388892765990337  0.53509321299123214
  0.53629749832256080  0.53750178365388956  0.53870606898521822  0.53991035431654699
  0.54111463964787576  0.54231892497920442  0.54352321031053319  0.54472749564186185
  0.54593178097319062  0.54713606630451928  0.54834035163584804  0.54954463696717670
  0.55074892229850547  0.55195320762983413  0.55315749296116290  0.55436177829249156
  0.55556606362382033  0.55677034895514899  0.55797463428647776  0.55917891961780641
  0.56038320494913518  0.56158749028046384  0.56279177561179261  0.56399606094312127
  0.56520034627445004  0.56640463160577870  0.56760891693710747  0.56881320226843612
  0.57001748759976489  0.57122177293109355  0.57242605826242232  0.57363034359375098
  0.57483462892507975  0.57603891425640841  0.57724319958773718  0.57844748491906584
  0.57965177025039460  0.58085605558172326  0.58206034091305203  0.58326462624438069
  0.67770094882321652  0.75162231415800929  0.75746706987243806  0.76331182558686694
  0.76915658130129583  0.77500133701572471  0.78084609273015371  0.78669084844458259
  0.79253560415901148  0.79838035987344036  0.80422511558786924  0.81006987130229813
  0.83654894276801628  0.84510000133100849  0.85365105989400081  0.86144260781413451
  0.86918542059882253  0.89992276106915714  0.97482473055521646  1.00000000000000000
  0.10185253222783436  0.11161121190142283  0.11905575713617891  0.12664621575287030
  0.13481478755268250  0.14298335935249470  0.20195125673025524  0.21232337480015978
  0.21663249673834958  0.22094161867653941  0.22525074061472922  0.22949298770184307
  0.23306921314248460  0.23664543858312614  0.24022166402376768  0.24379788946440922
  0.24737411490505076  0.25095034034569230  0.25452656578633387  0.25810279122697538
  0.26167901666761695  0.26525524210825846  0.26883146754890003  0.27294021248426681
  0.27772607878248751  0.28251194508070826  0.28729781137892896  0.29228322586800115
  0.29935922584964836  0.30643522583129562  0.31351122581294283  0.32058722579459009
  0.32766322577623730  0.33473922575788456  0.34181522573953188  0.34889122572117920
  0.37609825643816369  0.46228700432370673  0.54847575220924993  0.63466450009479292
  0.72085324798033612  0.77122657116994719  0.77216260896831956  0.77309864676669193
  0.77403468456506430  0.77497072236343667  0.77590676016180904  0.77684279796018141
  0.77777883575855378  0.77871487355692615  0.77965091135529863  0.78058694915367099
  0.78152298695204336  0.78245902475041573  0.78339506254878810  0.78433110034716047
  0.78526713814553284  0.78620317594390521  0.78713921374227758  0.78807525154064995
  0.78901128933902231  0.78994732713739468  0.79088336493576716  0.79178393830654492
  0.79250263356575501  0.79322132882496510  0.79394002408417519  0.79465871934338539
  0.79537741460259548  0.79609610986180557  0.79681480512101566  0.79753350038022575
  0.79825219563943595  0.79897089089864604  0.79968958615785612  0.80040828141706621
  0.80112697667627630  0.80184567193548650  0.80256436719469659  0.80328306245390668
  0.80400175771311677  0.80472045297232686  0.80543914823153706  0.80615784349074715
  0.80687653874995724  0.80759523400916733  0.80831392926837742  0.80903262452758751
  0.80975131978679771  0.81047001504600780  0.81118871030521789  0.81190740556442798
  0.82762250422891304  0.91381125211445624  0.97087264458338418  1.00000000000000000
   4.6387965730186428E-012  -1.0000000000000000     
 F F F F F F F F F F F F F F F F F F F F F F F F F F F F F F F F F F F F F F F F F F F F F F F F F F F F F F F F F F F F F F F F
  <DiscreteSampler_grid>
  grouped_processes
  1 # 1 for a reference and 2 for a running grid.
  10 # Attribute 'min_bin_probing_points' of the grid.
  1 # Attribute 'grid_mode' of the grid. 1=='default',2=='initialization'
  0.0000000000000000 # Attribute 'small_contrib_threshold' of the grid.
  0.5000000000000000 # Attribute 'damping_power' of the grid.
 # binID   n_entries weight   weight_sqr   abs_weight
    10   10   1.337991158195929E+004   7.841825298612833E+008   1.337991158195929E+004
  </DiscreteSampler_grid>
