  0.00984994583138490  0.01483081460765917  0.02311942388975047  0.03275704991070098
  0.04381891476635987  0.05644478231400459  0.06959445221401761  0.08228068664477377
  0.09477501033660941  0.10723307374704662  0.11865262117709595  0.13081495989052622
  0.14298047105470030  0.15478578109959404  0.16678854508364743  0.17855705912594769
  0.18910865652065492  0.19823116121801071  0.20713334704727671  0.21659329030822308
  0.22609083262009741  0.23444517464880682  0.24250977929653608  0.25098829074465523
  0.25930746447873965  0.26750405022231794  0.27556595961048619  0.28324676188007036
  0.29116236107843402  0.30098357431941003  0.31167174126130348  0.32262525433063011
  0.33446080220988011  0.34727645109668831  0.35994608902713121  0.37182958802034821
  0.38314206171508142  0.39500722704018942  0.40690738318369951  0.41913690527103320
  0.43011807532106910  0.44098392947592202  0.45060430862513223  0.45980739975814777
  0.46896029434984304  0.47846169751497986  0.48888100423600345  0.49823131435995360
  0.50644281925034274  0.51490311586869930  0.52455911043548220  0.53444255580440325
  0.54446588523846018  0.55375624743367480  0.56330869924954008  0.57419779453336217
  0.58457857330432872  0.59290996448929800  0.60163797554015175  0.61056862946765023
  0.61985508254728316  0.62903329401530850  0.63860319844743174  0.64861697906131965
  0.66010259298227925  0.67222794474219250  0.68453081831942986  0.69691296139795300
  0.70848350977119634  0.71906065379034889  0.73062522633164306  0.74305270326759942
  0.75621787769277982  0.76875786621738784  0.77945597102854836  0.78916538855884255
  0.79788646569667743  0.80582584865828011  0.81359925369481900  0.82083852475366093
  0.82790545012549355  0.83550461851221935  0.84354928236351190  0.85234084232704099
  0.86205460317649962  0.87273481210010473  0.88440842888032845  0.89697681343657432
  0.91044015492121078  0.92309234747877367  0.93485492139941229  0.94580808929760851
  0.95684963926476663  0.96778043915630751  0.97973191473216403  1.00000000000000000
 -0.00000263028983407  0.00000884723881604  0.00002263017254044  0.00003595803752137
  0.00004757637543168  0.00005740152514415  0.00006655953219322  0.00007579732645258
  0.00008358790227780  0.00009119326149265  0.00009919902139839  0.00010759482331270
  0.00011646467449325  0.00012530101290364  0.00013398653643805  0.00014299306267842
  0.00015286703806280  0.00016430145296294  0.00017725676071165  0.00019075489948287
  0.00020496806384694  0.00021963360538729  0.00023460186589255  0.00025131196812950
  0.00026961612485249  0.00028811336700526  0.00030619754594997  0.00032454342805606
  0.00034446545400422  0.00036493126465952  0.00038284107067980  0.00040041922722591
  0.00041957024650016  0.00043868767251999  0.00045752555333765  0.00047512196858143
  0.00049283590813374  0.00051623815239704  0.00054250404051972  0.00056926558798730
  0.00059602422605871  0.00062295042204725  0.00064742185600802  0.00067198048527706
  0.00069624144715506  0.00072183260954446  0.00075082772227390  0.00078269017820323
  0.00081525977844269  0.00084928913983813  0.00088762501550138  0.00093065742981157
  0.00097608465875075  0.00102184928093532  0.00106826160882630  0.00111566539465013
  0.00116656461361622  0.00122345004744124  0.00128428114735851  0.00135658555763045
  0.00143720981057914  0.00152256468827521  0.00161442638212240  0.00171355803699231
  0.00182023901366342  0.00193678448167494  0.00205625802957080  0.00217350136595793
  0.00229317436266642  0.00241297498925443  0.00253610076207344  0.00266096340470103
  0.00279698235080388  0.00294171807188674  0.00309834785845797  0.00329058384250221
  0.00351060942672745  0.00377400345681914  0.00413295091003253  0.00453150849425670
  0.00493146547001541  0.00534085312013290  0.00581091632619406  0.00637120948754691
  0.00705590644195363  0.00787909605173246  0.00907983636563844  0.01054232131742917
  0.01193158185966098  0.01366888434084346  0.01883982913990679  0.02414384271678419
  0.03199532653273680  0.05358617280689122  0.13732728239620101  1.00000000000000000
  0.00000048451652977  0.00000963616612761  0.00001367564603847  0.00001968720867873
  0.00002757003508502  0.00003664747526913  0.00004626471461525  0.00005982488632091
  0.00007843682562314  0.00009949040996316  0.00012310944665899  0.00014763889872334
  0.00017369053806247  0.00020087977381096  0.00023121840559058  0.00026310575210347
  0.00030208936524910  0.00034543089125056  0.00039326235474888  0.00043915602849188
  0.00048884249885571  0.00054484268435464  0.00060508960797517  0.00066778347191687
  0.00073162099527915  0.00079448687697758  0.00086066356561667  0.00093075365030469
  0.00100081432711419  0.00106598791243709  0.00113123413793301  0.00120006148739701
  0.00127011886558406  0.00134628710937763  0.00142504250603963  0.00150982003784457
  0.00159798099974217  0.00169095923523653  0.00178526822009339  0.00188665364310943
  0.00199145618565506  0.00209698974174943  0.00220403559841939  0.00231307800189715
  0.00242223583610145  0.00254114095409298  0.00267916408825667  0.00281262543796371
  0.00294042655428109  0.00306491797094664  0.00319126262949935  0.00332818524433684
  0.00348901869408470  0.00367719463587192  0.00386984231948381  0.00404388303373920
  0.00420750195407543  0.00437865126687062  0.00455929440398192  0.00475801938395400
  0.00495829063671290  0.00514851600473119  0.00534054084841344  0.00552373061065654
  0.00570229497710748  0.00587743912159060  0.00603819123532745  0.00625591601546103
  0.00657244083537780  0.00694348643509386  0.00731911995841768  0.00768952417335096
  0.00805951695710286  0.00844076767941998  0.00887233793775421  0.00936761596608391
  0.00991108636581894  0.01049829907381085  0.01106573764304284  0.01163030347665094
  0.01226006282520838  0.01295731203673639  0.01385216635061414  0.01489096021559701
  0.01609241214359962  0.01763125103779896  0.01935844386807668  0.02138052377373569
  0.02364701425468623  0.02565175501757901  0.03193355708922919  0.04069377170572026
  0.05134438327948292  0.05975479731537789  0.32918217511534342  1.00000000000000000
 -0.00135250129417792  0.00746751148663568  0.01517091492554000  0.02338617856170566
  0.03195360218800220  0.04064143720109275  0.04946055475185938  0.05856927614778625
  0.06976259594267779  0.08271846000326183  0.09508900464545664  0.10621084088401406
  0.11589811161816027  0.12582916547423609  0.13636361168672664  0.14644406871505505
  0.15638942936264638  0.16690342129230729  0.17884138636942398  0.19143410277263762
  0.20295864225397647  0.21318688728869042  0.22268075906019349  0.23349099987991326
  0.24430035091295654  0.25424673914866019  0.26386987599508116  0.27409768587104616
  0.28505515647856006  0.29630162170143015  0.30733391779932773  0.31834863872817643
  0.33004560174852043  0.34308688833886031  0.35708571128057603  0.37019831789844360
  0.38136502241111792  0.39244039364652816  0.40339029379159530  0.41472158480903082
  0.42597620512922724  0.43645429137868180  0.44555512631248589  0.45363017081144769
  0.46090878278782116  0.46774968351846324  0.47485906378637249  0.48306253752874451
  0.49248572810589852  0.50222782077360673  0.51189405813455291  0.52180783608095260
  0.53365872980906415  0.54569944145870919  0.55829973915103182  0.57102238069896039
  0.58344574768365454  0.59497197328668849  0.60651328301244312  0.61867207985753647
  0.63147811147715394  0.64422738709777594  0.65585904084751145  0.66792493498017291
  0.67909883571547647  0.69243660130647200  0.70553796015461334  0.71673109493385090
  0.72692227396373976  0.73751068723565083  0.74863048464381921  0.75891328528050150
  0.76852937533920129  0.77781192937363519  0.78738087275633906  0.79633265328945502
  0.80503798708886576  0.81399568076600259  0.82301611036249156  0.83144704706324180
  0.84033647727714689  0.84971317099957888  0.86042286457490424  0.87267194786487412
  0.88543822213803303  0.89786080495454568  0.90946500690779286  0.92048132211643008
  0.93126348723870656  0.94162026477330851  0.95147433257252789  0.96145976316827619
  0.97133916545263244  0.98161099930850337  0.99080622742874602  1.00000000000000000
 -0.00130746366890146  0.00730082875878635  0.01503993053351207  0.02257877709855305
  0.02956758367284396  0.03649779502147229  0.04418907311895406  0.05216715478727738
  0.06030135543410494  0.06876132389385277  0.07856398856034594  0.08791022871296797
  0.09680394584292995  0.10583853790142958  0.11556883079903099  0.12553891411441173
  0.13630038729145405  0.14682213843094677  0.15465140556671497  0.16292954884195665
  0.17239787494143410  0.18199089575985322  0.19174833261732890  0.20128945635024217
  0.21142898302100382  0.22321322395796006  0.23334612195352367  0.24229969722516281
  0.25218695523453605  0.26671456110627234  0.28025704952270225  0.29149330933256989
  0.30188111959900832  0.31306009294124804  0.32324636277907182  0.33509749994545412
  0.34715271558112565  0.35891388151676945  0.36999022287337324  0.38152893628159623
  0.39403473152362678  0.40663691943326435  0.41916350570718314  0.43131579022681410
  0.44327069586147744  0.45479666397811319  0.46515181280191970  0.47565531367731978
  0.48623626725958868  0.49694223070505550  0.50650431103413229  0.51539607690127154
  0.52440615771685029  0.53315936619358306  0.54175434976869474  0.55104625171894539
  0.55961635310498536  0.57028970628126874  0.58209189882242762  0.59336554455640678
  0.60494680942506052  0.61710366395084104  0.63013463345578746  0.64350448350847111
  0.65536289785558277  0.66677242055225971  0.67798536025788592  0.68910631027982439
  0.69984635986441213  0.71061242469468111  0.72165323202952947  0.73159523495904788
  0.74090499488864103  0.75028638335636344  0.76021428568290206  0.77140056424515091
  0.78280655416320111  0.79438546698546075  0.80574086091312325  0.81789385644463397
  0.82995400446722245  0.84076614854340082  0.85136596680227150  0.86190658720540170
  0.87263849448217179  0.88343290551911191  0.89374490031143894  0.90452302649694671
  0.91564568277454661  0.92738080849687776  0.94018437973457092  0.95333945818132715
  0.96564966342733349  0.97717591108958168  0.98834035314711344  1.00000000000000000
 -0.00210340441649120  0.00906606989975674  0.01814422008382868  0.02801284880793254
  0.03811057343198417  0.04917167267254151  0.06099762267501436  0.07383909260258865
  0.08480061234820595  0.09401113158059940  0.10257035220926913  0.11120814011338906
  0.11968181006519821  0.12784419452037377  0.13629410442951470  0.14509238025861615
  0.15659010188762845  0.16823676943488144  0.18016917666389062  0.19041758227812877
  0.20042748286449996  0.21074043434573109  0.22193115629888055  0.23446227628525598
  0.24762082232686464  0.25992312121951616  0.27147051602513361  0.28333204113394544
  0.29558210221056536  0.30841453322410262  0.32210491112979905  0.33587171876429855
  0.34910593983915095  0.36165485529471519  0.37332916110907305  0.38464016484743430
  0.39579260190198290  0.40763488704819134  0.41853258993586762  0.42860813289233785
  0.43883036631662853  0.45055826352439660  0.46394114884496068  0.47635040949553331
  0.48772812268922000  0.49846058112562996  0.50916888296575047  0.51943049969374522
  0.52951446930416257  0.53955797105539416  0.55040361430602458  0.56117273024140080
  0.57230997729236066  0.58315446711681740  0.59388878999739025  0.60472391587814189
  0.61583227037777299  0.62634503839297062  0.63632618539262087  0.64564000001826050
  0.65477483574554729  0.66428206711296967  0.67417575421766940  0.68333511396500912
  0.69226221595917403  0.70086717531404064  0.71112456146182801  0.72216627722974003
  0.73293509663795642  0.74301252372700954  0.75247803070206565  0.76146444720550754
  0.77015725129676005  0.77939513110416769  0.78948736727451951  0.80156168193941657
  0.81489579076454999  0.82747032156146938  0.83819719196267550  0.84683356047919667
  0.85586771506544468  0.86477511813948216  0.87329733679013444  0.88172975050136249
  0.89016845711976811  0.90013685541161037  0.91109046201097899  0.92219717594012496
  0.93306196221361792  0.94426606644277022  0.95505548733213141  0.96459069059828551
  0.97344997402142541  0.98210099403107198  0.99119530040017723  1.00000000000000000
  0.00089323380261364  0.00169362234265792  0.00300113564146412  0.00406516946643703
  0.00499617233273362  0.00585483058277119  0.00667402272053048  0.00743640976885253
  0.00820460620670318  0.00897684913101184  0.00974236877343690  0.01054064853335711
  0.01137220577981948  0.01222283392065562  0.01307611612493593  0.01392317227387655
  0.01480450945381274  0.01570367473055829  0.01661390583561091  0.01752378917245941
  0.01841860421469566  0.01928945205576770  0.02020450824654826  0.02102226570090706
  0.02176359364056038  0.02249361265386495  0.02322904515391509  0.02400300680492214
  0.02480128389174330  0.02562368930766206  0.02647671035302175  0.02736123285961490
  0.02828514740692151  0.02920276726587386  0.03014546698983795  0.03111998380943813
  0.03210466775976067  0.03307690538572514  0.03400251053127346  0.03493596600930882
  0.03592162118403831  0.03685977466275721  0.03767932783727105  0.03848658412244290
  0.03931466838061003  0.04013695101835264  0.04114917289504229  0.04220368922489779
  0.04330548976419547  0.04433380314526637  0.04539988021126477  0.04642275988271431
  0.04749975053507845  0.04859929388093278  0.04978727480163721  0.05115062818875400
  0.05259746975775528  0.05397630087927432  0.05498918814102677  0.05604413640002368
  0.05708215581220013  0.05831156280041143  0.05964137987502882  0.06078084934793453
  0.06181395935227102  0.06283842231515452  0.06393463198328865  0.06529950506184685
  0.06683897857778157  0.06848711998592744  0.07011118600587769  0.07162371409624048
  0.07301689911923352  0.07427065454865540  0.07544143251417690  0.07680604545945471
  0.07864292936400485  0.08070938527614636  0.08282628422952852  0.08588179091434703
  0.08922121400009425  0.09182977305412618  0.09381608473678794  0.09572644336036749
  0.09742723211015147  0.09987707727160550  0.10364687398838981  0.10821260073348463
  0.11300251155565237  0.11802853179023001  0.12242191828876743  0.12568811009181505
  0.13406525336050881  0.14244201293290182  0.26230916283344874  1.00000000000000000
 -0.00408255383099575  0.02008047252130793  0.03921124123977681  0.05266409388574916
  0.06546299353265733  0.07753597234996722  0.09073744525391009  0.10336982947405028
  0.11714405005281726  0.13153663834922799  0.14471966725035446  0.15639838508863482
  0.16664250383524973  0.17608729056565300  0.18561491554894663  0.19551364339643004
  0.20477330044080844  0.21371208574188522  0.22257673654200186  0.23193822158677518
  0.24226097975548325  0.25209654393447511  0.26057296585404549  0.26876124917954125
  0.27669269919270428  0.28470201377245152  0.29245392312472285  0.30064465627014614
  0.30905481711785915  0.31774979606500398  0.32672981368818138  0.33659623269962530
  0.34744550778093219  0.35862153881043596  0.36933715443794968  0.37879523824049161
  0.38685894288378642  0.39508048902070958  0.40325141013810906  0.41130839287371140
  0.41921076632489601  0.42670503185402847  0.43483168487369361  0.44484765108787305
  0.45644236510160296  0.46777438277198724  0.47868922706604949  0.48996566961923393
  0.50141970243942624  0.51004083583479376  0.51980574230723131  0.53084871726729488
  0.54223172674671283  0.55291851668321335  0.56354698120662672  0.57531567822052310
  0.58728111791294313  0.59606838677911778  0.60513398218738312  0.61381343191708282
  0.62213415911297754  0.63010316753403905  0.63777253667810818  0.64659567172878218
  0.65776234826130942  0.66890871137208585  0.67947278097762664  0.68922276302014485
  0.69863084746473891  0.70763558934247595  0.71627504043300827  0.72480271032241406
  0.73328138225810946  0.74223889376906771  0.75185598406741749  0.76253543686919867
  0.77304233508932163  0.78141008563881187  0.78873619319958199  0.79608503157530008
  0.80374148750002450  0.81189831601174178  0.82037601992001630  0.83016377160698207
  0.84171857375084802  0.85207299387472979  0.86314362492689944  0.87468929144394003
  0.88792889705879341  0.90267123927210779  0.91916573628559695  0.93590063529320922
  0.95243186817187864  0.96750126274231019  0.98345435970449213  1.00000000000000000
 -0.01565470975172154  0.36813806169400581  0.47869624311565073  0.54677091849617043
  0.59309315771206805  0.62905982777193148  0.65880359505319175  0.68220056516846583
  0.70070219392829736  0.71817853057057324  0.73443999143093686  0.74928006836170336
  0.76190900750258206  0.77342789313039650  0.78442271981300105  0.79454430199658310
  0.80420884552253602  0.81305920158395684  0.82070951701598738  0.82771517805438422
  0.83456421531450942  0.84117900726257977  0.84755337236308181  0.85346285932163801
  0.85876513951408140  0.86378742703694045  0.86875483019081401  0.87340141758284118
  0.87791560034681015  0.88222192890828655  0.88627440200046381  0.89011855908521698
  0.89405026432503099  0.89768581704694661  0.90110072609515390  0.90434876855392210
  0.90743607003017546  0.91052665702324243  0.91373065761219985  0.91689749213804406
  0.91975272863119117  0.92227514268571298  0.92471776783505799  0.92710553548554675
  0.92931859027304409  0.93141440362665495  0.93342286576666023  0.93545596771586059
  0.93736687987321921  0.93923997139948923  0.94106538246251481  0.94278361331850047
  0.94442018316120313  0.94599239478586983  0.94761760865565059  0.94922374281119282
  0.95084164044840214  0.95239888632540948  0.95392250896412334  0.95545598341115601
  0.95694458472980504  0.95833702191827430  0.95967240809221521  0.96091907825093292
  0.96215563849984731  0.96336706786318838  0.96457563970840099  0.96580846794149455
  0.96710660304269902  0.96842928071688583  0.96972336080029209  0.97098136476509156
  0.97225677424942447  0.97365017097686046  0.97494935759011625  0.97621201294033355
  0.97735432956934820  0.97841308720723186  0.97944790163640094  0.98044958772270840
  0.98143835472822294  0.98244413480090642  0.98347491601389680  0.98449486810928899
  0.98542626180754755  0.98634599732819028  0.98725700136957273  0.98817883362706571
  0.98917251836585851  0.99019791583142458  0.99129592249207032  0.99248888572429761
  0.99381070524946991  0.99538450419962876  0.99739107061932886  1.00000000000000000
   3.7933263710260935E-011  -1.0000000000000000     
 F F F F F F F F F F F F F F F F F F F F F F F F F F F F F F F F F F F F F F F F F F F F F F F F F F F F F F F F F F F F F F F F
  <DiscreteSampler_grid>
  grouped_processes
  1 # 1 for a reference and 2 for a running grid.
  10 # Attribute 'min_bin_probing_points' of the grid.
  1 # Attribute 'grid_mode' of the grid. 1=='default',2=='initialization'
  0.0000000000000000 # Attribute 'small_contrib_threshold' of the grid.
  0.5000000000000000 # Attribute 'damping_power' of the grid.
 # binID   n_entries weight   weight_sqr   abs_weight
    10   10   3.019112916228115E+002   8.756714113954607E+005   3.019112916228115E+002
  </DiscreteSampler_grid>
