  0.00866461133910333  0.01865030383706288  0.03153528038565651  0.04448481032801774
  0.05708593556950598  0.06816918542864642  0.07959319781892094  0.09176564033493269
  0.10442613295585411  0.11704646682213331  0.12847988134882785  0.13921949724144697
  0.15000714200470064  0.16120076811370876  0.17359668674661330  0.18598212889933577
  0.19757134300428733  0.20865936687469272  0.21979703147698904  0.23143671619451422
  0.24377211468603005  0.25431734213620738  0.26338530030885182  0.27233708170881044
  0.28281290607186632  0.29420697435548709  0.30479821958149766  0.31526760330047998
  0.32553567246794451  0.33632299507319902  0.34771444302706450  0.35949258772594439
  0.37170953311903343  0.38451656602258116  0.39725684419701968  0.40830293549751251
  0.41823094134425870  0.42778992267464622  0.43791618696244355  0.44727699701996143
  0.45665004755029559  0.46468192801329472  0.47225715385800970  0.47962632626155877
  0.48771181123340479  0.49618072886778725  0.50429753398954469  0.51217662814964349
  0.51938149554868651  0.52753505130117717  0.53744593978084232  0.54753027668544141
  0.55750115964160130  0.56690922640192831  0.57519279995532258  0.58317671831128470
  0.59158807486550247  0.60067041739225724  0.61065967155036316  0.62059117520494989
  0.63204515113961968  0.64395451312539287  0.65486008621426306  0.66438767942311994
  0.67416768347845202  0.68507964395358212  0.69415177159261454  0.70485123046526288
  0.71559848794597669  0.72727670314625392  0.73757039201096219  0.74683083519298943
  0.75552535943331522  0.76515111747460895  0.77585568249715209  0.78786568010885194
  0.80075364799743465  0.81344302395467560  0.82544434856727456  0.83786856103883389
  0.85015974382683868  0.86133529327746239  0.87149582024294558  0.88081563539121432
  0.89074379276096471  0.90186286136415028  0.91168207827789061  0.92113063864015110
  0.93043226701599346  0.94142801586873359  0.95420578785576426  0.96498992954789431
  0.97402420679373891  0.98278663734972127  0.99109850361037077  1.00000000000000000
 -0.00000116708273025  0.00000397926681861  0.00001392199914117  0.00002419098479621
  0.00003378182327069  0.00004378914560585  0.00005506466062764  0.00006652457781259
  0.00007657117113984  0.00008504346119870  0.00009228605934279  0.00009934827890207
  0.00010725274086409  0.00011634169736757  0.00012626817748117  0.00013641354855231
  0.00014680977000779  0.00015752983784786  0.00016758826227444  0.00017933871834558
  0.00019210517194361  0.00020698074135418  0.00022361679891267  0.00024001904715404
  0.00025528686833886  0.00027064632424846  0.00028692169252370  0.00030392162527257
  0.00032205435739423  0.00034273385911652  0.00036589683676882  0.00038915587605313
  0.00041100529980654  0.00043223677910210  0.00045356112084230  0.00047536074418452
  0.00049782238018286  0.00052220394170723  0.00054829640594164  0.00057422604981243
  0.00060207363864437  0.00063183617852880  0.00066381782408144  0.00069928996225364
  0.00073756700779959  0.00078152102632488  0.00082839344150366  0.00087109368739457
  0.00091032359372720  0.00095057165473175  0.00099328530509868  0.00103990919725181
  0.00108942313148885  0.00114086873427083  0.00120042103630133  0.00126515780932822
  0.00132833190019523  0.00139306724623805  0.00146295523469546  0.00154825161344101
  0.00165226488897970  0.00176061054259183  0.00186307190406493  0.00195280940242725
  0.00204101813496421  0.00213738650444304  0.00224911546957320  0.00237702667010669
  0.00251087650997953  0.00266825242348708  0.00286151610585356  0.00310417869964019
  0.00334517025774286  0.00358849799830089  0.00383912394497311  0.00411200502971477
  0.00438173229195762  0.00465701022558791  0.00496627184999811  0.00533544113823809
  0.00575899192412918  0.00621912218666943  0.00672502815589967  0.00731640251344656
  0.00800567142738669  0.00879946899070528  0.00973606074498078  0.01074562646475165
  0.01180744209041033  0.01308531528282366  0.01455461421447037  0.02075559367388675
  0.02564802428833730  0.03363848586212329  0.57688308114530862  1.00000000000000000
  0.00000357223839532  0.00000732489080914  0.00001234234715007  0.00002048813784716
  0.00002930897984033  0.00004055600604432  0.00005416638775640  0.00006790393023395
  0.00008282900870690  0.00010010223554603  0.00012128425315498  0.00015005849314478
  0.00018258896082442  0.00021439882481103  0.00024676376967994  0.00027973473628351
  0.00031412718544231  0.00035242355299427  0.00039067729172683  0.00043372370423418
  0.00047752215743902  0.00052323595272923  0.00056955075571863  0.00061520722587120
  0.00066245943785263  0.00071195566646220  0.00076386545837536  0.00082016897351507
  0.00088452199241842  0.00096086147537788  0.00104182990330402  0.00112681864863938
  0.00121774178240971  0.00131012972344121  0.00140081566643307  0.00149190463458010
  0.00158151741162805  0.00167471384593555  0.00178254007871186  0.00190997353936453
  0.00204141407225888  0.00216076943912966  0.00227804831698677  0.00239753870578769
  0.00252597119128410  0.00269223181502593  0.00285578344543985  0.00301863043597925
  0.00319079688068097  0.00337953891983688  0.00358478422804077  0.00379382334546764
  0.00400420598818070  0.00422274067153002  0.00445885187976837  0.00469826643694396
  0.00495365844293390  0.00519822834078053  0.00542904682891764  0.00569997132597287
  0.00598072377780735  0.00629442152112141  0.00664136992816622  0.00702345259854501
  0.00743866920764973  0.00787123890636994  0.00826031721268945  0.00864749747316837
  0.00905204980906390  0.00946947815113584  0.00998645394022502  0.01057939108764809
  0.01116170310005017  0.01166348707124356  0.01212893876988530  0.01265278865080369
  0.01318408830070630  0.01375889950592897  0.01432806329252678  0.01477971654039247
  0.01517905679334634  0.01558809835959730  0.01604461403364325  0.01665452588652483
  0.01725990788564976  0.01784387309803760  0.01861301093074501  0.01977516419374737
  0.02088378490962307  0.02207708119602374  0.02300870731959660  0.02560106386160640
  0.03015963294173038  0.06308319928791298  0.42416272255200305  1.00000000000000000
 -0.00218869687372063  0.00866158512148224  0.01752873828440692  0.02758939114922409
  0.03767194541162025  0.04581524610537030  0.05306130978469971  0.06117380786437140
  0.07009544442947760  0.07886755183967890  0.08727565404471703  0.09527449283672332
  0.10381611171862719  0.11480153501850361  0.12625028696382934  0.13689368950878403
  0.14763772219900245  0.15904153557326045  0.17050848000292335  0.18331260645848513
  0.19382153010130099  0.20424178581542898  0.21440993272155617  0.22594776073746142
  0.23716192256500115  0.24646377668819605  0.25625895132898124  0.26647743018935494
  0.27732041300213256  0.28862987521077205  0.29977644267986753  0.31057383686468248
  0.32123357742890030  0.33131407873893048  0.34095903143656409  0.35056179153596573
  0.36002991995915262  0.36966648774266209  0.37957803741734364  0.38991881903613845
  0.40107235948576181  0.41249478228533931  0.42475726475083447  0.43766202180638070
  0.44939765489436834  0.45951587132814425  0.46900871389869547  0.47803969571171323
  0.48734138311616254  0.49726290010870033  0.50992090076725938  0.52323867775844901
  0.53467667415839182  0.54566354042609533  0.55686767807609838  0.56770632735092430
  0.57858296577933011  0.58911775833945468  0.59921813107138300  0.60973630416419899
  0.62014767466632792  0.63116001241738473  0.64183615012399109  0.65341034392157515
  0.66589990556191425  0.67868490985032193  0.69115935733284939  0.70295968413819643
  0.71406152916712540  0.72469768735799678  0.73465099820314428  0.74478405568038331
  0.75466735221051329  0.76576614362898121  0.77833559522130646  0.79195058776922611
  0.80404515071073224  0.81522988373267169  0.82653840335156104  0.83765719542337314
  0.84824761693908002  0.85918097652705150  0.86947406664715465  0.87860796623085646
  0.88693543211284587  0.89607759146312083  0.90537237581535757  0.91366531677059193
  0.92135756917199296  0.92957190840024073  0.93909679196989915  0.95141346685078654
  0.96333020696659555  0.97538221167773831  0.98700974914961148  1.00000000000000000
 -0.00131078060901678  0.00714335017290573  0.01441736413523811  0.02211306898652383
  0.03051909794885222  0.03871417327993089  0.04616974825818364  0.05363689756737704
  0.06168834292128967  0.07277412937354544  0.08510277753289464  0.09720162943428712
  0.10848575838938429  0.11966207918602324  0.13029830428091280  0.14063897707391820
  0.15013035386575835  0.15924809005539700  0.16839941427065530  0.17802891805975798
  0.18888225356099297  0.20043091733297275  0.21153512608123623  0.22184919699214550
  0.23181662644734435  0.24175976851384404  0.25177667360999495  0.26230782858416207
  0.27383506036541405  0.28643027199659665  0.29944148733717024  0.31158095207597819
  0.32432467208427956  0.33585950302391748  0.34654779175586936  0.35783292230416580
  0.36954445834272420  0.38093812850613640  0.39067473331124308  0.40012654311328372
  0.40955179832007610  0.42027657620679537  0.43219762629875175  0.44374354248778658
  0.45473130354502495  0.46661560304317629  0.47811857914773548  0.48765250239145547
  0.49651402341367601  0.50500336179367300  0.51474876821359283  0.52456599203354581
  0.53507740344436894  0.54630780004329371  0.55817889650853580  0.57040102179129215
  0.58184422002167202  0.59258765158146309  0.60287494572702161  0.61342072771223577
  0.62439547467936207  0.63514400463372356  0.64670389888223245  0.65953288946751387
  0.67104454443722206  0.68118845092945923  0.69133404449465097  0.70142785223567372
  0.71080422311387559  0.72008168662374095  0.72810269360833368  0.73811075029307482
  0.74985348870712731  0.76133830763387855  0.77482250849837631  0.78775164431339240
  0.79998831916382207  0.81136917019485744  0.82252521798742861  0.83402323020575875
  0.84562296050897456  0.85583752489934939  0.86517204606095044  0.87413343787372555
  0.88330205962543640  0.89297788202658002  0.90301196375855841  0.91259631937103880
  0.92173813958685713  0.93147115819411530  0.94191343864257338  0.95390082989682712
  0.96600376156304324  0.97810204515700228  0.98901588869951262  1.00000000000000000
 -0.00202937310282536  0.00932825161619438  0.01903544847636301  0.02991110929318698
  0.04021197841737566  0.05095806986117853  0.06114427041789927  0.07195205841253965
  0.08176343087193536  0.09248529651367952  0.10315295118471687  0.11350191031798776
  0.12337363684464757  0.13401085534043733  0.14540818305031236  0.15781126599251047
  0.16880696916779361  0.17855014246467407  0.18800271662670348  0.19738769535022682
  0.20689172430199188  0.21668793250312990  0.22692100295347717  0.23744945769895542
  0.24854030359444695  0.25881542288135162  0.26948946445934707  0.27928337305649670
  0.28897942333615689  0.29852719141011486  0.30716657503525241  0.31604584199037583
  0.32515759612522693  0.33446345574932834  0.34469337699845859  0.35486672748722004
  0.36487788425590323  0.37503746234920238  0.38653870910528437  0.39861398116516861
  0.40861229068450683  0.41740932524488245  0.42587876102308803  0.43532576508447834
  0.44494820140322916  0.45393081978486299  0.46333936813116217  0.47348266929469873
  0.48390954459013885  0.49495363083175947  0.50464854133234061  0.51245057947589689
  0.51980093694470741  0.52688780392299273  0.53417915524337256  0.54239643775418989
  0.55124534267257974  0.55945992692014368  0.57000297580289183  0.58273158512153334
  0.59510925065567255  0.60694870049512961  0.61802987136771026  0.62818543115571290
  0.63893133700408544  0.65096912511030347  0.66407290629205018  0.67760306151107164
  0.69026656412208687  0.70287499442601997  0.71567120256809880  0.72834230000935518
  0.74136992890375575  0.75451495103365929  0.76714866257125558  0.78010627173169800
  0.79275888752804324  0.80480031535742169  0.81647864261512926  0.82750668212012024
  0.83832145923381141  0.84961825584177730  0.86090722158035826  0.87130858164402825
  0.88155697608781192  0.89145451962201439  0.90159841088047954  0.91308928631783903
  0.92408098561556429  0.93573417550889670  0.94805035756850431  0.95976999009537511
  0.97087249064749892  0.98110623455647950  0.99051023251744974  1.00000000000000000
  0.00091836373204897  0.00169347258271983  0.00295672691717007  0.00393660409609227
  0.00479982929842669  0.00560272998968493  0.00636215250936425  0.00708207037745304
  0.00778657234886931  0.00847197125201023  0.00915020194437154  0.00982859460789494
  0.01051657194212681  0.01121063932907263  0.01190463268992832  0.01261500908045638
  0.01335930867456053  0.01415513040099942  0.01499073494609018  0.01584176467628177
  0.01669955614536084  0.01753732828857844  0.01834569448450611  0.01920274800639894
  0.02005536660748608  0.02089805087731684  0.02172955309590193  0.02254390891486279
  0.02334242007782335  0.02413820487069702  0.02496387823652221  0.02584593126807206
  0.02670616798835170  0.02758046154621381  0.02849336902127779  0.02944425768709684
  0.03040085914787941  0.03127360528762627  0.03209097504944597  0.03290242353914757
  0.03373931025946818  0.03462274045997577  0.03561381863577918  0.03667747567425455
  0.03759488312456032  0.03846055922562286  0.03935646281652666  0.04027472918629095
  0.04133200937124536  0.04246746959986494  0.04358756453003020  0.04478902005665829
  0.04608087095689380  0.04771044989371578  0.04912256122747505  0.05039595789639595
  0.05155715066687996  0.05256923654240768  0.05392695083677283  0.05538328985549823
  0.05689319252122280  0.05841996179259723  0.05970670144654586  0.06105144388580764
  0.06251731076801875  0.06452483061594191  0.06698788358905816  0.06956536433329449
  0.07203509640037772  0.07427977051539558  0.07632086280442894  0.07848075556360891
  0.08081641460944862  0.08332416033065217  0.08635666823662876  0.08997703331380005
  0.09483342553788325  0.09952170332075214  0.10411012682406683  0.11252103134109104
  0.11916714900546796  0.12228302145275641  0.12590092439881323  0.13002421926983609
  0.13478043605002160  0.14018845692830212  0.14678628844080011  0.15448037940012521
  0.16532411374109213  0.17669547377410699  0.25439449633883698  0.26845118933743334
  0.28543039009977089  0.29415755847342218  0.48685895823590103  1.00000000000000000
 -0.00200961793311929  0.01201653618776423  0.02327644082696104  0.03447431352510757
  0.04585615723865696  0.05730732692353450  0.06976306353031986  0.08315680603157555
  0.09373806885746919  0.10250806347952655  0.11154778527293978  0.12112323308296113
  0.13196993141213834  0.14268878338045268  0.15361909567049545  0.16470076575424591
  0.17525090870825188  0.18557872152039789  0.19625498884306128  0.20723744640975550
  0.21830540399428006  0.22867849912750712  0.23899359564296024  0.24915383000291805
  0.25872753884696575  0.26875549691476774  0.27970096206586365  0.29037778596223979
  0.29987705174939494  0.30898998631617425  0.31937615476974113  0.33045520207762585
  0.34186781250626297  0.35280025375044038  0.36329505125881356  0.37392700801620843
  0.38453561646298018  0.39580611046112130  0.40802791523155535  0.41962046671219444
  0.43000791953888318  0.44043126601446542  0.45139865995867118  0.46229588710206138
  0.47268778996109445  0.48306822144130512  0.49433452054052029  0.50598597701627823
  0.51715221672523071  0.52560479273113792  0.53197115542446782  0.53827252045712726
  0.54566756887498857  0.55305631038465819  0.56027875338067357  0.56709805527518442
  0.57412983418850427  0.58205174434049667  0.59164498420314848  0.60187380420046432
  0.61134833717122350  0.62022826394098740  0.62917877705226100  0.63817776187973418
  0.64792776930739548  0.65781946100995570  0.66818470922137307  0.67807852811998726
  0.68789568587637939  0.69780988925180376  0.70761233894841691  0.71709269215943727
  0.72642701969667645  0.73611949684987299  0.74605111350245645  0.75634915670451619
  0.76599951526293675  0.77628546982088731  0.78592676927799976  0.79544886423695838
  0.80466621673591288  0.81373138275594736  0.82269391985283857  0.83233828400460075
  0.84297606465848030  0.85380232767483299  0.86610949745718813  0.87956712302581375
  0.89225864977853298  0.90575900126808706  0.91967586056391737  0.93310222522859776
  0.94700588874155800  0.96445707789730961  0.98173003261879821  1.00000000000000000
 -0.00704896321845389  0.37290493779910522  0.49321561537231584  0.55935949000182827
  0.60631142098472235  0.64308975029665927  0.67301357123708239  0.69807005538155631
  0.72025409257852147  0.73869630825832455  0.75443840870080114  0.76865460047138034
  0.78176260227918237  0.79384462440178760  0.80444303968055997  0.81405123507702370
  0.82262320058943195  0.83116009681638481  0.83848106427968039  0.84517536202741850
  0.85158391285536028  0.85779720314375829  0.86359570831308341  0.86914763212919188
  0.87438933634250371  0.87911759366523601  0.88353859734434204  0.88774061996463871
  0.89191550119018070  0.89608451646022169  0.90017343344198297  0.90417186334543331
  0.90791739732618248  0.91135691049542267  0.91447140474526378  0.91730652741468255
  0.91986793568406144  0.92231657542067613  0.92479905444741572  0.92724402688500462
  0.92960374601473139  0.93196510598849969  0.93423250650479894  0.93650239032846472
  0.93849617091976800  0.94033907583073684  0.94215562051915680  0.94392716246029362
  0.94566436634229367  0.94740826447926518  0.94908914363746488  0.95066356829659004
  0.95220018172876431  0.95364441087450125  0.95512518201302543  0.95664407502000792
  0.95819476674675430  0.95970432931532013  0.96087732440882434  0.96210528442549081
  0.96335601494629908  0.96457085693700628  0.96574885814874301  0.96694254981578942
  0.96815647840016161  0.96931204344568289  0.97037849539457988  0.97143722914169839
  0.97249081940199877  0.97354312746009253  0.97464927008447233  0.97566588092602879
  0.97672432801825004  0.97779975902175476  0.97884179528182358  0.97979610558272556
  0.98073155660391309  0.98163768322304645  0.98257647497397316  0.98350834400675080
  0.98441939627884889  0.98533895660242898  0.98623596735443586  0.98711278662498247
  0.98795705260270483  0.98887477990833683  0.98980838405689797  0.99074030775182698
  0.99166964605546304  0.99259830955252426  0.99350999669721562  0.99443277231356730
  0.99540399552338965  0.99653178099795869  0.99811251173978965  1.00000000000000000
   1.5551812885849475E-017  -1.0000000000000000     
 F F F F F F F F F F F F F F F F F F F F F F F F F F F F F F F F F F F F F F F F F F F F F F F F F F F F F F F F F F F F F F F F
  <DiscreteSampler_grid>
  grouped_processes
  1 # 1 for a reference and 2 for a running grid.
  10 # Attribute 'min_bin_probing_points' of the grid.
  1 # Attribute 'grid_mode' of the grid. 1=='default',2=='initialization'
  0.0000000000000000 # Attribute 'small_contrib_threshold' of the grid.
  0.5000000000000000 # Attribute 'damping_power' of the grid.
 # binID   n_entries weight   weight_sqr   abs_weight
    10   10   7.057700523109886E-005   4.938273888381122E-008   7.057700523109886E-005
  </DiscreteSampler_grid>
