  0.00903134950871520  0.01820251014499899  0.02999597112837103  0.04208748771415299
  0.05259855562119575  0.06292247786701062  0.07343343575248854  0.08370488326141255
  0.09406676814298318  0.10450667066544314  0.11541768141529815  0.12685234130574036
  0.13795559360871545  0.14876628919805751  0.15813891897222279  0.16806359004721250
  0.17805638221565004  0.18840377459837249  0.19905991131616546  0.20995855922223336
  0.22115100607137647  0.23209456659907632  0.24248805282034164  0.25230022856734086
  0.26181739084159417  0.27143162693176315  0.28148554321670771  0.29217660270599244
  0.30258868701154162  0.31314581270069164  0.32304004685663568  0.33306248588148102
  0.34322673270192811  0.35390181708317536  0.36455222038001767  0.37543251823269574
  0.38692521624487641  0.39837257731267200  0.40975487556254880  0.42040840564235094
  0.43106926444026217  0.44167508239951336  0.45277131475601468  0.46326971121247235
  0.47389280285743585  0.48464095867110840  0.49573100670104625  0.50551985316969139
  0.51522983043669113  0.52502243808130178  0.53542047394222980  0.54583528072256582
  0.55698142252236937  0.56962609688022325  0.58271203980640118  0.59483794160621173
  0.60649463162445394  0.61700187077482604  0.62744115862595606  0.63708731457338863
  0.64629025462491718  0.65543057279177919  0.66486123882165493  0.67506161509690810
  0.68524529888041885  0.69523961331535478  0.70512581218139347  0.71503205713350881
  0.72536726945542995  0.73577074910048612  0.74603970807311548  0.75556518359102820
  0.76483326181966804  0.77426324346403608  0.78436529121796805  0.79562379494382618
  0.80689384244120776  0.81717199400242091  0.82719118850824391  0.83702300469512858
  0.84781818744458604  0.85893871683952394  0.87061444833240498  0.88176745123713651
  0.89263601933543624  0.90256302158532531  0.91231176799456370  0.92199700763067849
  0.93134374032035538  0.94024348191847207  0.94910545339531249  0.95820124586024658
  0.96802524661553957  0.97768597254967293  0.98848170396426294  1.00000000000000000
  0.01118427166284134  0.01391752101938721  0.01552731345179006  0.01677353659171591
  0.01785701434907552  0.01886165942816269  0.01983577607841577  0.02077384826869528
  0.02166202753545502  0.02253395989667790  0.02339661356523351  0.02428009104026110
  0.02518820445635811  0.02606437685614128  0.02688690681417261  0.02767704511362307
  0.02845899923190195  0.02924447978748192  0.03002515361968440  0.03085056345936913
  0.03170822159796065  0.03261183086460383  0.03352473115098303  0.03442799007658754
  0.03534157209294233  0.03625130607314674  0.03714172718267118  0.03802272229151731
  0.03889365163504482  0.03977786768631132  0.04068617967000076  0.04160477237650925
  0.04250480358780442  0.04337702850538561  0.04428782647683775  0.04518651036077385
  0.04614081990438477  0.04710537933670230  0.04808530484738523  0.04909576863099666
  0.05015991356813228  0.05130461576854222  0.05253772671063674  0.05384016560741834
  0.05512553263233655  0.05642659966344328  0.05782236279235184  0.05920777636784797
  0.06049499365098632  0.06168496810453725  0.06286954110934385  0.06414169855789352
  0.06547016052931735  0.06684446425464589  0.06824445778932055  0.06974819630944915
  0.07146095240531261  0.07323373008369047  0.07508044749985782  0.07694658909175157
  0.07882818779201266  0.08071518988101799  0.08253270122567091  0.08429207351779305
  0.08612947073092089  0.08809064740661714  0.09017886761136322  0.09252857514617605
  0.09521359340686489  0.09826826245071194  0.10174840318995197  0.10549586486800742
  0.10908278595534790  0.11257973088068471  0.11644644477162157  0.12030744597510583
  0.12412245900925059  0.12769388686883201  0.13134782594338731  0.13523094047241405
  0.13928455434447246  0.14358943449734993  0.14866989481027043  0.15553555855672876
  0.16270241667326596  0.17058322263091327  0.17997233147512481  0.19076368970251809
  0.20244728719742555  0.21570743578710996  0.23566651580725931  0.25667896768120990
  0.28629878672204878  0.38371914948854025  0.86586962902658338  1.00000000000000000
 -0.00000434416131776  0.00002597546339552  0.00005855194013030  0.00008850714305954
  0.00011595838724776  0.00014754658478550  0.00018204247405130  0.00021909395454383
  0.00026079701724997  0.00030327103120387  0.00034577043844466  0.00038610635968349
  0.00042694601115735  0.00046989871322208  0.00051432126825107  0.00056397439678608
  0.00061640905066538  0.00068666229743914  0.00075674591231380  0.00082949984931569
  0.00089627405740168  0.00096234061240688  0.00103024187997668  0.00110037575091130
  0.00117229414407392  0.00124515092587294  0.00131762079529124  0.00139264262057547
  0.00147308612319650  0.00155940322853375  0.00165220433688430  0.00175159899847999
  0.00185276388395169  0.00195560739216560  0.00205856652261957  0.00216100471961873
  0.00226530733713251  0.00237355240712561  0.00248877904417144  0.00261183938258073
  0.00274626347049100  0.00290333932595209  0.00306630069008064  0.00322414449770600
  0.00337548619974730  0.00352756770885909  0.00368182305370925  0.00384380465950758
  0.00401266532845329  0.00419119750164604  0.00439089902400902  0.00460238795761032
  0.00481435940462254  0.00505952896979158  0.00531261846562171  0.00557776376109985
  0.00585413291951810  0.00614384749515013  0.00645272912483501  0.00678842504588004
  0.00716284763609512  0.00756334909516369  0.00801981045604714  0.00848254914038842
  0.00895409852007301  0.00944893523624582  0.00995625927731677  0.01046920608164979
  0.01100135080148504  0.01158295398888510  0.01223387119428199  0.01291450633041739
  0.01363845632209002  0.01445526032478644  0.01536315425797383  0.01628449408112452
  0.01723518174089115  0.01826243750570386  0.01941405169575043  0.02071232288773712
  0.02214726236816576  0.02373683656817575  0.02556693511264110  0.02769704724477221
  0.03022263625751910  0.03317496385009088  0.03661264567493760  0.04052722981078935
  0.04596995358213903  0.05292826836698664  0.06146832693360711  0.07476868645335520
  0.09364131786539216  0.13690504102727385  0.27464653069454614  1.00000000000000000
 -0.00210719269279760  0.00857060044441825  0.01841569974011291  0.02823819906262676
  0.03845908004930903  0.04904263374545001  0.05996470429096402  0.07102132712101564
  0.08205142861751175  0.09369818071979313  0.10524129801880323  0.11489228203925186
  0.12418765761840402  0.13380000358283084  0.14404491107639281  0.15446110481290423
  0.16447330312376793  0.17553115531736266  0.18721858434352900  0.19840900453610796
  0.20934204844994958  0.22016184557257454  0.23122573580092648  0.24239597505221974
  0.25399597134304930  0.26621581482961465  0.27820857516892356  0.28978914978204434
  0.30119217089370243  0.31226612237360724  0.32314662642673414  0.33369204209824249
  0.34391026948949660  0.35374813673484734  0.36358904634203632  0.37362965452018726
  0.38379038921933017  0.39398416119713414  0.40415067666673082  0.41440461840503973
  0.42499652076491645  0.43602743397982791  0.44743875690164087  0.45939440183590941
  0.47120838909843643  0.48240783801729326  0.49265587315295922  0.50294339749693873
  0.51351875114214474  0.52436203461793018  0.53502803784760133  0.54641868498719692
  0.55841749731894497  0.56997871413654899  0.58112521909186399  0.59096289235505728
  0.60117568012195732  0.61246577369886512  0.62413757318134833  0.63487592159151907
  0.64505363136506577  0.65542177991939787  0.66596874965611574  0.67571559941396464
  0.68562592027931113  0.69581424789411506  0.70595703071166671  0.71583495605709524
  0.72566246684718572  0.73595730318937491  0.74661650366280752  0.75693000825428947
  0.76709926156929487  0.77705619935789993  0.78678747363243229  0.79674745120377621
  0.80714694970751744  0.81750366719656353  0.82715968625473213  0.83642508419942629
  0.84549286054055595  0.85476485147517633  0.86406593285307842  0.87321029722520094
  0.88287825544103848  0.89306214221341651  0.90354826324595194  0.91464423334381995
  0.92561821497659946  0.93699732218574017  0.94796189636284889  0.95861434545974178
  0.96848354286695981  0.97853722419034261  0.98896076137599520  1.00000000000000000
 -0.00255833427402512  0.00992896097259999  0.02001154978433661  0.03118558114543349
  0.04137506737222033  0.05205621725058785  0.06303688636432134  0.07601167027255533
  0.08841006860703353  0.10005081867290051  0.11072274365293808  0.12087931692290264
  0.13101994184865123  0.14139070913968260  0.15188107530559816  0.16255667020616757
  0.17388979721718997  0.18555251481628046  0.19659838572908761  0.20737043185664417
  0.21824931460986072  0.22931168488170747  0.23977683835003760  0.25018382011811452
  0.26116026198937303  0.27266015731991239  0.28387251473824471  0.29539191845649532
  0.30656563960783167  0.31787052796737092  0.32898671352084008  0.33948805409854388
  0.34929807987256878  0.35897321287137440  0.36846095741496393  0.37793796344732128
  0.38742571739097592  0.39696833786750974  0.40615036466896898  0.41549617209651479
  0.42490701798944641  0.43468367897260057  0.44434610899513782  0.45352315817250710
  0.46299691440017388  0.47331872012524367  0.48345870583351080  0.49362362665425757
  0.50382531033274447  0.51396736300808776  0.52395530293876058  0.53387332459247139
  0.54391755000298092  0.55405189310322489  0.56361500292954569  0.57328132435617851
  0.58336805278156156  0.59519422914100384  0.60779415472702614  0.62003295699575434
  0.63141813969427774  0.64222255637569037  0.65307724114312760  0.66419039238131672
  0.67508556667175368  0.68600152471314801  0.69714970468755277  0.70789393469833173
  0.71804692066673204  0.72755238880171746  0.73698014259156541  0.74656454495170099
  0.75666317908201408  0.76712278119750821  0.77770228861790047  0.78829966090172621
  0.79882789479927163  0.80927043091029560  0.81970336712968972  0.82998346518105814
  0.84032945546217008  0.85030266068047822  0.86012937935914335  0.86998244675668712
  0.88003645157259214  0.89036697796964515  0.90105362196903860  0.91225654735811046
  0.92401325344101470  0.93612915461655533  0.94777438084838361  0.95865052130012396
  0.96941183774688167  0.97995322166582932  0.99015796408531676  1.00000000000000000
 -0.00129399962188181  0.00399723309700169  0.00914881722879418  0.01433796325841312
  0.01965259986529592  0.02515795813581366  0.03062824201980159  0.03611535255877480
  0.04172677700744900  0.04732117917975522  0.05322372689926962  0.05959460761794030
  0.06600050040858293  0.07219849700882920  0.07831207654721979  0.08428481314726631
  0.09021755455923139  0.09604911499570222  0.10188549175608722  0.10803566277664584
  0.11437659101763548  0.12077420772573613  0.12737393797137894  0.13418245008788990
  0.14111303845427961  0.14809729949245437  0.15514524967614943  0.16241627806238157
  0.16981012382404834  0.17722337816632397  0.18457596996518874  0.19187282953201626
  0.19924437035983134  0.20694535543395387  0.21478664962388549  0.22282261007657031
  0.23072931366550814  0.23880822084943135  0.24664898112878927  0.25539382887869816
  0.26442253197540838  0.27326472155669562  0.28205566405974519  0.29098072178572781
  0.30008839576952184  0.30938035301359146  0.31883507966465774  0.32783588351880133
  0.33663947022465679  0.34508734967873744  0.35374927293347469  0.36231420023819222
  0.37083122862000428  0.37915900580375073  0.38705508398935756  0.39484791762166610
  0.40331851520169482  0.41189669330386652  0.42172727872098975  0.43188566974658021
  0.44291904422746226  0.45426455655772691  0.46558568636578584  0.47669945601008007
  0.48743807157413727  0.49793075591553521  0.50831819691375846  0.51912791809697145
  0.53094954552463614  0.54317776754789138  0.55612361046563608  0.56846553188704352
  0.58059578112132260  0.59280993945798444  0.60493751764330184  0.61641412157251230
  0.62794574130054248  0.63996113289801049  0.65193011961786018  0.66374806558811406
  0.67675048002423088  0.69060001500395962  0.70511837310219461  0.72059864729718948
  0.73710349374427475  0.75378708462666588  0.77095520878552970  0.78972977277474388
  0.80865011038006884  0.82823111477329725  0.84881503178302753  0.87055905491006225
  0.89397809612829593  0.92229055096835222  0.95649938842620863  1.00000000000000000
 -0.00181905140829184  0.00833207255322013  0.01753709689335212  0.02725784213348889
  0.03712155425746010  0.04694267666322401  0.05701159893229454  0.06700024985890658
  0.07667060353066349  0.08623986282424034  0.09570526318463254  0.10536047093764991
  0.11509393568892654  0.12500154510443107  0.13541138015135024  0.14568852655970455
  0.15562830756409124  0.16538123993283171  0.17525231345400064  0.18537358168506052
  0.19537496446607425  0.20527292178205442  0.21526433700406788  0.22527322133774752
  0.23542429724435138  0.24566004544216588  0.25566640876808638  0.26539669003110744
  0.27520689945880444  0.28519440731967566  0.29495207459507705  0.30434666725758608
  0.31378287737844374  0.32374190192273311  0.33432649101054401  0.34520995472234012
  0.35560344251771819  0.36568358528759237  0.37523566476291031  0.38541586717159199
  0.39615097147513417  0.40754931221610596  0.41875364013416910  0.42971884245097342
  0.44039507839640774  0.45096514681283134  0.46181166025639830  0.47321911081527468
  0.48455760430458283  0.49547884709353163  0.50627948885338292  0.51718547307168594
  0.52833199801444652  0.53975799195283447  0.55150679985704232  0.56328645092580076
  0.57581366399114664  0.58895878608163099  0.60274460977472066  0.61530053105443616
  0.62745475011493357  0.63910887087693435  0.65056770926775542  0.66164116684926966
  0.67227059938435496  0.68254934419361746  0.69402000738658365  0.70599081806076658
  0.71830492230040943  0.73014648073331889  0.74116025119087203  0.75164376790085052
  0.76122921872482607  0.77038461941408876  0.77906887958844107  0.78806590786623287
  0.79775998563093731  0.80857283584976369  0.81993476955684930  0.83127816590876902
  0.84222624936981516  0.85342769165203891  0.86473082416203895  0.87613360083589942
  0.88673438103444080  0.89750799174468421  0.90770361389789900  0.91720961713961624
  0.92670663733121106  0.93644254401821292  0.94679240638055306  0.95731803838051310
  0.96871139541704854  0.97995174710150146  0.99002933674007976  1.00000000000000000
 -0.00184997153498395  0.00883711928584793  0.01826378755697802  0.02849447394723342
  0.03938662756496128  0.04988971432609426  0.06017247464851258  0.07047221017790062
  0.08101201843710545  0.09133594780963894  0.10142872877607242  0.11147032747531152
  0.12137036536245960  0.13166616526283734  0.14221903553923276  0.15345667791606213
  0.16498867173756454  0.17638483972608146  0.18734023922932008  0.19753158634335563
  0.20756900324166261  0.21790192545878237  0.22864847536095870  0.23967013861941802
  0.25087924789367749  0.26236643881134808  0.27371070942859005  0.28477698407483615
  0.29604616887499563  0.30749781367680340  0.31868951935789819  0.32913646221426957
  0.33964607544342262  0.35001939302246854  0.36081397007353971  0.37171152379407213
  0.38275195168218656  0.39338540508487813  0.40394778679711396  0.41442577562386385
  0.42470090451528225  0.43464631943043647  0.44474080909584401  0.45500263344296643
  0.46512672118060872  0.47529716132612831  0.48502490487556316  0.49444364575172739
  0.50407307488891917  0.51400880556124307  0.52402749778897761  0.53400250546417161
  0.54442738848721595  0.55587273637411871  0.56760204670891168  0.57951191112971523
  0.59106711785611210  0.60214092169402422  0.61262598809077429  0.62289224490446582
  0.63302897283781734  0.64310542766486611  0.65327852559494892  0.66395157846441510
  0.67523852023098352  0.68634205969869810  0.69657973920499761  0.70655710225519941
  0.71696145954299384  0.72761597490991170  0.73808651248136914  0.74884316839453680
  0.76013082847923541  0.77156894401456522  0.78228597982362214  0.79248366159781169
  0.80231851420829514  0.81217267672696947  0.82186517816865168  0.83160147662144990
  0.84139628693761481  0.85163956017495401  0.86186848947806483  0.87202954850793168
  0.88206657403950373  0.89163056087567893  0.90149201025029280  0.91117002748246534
  0.92214889216381368  0.93401736080085840  0.94580038640409791  0.95717721298858705
  0.96774939656530434  0.97856052211309608  0.98922414316514196  1.00000000000000000
 -0.01509485524464427  0.32737266211213306  0.42711822737198640  0.48675326691394966
  0.53038376707527479  0.56368869701185409  0.59150591884297998  0.61489420717196885
  0.63474671031987151  0.65238912367967916  0.66781046800103028  0.68162798012484171
  0.69345173411339811  0.70400181010458751  0.71428293399760034  0.72412168819185929
  0.73318008671120305  0.74165835120407586  0.74980711784721810  0.75747283483604133
  0.76463337910074813  0.77180362394480573  0.77873756650227777  0.78544075774603894
  0.79188177083588074  0.79772370239686252  0.80340922765892864  0.80900316313493692
  0.81377451754498964  0.81817594296865659  0.82251281571153889  0.82682833111572063
  0.83121005384249558  0.83512857629980142  0.83878919214694947  0.84239685805771303
  0.84594314418729644  0.84941221011936952  0.85275712423432959  0.85589645248810686
  0.85881510953133144  0.86171394685886071  0.86465710389443773  0.86755860463370926
  0.87026239293191432  0.87302579619431586  0.87567664888444285  0.87828652285744202
  0.88085648338072797  0.88340463443111639  0.88593531565506634  0.88847701006157465
  0.89099861280951320  0.89345447548711721  0.89589099050118937  0.89812356666193205
  0.90035098980651884  0.90258712288813947  0.90478518410753983  0.90693186622397282
  0.90902675214229145  0.91108265453716553  0.91312940681455912  0.91523688052384222
  0.91737980956072196  0.91949629678099931  0.92151373096871625  0.92345048901827853
  0.92535293391750262  0.92723689885818728  0.92909993432301374  0.93097068215247913
  0.93282996201161150  0.93465877091279137  0.93644143291437110  0.93816716158100200
  0.93988320739749109  0.94163034683004476  0.94341444161448207  0.94522524676216579
  0.94703817801850687  0.94883011503495118  0.95069159760064847  0.95258041123956283
  0.95451340961128706  0.95651890517204208  0.95862335489821149  0.96083232153731246
  0.96327444463466672  0.96578773097327475  0.96845856552901877  0.97137776605067960
  0.97465822356368426  0.97896391455602572  0.98656359135903993  1.00000000000000000
   3.1521849505582659E-017  -1.0000000000000000     
 F F F F F F F F F F F F F F F F F F F F F F F F F F F F F F F F F F F F F F F F F F F F F F F F F F F F F F F F F F F F F F F F
  <DiscreteSampler_grid>
  grouped_processes
  1 # 1 for a reference and 2 for a running grid.
  10 # Attribute 'min_bin_probing_points' of the grid.
  1 # Attribute 'grid_mode' of the grid. 1=='default',2=='initialization'
  0.0000000000000000 # Attribute 'small_contrib_threshold' of the grid.
  0.5000000000000000 # Attribute 'damping_power' of the grid.
 # binID   n_entries weight   weight_sqr   abs_weight
    10   10   2.167585950728417E-005   1.262678047384345E-009   2.167585950728417E-005
  </DiscreteSampler_grid>
