  0.00929142064598889  0.01583496737300847  0.02551758088551813  0.03687492364532694
  0.04944809359351292  0.06156378807223085  0.07273512971101882  0.08333776525053618
  0.09417835993675105  0.10482663947594895  0.11527349326169056  0.12560993602321743
  0.13522633980182833  0.14479170368226496  0.15456728233171146  0.16451391617341019
  0.17376764824780017  0.18255109935580877  0.19331290139730040  0.20500441267889927
  0.21708651706322374  0.22952442517130145  0.24262885189271524  0.25577227411863834
  0.26820548822106333  0.27989070136990618  0.29117588526567451  0.30237731789174865
  0.31367707264302513  0.32373485316649209  0.33365682533077745  0.34446765891742864
  0.35534427567956950  0.36542531163836162  0.37483837411761861  0.38392760589945907
  0.39291957842393793  0.40210045235813480  0.41171690862236970  0.42158278446915037
  0.43125350445684130  0.43992104109635755  0.44832805542397103  0.45729109822084096
  0.46758507281362277  0.47894886065333869  0.48949329169373357  0.49984653510830351
  0.51178023592030297  0.52305427018614925  0.53370795082098788  0.54415134285745015
  0.55548123099769675  0.56601490944510857  0.57614021359947498  0.58638765696791761
  0.59763572721415237  0.60908345202235725  0.62042133726231796  0.63201744571806773
  0.64380404776672917  0.65593663782468459  0.66798610875399500  0.67908239014582183
  0.68954009793923587  0.69904441196350020  0.70849340213875434  0.71650440057137388
  0.72527018986414038  0.73464981591180778  0.74490350461829480  0.75520175565358849
  0.76512216700662050  0.77560828060659803  0.78733309656932071  0.79963664856711569
  0.81157857057234217  0.82256671298267237  0.83335560685539423  0.84218558623667561
  0.85019969801301942  0.85912202812401028  0.86884974801108472  0.87980145856845415
  0.88940867347131747  0.89992333428028926  0.91149588972383722  0.92318997480002052
  0.93471108938921121  0.94557674466533514  0.95628489267683503  0.96632901657565295
  0.97567222127201736  0.98464391325447598  0.99060711570340865  1.00000000000000000
 -0.00000215566871475  0.00000734417305305  0.00001897716378314  0.00002952388039311
  0.00003938824198818  0.00004862692044364  0.00005705941429185  0.00006523959165722
  0.00007342643138241  0.00008156715104462  0.00008979313147541  0.00009901719344897
  0.00010922794960106  0.00011980766855453  0.00013005166748086  0.00014005929925861
  0.00015012519283146  0.00015971699640908  0.00017005681665134  0.00018080827647742
  0.00019161999654582  0.00020228652199997  0.00021469372726147  0.00022871973491098
  0.00024413054240968  0.00025980202206834  0.00027557774649767  0.00029102319107995
  0.00030643121351393  0.00032265014269737  0.00034003460239479  0.00036013454145404
  0.00038294381184867  0.00040438369566306  0.00042504878107328  0.00044538772388303
  0.00046611088515110  0.00048780421510661  0.00051001967065117  0.00053238553804338
  0.00055547843766986  0.00057983822450005  0.00060640124167045  0.00063599983269712
  0.00066985114827800  0.00070285889586776  0.00073772063374483  0.00077832252246429
  0.00082277352347442  0.00086715934209190  0.00091133910747044  0.00095694800796307
  0.00100614920442642  0.00106244469309958  0.00111875996578276  0.00117546418761512
  0.00123417838527182  0.00129643837567317  0.00136245348761543  0.00143428349484930
  0.00151178635091130  0.00158964574979774  0.00168066832995228  0.00177524210009047
  0.00186617410800957  0.00195673938080481  0.00205628112332746  0.00216551946860890
  0.00227726227781768  0.00239845720738235  0.00254632507901301  0.00271606449791444
  0.00287193355725057  0.00303007263276478  0.00321281999783489  0.00340384610357079
  0.00361500599454998  0.00385056516820605  0.00420114370719092  0.00460164434441149
  0.00509236388847377  0.00562249607455493  0.00618008632168790  0.00679848631567310
  0.00748715947779075  0.00828904116924170  0.00914081737403610  0.01016547302562901
  0.01168928723864264  0.01343500343077024  0.01533714845033185  0.01767847375769376
  0.02596176580264528  0.06298335368002850  0.09789247200114579  1.00000000000000000
  0.00000207426372839  0.00000849975744799  0.00001592464474300  0.00002736280124401
  0.00003896885475195  0.00005274400879260  0.00006756128203924  0.00008571784671620
  0.00010614503762300  0.00012993927189020  0.00015590654602488  0.00018324405865620
  0.00021337278840383  0.00024780927910705  0.00028436301475105  0.00032159835006906
  0.00035845996239650  0.00039547150326053  0.00043415532743381  0.00047399236212644
  0.00051627386045536  0.00056135137209223  0.00060979629275808  0.00066040801912357
  0.00071325902857455  0.00076971867528670  0.00082786049116502  0.00089487017209134
  0.00096423720834239  0.00103640133330963  0.00110863698452479  0.00118318212785064
  0.00126089807486783  0.00134081628082920  0.00142269880272296  0.00150392972928708
  0.00158608704294171  0.00167317032482050  0.00176811522460184  0.00187735985934870
  0.00199161575868627  0.00210759151482580  0.00221610578153532  0.00232747937197767
  0.00244868251324778  0.00257376711173657  0.00269858227988499  0.00282279899783526
  0.00295281319314897  0.00309189664753443  0.00323509072635256  0.00338775766522934
  0.00356820662530925  0.00376514193152953  0.00400042272800407  0.00427781286511882
  0.00455968931343845  0.00481458351765270  0.00507284892676645  0.00535177703052527
  0.00566774685299646  0.00596969192863886  0.00628761844807578  0.00663310908012294
  0.00696300960181061  0.00739378588151771  0.00793551775378564  0.00856134390358800
  0.00928422337171810  0.01002498955320292  0.01069944999547649  0.01137065901273628
  0.01205187243447804  0.01273835341099064  0.01346012059119124  0.01420234898042592
  0.01500646706288284  0.01586818378006850  0.01692816209456946  0.01815055256665531
  0.01952491316131760  0.02091912976716799  0.02230202151452587  0.02379066066309433
  0.02532738972322274  0.02720292514715817  0.02971524781293340  0.03279415908232889
  0.03627074420346209  0.04145232376719899  0.05005657455759169  0.06073575739966473
  0.07076268294843829  0.07951432407526919  0.12344200287687723  1.00000000000000000
 -0.00264551857497640  0.00891404084077229  0.01966932858854742  0.03123667327064732
  0.04352974328360975  0.05615495742346589  0.06710812107083153  0.07687979625264725
  0.08694324051507184  0.09718163157200643  0.10818885095256385  0.11916079561970931
  0.13221210346997433  0.14617055364948925  0.15846443541893901  0.16934457143247450
  0.18007871531287747  0.18968993890340677  0.19842673910499520  0.20717580052408838
  0.21561464893874396  0.22391886380706169  0.23231192036811105  0.24016030712107470
  0.24784432043454571  0.25737532003951802  0.26942805689621502  0.28165697754230967
  0.29310914705913754  0.30446354426071698  0.31591878319533678  0.32736631228369584
  0.33944203785739913  0.35161917238468626  0.36213221218531977  0.37141586933371901
  0.38076300867737262  0.38996137700746292  0.39928684663167180  0.40852668626584715
  0.41808868656558895  0.42831483256805336  0.43813003551382024  0.44803753943643909
  0.45798653178086085  0.46828025340425705  0.47945628037624016  0.48990012292485574
  0.50054731361412930  0.51086346855919418  0.52242654257990573  0.53552350623928024
  0.54754510333915130  0.55867517164798097  0.56981069550813324  0.58135570574898587
  0.59334285940627463  0.60435020114819138  0.61444310096862464  0.62457779540824288
  0.63593680484938619  0.64641306473650828  0.65622783256968709  0.66593535589715347
  0.67770693538718951  0.68844090631934562  0.69727374618102789  0.70575653314787845
  0.71340079969733061  0.72207945753793568  0.73185117497172791  0.74173255411391448
  0.75093044458692604  0.76056622425299103  0.77052297934529612  0.78199457021674323
  0.79365046998431121  0.80518088149625699  0.81638357187464061  0.82752668624327874
  0.83775822089242602  0.84617530596982304  0.85453266886269752  0.86318262821943514
  0.87257105199673424  0.88287537255022897  0.89340118189619644  0.90555784753337876
  0.91942934507396012  0.93376763310323696  0.94709323243570209  0.95885011515442975
  0.96890248144331059  0.97873477002386000  0.98836746054977387  1.00000000000000000
 -0.00176523415579513  0.00749015191737687  0.01518888039744694  0.02300919939496859
  0.03206848991292791  0.04169797817509993  0.05283829940575779  0.06391672914122196
  0.07506492377433147  0.08550019151859013  0.09607291876216481  0.10680710018806891
  0.11733387136177971  0.12735856103125698  0.13750004416912587  0.14802202594049296
  0.15822230044016139  0.16839000847552027  0.17996049329495364  0.19254064706811147
  0.20479465874240066  0.21604460723294838  0.22712190611019206  0.23658531778273306
  0.24554575361449688  0.25441627000495337  0.26320292029219283  0.27254526520223182
  0.28198062684089720  0.29218054260430748  0.30307413845888809  0.31355273608857959
  0.32345245816093515  0.33340589413168659  0.34471383941567119  0.35619129645147812
  0.36668820849150213  0.37665999307119441  0.38709109156001364  0.39841722288107700
  0.40979116897269707  0.42103979123225616  0.43255252423874052  0.44423081526295727
  0.45624945648596221  0.46935564174870414  0.48280472389141121  0.49430304746886644
  0.50447112007839612  0.51396185379321557  0.52311727185645551  0.53370740815130491
  0.54427636328507567  0.55459000220812604  0.56505972595021359  0.57538433307078030
  0.58575472510504689  0.59653660055737945  0.60721832833101230  0.61818491673841980
  0.62928696716049681  0.64070791598377297  0.65236543122834134  0.66496294885507512
  0.67914289174633291  0.69477576459609058  0.70944219829014576  0.72306726477285543
  0.73412706289009344  0.74415218323275556  0.75465469956833087  0.76489958241620071
  0.77527253380762695  0.78450684701545303  0.79421631773334089  0.80459469226388503
  0.81433913479659670  0.82285909005222824  0.83116993929599037  0.83922150867226852
  0.84696928682300510  0.85519372182862985  0.86405601675033028  0.87291122970385771
  0.88199696834171293  0.89223151962670622  0.90405519861687378  0.91659055678303714
  0.92807678360110746  0.93840467629300772  0.94857511536202899  0.95850463438980993
  0.96915962515939957  0.97955390408021581  0.98988291618724888  1.00000000000000000
 -0.00279328775561363  0.01047580532388812  0.02175691515927106  0.03256584539532572
  0.04408764001597223  0.05475655099959471  0.06544498695336094  0.07642335275180855
  0.08850791547810424  0.10116336902245868  0.11366684353272843  0.12612667092754901
  0.13903086939765014  0.15158587850784364  0.16232071398979189  0.17157007477302799
  0.18017933951272364  0.18916243866326454  0.19910290813763662  0.20949926117557954
  0.21956809999389162  0.22890864686180143  0.23865391928357266  0.24906780032352074
  0.25975756568708142  0.27066868169862141  0.28207834332311210  0.29370161287813706
  0.30367739566433460  0.31461078830201988  0.32648591049210557  0.33703085543443184
  0.34620350463715760  0.35539034198953789  0.36385359388642652  0.37192604746776420
  0.37980493372135121  0.38753619107572845  0.39619026553276376  0.40691477950578070
  0.41903058157402739  0.43256658833909195  0.44702327230021172  0.46031305268972628
  0.47031362953387068  0.48032953627828928  0.49057862608377084  0.50147135304186752
  0.51164574132897611  0.52156138561397736  0.53284771270586739  0.54351661112347305
  0.55319897292362463  0.56298967934793276  0.57395331953487061  0.58481463906378262
  0.59527091778153574  0.60592758605728914  0.61754298412700637  0.62929184216310663
  0.64125186372811072  0.65317014298734355  0.66516644690860660  0.67846551388659648
  0.69127039419098457  0.70220315064693806  0.71331347762654806  0.72340834056875358
  0.73318844435412489  0.74239733113779482  0.75191821948046733  0.76229151435932885
  0.77315363828681272  0.78427948346864962  0.79490632312143583  0.80510611688441480
  0.81571130815121484  0.82709676222197226  0.83940878817270947  0.85185708871442756
  0.86271205215883906  0.87195684120513850  0.88021624481032867  0.88832917461673266
  0.89716820698196820  0.90715754971204987  0.91796577623033448  0.92826757600377208
  0.93769237615598089  0.94676691875086227  0.95537999310677701  0.96422318234509918
  0.97314560491142876  0.98268295108676962  0.99140682603584795  1.00000000000000000
  0.00085920786767280  0.00168640386387578  0.00290639116680288  0.00400667634857499
  0.00500631873021798  0.00592545987081734  0.00684633557362764  0.00771650420625383
  0.00856616307677117  0.00943516996996761  0.01033210339670230  0.01122489118796128
  0.01210219736998261  0.01295319096794044  0.01381596197574260  0.01471482643920628
  0.01563129679148483  0.01654009836393751  0.01740384087298190  0.01826650881657023
  0.01914422776970860  0.02003428088130112  0.02092615192552114  0.02180483206916372
  0.02263398495541876  0.02351992022824985  0.02445196223348899  0.02539780375078039
  0.02644452551333301  0.02750088677200341  0.02857522826419911  0.02967576832732655
  0.03079542088341846  0.03185136432264428  0.03287754741583219  0.03390398513719928
  0.03494504165223686  0.03600193188780144  0.03706482408799579  0.03817738775277372
  0.03945716296438108  0.04080388571713797  0.04211555390036714  0.04338101950391825
  0.04462209887243387  0.04581088945588484  0.04697813221681175  0.04821578407880579
  0.04954854223705867  0.05105820162228276  0.05277122747412424  0.05439750536855729
  0.05589292326791454  0.05733939836161792  0.05879106573580235  0.06011613413746563
  0.06128463588464724  0.06258320935671856  0.06408778498769703  0.06582703689202055
  0.06792593804830561  0.06995991083282674  0.07189237193387180  0.07360757437043911
  0.07520777110699084  0.07699745104730767  0.07917542048637816  0.08128444734219978
  0.08356581769087659  0.08636009422238977  0.08985197390951347  0.09354975417931095
  0.09589592275025563  0.09833960300004489  0.10106911300205863  0.10413653225866489
  0.10618460923544255  0.10868040750354728  0.11356879461525327  0.11745399744988691
  0.12055680541594513  0.12407915784250285  0.12787089850437228  0.13219828949533902
  0.13725520605955649  0.14139997505893753  0.14472105744894784  0.15243135078695985
  0.15888191889850409  0.16346245707632656  0.17436813168630202  0.19260314767265888
  0.21005704778422132  0.24100024666109077  0.51148612068451860  1.00000000000000000
 -0.00312353745193813  0.01413101235054568  0.02910645340114097  0.04287035287975191
  0.05428598885681039  0.06601811776586866  0.07954410339025603  0.09350671940699476
  0.10707938544707736  0.12003415380035594  0.13118209095976471  0.14192739952103259
  0.15291602134109705  0.16346663506230275  0.17378318702768186  0.18428180699847832
  0.19401337092117352  0.20300508563637554  0.21172202490707895  0.22064809381967448
  0.22959197394960495  0.23948089288869362  0.25000265922556725  0.26084881644489638
  0.27144297305630583  0.28046213190178626  0.28943239716968910  0.29803614411648688
  0.30702218905370371  0.31696106788333323  0.32657233795362206  0.33639308228005099
  0.34628830218662882  0.35641564856497698  0.36578047481251130  0.37525657247999622
  0.38430251733829163  0.39290420799486314  0.40141532586186052  0.40967724181703502
  0.41773759706052110  0.42608897430069520  0.43455829455442535  0.44340374152108414
  0.45213552873427310  0.46111794881416729  0.47052895316662308  0.48007898948748351
  0.48978731132486847  0.49964648641556259  0.51040673260715197  0.52096692123864607
  0.53178168129141856  0.54172340015260034  0.55237391362974264  0.56234008810094493
  0.57207319297468961  0.58159817641904310  0.59116201963842541  0.60040672439931886
  0.60911296740536014  0.61769018111212837  0.62648839802793621  0.63537194079128456
  0.64468613028946997  0.65511308185282902  0.66588225082194863  0.67542333061397508
  0.68464311163312230  0.69318507857450484  0.70090958797792369  0.70847740997234410
  0.71601054850143631  0.72427569723425533  0.73365795907448084  0.74408259220458406
  0.75462247873540622  0.76588753728138514  0.77787903058647390  0.79015389645385226
  0.80190744656649482  0.81407492277808191  0.82690741848898408  0.83927391887232383
  0.84940136206039685  0.85952255754421825  0.86984661574131683  0.88095885418844089
  0.89284419289206762  0.90498807978201568  0.91825447719663977  0.93430954274613021
  0.95058840967710101  0.96801181456575480  0.98370222410776398  1.00000000000000000
 -0.00433148264005560  0.36439099854353013  0.47450342106569154  0.54122188473742439
  0.58836726038204112  0.62590722899827478  0.65714812465970018  0.68229174639708401
  0.70335569372054207  0.72230025211118887  0.73798829266036714  0.75120704806525784
  0.76359648499866095  0.77518675936950210  0.78558815615139099  0.79470297288330083
  0.80357003694350659  0.81227458971492328  0.82013320785843269  0.82753754665727219
  0.83470672798671008  0.84124999557760571  0.84729873215215823  0.85292268935483384
  0.85819602042326182  0.86323289412082138  0.86795187828788978  0.87217419465086532
  0.87618626537660815  0.88012186967902173  0.88413389217940841  0.88823359529202450
  0.89217607596608539  0.89579471585634296  0.89898809818863157  0.90180931326593428
  0.90455663461173752  0.90727008623228333  0.91000941962030757  0.91291419939838636
  0.91590894434302983  0.91885513867509672  0.92156849821359110  0.92406599237413733
  0.92637558504143247  0.92858567520170887  0.93075659265641186  0.93288768850380110
  0.93496255736050704  0.93695209323422790  0.93877007334104379  0.94050785258355529
  0.94220062708737862  0.94390277825450308  0.94562335279957010  0.94736092986047216
  0.94912034681286528  0.95086599517953407  0.95252313516764386  0.95416962209808243
  0.95583623532209205  0.95739505152887550  0.95889592659432810  0.96040380966338590
  0.96191247704240390  0.96343954209878602  0.96483321543677214  0.96612341375276167
  0.96736938270027639  0.96859355340709530  0.96979265994568209  0.97096405668608576
  0.97216900914411930  0.97331880474713828  0.97442369746006874  0.97553047316293473
  0.97668608507085075  0.97786369825004005  0.97904888120897837  0.98022876533864367
  0.98123615658756780  0.98225751654205584  0.98329734901696153  0.98434490347862491
  0.98543801591974767  0.98655515636345104  0.98766405384843281  0.98875792011515351
  0.98989790770852770  0.99101108038615060  0.99208391324958656  0.99315837441261778
  0.99429351404469024  0.99560901600544149  0.99725878204696028  1.00000000000000000
   2.0890014813833049E-012  -1.0000000000000000     
 F F F F F F F F F F F F F F F F F F F F F F F F F F F F F F F F F F F F F F F F F F F F F F F F F F F F F F F F F F F F F F F F
  <DiscreteSampler_grid>
  grouped_processes
  1 # 1 for a reference and 2 for a running grid.
  10 # Attribute 'min_bin_probing_points' of the grid.
  1 # Attribute 'grid_mode' of the grid. 1=='default',2=='initialization'
  0.0000000000000000 # Attribute 'small_contrib_threshold' of the grid.
  0.5000000000000000 # Attribute 'damping_power' of the grid.
 # binID   n_entries weight   weight_sqr   abs_weight
    10   10   7.701209732032538E-002   1.775409420819236E-002   7.701209732032538E-002
  </DiscreteSampler_grid>
