  0.00987361003871375  0.01528234304922913  0.02197492403413059  0.03055406830497032
  0.03969691387900049  0.04937301286437062  0.05976326666545290  0.07081062417243733
  0.08204491491349704  0.09311077637453229  0.10386745810116343  0.11458118043482378
  0.12567309646277258  0.13718218319155454  0.14861011477800723  0.16015380685404468
  0.17194321595998288  0.18433921969939707  0.19447233229450800  0.20409264465518093
  0.21402032610968683  0.22440327504331883  0.23445788805439902  0.24452357586937820
  0.25458036860718225  0.26543890570599049  0.27573500068538415  0.28614923933046271
  0.29683474253577907  0.30788431564150637  0.31907630480220095  0.33035436855612649
  0.34150188568108508  0.35250040628682544  0.36372851328819911  0.37472320302671913
  0.38539701240207491  0.39503118076961630  0.40447188063024581  0.41443573359036023
  0.42548252929265507  0.43706839300746714  0.44874366349672645  0.45946045830595372
  0.46969891561978011  0.47982208489854172  0.49014341199836503  0.50039199068810036
  0.51013231132684145  0.51989046786293269  0.52989065123059886  0.54023421568901753
  0.55094471666350531  0.56194186695911330  0.57305422668892392  0.58424589355696654
  0.59529300310900535  0.60602414050622877  0.61656824721155590  0.62695041651086680
  0.63692201242956537  0.64645936964085304  0.65571652085424581  0.66478778563047547
  0.67421538988849661  0.68384669258411845  0.69337775435550686  0.70276896342094930
  0.71231499462064485  0.72212156835606534  0.73211287344454690  0.74205956461199674
  0.75220315976607444  0.76265763472373749  0.77331077239488133  0.78403790236910098
  0.79476086313411942  0.80557213907507375  0.81649764514524448  0.82782631661969319
  0.83923952301730154  0.85046619557734160  0.86181902177618175  0.87273913586572827
  0.88369437662794526  0.89476965305755518  0.90402359816628020  0.91358062961737274
  0.92349303917844472  0.93356289928696234  0.94264831356540546  0.95136749704315604
  0.96016870253468256  0.97066272065610693  0.98087183101967013  1.00000000000000000
  0.00002596021987966  0.00004055785905558  0.00005723643044827  0.00007606016952675
  0.00009737751721822  0.00011931736543891  0.00014301542850645  0.00017022607818696
  0.00019957625987195  0.00023230035808388  0.00026886124827836  0.00031052975598798
  0.00035527972489237  0.00040285706824888  0.00045013544535740  0.00049784478981785
  0.00054952168377426  0.00060528126032933  0.00066716619145205  0.00072966764654228
  0.00079044082694999  0.00085236132300623  0.00091436180969940  0.00098360531587393
  0.00105753364256131  0.00113507948133005  0.00121635438461119  0.00130058133010523
  0.00138808593516859  0.00147843676274710  0.00157065091704988  0.00166869582747454
  0.00176194483973612  0.00185378271114275  0.00195210724768555  0.00205932500839403
  0.00217431154472918  0.00229069135982216  0.00240811277768457  0.00252826179298714
  0.00265973692902733  0.00279023015014789  0.00292294897909888  0.00305894657864633
  0.00319611232835327  0.00334116441192757  0.00350098346444607  0.00366515593866572
  0.00383440695307185  0.00401021144502416  0.00419280168375759  0.00438604748760928
  0.00459769049018309  0.00482395692494659  0.00504120526105390  0.00525365922094582
  0.00547826655350026  0.00571165702977623  0.00595300651883227  0.00620559813559035
  0.00647724481425278  0.00677171955374977  0.00710199186217694  0.00747622654927008
  0.00787277606736375  0.00825449565970459  0.00863104539623474  0.00900023194106895
  0.00941842708516964  0.00984616224505565  0.01031245588787165  0.01082246415453209
  0.01135711901176970  0.01196188872126762  0.01259535018940982  0.01327420173853852
  0.01398489696280282  0.01472290107016381  0.01554554518070862  0.01653207973587289
  0.01763683528945598  0.01908863077797662  0.02056380254899713  0.02206237825737739
  0.02374099566946650  0.02561112205252889  0.02805636562658746  0.03118743394804901
  0.03532860354726272  0.04074213847959069  0.04800835129155671  0.05801476655482968
  0.07600884290113698  0.12375679312605706  0.54080530410867556  1.00000000000000000
 -0.00000502656785514  0.00002708393899657  0.00005736091564725  0.00008439024740753
  0.00011037281820566  0.00013836361316771  0.00017011988171261  0.00020238247347431
  0.00023419568963611  0.00026719946719736  0.00030468556137941  0.00034506539258789
  0.00038520674181603  0.00042586089540116  0.00046689689665821  0.00051051663188334
  0.00055663330992367  0.00060640925584439  0.00065801977439720  0.00071033530837017
  0.00076293876047324  0.00081601398993001  0.00087139205565426  0.00093097436656517
  0.00099352807821549  0.00106075095397955  0.00112779976432944  0.00120008640883137
  0.00127481160815628  0.00135256411127294  0.00143217702649511  0.00151229541405782
  0.00159354465198390  0.00167681612121328  0.00176026974850351  0.00184898899878235
  0.00193784086133296  0.00203004855762704  0.00212858283036339  0.00223311051786711
  0.00234935176734569  0.00247448739027503  0.00260522984676889  0.00274534927831176
  0.00288869143270686  0.00302774497785219  0.00316165317158017  0.00329464273725744
  0.00343832505279824  0.00359573806045558  0.00376027562475036  0.00393510123749282
  0.00411425830083814  0.00429753124747805  0.00450914227146711  0.00471548420455535
  0.00493050680424405  0.00516043692581880  0.00540246843843469  0.00564852501505634
  0.00589697629802111  0.00615540797309803  0.00643077494697737  0.00674808596742614
  0.00707338905008770  0.00741157064742527  0.00776930072035715  0.00814155885357323
  0.00854893432023547  0.00898401644670394  0.00943342467738072  0.00991834990361341
  0.01046598703723389  0.01106733958879128  0.01169753494564302  0.01241969048496829
  0.01330900570290034  0.01426301585564793  0.01521668542034136  0.01625331071781838
  0.01732225614407400  0.01851844380253910  0.01991895721219604  0.02168060653364098
  0.02363541620829419  0.02560145903885675  0.02776829970597857  0.03035184055801436
  0.03369833033117242  0.03840627201883644  0.04458998447233094  0.05322020390218096
  0.06536091508556394  0.08941934312383071  0.43245406424144417  1.00000000000000000
 -0.00233507429418269  0.01035308963674084  0.02135976115764738  0.03181812302315636
  0.04223217571438169  0.05260962669633487  0.06273582565102057  0.07260280384089454
  0.08261821981796072  0.09244422532235595  0.10197758248583651  0.11150321784579595
  0.12122409959811499  0.13125717051762439  0.14176549776783315  0.15289018023251702
  0.16438771742764741  0.17561421052252710  0.18583906139233067  0.19533866968006958
  0.20463431772426102  0.21454838872658816  0.22473094615317227  0.23421075064469637
  0.24357092828053215  0.25419565107382752  0.26589236256854065  0.27763421874686428
  0.28916846554378506  0.30120382538221069  0.31329037841779228  0.32441662649428843
  0.33521387929770474  0.34707527161109358  0.35817072679869155  0.36854254870921221
  0.37851060508410150  0.38801327290469340  0.39758592783061086  0.40730127258575161
  0.41758570439130277  0.42899081100203362  0.44028603303219627  0.45136112643373988
  0.46233167679638432  0.47281922512240065  0.48337764028584423  0.49391510745140332
  0.50435060249604302  0.51382898290826429  0.52361921250763743  0.53387556896059452
  0.54378044525116076  0.55330677148497565  0.56313262843883449  0.57462945151566203
  0.58585737615147315  0.59638527425845256  0.60610574411128748  0.61595279388141411
  0.62574696022621656  0.63598628490758247  0.64654655337700473  0.65716182818822844
  0.66702795847228669  0.67812007477611269  0.68922448522089119  0.69942370493235140
  0.70915228253684393  0.71886348023041902  0.72928029669692362  0.74008683551341947
  0.75136053064874164  0.76254723326754736  0.77351703239433756  0.78474790292491381
  0.79592153141734256  0.80662887177450038  0.81717577050595480  0.82758518281254756
  0.83830745635070825  0.84899429454246278  0.86002355108658801  0.87116373865658936
  0.88246627120536025  0.89313119563664867  0.90337088359526563  0.91394817463152367
  0.92418511861441377  0.93440725264864488  0.94452040950423077  0.95475316659231380
  0.96550889654508076  0.97673835833006617  0.98840371888666700  1.00000000000000000
 -0.00220651169037981  0.01063433091776811  0.02254023510982593  0.03448134658050421
  0.04693134313339906  0.05925408766389198  0.07122492411208298  0.08359021155573672
  0.09644589015486495  0.10899850462523113  0.12080683469704044  0.13225092140024705
  0.14341159911081858  0.15385179725519360  0.16387770788236183  0.17421544784688880
  0.18511670920277526  0.19564301622382671  0.20555933890799510  0.21563096667324252
  0.22542104324898959  0.23495557776839851  0.24446551902956187  0.25403272031310437
  0.26532150828602108  0.27682123279934923  0.28864774357601131  0.29980263680160446
  0.31094220971179637  0.32191513560728130  0.33318456170825450  0.34309207269701841
  0.35311896340744359  0.36338748081100086  0.37429615718481674  0.38475826975518201
  0.39491301008262419  0.40519863137388235  0.41590467639999285  0.42645273192184002
  0.43678617083823718  0.44708410481455246  0.45722903592191938  0.46735150922239910
  0.47710865432323379  0.48609152302937586  0.49460160469941072  0.50329894654380070
  0.51260887262865962  0.52198761481129963  0.53170072236109966  0.54155783641579414
  0.55149087863219959  0.56143421562288753  0.57138486961100632  0.58104995387320002
  0.59050735014464883  0.59962614542202619  0.60928864791564186  0.61943193309451305
  0.62974249375977309  0.63993912391181917  0.65001756670126343  0.66008819956110454
  0.67048523900949675  0.68031010480519050  0.69012862443589662  0.70060346763447734
  0.71163292279997792  0.72245967103829678  0.73338041124823616  0.74468170391861088
  0.75612899204565864  0.76770624442804536  0.77953766806716296  0.79192058082058026
  0.80499064131253817  0.81728501950701349  0.82857824629799004  0.83973009516657848
  0.85088534229234358  0.86229196131554031  0.87338749594608300  0.88366940937232574
  0.89335176085164292  0.90288061323574187  0.91219592370814651  0.92149606765275105
  0.93114204687891455  0.94118286684337915  0.95113192098218546  0.96066831595110580
  0.97040002126477898  0.98008834600469574  0.99003201483593983  1.00000000000000000
 -0.00192797754045789  0.00790152065255808  0.01669281449701417  0.02632772971012349
  0.03625201988540537  0.04591123630601268  0.05652357487160003  0.06720881259330194
  0.07848205017634786  0.08990607499274662  0.10171662879727680  0.11338104879598945
  0.12501697821051899  0.13676631497969885  0.14771663638084606  0.15828552546431365
  0.16878176013768029  0.17993342447026323  0.19113582098368467  0.20195675244746153
  0.21250343093140528  0.22261841770584562  0.23281535112606697  0.24365693046959427
  0.25509884327015808  0.26690090755049495  0.27846420990566512  0.28959293894080179
  0.30079712430845479  0.31186931511715027  0.32242825674341352  0.33235095940539910
  0.34183705720099644  0.35082946557530048  0.35992218963110356  0.36936165794648446
  0.37935387997391684  0.38963108238651945  0.40074967332022732  0.41259576881985083
  0.42411747291405666  0.43507998589096447  0.44587492737657219  0.45683411226171372
  0.46835426420876797  0.48032740229749460  0.49216233549556204  0.50335687978878996
  0.51426804268842141  0.52484108257486173  0.53521419336056331  0.54619541592746512
  0.55805905211181805  0.56974520001990092  0.58028870726202175  0.58974612474162669
  0.59866880756017748  0.60799888376941935  0.61788473454273829  0.62803691035613241
  0.63799580070032702  0.64761778828685523  0.65759484402382129  0.66815323232870738
  0.67900514126322753  0.69024281128766229  0.70163965184253441  0.71307627826419917
  0.72410363875093253  0.73497182404098615  0.74578664979085507  0.75612740018774194
  0.76596823311136353  0.77594979729439506  0.78632612587050232  0.79668574964348415
  0.80687819599710287  0.81712715966112237  0.82735099505816967  0.83796599722466614
  0.84866525488943889  0.85899228947221218  0.86793228662467614  0.87683438988270379
  0.88593860342467035  0.89526037955667037  0.90454149305258635  0.91351905623332996
  0.92382662708830376  0.93519758369412842  0.94677571380521386  0.95739190753435510
  0.96834138178523366  0.97900827908619581  0.98985400868311790  1.00000000000000000
  0.01074463575651911  0.01315249615844435  0.01565368043944671  0.01752854380725470
  0.01905697398287926  0.02052799399545048  0.02198549845699683  0.02342805045065911
  0.02482606105633490  0.02622463135163195  0.02761967447698502  0.02901485209589584
  0.03042753871549001  0.03181632682674248  0.03318110970844884  0.03453190706531416
  0.03589291270594608  0.03728345675568251  0.03869526828357580  0.04012011750001137
  0.04154804659536235  0.04298163419721869  0.04446412123411821  0.04597511078925053
  0.04750971697477050  0.04904083383217999  0.05051969805496937  0.05203770748325109
  0.05356222353428557  0.05508727721170066  0.05663756656195339  0.05822747120833027
  0.05983190521361940  0.06142191117248105  0.06297524777772914  0.06464919153290602
  0.06635450774160241  0.06810787880847903  0.06992078734996814  0.07174947690609697
  0.07355659259031062  0.07537394321617470  0.07726151823812885  0.07919398502250932
  0.08118824362723491  0.08323470053617303  0.08525360718726850  0.08724865852820160
  0.08921353420171166  0.09116968235852047  0.09324555092385853  0.09546050667759182
  0.09796740000588859  0.10048418243190893  0.10296993275097464  0.10539597889073199
  0.10760491485613502  0.10990303071780873  0.11240311077252826  0.11504909071191777
  0.11776622782591478  0.12049940382499798  0.12318674378038857  0.12594805106971763
  0.12887305544747252  0.13192186297878375  0.13522005280335059  0.13873721879568848
  0.14232113952564829  0.14575524100695356  0.14940711527498110  0.15314538072901362
  0.15668569367238205  0.16036877735962024  0.16424073689720892  0.16841278801203169
  0.17357106470280967  0.17922400688470383  0.18509932838435969  0.19085807278965108
  0.19652028448941794  0.20208375462409717  0.20732360441817047  0.21228148975725425
  0.21672128068896987  0.22118916417588563  0.22602426582608875  0.23299330198947107
  0.24172742274934783  0.24989310104973625  0.25752723179944015  0.26718066751745495
  0.28697522522632191  0.31740418723749875  0.79615339917125039  1.00000000000000000
 -0.00231113113076128  0.01349851210180457  0.02801752502715240  0.04317825802854798
  0.05781708869276382  0.07187529890549052  0.08537144683376571  0.09813211920478912
  0.11002361558491064  0.12149644705111740  0.13244710757234129  0.14387375366293012
  0.15617715518830297  0.16896605240987869  0.18212141079314820  0.19551560324214692
  0.20882897015393909  0.22022122697242902  0.23055562671524690  0.24037756312923095
  0.25029587291630345  0.26060935844504030  0.27047884113944309  0.27999061930841646
  0.28907386762104298  0.29818558824203573  0.30714041090960092  0.31602032656069434
  0.32511846540344180  0.33447504363719649  0.34414039322115791  0.35397374883044841
  0.36394955283554142  0.37393106854410579  0.38246349289822146  0.39068038757707702
  0.39889357274896253  0.40728999690685913  0.41599699061673301  0.42449030084759048
  0.43295471686923509  0.44152239931272674  0.44981362525899032  0.45787363591584923
  0.46603867909959767  0.47477418704290775  0.48424910099943741  0.49449460615024610
  0.50446835658003142  0.51414960530827580  0.52287967022761928  0.53123652575129010
  0.53949532494187380  0.54774935479905917  0.55622760384660586  0.56488455529968262
  0.57366480000560560  0.58279705876730370  0.59229543779990323  0.60180563006778309
  0.61120237848921333  0.62062891528912723  0.63004721130337482  0.64028294322986523
  0.64960130115628711  0.65917062992379005  0.66790225464584474  0.67681381529008366
  0.68585917315635958  0.69473525767010780  0.70380999762967600  0.71304446554333600
  0.72325293835387472  0.73394603047309148  0.74468909848970410  0.75508702349337642
  0.76543676842335928  0.77579977002944667  0.78619868463651943  0.79676473887000698
  0.80793556701362612  0.82067548116410860  0.83420827763983652  0.84772452408411469
  0.86106994706610851  0.87508071717948033  0.88724371604664065  0.89797212323513320
  0.90836168206352097  0.91998422048689144  0.93235229102008277  0.94506418482034926
  0.95863985244610128  0.97265020042259320  0.98644783814465808  1.00000000000000000
 -0.00313384650292266  0.27308104839927838  0.36026863476114601  0.41837944800191029
  0.45866765020145794  0.49116491748960267  0.51960758860992839  0.54447947183816992
  0.56630834896518401  0.58462248095309577  0.60159060683111043  0.61730666242325183
  0.63129764236374508  0.64382167871292106  0.65561355010651001  0.66683458887809222
  0.67683667003839776  0.68716506794164034  0.69716789932286405  0.70622333321302755
  0.71437603201167743  0.72187682333856451  0.72923633719718217  0.73614500734027655
  0.74296209342741593  0.74952734243459684  0.75550922410047405  0.76115501390460694
  0.76667053334792568  0.77202654440883633  0.77724770371123197  0.78244610900013434
  0.78745356089276231  0.79225953382437220  0.79660550062357716  0.80086062202349451
  0.80504916899351742  0.80932736067472666  0.81363037515908510  0.81779608141121363
  0.82170271237152692  0.82535329517705558  0.82883326209549657  0.83230183931524815
  0.83574278465952145  0.83913191112112950  0.84270390725662958  0.84623452387518927
  0.84986419008121128  0.85353807038744423  0.85709708090348291  0.86055298627142773
  0.86387922882316015  0.86711182173534862  0.87026174006849966  0.87324570124255863
  0.87611325712010024  0.87887308594533953  0.88165083975767145  0.88443280638961563
  0.88723539169064680  0.89009288250835372  0.89302748454536662  0.89581613472279875
  0.89859943746699922  0.90122468742812367  0.90380342140411873  0.90638494818806092
  0.90896468792419749  0.91150726613336175  0.91398512848029345  0.91649382558907044
  0.91893084147399473  0.92136354774034268  0.92381603268119317  0.92626376853971049
  0.92864607361556484  0.93094256740087133  0.93327215751740944  0.93574101907150919
  0.93822295105514653  0.94073074800689704  0.94321673768147896  0.94566041424578406
  0.94810726845562132  0.95061915794053675  0.95324554614088208  0.95589258007815447
  0.95862078228032244  0.96181584073130810  0.96534262441405583  0.96898966240375617
  0.97293997800473841  0.97755317258662944  0.98498842501562645  1.00000000000000000
   2.5427832844923992E-009  -1.0000000000000000     
 F F F F F F F F F F F F F F F F F F F F F F F F F F F F F F F F F F F F F F F F F F F F F F F F F F F F F F F F F F F F F F F F
  <DiscreteSampler_grid>
  grouped_processes
  1 # 1 for a reference and 2 for a running grid.
  10 # Attribute 'min_bin_probing_points' of the grid.
  1 # Attribute 'grid_mode' of the grid. 1=='default',2=='initialization'
  0.0000000000000000 # Attribute 'small_contrib_threshold' of the grid.
  0.5000000000000000 # Attribute 'damping_power' of the grid.
 # binID   n_entries weight   weight_sqr   abs_weight
    10   10   4.979487138986384E+004   1.112727323369264E+010   4.979487138986384E+004
  </DiscreteSampler_grid>
