  0.01015726200655928  0.01495321110117974  0.02288152197450426  0.03256750883152343
  0.04236402875930657  0.05252721592152918  0.06295410958239991  0.07130428172333736
  0.08031804624088208  0.08985460901040235  0.09952435135862432  0.10856892290652767
  0.11777656678215714  0.12814060218972212  0.14128553132085953  0.15372882051373335
  0.16534144101053730  0.17636265838028284  0.18635545946505655  0.19733260477641262
  0.20805682712684315  0.22250566834819976  0.23363078412955660  0.24305615746494200
  0.25294200689549134  0.26305778104588723  0.27289647119632637  0.28216760579212669
  0.29172318608379572  0.30241922348584815  0.31350782409036565  0.32496748357718241
  0.33546090208117868  0.34510048546231509  0.35462826946081011  0.36407358667226353
  0.37368701182655456  0.38278752101707891  0.39143941783806990  0.40142544360689386
  0.41209718321406491  0.42402495182648631  0.43501407934669462  0.44523253964691084
  0.45514793276852367  0.46584068468144257  0.47720863731714092  0.48864505329500485
  0.49943040826253282  0.50913622214014165  0.51797267947864956  0.52660192699607788
  0.53472987338596989  0.54376505312233081  0.55224715090569187  0.56101250810849634
  0.56981885046940173  0.57927362307140906  0.58887924626106136  0.59868335075157508
  0.60854707385814555  0.61814390057677981  0.62741558055866131  0.63661402184080451
  0.64615580551176377  0.65601088686440279  0.66628533960046910  0.67703461119040131
  0.68827168404919115  0.69981666498499229  0.71181253909677666  0.72418079050380701
  0.73604434320125145  0.74615517519605512  0.75590597793130510  0.76489452902954203
  0.77403479525752228  0.78304729697862441  0.79271396281230389  0.80393365718163490
  0.81440428993293557  0.82460253669674588  0.83522458738165295  0.84719409706244742
  0.85959112283651418  0.87158464858063311  0.88417237801166781  0.89751240562111945
  0.91126554189059972  0.92490035426106310  0.93792428605089462  0.95032839588826901
  0.96256579375728735  0.97486212442590003  0.98715204966071013  1.00000000000000000
  0.00002529320347737  0.00007468006781349  0.00010577799436380  0.00013765557058923
  0.00017883793727140  0.00022256607965284  0.00027076243278923  0.00032085236809194
  0.00037546937632624  0.00043836551010754  0.00050557909030256  0.00056942169115561
  0.00063531241523915  0.00070720348728455  0.00078787916704504  0.00087314738859516
  0.00095669885846985  0.00104167199453242  0.00112631505669407  0.00121661148917985
  0.00131539963079350  0.00142257820407965  0.00153710338396011  0.00165699341676545
  0.00177540505860650  0.00188141279470100  0.00197896260748812  0.00208367303767826
  0.00219045194895401  0.00229811077476930  0.00241223351040193  0.00253505085583250
  0.00266565836810331  0.00280549839029705  0.00293988576404116  0.00309052694724960
  0.00324539104840241  0.00340450275145887  0.00357652872632934  0.00376251814346460
  0.00395499703821632  0.00414953772212185  0.00435943702241695  0.00457716744109068
  0.00479634448141325  0.00502221034957491  0.00529135789451013  0.00559042859886455
  0.00590767057467811  0.00624015873290168  0.00657763024514690  0.00687696117621023
  0.00722446497872344  0.00755788490019999  0.00791251398170783  0.00829449300947630
  0.00868858074276221  0.00909050381197802  0.00953245850843137  0.01000165478863735
  0.01052862342378127  0.01107485047183676  0.01161608622431729  0.01217349763781102
  0.01280728638904102  0.01350399063217909  0.01419684366489010  0.01488999949086193
  0.01561121178418380  0.01639157265962133  0.01723342035316145  0.01814813900336782
  0.01918461626923472  0.02034296669794189  0.02186719043320944  0.02376059153384737
  0.02580849811437049  0.02800230400091481  0.03037188904895635  0.03284837271491076
  0.03547651071332838  0.03824393185193726  0.04130959079688334  0.04465172092337221
  0.04847083741396038  0.05259885606862288  0.05772090237027466  0.06420239737762001
  0.07300082824525007  0.08546393610201516  0.10144159588889903  0.12247141762927749
  0.16757155491499318  0.25514730397596586  0.56771504336670819  1.00000000000000000
  0.00001455559260501  0.00006112954871534  0.00011392054880219  0.00017912493296946
  0.00025493351833284  0.00035521303175829  0.00046649707405446  0.00059352780272520
  0.00076163131566325  0.00096340814192317  0.00116866278313098  0.00137647210199617
  0.00159465572096696  0.00183827914319339  0.00208975330484908  0.00236471946181690
  0.00267115947470460  0.00299220424035755  0.00330391315113700  0.00362472189743980
  0.00396314916377275  0.00430329476908850  0.00463875316099378  0.00497270919374590
  0.00530645001658253  0.00563982714154611  0.00597501151106544  0.00631257566370568
  0.00667789180878855  0.00706588405421140  0.00746046279203188  0.00784686083405385
  0.00826280934921878  0.00872055424556539  0.00921352316097138  0.00972527425271238
  0.01025908180577223  0.01082078217720682  0.01139449744890213  0.01197341347413927
  0.01259123007730547  0.01321288414439672  0.01401641444798882  0.01487295275986587
  0.01576287239473581  0.01666760939374767  0.01749594765048307  0.01827655831377854
  0.01907978032288632  0.01993272614785873  0.02087585465025095  0.02186751469516880
  0.02274512575268545  0.02360747172822564  0.02441762215150883  0.02523879585454051
  0.02620593008070340  0.02721770167497678  0.02822629952717378  0.02926358846560690
  0.03040256343260590  0.03162332460308315  0.03290169607286190  0.03422283373787566
  0.03560305272379112  0.03706702727428687  0.03860706062538332  0.04016365387067236
  0.04175386410170268  0.04351188171055672  0.04533084705727163  0.04724671147703113
  0.04944256347064670  0.05166463490599937  0.05383910008559486  0.05606265237702339
  0.05862162522144625  0.06176836209217293  0.06549226635342287  0.06931382594966810
  0.07293033503813280  0.07665924258247669  0.08134895207928242  0.08691242405160365
  0.09323025516735998  0.09920652837873156  0.10622334782119493  0.11395292424502095
  0.12215040687898870  0.13161316243577353  0.14207827719022872  0.15692781477884940
  0.18712865417128055  0.22798668586968748  0.31801653507516731  1.00000000000000000
 -0.00214637009315156  0.00869647086718791  0.01867481387930826  0.03028541603113264
  0.04180265145414522  0.05257915226316075  0.06337362351655731  0.07536188211369094
  0.08773831078492599  0.09938093929976208  0.10993028784972948  0.11973481410240884
  0.12954829445735988  0.13913633174940257  0.14842218556918288  0.15807842710379269
  0.16831887981981541  0.17917381014254960  0.19019343423435714  0.20115312393229279
  0.21237112346374712  0.22300908531864699  0.23345347194098037  0.24451906268001594
  0.25606770519265298  0.26801159391524426  0.27990769840495106  0.29093200255724444
  0.30162278821412425  0.31282901271225017  0.32417664001457625  0.33453353679753323
  0.34338053651116834  0.35261290912667637  0.36269532302698210  0.37231145288671513
  0.38150247709797808  0.39063964557227893  0.40063771812196725  0.41322762613000263
  0.42547039566549272  0.43983231549426888  0.45181543227633614  0.46301594353955694
  0.47405636173341797  0.48392108432051972  0.49385846820066531  0.50454425775238776
  0.51464565859508060  0.52436382415899929  0.53441176183736838  0.54517915891012114
  0.55758760803092278  0.56931871049660454  0.58082579594028061  0.59165609689139864
  0.60187612620426589  0.61192618172553104  0.62229391850934745  0.63195170094062636
  0.64123838041281400  0.65027430145329235  0.65936908942656369  0.66920385008927041
  0.67960504595034688  0.69070363711376415  0.70053524744265105  0.70965737470190471
  0.71962210675945348  0.72980026146435961  0.73960918036204160  0.74950404500295076
  0.76053852496062757  0.77099043016342228  0.78115610559671111  0.79182597466634819
  0.80365911242644583  0.81563180716935613  0.82659677157907863  0.83688189886429454
  0.84728041432007672  0.85854784362466030  0.87046465910403414  0.88071883103625570
  0.89038997016972155  0.89917454641215877  0.90784888781227135  0.91654542293744157
  0.92515421077870841  0.93358560902838517  0.94218764205765249  0.95193051383714533
  0.96318319315506085  0.97698115096714022  0.98886041472391584  1.00000000000000000
 -0.00216481936216103  0.00962508350377179  0.01910388235521900  0.02889353415517115
  0.03836672033077893  0.04832777198559572  0.05851674979018728  0.06989219278587167
  0.08008427030618430  0.09137668024742322  0.10299372397459475  0.11604361756617765
  0.12756111954765517  0.13818207996184892  0.14767534100335392  0.15564156638549254
  0.16484937493904095  0.17508665633962814  0.18498726102298513  0.19471893324674266
  0.20492637377605510  0.21669368927971380  0.22912842880371515  0.24117523373778194
  0.25273126206425983  0.26366370307633769  0.27334580758624544  0.28319076850050945
  0.29301126696850366  0.30367665049399378  0.31466574118597734  0.32745078598236643
  0.34071931977000047  0.35393057484326768  0.36734257728926778  0.38094917389021316
  0.39380680001857776  0.40598041342336205  0.41774881271473147  0.42965100098952075
  0.44198831915854159  0.45285477826358855  0.46243664498272891  0.47071692222320705
  0.47962269873293190  0.48918571821947932  0.50032118224442057  0.51042306486544720
  0.51931386189604956  0.52835556862447797  0.53765064918424954  0.54717218177193516
  0.55753943315973131  0.56830064114806722  0.58020060895583925  0.59324241934003019
  0.60629124882552365  0.61843061234903363  0.62974802623531545  0.64001345391064524
  0.65073042986021634  0.66134315168834368  0.67121231236841272  0.67998653637340978
  0.68853196980329956  0.69677448298009781  0.70542811911827319  0.71495105451068552
  0.72430997990857726  0.73347398961699606  0.74278071575185178  0.75184794897567142
  0.76125183968977106  0.77132022953775858  0.78130664722245469  0.79194671615575818
  0.80310273125474863  0.81478378032255294  0.82604322462799251  0.83632469406513610
  0.84653287806107336  0.85591187661848211  0.86450921827222016  0.87362741259175491
  0.88240131659494381  0.89174261934174992  0.90155491516691444  0.91290312776698057
  0.92587673454116592  0.93849604622951455  0.95066029138569019  0.96192737419238450
  0.97209776973619910  0.98171695255474145  0.99111694553784058  1.00000000000000000
 -0.00309569776109762  0.01200199499706787  0.02340871926238313  0.03429850821354352
  0.04545928087328496  0.05709146292169774  0.06869028537107250  0.07979084765786691
  0.09051253724249424  0.10115036336420105  0.11225927635447605  0.12404748651879539
  0.13588779017301156  0.14681691829877158  0.15696888038388113  0.16749718940557407
  0.17842781999214263  0.18996174535140081  0.20260087064828705  0.21436971411680797
  0.22567433450960678  0.23704790814301313  0.24868611201680665  0.25988376544810360
  0.27059353339661102  0.27978094354168365  0.28880953719031299  0.29767877330798742
  0.30645320884925031  0.31595770054098993  0.32669902183645727  0.33939275258827972
  0.35383300587347988  0.36653262389743346  0.37777337230988217  0.38874669142258916
  0.39957772867077412  0.41067935076506124  0.42177769654449071  0.43360460821795949
  0.44526013065424891  0.45676273098270248  0.46869231289085855  0.48060396644753173
  0.49313191980244081  0.50574804552124719  0.51753767965973207  0.52824027397742868
  0.53853614643997416  0.54942171073356927  0.56147342553751289  0.57414347682566891
  0.58614331049079993  0.59677126147800186  0.60671442672540521  0.61689358935769067
  0.62706090064284326  0.63806898583308969  0.64817766123409393  0.65705150241539845
  0.66599269280575146  0.67480831348675119  0.68354574421782754  0.69181344731681094
  0.69959244018811995  0.70731817298674104  0.71566991792078649  0.72417346397080118
  0.73293758924505326  0.74335554874274135  0.75355756593901468  0.76373191301937626
  0.77410296477362828  0.78545604434862759  0.79684461952476326  0.80738797800961737
  0.81705820927170436  0.82588060417856834  0.83500199564999333  0.84438101785411090
  0.85435010172119541  0.86435875440675058  0.87410065777484336  0.88384046695807250
  0.89313712075822871  0.90237594336537530  0.91135046540872156  0.92105649188531347
  0.93114532279516571  0.94255954757739435  0.95215683419416830  0.96057049718330711
  0.96897477520131847  0.97785796965071947  0.98887654487691923  1.00000000000000000
  0.01017340158105868  0.01606044888103833  0.02276862888355680  0.02826589542241350
  0.03320912071023428  0.03777217451257028  0.04174601036237306  0.04522781782579686
  0.04851473937232740  0.05170494064715941  0.05474243059560678  0.05768684722950596
  0.06056851824355995  0.06342133786322175  0.06632674797463790  0.06938982835868311
  0.07238527656796435  0.07531314486568881  0.07816544972357901  0.08102186906436035
  0.08386485588568833  0.08676319673866396  0.08958011977476070  0.09243029111488969
  0.09545684754018068  0.09859748893985390  0.10167469153098768  0.10459770930046097
  0.10743284752413343  0.11028416943047721  0.11329893754612011  0.11645545232510737
  0.11973522086975766  0.12295495947036694  0.12617778098989901  0.12949523593162074
  0.13278864001134136  0.13623709446339638  0.13970569367131466  0.14317783694203440
  0.14672766547919108  0.15040300695520195  0.15414086318566386  0.15797632771224546
  0.16186186698934896  0.16599990130898618  0.17056363679167788  0.17505861196543934
  0.17937339006587102  0.18377691901353510  0.18834149866298447  0.19374147686667514
  0.19959937010746681  0.20564409999298494  0.21050474855152834  0.21492976120567517
  0.21917213118004766  0.22326173552239176  0.22733953037677812  0.23148300254532281
  0.23581900319117097  0.24010128443952508  0.24438549492744960  0.24873063362629891
  0.25297095331028013  0.25712848463851362  0.26175729269568088  0.26726834672092759
  0.27329438931033728  0.27884010198981524  0.28410149513962851  0.28921438440726305
  0.29499087105964650  0.30051024381593722  0.30678009939187212  0.31074787617022215
  0.31535647109917331  0.32022175535779929  0.32570041499895963  0.33283778441529421
  0.34406691615729701  0.35431845745401019  0.36277504855347253  0.37110067320511309
  0.37969250412880579  0.39076242562645719  0.40488484728289120  0.41911690909551935
  0.44368767269284376  0.47896866567316654  0.50040075371493686  0.51930523401143824
  0.56566354665561169  0.61142101610623234  0.68048273554952465  1.00000000000000000
 -0.00242907795802982  0.01101472751473417  0.02137069074029254  0.03197760045567177
  0.04342205547383025  0.05498514990253602  0.07060341520477428  0.08527345040781266
  0.09596803556759759  0.10591710522119623  0.11555471126515943  0.12394495111890066
  0.13123368294004367  0.13837778345381915  0.14632639215716134  0.15454108435989297
  0.16255540511606698  0.17056027722543807  0.17846318708064662  0.18633764335027383
  0.19510932270233297  0.20448961315964218  0.21424250353198995  0.22496409492270841
  0.23531564340862676  0.24492182170737073  0.25410479380916690  0.26303459989335148
  0.27181320096383688  0.28070538825057745  0.28967271381336412  0.29907371628160234
  0.30912535895734233  0.31941472862764375  0.33025855703303292  0.34148587610713482
  0.35224940941707655  0.36223297780772423  0.37218962342356982  0.38189369371839704
  0.39096618732427252  0.40044107688107222  0.41097565400830410  0.42395326806012873
  0.43929445451716254  0.45596148191576902  0.47214270023596655  0.48883602973639467
  0.50559947394242222  0.52011459173969909  0.53614606720579139  0.55214316448609990
  0.56823158694013320  0.58248491512626521  0.59554435540671669  0.60847981125170258
  0.62082389530571569  0.63246139324716732  0.64373349521414980  0.65450922167590486
  0.66506764399422680  0.67540166456587936  0.68519834259294277  0.69433520227723800
  0.70332954795726521  0.71317392981172034  0.72321824620431419  0.73260111132077266
  0.74122994784362184  0.75053335511554908  0.76109646971152278  0.77109308532022514
  0.77992903068938380  0.78824059937142676  0.79670279838658897  0.80615598811907585
  0.81622712141506137  0.82567258202194127  0.83535988813224493  0.84391740770616919
  0.85236983632490104  0.85989014420978227  0.86744066804520292  0.87550388504028254
  0.88348544839750298  0.89130898343494280  0.89933427933962684  0.90759271885341231
  0.91633021449669882  0.92701491466971031  0.93877644064805210  0.95134838337633454
  0.96361138678812475  0.97483741134104041  0.98709095409853620  1.00000000000000000
 -0.01045344163222234  0.41069378268000145  0.51754168497385755  0.58134539376217498
  0.62560309622526911  0.66053212778746040  0.68906786909600726  0.71264474551996115
  0.73273318243144070  0.74988164478085684  0.76493038195349916  0.77883153797877369
  0.79139693437484793  0.80197932954193962  0.81141824877486468  0.81998125652614950
  0.82765827791665580  0.83468809780456665  0.84128235256551309  0.84769552355943778
  0.85359441406098668  0.85914544433416673  0.86453371980329252  0.86996507593841055
  0.87499631876181894  0.87938250083658531  0.88340779298457828  0.88718635096716891
  0.89082857170326024  0.89430348001727500  0.89756157185163676  0.90066566220130151
  0.90374394908150979  0.90679932162318189  0.90967899235505278  0.91234903849674198
  0.91491189619943869  0.91730490093145756  0.91951730366938911  0.92180379355659636
  0.92396827881811439  0.92599920986151141  0.92787737647475566  0.92970760632324823
  0.93148607040240827  0.93326262623234213  0.93510322563401882  0.93689834141248751
  0.93852399868364234  0.94013149063663604  0.94171126489204404  0.94330250149969908
  0.94480496461620012  0.94626377483991941  0.94767365923454006  0.94900050304392114
  0.95029349138216446  0.95154990439693554  0.95284769437573158  0.95418938801421183
  0.95552533416596963  0.95680179604689219  0.95799877477761686  0.95908224877833659
  0.96015244585289128  0.96123779561725031  0.96234696442526513  0.96346857916951700
  0.96462034064978186  0.96579569760279282  0.96696343178215938  0.96810880872595595
  0.96922511039421233  0.97025856458213433  0.97128571253989759  0.97230304579776317
  0.97330905946270840  0.97433147170257817  0.97534048245111715  0.97636288776670943
  0.97740101076190189  0.97844005210423446  0.97945601212890865  0.98054015968306751
  0.98167653726425763  0.98281010313013140  0.98391300666543569  0.98498603536984342
  0.98603599137594200  0.98713928946668172  0.98828236403675951  0.98956289606633896
  0.99107668701677942  0.99304000597800901  0.99575089373994785  1.00000000000000000
   6.2055870555673141E-018  -1.0000000000000000     
 F F F F F F F F F F F F F F F F F F F F F F F F F F F F F F F F F F F F F F F F F F F F F F F F F F F F F F F F F F F F F F F F
  <DiscreteSampler_grid>
  grouped_processes
  1 # 1 for a reference and 2 for a running grid.
  10 # Attribute 'min_bin_probing_points' of the grid.
  1 # Attribute 'grid_mode' of the grid. 1=='default',2=='initialization'
  0.0000000000000000 # Attribute 'small_contrib_threshold' of the grid.
  0.5000000000000000 # Attribute 'damping_power' of the grid.
 # binID   n_entries weight   weight_sqr   abs_weight
    10   10   9.972205193189295E-007   7.037990318966958E-012   9.972205193189295E-007
  </DiscreteSampler_grid>
