  0.00910807788153197  0.01741213622365054  0.02817674180686165  0.03910148908376286
  0.04929303449263436  0.05966024916969144  0.07036368566607146  0.08124711019673499
  0.09191459642994122  0.10266589276900907  0.11273602207517297  0.12307063358524814
  0.13399066715728974  0.14487889538261284  0.15524156572785899  0.16593692245837977
  0.17670873977266813  0.18761361988362649  0.19858450499956554  0.20904536015284886
  0.21890809558773389  0.22847857448996295  0.23865379647563711  0.24928233703311820
  0.26003098771982747  0.27058899445571211  0.28116855840141880  0.29212625607600301
  0.30369781534908397  0.31511980946383944  0.32577537066106094  0.33661696715959999
  0.34849350648699290  0.36073381177279540  0.37229518389762745  0.38348360904004364
  0.39459580452181581  0.40554366754785204  0.41699439939513533  0.43002918779546401
  0.44203777574511610  0.45297837207637420  0.46387593804383226  0.47563748132170031
  0.48682123314622111  0.49765147523258307  0.50786320820078268  0.51798045372252499
  0.52773187388804710  0.53695814828794641  0.54640429240114541  0.55605032465098969
  0.56594121479388992  0.57690121153235807  0.58774487828724664  0.59867273214025007
  0.60908775367959123  0.61927674724843440  0.62900182843233521  0.63840509081785102
  0.64757660316067800  0.65677767897025796  0.66646267659782910  0.67655487678565507
  0.68635711374794817  0.69668675948572656  0.70741688762753385  0.71926568078825248
  0.73166765174825221  0.74356755936223173  0.75434719884660795  0.76441639196602440
  0.77434911205067836  0.78441709518097946  0.79451222874994754  0.80462317698781827
  0.81528102189358542  0.82651299399319744  0.83716371783571608  0.84674225535482173
  0.85632284655722080  0.86598457745014823  0.87543797429392811  0.88430555684356726
  0.89301200623846988  0.90218998503026016  0.91182615809267287  0.92118354686230597
  0.93024939153811503  0.93975155518628573  0.95065822182235959  0.96157674557810635
  0.97208811348883173  0.98200064400178977  0.99085659243586943  1.00000000000000000
  0.01125283805468941  0.01394976241420193  0.01552806509883294  0.01672077917415032
  0.01779021770874876  0.01882850298936486  0.01982122359010162  0.02077964809751608
  0.02170283994945562  0.02260542505662981  0.02347436548593417  0.02429745925571775
  0.02510677485009635  0.02591594479717980  0.02672182005272598  0.02751183328337515
  0.02830995459746878  0.02914072023785834  0.02999903230114266  0.03084404073313672
  0.03162491300321670  0.03245723159373454  0.03334277147958629  0.03418106281018838
  0.03496763538167635  0.03573016558074393  0.03650128328155351  0.03729528546312468
  0.03809836485396102  0.03890180542595445  0.03971908301720110  0.04056840919065344
  0.04145664987764902  0.04236252593427501  0.04330174698070979  0.04422626721344173
  0.04516677197343356  0.04613622757952561  0.04716857871716312  0.04825966382963243
  0.04937385782474712  0.05049967550942908  0.05165489757749867  0.05289351033539220
  0.05421759881551676  0.05558630673676410  0.05699475416838057  0.05845622342944076
  0.05994874960003953  0.06134157495073617  0.06285207400882287  0.06441179586140472
  0.06601985810381208  0.06772359387203218  0.06943133201636005  0.07111163873444198
  0.07282157974771261  0.07460228842835659  0.07639895577401758  0.07819198881147024
  0.07997756646407241  0.08178136318757850  0.08361527124218265  0.08550717949526063
  0.08754532411541743  0.08968073659100206  0.09190617635393654  0.09423075758148014
  0.09654193188819876  0.09877773820601182  0.10097315547598312  0.10337289845205073
  0.10581594512407355  0.10836505441816598  0.11113512264210086  0.11415023184684750
  0.11775320321218637  0.12142167958477207  0.12505434059031653  0.12875149656727564
  0.13234341229227153  0.13666453630152636  0.14203443039495700  0.14799178748829922
  0.15485276882275320  0.16366446650579067  0.17438545666400401  0.18541351212114218
  0.19440959963409063  0.20573939933264826  0.21905130819960242  0.23487507060868335
  0.25377362478033400  0.29889080205049784  0.35252556976845867  1.00000000000000000
 -0.00000390155734554  0.00002493351962443  0.00005823491938159  0.00008836777224035
  0.00011548288992696  0.00014504123336341  0.00017821876804990  0.00021418321560799
  0.00025263488045451  0.00029497168580510  0.00033943758579726  0.00038560997818208
  0.00043356881404145  0.00048196636678745  0.00052925067354969  0.00057855363052713
  0.00063125757943286  0.00068903472086776  0.00075094440105354  0.00081972387201573
  0.00088826905204465  0.00096389104414924  0.00104436868993824  0.00112366939823762
  0.00120335786086246  0.00128177826525572  0.00135768259151106  0.00143622620761112
  0.00152098936764535  0.00161260432856787  0.00171280625353608  0.00181957640273279
  0.00192486348737335  0.00203759000667219  0.00215316744186052  0.00226844186894351
  0.00238241055951499  0.00249644816302658  0.00261516474984578  0.00274400745592742
  0.00288249720934529  0.00303244152491366  0.00318531987676164  0.00333896779920901
  0.00349386568881890  0.00365010005333866  0.00380905375364206  0.00398531340761507
  0.00415696031067817  0.00434552696420251  0.00454885440120921  0.00474768921614084
  0.00496694803230099  0.00520845374925008  0.00547325672296797  0.00576417749643178
  0.00607625172440879  0.00637863278112819  0.00668739752590436  0.00699931134525921
  0.00732202737292756  0.00766593827184234  0.00803481580917335  0.00841118174409851
  0.00879411880090095  0.00920010193308124  0.00963446473994106  0.01011033604514938
  0.01062977317566416  0.01119622610411810  0.01185064621631552  0.01253009767159089
  0.01327117406525801  0.01404947142412751  0.01487492688915014  0.01576173730473126
  0.01678215040613737  0.01781773944092921  0.01893027244621944  0.02016560418389432
  0.02150863747529442  0.02297925300784416  0.02467452394076841  0.02656253726583150
  0.02877495190120614  0.03115224780149185  0.03372211128819239  0.03668719025308189
  0.04040032514264701  0.04484779174315934  0.05095241765363369  0.06192680552617724
  0.08211222916724271  0.12467350393763658  0.47479749881514249  1.00000000000000000
 -0.00286682278272390  0.01033974233692471  0.02216503630522003  0.03452756657726665
  0.04607250419891067  0.05687237869119538  0.06735289003680481  0.07792370033278599
  0.08802138429004007  0.09737428208327964  0.10647610233867594  0.11577526576537239
  0.12527928878077474  0.13492311943388197  0.14470661032189591  0.15428474638407444
  0.16348422580247118  0.17311093046206016  0.18349394823071133  0.19402441374574797
  0.20415336087300284  0.21482792519608540  0.22610540020177167  0.23703772684250737
  0.24718105874673629  0.25647896334991360  0.26578487135375900  0.27523382425553555
  0.28485252980421122  0.29469002494425384  0.30479006144718390  0.31510748390532978
  0.32527412959360463  0.33492209924612937  0.34456110261025724  0.35458909381748288
  0.36466662872754835  0.37515459661208045  0.38559919544811444  0.39615734197698965
  0.40641135331416628  0.41643264883567072  0.42664055756959324  0.43716911165581757
  0.44778286300594616  0.45833695393645307  0.46890187940844325  0.47963111221644988
  0.49059667882737729  0.50150278299036544  0.51207407233364988  0.52259384380132723
  0.53333298208676960  0.54404214752133617  0.55412123859388562  0.56411042833650271
  0.57443098009834670  0.58468717423336503  0.59417135786919106  0.60353530982170966
  0.61344516719471798  0.62403886415570065  0.63473123319423630  0.64541826433404315
  0.65673253157156841  0.66824737700848269  0.67936128427905229  0.69025669292794700
  0.70120169732403681  0.71211782356675157  0.72336604274704552  0.73510800766185092
  0.74713692753537053  0.75929885101362393  0.77201424940153551  0.78436995336111626
  0.79589340341305215  0.80657368128531304  0.81700214759418821  0.82807931013035296
  0.83929032409924786  0.85094791236834533  0.86244454854421870  0.87448976672985301
  0.88596488693184861  0.89790987858670113  0.90952106089854867  0.92039946105961179
  0.93042781802848007  0.94021792098994372  0.95013638556377933  0.96031417889760129
  0.97020572150495632  0.98026975757944146  0.99020799302681528  1.00000000000000000
 -0.00229005844749323  0.00932886263616049  0.01896924979434563  0.02892479584636840
  0.03917921822987529  0.04929081205903280  0.05926547849005080  0.06936103488382386
  0.07956149954542305  0.09096012527035457  0.10232773391521024  0.11290713609787370
  0.12298229771780626  0.13235061097715950  0.14129807926251645  0.15051342220381358
  0.16002229190794007  0.17014220343006881  0.18100900767085784  0.19217377862440299
  0.20455539916643817  0.21673915799570342  0.22785604606613399  0.23863927027740520
  0.24899075129658124  0.25893140510896023  0.26904172240740304  0.27960240484404003
  0.29011571269871073  0.30025015769962377  0.31037626995614032  0.32137339942089199
  0.33272591712471050  0.34420136902921034  0.35534006566782755  0.36682450905916542
  0.37814784752912034  0.38915784003118892  0.40039858678744922  0.41244829504376185
  0.42355644396403541  0.43370578545271404  0.44383432564229075  0.45404333020356585
  0.46430026842881861  0.47407942828468558  0.48410592133779717  0.49462684820677272
  0.50484566808573017  0.51471055162669588  0.52416757441511963  0.53482324454098884
  0.54543154928325555  0.55691394614953127  0.56720163719705230  0.57703521457908291
  0.58710744930527115  0.59666765963684565  0.60646100291303928  0.61658295959788867
  0.62738532195382302  0.63842459630422066  0.64936946852556054  0.66012677444877088
  0.67063851925933049  0.68133972880693727  0.69184520224608892  0.70309488182075996
  0.71345766884625006  0.72373369236873786  0.73380846917434162  0.74386252776420603
  0.75409202699600908  0.76419932285807723  0.77452989244898862  0.78508027033567807
  0.79602862697046539  0.80756774975462764  0.81865275243562852  0.82944280791453651
  0.83977549181938571  0.85000228443292780  0.86099480496594494  0.87187724837171809
  0.88199911053774083  0.89151763308777865  0.90182809372492179  0.91162551568840322
  0.92185818065959357  0.93123308404501803  0.94189225188310710  0.95322429636089701
  0.96504084177944627  0.97695784801141039  0.98852824181314691  1.00000000000000000
 -0.00148665858661666  0.00490143343277299  0.01072808984886132  0.01655513363551745
  0.02269555478588454  0.02870534014712534  0.03450061794220486  0.04006921195488004
  0.04549543250204467  0.05107992255517378  0.05711298659049110  0.06330039514192262
  0.06964736645090366  0.07581968681488907  0.08159543300381442  0.08781809763135316
  0.09386546116479839  0.09983605307943227  0.10610250271613804  0.11279994156798517
  0.11981698541503731  0.12687376964807068  0.13403205431752732  0.14135620874058699
  0.14883872786026375  0.15645959416350488  0.16429637803842406  0.17228654970135884
  0.17980988853018326  0.18701109863123466  0.19449775813010398  0.20222194738369703
  0.21010251530025806  0.21803989501429813  0.22589603237789160  0.23381370337581558
  0.24186224142069943  0.25005109732665320  0.25848622520571035  0.26715900974261797
  0.27560035439726921  0.28381305971444604  0.29189863173993530  0.30009614466781548
  0.30841159012939545  0.31644831796869566  0.32427365102653183  0.33206509927898309
  0.34088238567401558  0.34976705234806532  0.35877947571836416  0.36773319231913609
  0.37692324591081577  0.38633905940338942  0.39587921699813450  0.40533112703641561
  0.41491788246360728  0.42551564334545117  0.43620555564331903  0.44719747056171560
  0.45797834053185033  0.46921524450444368  0.48107155625059422  0.49282466811120273
  0.50392210748306077  0.51440562835277093  0.52444081433576506  0.53461467550119190
  0.54505627920516497  0.55573433890464852  0.56662821518388706  0.57751951207938101
  0.58824821463539634  0.59894049389904414  0.60978544388604516  0.62064167965148964
  0.63164499280555475  0.64322661805892734  0.65471953409771755  0.66720308820074392
  0.67985263320470402  0.69400984323743709  0.70897682420349029  0.72423487582540169
  0.73989497742013932  0.75605656163219370  0.77226861578555417  0.78902870577547091
  0.80839038764746329  0.82871365596309898  0.85160978867449622  0.87632859401364060
  0.90113182492882360  0.92679896821255292  0.95949622404027723  1.00000000000000000
 -0.00332547060161480  0.01227175038459176  0.02610241339674391  0.03881823514872423
  0.05076581358690861  0.06172896052071972  0.07146523872841944  0.08103521751378598
  0.09074375663488926  0.10054668240997656  0.11001787366405705  0.11924843213149361
  0.12845033369260411  0.13781824884936825  0.14753424747507340  0.15735538014073988
  0.16754569195637467  0.17716888518905047  0.18729056862795790  0.19938389779591570
  0.21162721014217148  0.22342221400235429  0.23467888425631633  0.24591478268160866
  0.25717157065747798  0.26832818202688746  0.27939545187525022  0.29033049528159827
  0.30103252604716624  0.31174123277553945  0.32274100376005332  0.33406970626489779
  0.34588915116066221  0.35719355180706547  0.36767296194562310  0.37783798971647126
  0.38797258523138989  0.39773690540936130  0.40729786152717823  0.41683018030001079
  0.42742824348464065  0.43793090897205289  0.44846208719355929  0.45851982728662771
  0.46875836111120384  0.47853460886833010  0.48882675550553489  0.49914360882361458
  0.50901657616686613  0.51876835704134916  0.52917793053664386  0.54056554743391549
  0.55234695918835564  0.56349833335695965  0.57402764392179706  0.58420279917692652
  0.59421024867200578  0.60433036581103150  0.61439972042887103  0.62484668110461861
  0.63550657671545552  0.64624266203416325  0.65656355322657767  0.66652403463007881
  0.67637051051952446  0.68630311879878292  0.69690763001001477  0.70815965931053404
  0.71994494126498243  0.73223015823257354  0.74427888218918858  0.75554937317975646
  0.76571793699453661  0.77550686156752469  0.78515936972363198  0.79525951226402780
  0.80589660806076202  0.81692419923420678  0.82801733747861905  0.83953983416986755
  0.85090158942790894  0.86156480976252858  0.87198529602164565  0.88257328328207607
  0.89322124395700087  0.90278655591891244  0.91197875626675107  0.92197528594691358
  0.93257463636287952  0.94240856529647021  0.95197576877873680  0.96149523060616415
  0.97184219559638219  0.98147752000897648  0.99099627382857447  1.00000000000000000
 -0.00233583542362163  0.00897959290695991  0.01875143914689707  0.02908778881955124
  0.03906494791501908  0.04806804092372981  0.05690499556374222  0.06599954372212050
  0.07650823476886773  0.08705272675342289  0.09791003005114364  0.10833744681393866
  0.11845474702545597  0.12886522175245346  0.13959014374486245  0.15091086633250461
  0.16244771392911384  0.17381114287518681  0.18481533324522803  0.19584737776279312
  0.20650948555212864  0.21719102625421288  0.22736363801163159  0.23845259376070269
  0.24949896005593020  0.26009685785425074  0.27055159902271786  0.28119099068084463
  0.29182568463723807  0.30196935586549684  0.31261583085607075  0.32365896848699360
  0.33470818479000908  0.34526775085241618  0.35564782092210501  0.36641303671876163
  0.37716311395603719  0.38817892248246222  0.39894683632328620  0.40920994775668590
  0.42021154257351551  0.43116341156938537  0.44308676771384226  0.45427889406102046
  0.46592448931757896  0.47673776867088663  0.48823257408614357  0.49954248319599870
  0.51093832229261715  0.52180822300129059  0.53318989960594321  0.54332243475431441
  0.55304992012339560  0.56248056052490469  0.57266428617739096  0.58319736127182653
  0.59321891553589701  0.60334377301438968  0.61306084205918954  0.62255815375088286
  0.63218545709877760  0.64214866548177685  0.65236545711457172  0.66249896994628166
  0.67285145409930580  0.68370923996060418  0.69507983686411556  0.70682900375174773
  0.72009988277651671  0.73244750415227111  0.74346155080808096  0.75379728190531237
  0.76453759378791897  0.77506016761534346  0.78616389605507853  0.79720485371175442
  0.80758660932958093  0.81731262639693403  0.82676305679034545  0.83624918161585171
  0.84505707942210639  0.85312824699731993  0.86196022053507659  0.87112298549544886
  0.88121898256735109  0.89135458630849462  0.90169139425044509  0.91230309577673252
  0.92315142725325372  0.93384915274010816  0.94437193133736264  0.95492522303558214
  0.96641131919459589  0.97848075648946775  0.98941648472400734  1.00000000000000000
 -0.00696836614857660  0.32461232693144210  0.42309063408963082  0.48509222185832201
  0.52888290785336278  0.56024251318469953  0.58632328871341211  0.60949455411251918
  0.62972805014635402  0.64781383528860381  0.66385730686945432  0.67810735750423090
  0.69073192093353286  0.70218501565226077  0.71258331550767928  0.72209806391845588
  0.73124782898988239  0.73955829025192743  0.74730842464972713  0.75442443206451237
  0.76122305378439881  0.76801491771051988  0.77476388883918912  0.78129886008005112
  0.78761342125492584  0.79379509922949909  0.79986380846068750  0.80563878051332083
  0.81117453486499891  0.81649231125720367  0.82155430958695130  0.82636148985219182
  0.83081757398545253  0.83487118182118558  0.83858651000181372  0.84212275152123850
  0.84573715994990439  0.84926588340296760  0.85271696037554245  0.85604608315516451
  0.85921575665466821  0.86242283216658666  0.86561230482930762  0.86874208419002252
  0.87176646915111744  0.87461007778970468  0.87723700117561998  0.87962213907007170
  0.88206856865035499  0.88447959942498222  0.88691083602888188  0.88923973687145708
  0.89151063729847546  0.89377129112330600  0.89602112112821741  0.89825745649433686
  0.90052370456529984  0.90268404889914666  0.90484016311566151  0.90692802266151162
  0.90892318650711312  0.91086241310644822  0.91278992985640472  0.91473516635284269
  0.91669003439519869  0.91860903929065141  0.92051971131625010  0.92244919278819726
  0.92441407536104858  0.92640641830124593  0.92836182728839445  0.93029209043444794
  0.93218634247865206  0.93402535454520474  0.93580362781993509  0.93755306089325374
  0.93943454171627849  0.94130502805386285  0.94318287592030403  0.94504656920852748
  0.94689481739463255  0.94881045411469722  0.95084282848175672  0.95282306009187734
  0.95478504536771314  0.95677210793733447  0.95882995802395310  0.96107767338127204
  0.96342830479562835  0.96587666501981972  0.96853349815544898  0.97148996535800247
  0.97480618992219570  0.97920210692072229  0.98679346287002545  1.00000000000000000
   2.9924738562462198E-013  -1.0000000000000000     
 F F F F F F F F F F F F F F F F F F F F F F F F F F F F F F F F F F F F F F F F F F F F F F F F F F F F F F F F F F F F F F F F
  <DiscreteSampler_grid>
  grouped_processes
  1 # 1 for a reference and 2 for a running grid.
  10 # Attribute 'min_bin_probing_points' of the grid.
  1 # Attribute 'grid_mode' of the grid. 1=='default',2=='initialization'
  0.0000000000000000 # Attribute 'small_contrib_threshold' of the grid.
  0.5000000000000000 # Attribute 'damping_power' of the grid.
 # binID   n_entries weight   weight_sqr   abs_weight
    10   10   2.427959723235035E-001   3.474826228484285E-001   2.427959723235035E-001
  </DiscreteSampler_grid>
