  0.01936490761789681  0.05450796643473062  0.06771066074154222  0.08150896625285163
  0.16945091039929816  0.26868948967832701  0.36792806895735608  0.46716664823638498
  0.56640522751541400  0.58501589868891113  0.58704450317155410  0.58907310765419696
  0.59110171213683982  0.59313031661948279  0.59515892110212565  0.59718752558476851
  0.59921613006741148  0.60124473455005434  0.60327333903269720  0.60530194351534017
  0.60733054799798303  0.60935915248062589  0.61138775696326875  0.61341636144591161
  0.61544496592855447  0.61747357041119744  0.61950217489384030  0.62153077937648316
  0.62355938385912602  0.62558798834176887  0.62761659282441173  0.62964519730705470
  0.63167380178969756  0.63370240627234042  0.63573101075498328  0.63775961523762614
  0.63978821972026900  0.64181682420291186  0.64384542868555483  0.64782435416730699
  0.74706293344633601  0.83560643990214489  0.85300131543704893  0.85671655329376817
  0.85944953299620463  0.86218251269864110  0.86491549240107746  0.86764847210351392
  0.87038145180595039  0.87311443150838686  0.87584741121082321  0.87858039091325968
  0.88131337061569615  0.88404635031813261  0.88677933002056897  0.88951230972300543
  0.89224528942544190  0.89497826912787837  0.89771178671748308  0.90044554922123077
  0.90317931172497834  0.90591307422872591  0.90864683673247360  0.91138059923622117
  0.91411436173996874  0.91677570289560240  0.91841839624057597  0.92006108958554955
  0.92170378293052313  0.92334647627549671  0.92498916962047029  0.92663186296544386
  0.92827455631041744  0.92991724965539102  0.93155994300036460  0.93320263634533818
  0.93484532969031164  0.93648802303528522  0.93800106288500207  0.93930607523662113
  0.94061108758824019  0.94191609993985925  0.94322111229147831  0.94452612464309738
  0.94583113699471644  0.94713614934633550  0.94844116169795456  0.94974617404957362
  0.95105118640119268  0.95235619875281174  0.95366121110443081  0.95496622345604987
  0.95627123580766893  0.95757624815928799  0.95993832252272526  1.00000000000000000
  0.00000042457072989  0.00001170294464284  0.00001354425969288  0.00001538557474292
  0.00001722688979296  0.00001906820484300  0.00002090951989304  0.00002275083494309
  0.00002459214999313  0.00002643346504317  0.00002827478009321  0.00003021253736946
  0.00003224202029728  0.00003427150322510  0.00003630098615292  0.00003833046908074
  0.00004035995200856  0.00004238943493638  0.00004441891786420  0.00004644840079202
  0.00008267392102856  0.00009345295769176  0.00010362040548088  0.00012769381649429
  0.00022308366409767  0.00038953996725494  0.00067987927475962  0.00069527733420214
  0.00070332144629109  0.00071136555838003  0.00071940967046897  0.00072745378255792
  0.00073549789464686  0.00074354200673580  0.00075158611882475  0.00075963023091369
  0.00076781573558475  0.00077630248693792  0.00078478923829109  0.00079327598964426
  0.00080176274099743  0.00081024949235060  0.00081873624370377  0.00082722299505694
  0.00083570974641011  0.00084419649776328  0.00085280638793220  0.00086225250027205
  0.00087169861261190  0.00088114472495174  0.00089059083729159  0.00090003694963144
  0.00090948306197129  0.00091892917431114  0.00092837528665099  0.00093782139899084
  0.00094726751133069  0.00097365029971422  0.00100116645283068  0.00102868260594714
  0.00108187700989525  0.00180395779860645  0.00182459102994979  0.00184522426129314
  0.00186585749263648  0.00188649072397982  0.00190712395532316  0.00192775718666651
  0.00194839041800985  0.00196902364935319  0.00198965688069654  0.00200984255852198
  0.00202833560912444  0.00204682865972689  0.00206532171032934  0.00208381476093179
  0.00210230781153424  0.00212080086213670  0.00213929391273915  0.00215778696334160
  0.00217628001394405  0.00219477306454650  0.00221326611514895  0.00223175916575141
  0.00378779040552529  0.00661782196621403  0.01156526543263285  0.02020115727632932
  0.02382194346595514  0.02382194346596514  0.02382194346597514  0.02382194346598514
  0.02382194346599514  0.02382194346600514  0.02382194346601513  1.00000000000000000
  0.00000097897985535  0.00002482733068116  0.00002521575977456  0.00002560418886796
  0.00002599261796136  0.00002638104705476  0.00002676947614816  0.00002715790524156
  0.00002754633433496  0.00002793476342836  0.00002832319252176  0.00002880148649967
  0.00002935885485277  0.00002991622320588  0.00003047359155898  0.00003103095991209
  0.00003158832826519  0.00003214569661829  0.00003270306497140  0.00003393561909170
  0.00005591299202872  0.00006284025676153  0.00007070280333042  0.00007941117260488
  0.00009061555844031  0.00010512751823724  0.00016490411670443  0.00037865280501855
  0.00040799847783449  0.00042659175935332  0.00044518504087215  0.00046523556539871
  0.00048692236372686  0.00050860916205501  0.00053029596038316  0.00055551957528569
  0.00058081458419789  0.00060610959311010  0.00084415621296335  0.00086097171886265
  0.00087778722476195  0.00089460273066126  0.00091141823656056  0.00092823374245986
  0.00094504924835916  0.00096186475425847  0.00097868026015777  0.00099769763609602
  0.00101731087568768  0.00103692411527934  0.00105653735487101  0.00107615059446267
  0.00109576383405433  0.00111537707364599  0.00113499031323766  0.00115608681175620
  0.00117896326695080  0.00120183972214540  0.00122471617734000  0.00124759263253461
  0.00127046908772921  0.00129334554292381  0.00131622199811842  0.00148305000049729
  0.00248827420091101  0.00252763694688877  0.00256699969286654  0.00260636243884430
  0.00264572518482206  0.00268508793079982  0.00272445067677758  0.00276381342275534
  0.00280317616873310  0.00284253891471086  0.00288190166068862  0.00291877044052170
  0.00295544722991504  0.00299212401930837  0.00302880080870171  0.00306547759809504
  0.00310215438748837  0.00313883117688171  0.00317550796627504  0.00321218475566837
  0.00324886154506171  0.00328553833445504  0.00332221512384838  0.00335889191324171
  0.00680300364195456  0.01559698538382006  0.02749326238463214  0.02749326238464214
  0.02749326238465214  0.02749326238466214  0.02749326238467214  1.00000000000000000
  0.14383965333302812  0.14785549924270153  0.14987766515206979  0.15189983106143803
  0.15392199697080630  0.15594416288017457  0.15796632878954281  0.15998849469891108
  0.16201066060827934  0.16403282651764761  0.16605499242701585  0.16839644628043271
  0.17087636263922876  0.17335627899802483  0.17583619535682088  0.17831611171561695
  0.18079602807441303  0.18327594443320908  0.18575586079200515  0.20860472066810959
  0.21113634312172358  0.21366796557533760  0.21619958802895162  0.21873121048256561
  0.22126283293617963  0.22379445538979362  0.22632607784340764  0.22885770029702165
  0.23138932275063562  0.23392094520424961  0.23645256765786360  0.23898419011147756
  0.24151581256509155  0.24404743501870552  0.24657905747231951  0.24911067992593350
  0.25164230237954749  0.25417392483316148  0.25670554728677542  0.25923716974038941
  0.26176879219400340  0.26430041464761739  0.26683203710123138  0.26936365955484531
  0.31695072737892116  0.42689185071439217  0.52170153531726093  0.52766736311841123
  0.53363319091956152  0.53959901872071192  0.54556484652186221  0.55153067432301239
  0.55749650212416269  0.56346232992531298  0.56942815772646327  0.57539398552761345
  0.58135981332876374  0.60513800340249679  0.60716288469108382  0.60918776597967095
  0.61121264726825797  0.61323752855684499  0.61526240984543201  0.61728729113401914
  0.61931217242260617  0.62133705371119319  0.62336193499978032  0.62538681628836734
  0.62741169757695436  0.62943657886554139  0.63146146015412852  0.63348634144271554
  0.63551122273130256  0.63753610401988969  0.63956098530847671  0.64158586659706374
  0.64361074788565087  0.64563562917423789  0.64766051046282491  0.64968539175141204
  0.65171027303999907  0.65373515432858620  0.65576003561717322  0.65778491690576035
  0.65980979819434737  0.66183467948293451  0.66385956077152153  0.66588444206010866
  0.71204592073009332  0.72786416552212752  0.74316583163465999  0.75783630742025476
  0.78011775332905053  0.89005887666452144  0.96194428602854398  1.00000000000000000
  0.17121314605077115  0.20932639480759058  0.21031945628184792  0.21131251775610524
  0.21230557923036256  0.21329864070461987  0.21429170217887722  0.21528476365313454
  0.21627782512739185  0.21727088660164917  0.21826394807590652  0.21925700955016383
  0.22025007102442115  0.22124313249867850  0.22223619397293581  0.22322925544719313
  0.22422231692145045  0.22521537839570779  0.22620843986996511  0.22720150134422243
  0.22819456281847977  0.22919344353867357  0.23046224563972448  0.23173104774077541
  0.23299984984182631  0.23426865194287722  0.23553745404392815  0.23680625614497905
  0.23807505824602998  0.23934386034708088  0.24061266244813179  0.24188146454918272
  0.24315026665023362  0.24441906875128455  0.24568787085233545  0.24695667295338636
  0.24822547505443729  0.24949427715548819  0.25125613085736792  0.25334474938206980
  0.25543336790677162  0.25752198643147350  0.25961060495617533  0.26169922348087715
  0.26378784200557903  0.26587646053028086  0.26796507905498274  0.27005369757968456
  0.32841582692684945  0.40023160008083386  0.41675184561838702  0.43327209115594001
  0.44979233669349300  0.50271066421283661  0.59458953800517789  0.65165334137238851
  0.66481280369659834  0.67089579882311179  0.67581841314310853  0.68074102746310539
  0.68566364178310213  0.69058625610309887  0.69550887042309562  0.70043148474309247
  0.70535409906308921  0.71028515012308824  0.71522913484727024  0.72017311957145236
  0.72511710429563447  0.72953676244304322  0.73158249381194929  0.73362822518085535
  0.73567395654976142  0.73771968791866760  0.73976541928757367  0.74181115065647973
  0.74385688202538580  0.74590261339429187  0.74794834476319805  0.74999407613210411
  0.75166145788009142  0.75332774085127185  0.75499402382245218  0.75666030679363250
  0.75832658976481293  0.75999287273599325  0.76165915570717369  0.76332543867835401
  0.76499172164953433  0.76665800462071476  0.76832428759189508  0.76999057056307552
  0.81587759108524061  0.83130324284235635  0.83130324284236634  1.00000000000000000
  0.03467934926350918  0.05476847478298697  0.06827087425794795  0.08234999981030941
  0.17764317156607917  0.27903452310305732  0.34157857989524498  0.35933079010669244
  0.37708300031813979  0.39483521052958714  0.39782434216190654  0.39993396510928558
  0.40204358805666462  0.40415321100404367  0.40626283395142271  0.40837245689880181
  0.41048207984618085  0.41259170279355989  0.41470132574093893  0.41681094868831797
  0.41892057163569696  0.42103019458307600  0.42313981753045504  0.42524944047783403
  0.42735906342521307  0.42946868637259211  0.43157830931997110  0.43368793226735014
  0.43579755521472918  0.43790717816210817  0.44001680110948721  0.44212642405686625
  0.44423604700424524  0.44634566995162428  0.44845529289900327  0.45056491584638231
  0.45267453879376135  0.45478416174114034  0.45689378468851938  0.49053801675872266
  0.59192936829570086  0.69332071983267907  0.75120657780480327  0.75394267458171382
  0.75667877135862449  0.75941486813553516  0.76215096491244583  0.76488706168935650
  0.76762315846626716  0.77035925524317783  0.77309535202008850  0.77583144879699917
  0.77856754557390984  0.78130364235082050  0.78403973912773128  0.78677583590464195
  0.78951193268155262  0.79224802945846329  0.79498412623537396  0.79772022301228462
  0.80045631978919529  0.80319241656610596  0.80592851334301652  0.80866461011992719
  0.81140070689683785  0.81349987445267924  0.81517127421256963  0.81684267397246002
  0.81851407373235041  0.82018547349224091  0.82185687325213130  0.82352827301202169
  0.82519967277191208  0.82687107253180248  0.82854247229169287  0.83021387205158326
  0.83188527181147365  0.83348298626280160  0.83460294616123010  0.83572290605965860
  0.83684286595808710  0.83796282585651571  0.83908278575494422  0.84020274565337272
  0.84132270555180122  0.84244266545022983  0.84356262534865833  0.84468258524708684
  0.84580254514551534  0.84692250504394395  0.84804246494237245  0.84916242484080096
  0.85028238473922946  0.85091144243876138  0.85091144243877137  1.00000000000000000
 -0.00303557400044367  0.00113878904771127  0.00227757809542254  0.00341636714313381
  0.00455515619084507  0.00569394523855634  0.00683273428626761  0.00797152333397888
  0.00911031238169014  0.01024910142940141  0.01138789047711268  0.01252667952482394
  0.01366546857253521  0.01480425762024648  0.01594304666795775  0.01708183571566901
  0.01822062476338028  0.01935941381109155  0.02049820285880281  0.02183241419337084
  0.02324811780079413  0.02466382140821743  0.02607952501564072  0.02749522862306401
  0.02891093223048730  0.03032663583791060  0.03174233944533389  0.03315804305275719
  0.03457374666018048  0.03598945026760377  0.03740515387502706  0.03882085748245036
  0.04023656108987365  0.04165226469729694  0.11461751357774179  0.18831811759619702
  0.26201872161465223  0.33571932563310747  0.40941992965156282  0.48312053367001817
  0.55682113768847341  0.63052174170692865  0.70422234572538378  0.77092751346754507
  0.77190656965000204  0.77288562583245890  0.77386468201491576  0.77484373819737273
  0.77582279437982959  0.77680185056228646  0.77778090674474332  0.77875996292720018
  0.77973901910965715  0.78071807529211401  0.78169713147457087  0.78267618765702773
  0.78365524383948471  0.78463430002194157  0.78561335620439843  0.78659241238685529
  0.78757146856931226  0.78855052475176912  0.78952958093422598  0.79050863711668284
  0.79148769329913971  0.79200264998660108  0.79241379060910400  0.79282493123160691
  0.79323607185410983  0.79364721247661274  0.79405835309911554  0.79446949372161846
  0.79488063434412137  0.79529177496662429  0.79570291558912709  0.79611405621163001
  0.79652519683413292  0.79693633745663583  0.79734747807913875  0.79775861870164155
  0.79816975932414447  0.79858089994664738  0.79899204056915030  0.79940318119165321
  0.79981432181415602  0.80022546243665893  0.80063660305916184  0.80104774368166476
  0.80145888430416767  0.80187002492667048  0.80228116554917339  0.80269230617167631
  0.80287975470225015  0.80287975470226014  0.80287975470227013  1.00000000000000000
  0.01005464394887285  0.01084641508255141  0.01163818621622998  0.01242995734990854
  0.01322172848358711  0.01401349961726567  0.01480527075094424  0.01559704188462280
  0.01638881301830137  0.01718058415197993  0.01797235528565850  0.01876412641933706
  0.01955589755301563  0.02034766868669420  0.02157217806209591  0.02348326441038796
  0.02539435075868001  0.02730543710697207  0.02921652345526412  0.03112760980355618
  0.03303869615184823  0.03494978250014029  0.03686086884843234  0.03877195519672440
  0.04068304154501645  0.05084349521418691  0.06975286981013057  0.11296172840264225
  0.21809660744163512  0.27202563569655375  0.27441794453199531  0.27681025336743681
  0.27920256220287837  0.28159487103831993  0.28398717987376143  0.28637948870920299
  0.28877179754464455  0.29116410638008605  0.29355641521552761  0.29594872405096911
  0.29834103288641062  0.30073334172185212  0.30312565055729368  0.30551795939273518
  0.30791026822817669  0.31030257706361819  0.31263462157160343  0.31428715968103993
  0.31593969779047637  0.31759223589991281  0.31924477400934931  0.32089731211878575
  0.32254985022822219  0.32420238833765863  0.32585492644709513  0.32750746455653157
  0.32916000266596801  0.33081254077540451  0.33246507888484095  0.33444540331190559
  0.33678860910780162  0.33913181490369770  0.34147502069959379  0.34381822649548988
  0.34616143229138596  0.34850463808728205  0.35084784388317813  0.35319104967907422
  0.35553425547497025  0.35787746127086634  0.36022066706676237  0.36256387286265845
  0.36490707865855448  0.36725028445445057  0.36959349025034660  0.37193669604624263
  0.37427990184213872  0.44782553905035688  0.46342846360522805  0.46908937883055424
  0.47475029405588048  0.48041120928120667  0.48607212450653287  0.49173303973185900
  0.49739395495718519  0.50304167031864944  0.50867812515585953  0.51431457999306962
  0.51995103483027982  0.53267454872454179  0.57946048384400783  0.68459536288300082
  0.78973024192199381  0.89486512096098658  0.95327431360880532  1.00000000000000000
  0.13248204787572240  0.14178130053851942  0.15460914439682322  0.19051022358586678
  0.29660810029564388  0.38008217437726638  0.39954396453147367  0.41900575468568108
  0.44277466652965947  0.48082452235952844  0.48334791030832230  0.48587129825711617
  0.48839468620591003  0.49091807415470395  0.49344146210349782  0.49596485005229168
  0.49848823800108555  0.50101162594987947  0.50353501389867328  0.50605840184746720
  0.50858178979626112  0.51110517774505493  0.51362856569384885  0.51615195364264277
  0.51867534159143658  0.52119872954023050  0.52372211748902442  0.52624550543781834
  0.52876889338661215  0.53129228133540607  0.53381566928419999  0.53633905723299391
  0.53886244518178783  0.54138583313058175  0.62526590087493683  0.62784072650018807
  0.63041555212543920  0.63299037775069034  0.63556520337594158  0.63814002900119271
  0.64071485462644384  0.64328968025169508  0.64586450587694622  0.64843933150219746
  0.65101415712744859  0.65358898275269983  0.65616380837795096  0.65873863400320221
  0.66131345962845334  0.66388828525370458  0.66646311087895571  0.66903793650420695
  0.67161276212945809  0.67418758775470922  0.67676241337996046  0.67933723900521159
  0.68191206463046272  0.68448689025571396  0.68706171588096510  0.77553800734651324
  0.85470249987974922  0.85677211713066193  0.85884173438157452  0.86091135163248711
  0.86298096888339970  0.86505058613431229  0.86712020338522500  0.86918982063613759
  0.87125943788705018  0.87332905513796277  0.87538494227356456  0.87738328274610677
  0.87938162321864888  0.88137996369119098  0.88337830416373309  0.88537664463627530
  0.88737498510881740  0.88937332558135951  0.89137166605390172  0.89337000652644383
  0.89536834699898593  0.89706471960858825  0.89866952111521992  0.90027432262185170
  0.90187912412848337  0.90348392563511504  0.90508872714174671  0.90669352864837838
  0.90829833015501016  0.90990313166164183  0.91150793316827350  0.91311273467490517
  0.91471753618153684  0.91632233768816862  0.92039084831873585  1.00000000000000000
   3.1152004813159297E-011  -1.0000000000000000     
 F F F F F F F F F F F F F F F F F F F F F F F F F F F F F F F F F F F F F F F F F F F F F F F F F F F F F F F F F F F F F F F F
  <DiscreteSampler_grid>
  grouped_processes
  1 # 1 for a reference and 2 for a running grid.
  10 # Attribute 'min_bin_probing_points' of the grid.
  1 # Attribute 'grid_mode' of the grid. 1=='default',2=='initialization'
  0.0000000000000000 # Attribute 'small_contrib_threshold' of the grid.
  0.5000000000000000 # Attribute 'damping_power' of the grid.
 # binID   n_entries weight   weight_sqr   abs_weight
    10   10   2.251962723147278E+005   4.934165408050555E+011   2.251962723147278E+005
  </DiscreteSampler_grid>
