  0.02988476127521673  0.06295576333679913  0.09402724651501244  0.14677994250444801
  0.14852308920934093  0.15026623591423388  0.15200938261912680  0.15375252932401973
  0.15549567602891265  0.15723882273380557  0.15898196943869849  0.16072511614359142
  0.16246826284848434  0.16421140955337726  0.16595455625827019  0.16769770296316311
  0.16944084966805600  0.17118399637294893  0.17292714307784182  0.17467028978273474
  0.17641343648762764  0.17815658319252056  0.17989972989741346  0.18164287660230638
  0.18338602330719928  0.18512917001209217  0.18687231671698509  0.18861546342187799
  0.19035861012677091  0.19210175683166381  0.19384490353655670  0.19558805024144962
  0.19733119694634252  0.19907434365123544  0.20081749035612834  0.20256063706102126
  0.20430378376591415  0.20604693047080708  0.20779007717569997  0.28637313839935141
  0.37611940087878443  0.38124792005163055  0.38637643922447668  0.39150495839732280
  0.39663347757016892  0.40176199674301510  0.40689051591586128  0.41201903508870746
  0.41714755426155364  0.42227607343439977  0.42740459260724589  0.43253311178009202
  0.44107306595758161  0.46510253045787209  0.47308736796441725  0.48107220547096236
  0.48905704297750746  0.49704188048405251  0.50221968310840026  0.50574560379258260
  0.50927152447676483  0.51279744516094716  0.51632336584512939  0.51984928652931173
  0.52347319065837594  0.52713502754898889  0.53079686443960195  0.53445870133021489
  0.53812053822082784  0.54178237511144078  0.54544421200205373  0.54910604889266668
  0.55276788578327962  0.55642972267389257  0.56009155956450551  0.60130591693379121
  0.71467861527031751  0.75200244391714033  0.75491107491465703  0.75781970591217374
  0.76072833690969044  0.76363696790720714  0.76654559890472396  0.76945422990224066
  0.77209427377450357  0.77449214520468956  0.77689001663487567  0.77928788806506177
  0.78168575949524777  0.78408363092543387  0.78648150235561998  0.78887937378580597
  0.79127724521599208  0.86180787898467093  0.86180787898468092  1.00000000000000000
  0.00003262039019637  0.00007975302580264  0.00008339234400465  0.00008703166220666
  0.00008954536563325  0.00009111073138013  0.00009267609712701  0.00009424146287390
  0.00009580682862078  0.00009737219436766  0.00009893756011455  0.00010052324463439
  0.00010215185292586  0.00010378046121733  0.00010540906950880  0.00010703767780027
  0.00010866628609174  0.00011029489438321  0.00011199350782258  0.00011380621756729
  0.00011561892731201  0.00011743163705672  0.00011924434680143  0.00012105705654614
  0.00012286976629085  0.00015623696749645  0.00026439253956493  0.00044743005587697
  0.00070092673898781  0.00077539454582740  0.00085774154250294  0.00095273719377326
  0.00145928368057544  0.00148243233196089  0.00150558098334635  0.00152872963473181
  0.00155187828611726  0.00157502693750272  0.00159817558888817  0.00162156359760133
  0.00164732902331058  0.00167309444901984  0.00169885987472909  0.00172462530043834
  0.00175039072614759  0.00177615615185685  0.00180192157756610  0.00181403959746526
  0.00182598384965771  0.00183792810185017  0.00184987235404262  0.00186181660623507
  0.00187376085842753  0.00188570511061998  0.00189764936281244  0.00190959361500489
  0.00192153786719734  0.00193348211938980  0.00194542637158225  0.00195737062377470
  0.00196931487596716  0.00198125912815961  0.00199320338035207  0.00200514763254452
  0.00201689067298462  0.00202861873250559  0.00204034679202655  0.00205207485154752
  0.00206380291106848  0.00207553097058945  0.00208725903011041  0.00209898708963138
  0.00211071514915235  0.00212244320867331  0.00213417126819428  0.00214589932771524
  0.00215762738723621  0.00216935544675718  0.00218108350627814  0.00219281156579911
  0.00220453962532007  0.00221626768484104  0.00222799574436200  0.00305657273450566
  0.00517635392515813  0.00876557069990064  0.01484235634444533  0.02189230426765342
  0.02189230426766342  0.02189230426767342  0.02189230426768341  0.02189230426769341
  0.02189230426770341  0.02189230426771341  0.02189230426772341  1.00000000000000000
  0.00000152445824755  0.00000989169809444  0.00001007728399389  0.00001026286989335
  0.00001044845579280  0.00001063404169225  0.00001081962759171  0.00001100521349116
  0.00001119079939061  0.00001139942916491  0.00001166222766648  0.00001192502616804
  0.00001218782466961  0.00001245062317118  0.00001271342167275  0.00001297622017432
  0.00001478693527406  0.00003443185700628  0.00004014283726026  0.00004173400679559
  0.00004332517633093  0.00004491634586626  0.00004671984643146  0.00004857575189838
  0.00005043165736529  0.00005228756283221  0.00005437417529979  0.00005653886298746
  0.00005870355067513  0.00006086823836279  0.00011068903442332  0.00013427786024907
  0.00013612163170748  0.00013796540316589  0.00013980917462429  0.00014165294608270
  0.00014349671754110  0.00014534048899951  0.00014718426045791  0.00014902803191632
  0.00015087180337472  0.00015271557483313  0.00015455934629153  0.00015664708988490
  0.00015879762472949  0.00016094815957409  0.00016309869441869  0.00016524922926328
  0.00016739976410788  0.00016955029895248  0.00017170083379707  0.00017385136864167
  0.00017600190348627  0.00017815243833086  0.00018030297317546  0.00018271979611631
  0.00018519970001418  0.00018767960391204  0.00019015950780991  0.00019263941170778
  0.00019511931560564  0.00019759921950351  0.00020007912340138  0.00020255902729924
  0.00020503893119711  0.00020751883509498  0.00020999873899284  0.00022000102286062
  0.00023347510901736  0.00024713185044961  0.00026284773087886  0.00027856361130810
  0.00031158334459737  0.00053688878683858  0.00099044025559150  0.00101917588131042
  0.00104791150702934  0.00107664713274826  0.00110538275846719  0.00113411838418611
  0.00116250692684929  0.00119066152181421  0.00121881611677913  0.00124697071174405
  0.00127512530670897  0.00130327990167388  0.00133143449663880  0.00269675135021032
  0.00626567774065744  0.01463037043045511  0.02967151061486768  0.02967151061487768
  0.02967151061488768  0.02967151061489768  0.02967151061490768  1.00000000000000000
  0.20514976580937699  0.35835646376449171  0.36254626086231667  0.36673605796014158
  0.37092585505796655  0.37513412488921827  0.37999314431472730  0.38485216374023634
  0.38971118316574543  0.39457020259125447  0.41857047052761914  0.42201995172539786
  0.42546943292317657  0.42891891412095529  0.43236839531873400  0.43581787651651271
  0.43926735771429143  0.44271683891207009  0.44616632010984880  0.44961580130762752
  0.45306528250540623  0.45651476370318494  0.45996424490096366  0.46341372609874243
  0.46686320729652114  0.47031268849429991  0.47376216969207863  0.47721165088985740
  0.48076401370206606  0.48445096322102088  0.48813791273997564  0.49182486225893041
  0.49551181177788522  0.49919876129683999  0.50288571081579481  0.50657266033474957
  0.51025960985370433  0.51394655937265910  0.51763350889161386  0.52132045841056873
  0.52500740792952350  0.52869435744847837  0.53238130696743313  0.53606825648638801
  0.53975520600534277  0.59499308973111387  0.70572981951684388  0.79202962314114522
  0.79365030069145381  0.79527097824176241  0.79689165579207111  0.79851233334237970
  0.80013301089268829  0.80175368844299688  0.80337436599330558  0.80499504354361417
  0.80661572109392277  0.80823639864423136  0.80985707619454006  0.81147775374484865
  0.81309843129515724  0.81471910884546583  0.81633978639577454  0.81796046394608313
  0.81958114149639172  0.82120181904670031  0.82282249659700901  0.82444317414731760
  0.82606385169762619  0.82768452924793479  0.82930520679824349  0.83092588434855208
  0.83254656189886067  0.83416723944916937  0.83578791699947796  0.83740859454978656
  0.83902927210009526  0.84064994965040385  0.84227062720071255  0.84389130475102114
  0.84551198230132973  0.84713265985163844  0.84875333740194703  0.85037401495225573
  0.85199469250256432  0.85361537005287302  0.91739364962664893  0.92501130073833737
  0.93262895185002581  0.94024660296171414  0.94786425407340258  0.95548190518509102
  0.96309753340515936  0.97071195141535049  0.97832636942554174  1.00000000000000000
  0.17275005181630457  0.23047916400373708  0.23179166134080745  0.23310415867787779
  0.23441665601494813  0.23572915335201849  0.23704165068908883  0.23835414802615917
  0.23966664536322954  0.24097914270029988  0.24229164003737022  0.24360413737444056
  0.24491663471151093  0.24622913204858127  0.24754162938565161  0.24885412672272197
  0.25020978070050820  0.25186222279757986  0.25351466489465146  0.25516710699172307
  0.25681954908879467  0.25847199118586628  0.26012443328293788  0.26177687538000949
  0.26342931747708109  0.26508175957415270  0.26673420167122430  0.26838664376829591
  0.27003908586536757  0.32280221216416299  0.35669634991938048  0.36038092513646458
  0.36406550035354868  0.36775007557063277  0.37143465078771687  0.37511922600480097
  0.37880380122188506  0.38248837643896916  0.38617295165605325  0.38985752687313735
  0.39354210209022145  0.39722667730730554  0.40091125252438969  0.40459582774147385
  0.40828040295855794  0.41196497817564209  0.41564955339272625  0.41904330519315264
  0.42232616493072672  0.42560902466830081  0.42889188440587489  0.43217474414344897
  0.43545760388102306  0.43874046361859714  0.44202332335617123  0.44530618309374537
  0.44858904283131945  0.45187190256889354  0.45515476230646762  0.45843762204404170
  0.46172048178161579  0.46500334151918993  0.46828620125676407  0.47156906099433815
  0.47485192073191229  0.47813478046948643  0.54777894932531934  0.62544610221305574
  0.62740017150831684  0.62935424080357794  0.63130831009883892  0.63326237939410002
  0.63521644868936111  0.63717051798462221  0.63912458727988330  0.64107865657514440
  0.64303272587040550  0.64498679516566659  0.64672546766248440  0.64829950224842803
  0.64987353683437166  0.65144757142031529  0.65302160600625891  0.65459564059220243
  0.65616967517814606  0.65774370976408969  0.65931774435003332  0.66089177893597695
  0.66246581352192047  0.66403984810786409  0.66561388269380772  0.69980388991545261
  0.79986925994363145  0.89993462997181006  0.97635633150736489  1.00000000000000000
  0.07279270490010575  0.23201595809499087  0.23486524952331500  0.23771454095163913
  0.24056383237996326  0.24341312380828739  0.24626241523661152  0.24911170666493565
  0.25148523152836672  0.25364324355163054  0.25580125557489436  0.25795926759815818
  0.26011727962142200  0.26227529164468583  0.26443330366794965  0.26659131569121342
  0.26874932771447724  0.27092566476134228  0.27361803082564312  0.27631039688994397
  0.27900276295424481  0.28169512901854565  0.28438749508284650  0.28707986114714734
  0.28977222721144819  0.29246459327574903  0.29515695934004982  0.29784932540435066
  0.30054169146865151  0.30323405753295229  0.30592642359725314  0.30861878966155393
  0.31131115572585477  0.34080197814650870  0.36158639706354456  0.38237081598058031
  0.39843392825530421  0.40581614362889418  0.41319835900248414  0.42058057437607405
  0.42796278974966390  0.43534500512325380  0.43863038155618828  0.44022677874416877
  0.44182317593214931  0.44341957312012986  0.44501597030811035  0.44661236749609090
  0.44820876468407145  0.44980516187205200  0.45140155906003249  0.45299795624801303
  0.45459435343599358  0.45619075062397407  0.45778714781195462  0.45939551789622313
  0.46101011474678022  0.46262471159733737  0.46423930844789446  0.46585390529845155
  0.46746850214900865  0.46908309899956580  0.47069769585012289  0.47231229270067998
  0.47392688955123707  0.47554148640179417  0.47715608325235132  0.47877068010290841
  0.48038527695346550  0.48199987380402259  0.48361447065457963  0.48522906750513672
  0.48684366435569382  0.48845826120625091  0.49007285805680800  0.49168745490736510
  0.49330205175792219  0.49491664860847928  0.49653124545903637  0.49814584230959347
  0.49976043916015056  0.58911217199060595  0.69374960048114442  0.79838702897168290
  0.85638167727716119  0.86112550647179753  0.86586933566643398  0.87061316486107043
  0.87507159248617095  0.87602293192890224  0.87697427137163342  0.87792561081436460
  0.87887695025709578  0.87982828969982696  0.87983256975809732  1.00000000000000000
 -0.00304491273410575  0.00379501151110274  0.00759002302220549  0.01138503453330824
  0.01518004604441099  0.01897505755551373  0.02307842174931966  0.02747764681430474
  0.03187687187928982  0.03627609694427490  0.04067532200925998  0.11890693146177078
  0.21861621355895874  0.31832549565614671  0.41672464120291008  0.42094988244616388
  0.42517512368941768  0.42940036493267147  0.43362560617592527  0.43785084741917901
  0.44207608866243281  0.44630132990568661  0.45052657114894040  0.45475181239219420
  0.45897705363544800  0.46320229487870185  0.46742753612195564  0.47165277736520950
  0.47587801860846335  0.50126884467782795  0.60097812677501594  0.70068740887220382
  0.77152898497898892  0.77387523153974680  0.77622147810050457  0.77856772466126234
  0.78091397122202022  0.78326021778277799  0.78560646434353587  0.78795271090429364
  0.79029895746505141  0.79264520402580929  0.79499145058656706  0.79733769714732483
  0.79968394370808260  0.80203019026884037  0.80437643682959825  0.80672268339035602
  0.80906892995111379  0.81141517651187156  0.81376142307262933  0.81610766963338710
  0.81845391619414487  0.82080016275490275  0.82314640931566052  0.82549265587641829
  0.82783890243717606  0.83018514899793383  0.83253139555869160  0.89896237802772005
  0.91780091032871824  0.91918002904450757  0.92055914776029701  0.92193826647608634
  0.92331738519187567  0.92469650390766500  0.92607562262345433  0.92745474133924366
  0.92883386005503299  0.93021297877082243  0.93159209748661176  0.93297121620240109
  0.93435033491819042  0.93572945363397975  0.93710857234976908  0.93773232411950380
  0.93805671962383663  0.93838111512816957  0.93870551063250252  0.93902990613683535
  0.93935430164116829  0.93967869714550123  0.94000309264983406  0.94032748815416700
  0.94065188365849983  0.94097627916283277  0.94130067466716572  0.94162507017149855
  0.94194946567583149  0.94227386118016443  0.94259825668449726  0.94292265218883020
  0.94324704769316314  0.94357144319749597  0.94376027981440225  1.00000000000000000
  0.15371799071629844  0.52442848163285394  0.52802362993237462  0.53161877823189541
  0.53521392653141608  0.53880907483093676  0.54252253276645113  0.54669437004849852
  0.55086620733054592  0.55503804461259332  0.55920988189464083  0.58274066461909146
  0.67850897895757489  0.77106892158751095  0.77762006916899939  0.78417121675048784
  0.79072236433197618  0.79727351191346452  0.80382465949495285  0.81037580707644119
  0.81692695465792953  0.82347810223941786  0.83002924982090620  0.85455191084602022
  0.85593713696315055  0.85732236308028076  0.85870758919741097  0.86009281531454118
  0.86147804143167139  0.86286326754880160  0.86424849366593182  0.86563371978306214
  0.86701894590019235  0.86840417201732256  0.86978939813445277  0.87117462425158299
  0.87255985036871320  0.87394507648584341  0.87533030260297373  0.87671552872010394
  0.87810075483723415  0.87948598095436437  0.88087120707149458  0.88225643318862479
  0.88364165930575500  0.88502688542288532  0.88641211154001553  0.88779733765714575
  0.88918256377427596  0.89056778989140617  0.89195301600853638  0.89333824212566659
  0.89472346824279692  0.89607925684171907  0.89731639512104022  0.89855353340036137
  0.89979067167968241  0.90102780995900356  0.90226494823832470  0.90350208651764574
  0.90473922479696689  0.90597636307628793  0.90721350135560908  0.90845063963493022
  0.90968777791425126  0.91092491619357241  0.91216205447289356  0.91339919275221459
  0.91463633103153574  0.91587346931085678  0.91772797432443509  0.92068553975718959
  0.92364310518994408  0.92660067062269857  0.92955823605545307  0.93251580148820756
  0.93547336692096217  0.93820706078732241  0.94045338785404431  0.94269971492076621
  0.94494604198748811  0.94719236905421000  0.94943869612093190  0.95168502318765391
  0.95393135025437581  0.95617767732109771  0.95840216760236030  0.96010749994363820
  0.96181283228491610  0.96351816462619411  0.96522349696747201  0.96692882930874990
  0.96863416165002791  0.97033949399130581  0.97167385021845498  1.00000000000000000
  0.05333995421727503  0.33801317590515589  0.34269301847697853  0.34737286104880122
  0.35205270362062385  0.35709801321643320  0.36244442182156578  0.36779083042669841
  0.37313723903183099  0.44066037593117985  0.54143038354328099  0.56372442717930493
  0.56527254425113305  0.56682066132296116  0.56836877839478928  0.56991689546661739
  0.57146501253844550  0.57301312961027362  0.57456124668210173  0.57610936375392985
  0.57765748082575796  0.57920559789758608  0.58075371496941419  0.58230183204124231
  0.58384994911307042  0.58539806618489865  0.58694618325672676  0.58849430032855488
  0.59004241740038299  0.59159053447221110  0.59313865154403922  0.59468676861586733
  0.59623488568769556  0.59778300275952367  0.59933111983135179  0.60087923690317990
  0.60242735397500802  0.60397547104683613  0.60552358811866425  0.60707170519049236
  0.60861982226232048  0.61016793933414859  0.61171605640597670  0.61326417347780482
  0.61481229054963293  0.61636040762146105  0.61790852469328916  0.61945664176511728
  0.62100475883694539  0.62255287590877362  0.62410099298060173  0.66725185944574628
  0.71026006961314325  0.71351290927040611  0.71676574892766887  0.72001858858493173
  0.72327142824219448  0.72652426789945734  0.72977710755672009  0.73302994721398285
  0.73628278687124571  0.73953562652850846  0.74278846618577121  0.74604130584303396
  0.74929414550029672  0.75162089497246976  0.75369099397994066  0.75576109298741168
  0.75783119199488269  0.75990129100235371  0.76197139000982472  0.76404148901729574
  0.76611158802476664  0.76818168703223766  0.77025178603970867  0.77269112090369929
  0.77527470880980498  0.77785829671591078  0.78044188462201658  0.78302547252812227
  0.78560906043422807  0.78819264834033376  0.79077623624643956  0.79335982415254525
  0.79594341205865105  0.79852699996475673  0.80111058787086253  0.80369417577696822
  0.80627776368307391  0.80886135158917971  0.81144493949528540  0.85772867587077650
  0.87757385475122163  0.89667473736645642  0.90099406639734891  1.00000000000000000
   1.5606424459447504E-012  -1.0000000000000000     
 F F F F F F F F F F F F F F F F F F F F F F F F F F F F F F F F F F F F F F F F F F F F F F F F F F F F F F F F F F F F F F F F
  <DiscreteSampler_grid>
  grouped_processes
  1 # 1 for a reference and 2 for a running grid.
  10 # Attribute 'min_bin_probing_points' of the grid.
  1 # Attribute 'grid_mode' of the grid. 1=='default',2=='initialization'
  0.0000000000000000 # Attribute 'small_contrib_threshold' of the grid.
  0.5000000000000000 # Attribute 'damping_power' of the grid.
 # binID   n_entries weight   weight_sqr   abs_weight
    10   10   1.441270679400780E+003   9.699125756973969E+006   1.441270679400780E+003
  </DiscreteSampler_grid>
