  0.00902147960750686  0.01812932184313056  0.03094974745477330  0.04343464812176551
  0.05557969313280817  0.06735705769630262  0.07902786675766586  0.08996342850299466
  0.09995011559995241  0.10957354199054498  0.11978049972427300  0.13049626015111931
  0.14184054268159033  0.15351225381340849  0.16532076335243501  0.17637511920832039
  0.18708839473958991  0.19646776248194794  0.20575501197401119  0.21546734567753778
  0.22538115166930894  0.23510012003175682  0.24485717507305257  0.25453626985411199
  0.26422972771647818  0.27307933055756506  0.28068981808014720  0.28917487182503088
  0.29717031552476453  0.30467499084601934  0.31190667231658814  0.31940019066969050
  0.32763720811560071  0.33599508249695736  0.34474473874409739  0.35273433458076275
  0.36199301775447640  0.37358335628740469  0.38584297219609809  0.39808495954847517
  0.40933265081144593  0.41933894452562220  0.42938616692634674  0.43929422610677960
  0.44970159694475742  0.46092799509820809  0.47244518195964835  0.48317678932991764
  0.49304020487057443  0.50230432193564700  0.51118918025859073  0.52021499544945082
  0.52937032087943536  0.53891456331829568  0.54833505707100982  0.55768279902618600
  0.56751769460533386  0.57806278774825048  0.58883102465971282  0.59941476700988872
  0.61061280568150911  0.62228759298443337  0.63397378042946284  0.64595095285551685
  0.65748349310595910  0.66943433000964170  0.68088271137475176  0.69277618689026288
  0.70521450806465735  0.71831760803398936  0.73191522859730118  0.74520280204431866
  0.75720888033010492  0.76797782438639473  0.77764745044416261  0.78718697935372595
  0.79702794311758685  0.80685522918209074  0.81584382277116363  0.82452195487516489
  0.83298577931157525  0.84213930336118115  0.85228677373422101  0.86312325708577475
  0.87398944955516578  0.88419323150037887  0.89439560510593852  0.90491668182242868
  0.91610112972271052  0.92791462969076344  0.93939940883345985  0.95063805348434627
  0.96206794604577561  0.97395691443966659  0.98647882845882151  1.00000000000000000
  0.00000229513322115  0.00000502129512657  0.00001019208690495  0.00001901712483511
  0.00002724693460091  0.00003513831680928  0.00004335143216241  0.00005307079675631
  0.00006374242317922  0.00007542871873994  0.00008710424070866  0.00009901453325830
  0.00011101409111903  0.00012145028740119  0.00013171370562647  0.00014224476480090
  0.00015243635908235  0.00016264569031836  0.00017334331486571  0.00018496339923187
  0.00019722254782308  0.00020956613600262  0.00022184072138249  0.00023413082918700
  0.00024736263237349  0.00026154108277166  0.00027640860619703  0.00029226799344458
  0.00030931275905334  0.00032737953015265  0.00034588374637007  0.00036482284487944
  0.00038534646009091  0.00040690955826165  0.00043044194215595  0.00045574346356197
  0.00048143486331957  0.00050689971360407  0.00053603929272273  0.00056513811598602
  0.00059599021329595  0.00062832200824778  0.00066193315597009  0.00069635167464364
  0.00073081856927176  0.00076661362714028  0.00080394737484623  0.00084221588873893
  0.00088341803492595  0.00092917744400235  0.00097913816974424  0.00103234578695832
  0.00108727175604192  0.00114528346503798  0.00120727714224205  0.00127300466341990
  0.00134228123118581  0.00141396503110621  0.00148803978722482  0.00156377545310131
  0.00163758650131023  0.00171598608386376  0.00179998244763707  0.00188745148587778
  0.00197847283393028  0.00207922684073775  0.00219284326514827  0.00232167050900042
  0.00245983287501553  0.00261111054388598  0.00278957967860506  0.00300166990709904
  0.00321857792169240  0.00344503461340269  0.00368192360876790  0.00394073374150188
  0.00420966007377255  0.00448248168274424  0.00476673590220301  0.00507570563052655
  0.00544689809347513  0.00591477614625176  0.00643922545205155  0.00713098563993854
  0.00786178757227564  0.00874171637824477  0.00979208922378711  0.01109976248231796
  0.01271600698826136  0.01461440672401516  0.01698500323976202  0.02000268492364004
  0.02773476935801783  0.04208743604188044  0.43798853712364050  1.00000000000000000
  0.00000523016581844  0.00000972345475963  0.00001393936544502  0.00001918177803336
  0.00002711712472233  0.00003745787651770  0.00004900310013921  0.00006373256699644
  0.00008090738964480  0.00010067113376317  0.00012555492331429  0.00016016898621592
  0.00019673430346925  0.00023403412408599  0.00027178865237995  0.00030945750419065
  0.00035030838925400  0.00039229278986541  0.00043515621379342  0.00048250236630103
  0.00053380572552458  0.00058700928935810  0.00064427278996102  0.00070592987067093
  0.00077153070162510  0.00083877037785872  0.00090164322722357  0.00096363161517931
  0.00102968291261057  0.00110051899342967  0.00117308373334280  0.00124609604087399
  0.00132691912624094  0.00141572418255620  0.00150910432599134  0.00160721385300677
  0.00170598482496794  0.00180916644825010  0.00192059838777968  0.00203979801762193
  0.00216907991308619  0.00231235335881669  0.00246845099085591  0.00262139535889235
  0.00278157997614298  0.00295592783502194  0.00314189459113416  0.00334442438864402
  0.00356285247222776  0.00378746986685063  0.00402392408355399  0.00428213376300668
  0.00454834290700305  0.00481506712221219  0.00509820164210848  0.00539967939887101
  0.00573716340425098  0.00608700615386426  0.00647748712621641  0.00688035184635193
  0.00726348369950850  0.00765181767463162  0.00807395237638324  0.00855744129264568
  0.00911669341760908  0.00971395635472224  0.01034076864494318  0.01101483259449042
  0.01178417453882692  0.01276126020690663  0.01380542418163049  0.01469658820633815
  0.01560759613271327  0.01658174264525217  0.01775290970849313  0.01903187926573271
  0.02027990293378153  0.02147134247222108  0.02243615821347411  0.02334190327330022
  0.02433717620505230  0.02539923200195887  0.02645714307805148  0.02751206134188837
  0.02864146637866134  0.02992524189705417  0.03128692277601583  0.03262516539399257
  0.03538724569361029  0.04117192836457253  0.04848283380364019  0.05532821220352693
  0.06159854641066004  0.11528227873601836  0.22964101990054947  1.00000000000000000
 -0.00235053103839661  0.00808013802463463  0.01791880463466980  0.02709765294497559
  0.03665593075139111  0.04593487098095399  0.05494907145818667  0.06395098040944494
  0.07296584807258832  0.08294912048435427  0.09415339812308469  0.10531918502652499
  0.11405313983845901  0.12245842299230281  0.13113965199415908  0.14016632208624075
  0.14903721099626324  0.15741271300856838  0.16569719878115127  0.17430087639657074
  0.18314163544504033  0.19275302882074016  0.20373703668470508  0.21506605360458994
  0.22697759888661095  0.23894087873146796  0.25096552930145455  0.26298811808968875
  0.27517053474917252  0.28712049768460168  0.29851977393450019  0.30942205141964663
  0.31917746909245009  0.33012584681856405  0.34037919503084263  0.35122795212288460
  0.36095059945730817  0.37026983021121757  0.38059835751172250  0.39118071660372000
  0.40059596580047363  0.40801707697733081  0.41559499294619262  0.42375806781524289
  0.43268199557000009  0.44109181587070895  0.44925851256836463  0.45634363440456410
  0.46638410250520290  0.47743226497838981  0.48879560133694938  0.50027126712805725
  0.51158012742809478  0.52278894447441948  0.53382419424991456  0.54472871912511578
  0.55607459669892301  0.56757700922104748  0.57918770055815205  0.59116422428524462
  0.60355288690072428  0.61659681988044801  0.62955692731116675  0.64128832040875561
  0.65305448798149457  0.66390763915704942  0.67446075173871978  0.68505188800887684
  0.69566627549131699  0.70666229697228911  0.71825318908068614  0.72969156956483539
  0.73954682135216432  0.74872146717760280  0.75803023091162103  0.76803105722766540
  0.77850427871760175  0.78977707956283028  0.80184582444594599  0.81469233247886785
  0.82837381301796587  0.84280492974974386  0.85724663429575465  0.87005785467367047
  0.88254606898808907  0.89522447135015559  0.90792586794203600  0.91965815252293048
  0.93082262597711529  0.94092096541665471  0.95073178886052756  0.95970235359661438
  0.96836007470129493  0.97746641519769761  0.98791190125364792  1.00000000000000000
 -0.00337940297175709  0.01149756446696520  0.02479182461312660  0.03745649789494414
  0.05021094720247721  0.06148521970502764  0.06999252560300791  0.07851367606643608
  0.08765829003770059  0.09540581251689141  0.10300111636657222  0.11035278952096950
  0.11851023762184862  0.12724490703783048  0.13721501689776971  0.14818476179081802
  0.15969388919115515  0.17100294446877329  0.18268691496764017  0.19555530875318575
  0.20956581465034063  0.22249568697469485  0.23467982103556725  0.24591906810217876
  0.25722788931846735  0.26867744443035940  0.28077015358509250  0.29400832071183869
  0.30813577025592814  0.32159699400798403  0.33459221107647796  0.34713873904771753
  0.35901451655893735  0.37021426772022420  0.38158746227070667  0.39277038964587901
  0.40343043713549048  0.41306545333363937  0.42309238473012278  0.43353219560646100
  0.44435541336830514  0.45662008675177412  0.46846963937222252  0.48100200719908892
  0.49374134151881388  0.50544367280712355  0.51678131395822269  0.52707239504155434
  0.53797817733908304  0.54960955024753966  0.55960166477189699  0.56950161762798368
  0.57955727988929262  0.59052637600548286  0.60177316169706185  0.61167727015371842
  0.62086473558053723  0.63100755616791282  0.64145747429020905  0.65138705817137643
  0.66055144169026736  0.67005411589652608  0.68084392085706780  0.69241026298097674
  0.70348172189805847  0.71418703801643046  0.72419692442438832  0.73428462545210260
  0.74514063957438670  0.75510904695844838  0.76377417438701900  0.77183540495068437
  0.77965653508852428  0.78797275822567836  0.79644120717284717  0.80435528069451545
  0.81136931119797673  0.82073467371515263  0.83104351612930716  0.84185847702571814
  0.85234285621320860  0.86337460401658717  0.87467430215037500  0.88573886738647856
  0.89676094040069754  0.90745185508554171  0.91769309471566751  0.92745327818978085
  0.93695406670452352  0.94621779622402613  0.95626835420017220  0.96562434851236334
  0.97507210680714063  0.98348608779377589  0.99154558181023722  1.00000000000000000
 -0.00246160455698668  0.00941985432842694  0.01932444086519176  0.02939947545139127
  0.03952701573416410  0.04922044405348307  0.05880294258377051  0.06845926022727580
  0.07935887658065034  0.09044565745381371  0.10213735514483629  0.11326939988732741
  0.12355120131130247  0.13404338949927649  0.14485011238700837  0.15556257663069054
  0.16654307695839835  0.17833404481547552  0.19073717258895145  0.20233829847145926
  0.21280904042077164  0.22325945876359282  0.23401805343584398  0.24450911829914126
  0.25532131915349654  0.26652458118500316  0.27838325693676647  0.29069103683728909
  0.30268419750623099  0.31539415918066599  0.32729082276671556  0.34024852911988313
  0.35210683472309418  0.36310897792315261  0.37377996018317061  0.38457487178588617
  0.39629520478743491  0.40838580794377555  0.42074297550359463  0.43335329846354481
  0.44601884215732857  0.45875152182361845  0.46996114565355335  0.47967682302793468
  0.48863491861160119  0.49779597235472350  0.50730891810856182  0.51765094956855795
  0.52830895523381927  0.53994061177755204  0.55138488328785296  0.56400233281539625
  0.57673211236013577  0.58946904067182793  0.60151873945522183  0.61254475144956722
  0.62285591019246900  0.63277176990548678  0.64260938071615648  0.65315691334304826
  0.66381551739575428  0.67419639506488405  0.68413078093983248  0.69288957296959253
  0.70096558611169268  0.70884729828121007  0.71642202977286418  0.72395032795386649
  0.73212336083852403  0.74115662338654631  0.75054158464335508  0.76051180507878702
  0.77136795598687802  0.78031964762073669  0.78859889699540464  0.79607066881668875
  0.80396377380989548  0.81224844228809256  0.82110202682225597  0.82939372940923595
  0.83803966144181397  0.84654030354750598  0.85527919868170543  0.86559725572619362
  0.87634413348797024  0.88718161874904566  0.89802767001150252  0.90927840949534722
  0.92075308984209692  0.93222284549879708  0.94388646010920685  0.95569763962170684
  0.96705910393313477  0.97810004841460296  0.98882068606205553  1.00000000000000000
  0.00088427798935931  0.00160530239320875  0.00272932546503365  0.00360223369407766
  0.00434197258991249  0.00504142636944769  0.00572169453316502  0.00639610165164982
  0.00706877090339644  0.00773772274047369  0.00840651088167663  0.00906058108889514
  0.00972031246810155  0.01038672169986792  0.01105702260598223  0.01173203354843553
  0.01242139765633107  0.01312853693787833  0.01382935692551644  0.01449116355131546
  0.01512209065185207  0.01574556184725349  0.01638552321640205  0.01705521048495354
  0.01775362918897628  0.01847972253726652  0.01921678933065860  0.02000609000510044
  0.02088741083296051  0.02186398761169967  0.02287343304646692  0.02382442424015079
  0.02478931949290233  0.02582514522836028  0.02684693810351759  0.02787692147230127
  0.02889232312683798  0.02990126909970883  0.03092688475706576  0.03193953514346526
  0.03289547164888065  0.03387242369449833  0.03482027317193630  0.03575017233916204
  0.03671858394567226  0.03777129485551997  0.03888466640651477  0.04002583587443290
  0.04113894133224680  0.04217954161928496  0.04317490383230647  0.04414866154944599
  0.04514388133999302  0.04624084125659748  0.04744719586372940  0.04893405064679001
  0.05043847206144284  0.05180116168970415  0.05322281100339044  0.05490621247958008
  0.05665409188268679  0.05829939825842937  0.05969418985017054  0.06084310387253826
  0.06196641012396543  0.06347375238569471  0.06584922672588280  0.06831112319974655
  0.07007327310845546  0.07167568214152727  0.07323547031099016  0.07497585382705847
  0.07703038699635165  0.07939749342046883  0.08210118694580855  0.08531045578280214
  0.08943269905489928  0.09397838671084270  0.09792737769335735  0.10088551596873924
  0.10361703256796136  0.10705611792591944  0.11146482693530850  0.11602061532820404
  0.12030617804636684  0.12464264281137440  0.13038545578668159  0.13772795485556280
  0.14887546597736886  0.17749999234658523  0.18651241621537756  0.21891587543317267
  0.27292562965318062  0.34121751046025095  0.39700658196098443  1.00000000000000000
 -0.00203117612845741  0.01064436884277835  0.02138320218158629  0.03242922706628039
  0.04253102047746094  0.05263226770891233  0.06284210499007480  0.07312437778519347
  0.08278731209554932  0.09198695889884688  0.10076017350745810  0.10937642712754567
  0.11816997821080476  0.12741485294052718  0.13716566414020800  0.14606283097629927
  0.15367366978157634  0.16071665607083566  0.16904227446256001  0.17921259701002673
  0.18817724489111171  0.19684602740954366  0.20525977057198203  0.21393029362149590
  0.22295054128356648  0.23165478634444908  0.24005358761599765  0.24787083130916335
  0.25519647626280995  0.26284500109718284  0.27105647577847114  0.27941662612235585
  0.28776971457706246  0.29630679999128406  0.30483486804202325  0.31326812855550101
  0.32308753655496902  0.33326792751964573  0.34353662924495926  0.35449429996834325
  0.36754490870231621  0.38152983796065637  0.39550275030769577  0.40919526829609926
  0.42284381251079445  0.43698699307564676  0.45159652750144946  0.46670982260609029
  0.48198780544162517  0.49666578160491570  0.51189189813520264  0.52714020707200882
  0.54429545407335822  0.55847677421089015  0.57230052686519872  0.58566701435941448
  0.59757802974347818  0.60971475201207903  0.62128691990020035  0.63338981905796088
  0.64586313442714516  0.65912804097474786  0.67287474208501674  0.68564901031236325
  0.69710216889002707  0.70778759322716989  0.71851891516375332  0.72912833042618985
  0.73948256225677689  0.74954754672196888  0.75884798073869797  0.76749587283491394
  0.77592118173902613  0.78424636874385178  0.79264854065394041  0.80109032665220881
  0.80973198608051156  0.81927302278927283  0.82970071108520338  0.84056424944316355
  0.85223407028392661  0.86451383439307761  0.87724054755161007  0.89016914700508776
  0.90173893031905517  0.91349946237880708  0.92307133427444665  0.93160777206290035
  0.93980552600089018  0.94784862407449288  0.95662523988036396  0.96539132910817238
  0.97395405080915354  0.98190864268643518  0.99134639795119261  1.00000000000000000
 -0.02248028367761266  0.38180988216345080  0.49002348078482805  0.55535873581514250
  0.60191149369823571  0.63785067832448372  0.66523883546249085  0.68797432300324268
  0.70852933852938871  0.72704069095396184  0.74353252680884152  0.75757957154279942
  0.76998242033133724  0.78103601221673147  0.79139918772582729  0.80116776995394356
  0.81034652470048318  0.81886433092501709  0.82656174722572029  0.83358286794464054
  0.83987266703703045  0.84589824319399032  0.85173576998041556  0.85712991754122114
  0.86245297843495639  0.86717306925101634  0.87200558536043993  0.87631384092179876
  0.88044491551806725  0.88434370421347053  0.88811583141023454  0.89185534719849069
  0.89557651693912843  0.89920925418107789  0.90257819275971318  0.90569625200221537
  0.90864644732179278  0.91146226816322184  0.91429001142806177  0.91710492726322246
  0.91954395812402179  0.92187828448715459  0.92417102561068265  0.92642962529266026
  0.92867887521561465  0.93083590120439286  0.93290217944841369  0.93499847799497748
  0.93718596694762013  0.93902952933044570  0.94082007809699220  0.94257371083754382
  0.94428825393018057  0.94600891641714646  0.94780605781218052  0.94957111683731643
  0.95125592846195794  0.95283313231075295  0.95442885354412565  0.95595669442946152
  0.95739387174283530  0.95875610368908315  0.95985867774205391  0.96099480282727856
  0.96217059923004555  0.96341405979437733  0.96471993728046845  0.96598564083921579
  0.96723441667287202  0.96841500255848167  0.96963197773969079  0.97085361869756204
  0.97205435216002489  0.97323247418141545  0.97438035859742833  0.97542649733332243
  0.97647813707606179  0.97750501159860348  0.97850278610119346  0.97954817111884507
  0.98058601367389697  0.98165546383183799  0.98272859434130944  0.98374177738839486
  0.98479313420118098  0.98584475737647614  0.98694801156065304  0.98809312376636382
  0.98929324646042072  0.99054906584897595  0.99180516449941780  0.99302686222532210
  0.99427127724027464  0.99565796659481509  0.99748218900499197  1.00000000000000000
   1.2952206148502123E-014  -1.0000000000000000     
 F F F F F F F F F F F F F F F F F F F F F F F F F F F F F F F F F F F F F F F F F F F F F F F F F F F F F F F F F F F F F F F F
  <DiscreteSampler_grid>
  grouped_processes
  1 # 1 for a reference and 2 for a running grid.
  10 # Attribute 'min_bin_probing_points' of the grid.
  1 # Attribute 'grid_mode' of the grid. 1=='default',2=='initialization'
  0.0000000000000000 # Attribute 'small_contrib_threshold' of the grid.
  0.5000000000000000 # Attribute 'damping_power' of the grid.
 # binID   n_entries weight   weight_sqr   abs_weight
    10   10   1.680894079782639E-003   1.210029860035278E-005   1.680894079782639E-003
  </DiscreteSampler_grid>
