  0.00997089669115275  0.01509366681814605  0.02301520526493831  0.03193765726299870
  0.04175330113364978  0.05221079315172204  0.06212654610138083  0.07235950213114466
  0.08316898361169936  0.09422399317654709  0.10606606813851550  0.11847329785205092
  0.13104315433991956  0.14310534219152513  0.15551245723745671  0.16782691900860416
  0.17764529651822536  0.18821359353615591  0.19890051323806440  0.20856708466508314
  0.21715642684764364  0.22501514658645080  0.23328387463864841  0.24196751053675006
  0.25087382387366364  0.25886183112359584  0.26740771299108396  0.27688043203455448
  0.28645089288104481  0.29473695330384758  0.30274365146853993  0.31177335541785828
  0.32306553007577332  0.33567329646645577  0.34935770538172739  0.36336923597163656
  0.37608650282142991  0.38758233102665524  0.39790837062806483  0.40795625630374505
  0.41825317223256625  0.42905642075309497  0.43984526317774747  0.44985969566745526
  0.45940426280179636  0.46956467018440184  0.47900303630841184  0.48809322839451424
  0.49751862894626375  0.50784005238402230  0.51850889647545007  0.52916407888220440
  0.54037492509964047  0.55280217757608385  0.56548839015650532  0.57811288852687015
  0.59002485696703255  0.60101793364217360  0.61088504895559703  0.61997020263766012
  0.62922102949711922  0.63853296704918105  0.64967917862528635  0.66014709907970115
  0.66955362548983255  0.67888711718194283  0.68834200936437950  0.69840628111692249
  0.70907838123437061  0.71982194147579870  0.73106157420977447  0.74269649089152812
  0.75408452358613565  0.76548694218359348  0.77698565335817138  0.78802261588642131
  0.79849507962306920  0.80869510047395698  0.81968363392823251  0.83120849939857222
  0.84195416016573310  0.85291989264354628  0.86278928008826383  0.87255664161710855
  0.88280909669417162  0.89306833554252474  0.90252181753621319  0.91160606127589106
  0.92157490626412586  0.93139599981694687  0.94053229597860744  0.94963414328232221
  0.95968815820945852  0.97075124141871283  0.98199101380416909  1.00000000000000000
  0.00000186647666621  0.00000556631363785  0.00001261664464226  0.00002225836213519
  0.00003274544515878  0.00004269551931006  0.00005180928996512  0.00006106512962681
  0.00007002524943802  0.00008006364847709  0.00008983236492779  0.00009920739201874
  0.00010848540926881  0.00011801690953095  0.00012841807733885  0.00013951203670439
  0.00015074989370635  0.00016236462650979  0.00017498047074031  0.00018929050457464
  0.00020143880460317  0.00021468122823644  0.00022816517903125  0.00024238763780099
  0.00025713883810106  0.00027322441201380  0.00028897554650180  0.00030397452024108
  0.00031920382483360  0.00033482699484197  0.00035045651826829  0.00036867697779143
  0.00038756269316097  0.00040878225768585  0.00043294238802159  0.00045894049073428
  0.00048462606269819  0.00051079567268490  0.00053758781047218  0.00056414577459992
  0.00059269709894589  0.00062316619579813  0.00065600002522944  0.00069245827423051
  0.00073190961017430  0.00077324342699668  0.00081461922818569  0.00085354252746493
  0.00088906923703726  0.00092508085368392  0.00096482726365410  0.00100569919928749
  0.00104805870222571  0.00109484351511885  0.00114407275006967  0.00119693381204020
  0.00125959090250817  0.00131687888455232  0.00138690969024358  0.00146135506641307
  0.00153836112841243  0.00161428908850190  0.00170636773259614  0.00180696881570585
  0.00191994740969403  0.00205096650657070  0.00220305832432738  0.00235850383088928
  0.00250667619741479  0.00265665481506482  0.00282294406399277  0.00301225592990369
  0.00320962361723313  0.00341527723180892  0.00363697860168141  0.00388611726248387
  0.00415269298264397  0.00444688389947377  0.00480684221882563  0.00522238911360790
  0.00571074654127162  0.00616207400672986  0.00663532555465346  0.00726725796974871
  0.00793836492147329  0.00884176496233028  0.01001272436747846  0.01139986624415144
  0.01376956427461254  0.01788503633416320  0.02653643345862147  0.03259089979598379
  0.03938663823953625  0.07382444815365652  0.42816304803706118  1.00000000000000000
  0.00000541958884812  0.00001284739497746  0.00002185285968544  0.00003495053886353
  0.00005200609520865  0.00007907632545568  0.00012243703465156  0.00017396145924496
  0.00022567001061346  0.00028020996429720  0.00033850161673356  0.00039842539612244
  0.00046186424364297  0.00053223858620576  0.00060675282416358  0.00068505628947239
  0.00076490959317942  0.00085110898230202  0.00093400901301059  0.00101209152008500
  0.00108772342899987  0.00117228938217487  0.00126656779327356  0.00136258181833237
  0.00146325373730862  0.00156694547280835  0.00167893889282397  0.00179143450076821
  0.00191095729320436  0.00204420492255851  0.00218253041717464  0.00234030060680693
  0.00249317283501441  0.00264464454933257  0.00280177879686106  0.00297352917728324
  0.00316662419414777  0.00336262964443708  0.00353699101758251  0.00370566334466177
  0.00387259468747053  0.00407025243144415  0.00429063443105713  0.00450455424213849
  0.00470695185635198  0.00491061854862165  0.00512452937044879  0.00536157748235272
  0.00562403307293810  0.00588626455249926  0.00614565752132874  0.00641246596594634
  0.00668517526697808  0.00695501627051490  0.00725708412598669  0.00761346749317948
  0.00797982148069515  0.00835438732942874  0.00875843159079608  0.00920216613903579
  0.00967730242485038  0.01017265727903663  0.01068752127946985  0.01116421499809361
  0.01163418781551767  0.01213551458090535  0.01261972255943691  0.01311701010017894
  0.01366463099343909  0.01435411276669868  0.01507491138990004  0.01571128925786897
  0.01639762568619816  0.01718583940536935  0.01809099804833675  0.01875483480105772
  0.01944449026660195  0.02019168794000710  0.02094703259353425  0.02167342473671656
  0.02280480841338713  0.02407611550469568  0.02525143657842344  0.02675684752624016
  0.02868512805300057  0.03009565542761350  0.03655261445099632  0.04384673155460300
  0.04966221856029051  0.04967834302332882  0.04967834302333882  0.04968929351864703
  0.04972551612574098  0.04976173873283492  0.04979796133992886  1.00000000000000000
 -0.00223409515093790  0.00985367260957228  0.02074874169635212  0.03123816631801395
  0.04195550921411739  0.05257881498733880  0.06329276560883638  0.07382466704590006
  0.08441404042097242  0.09559820322524087  0.10636235829232099  0.11530937616185936
  0.12452554323616791  0.13420648198260271  0.14313204466096410  0.15164903852898179
  0.16047798800059374  0.16957812666593175  0.17799179751704106  0.18662929465577369
  0.19582752552212684  0.20559228406906127  0.21445056109359315  0.22282745627048808
  0.23130896537595255  0.24044954171603558  0.24943499253166615  0.25811943435445672
  0.26705703506499578  0.27612949665226494  0.28531418054365970  0.29549128120214641
  0.30700909251486724  0.31899470455264711  0.33057209413715477  0.34250277447399141
  0.35463670697918848  0.36356547688099689  0.37274635526607230  0.38147215940988494
  0.38878747795123247  0.39627486653397875  0.40385955057259448  0.41265083840411748
  0.42323768480943219  0.43677200539934236  0.45045146630095440  0.46321583083831136
  0.47457948917010961  0.48531168978629369  0.49581920660585521  0.50624483887643890
  0.51729716525189418  0.53009232067485934  0.54533816835025484  0.56074870457211290
  0.56964525233798602  0.57773440734952775  0.58680583949993126  0.59641522406488245
  0.60616260609340544  0.61526605248149813  0.62460914453507621  0.63831669314557005
  0.65408533648916001  0.66833361399154156  0.67980386364720524  0.69110498703638523
  0.70273221303155109  0.71474615430247324  0.72675491277103010  0.73857508911585057
  0.74964296308609302  0.75970710520286244  0.76935790028639295  0.77854946814475701
  0.78772615505073218  0.79730316045166982  0.80671401718741331  0.81611180558248586
  0.82569698521165591  0.83684567555780365  0.85007200288664608  0.86145536820926849
  0.87221488155160154  0.88297311965212977  0.89416024513364734  0.90543477334352229
  0.91686833160637615  0.92926229633285218  0.94242336869882648  0.95582814551554462
  0.96808507279337186  0.97921868927698064  0.98981136856301011  1.00000000000000000
 -0.00351423257514699  0.01149940646444955  0.02431090853881154  0.03693943012406162
  0.04960955024181923  0.06078363374797142  0.07065189477704757  0.08022584917344938
  0.09045515907717495  0.10214473758784694  0.11511523753554553  0.12838789267018089
  0.14120014230586586  0.15371936462889824  0.16659589394784527  0.18010595956293440
  0.19520632135242344  0.20885343845911988  0.21969432311944462  0.22951298143075088
  0.23907426110801400  0.24925518607516575  0.25922247130393200  0.26871115457382044
  0.27844887331461937  0.28833060542927635  0.29908196840601570  0.30998152868845730
  0.32234271082624993  0.33385454603880099  0.34394923150681944  0.35323978738606931
  0.36279202074167433  0.37323124233566907  0.38399677036496549  0.39457692161051217
  0.40544675726374774  0.41650537709016872  0.42709359018889176  0.43798745578088932
  0.44822704429893812  0.45952116015945255  0.47082670221394129  0.48271613572640776
  0.49486117150088849  0.50729829652105973  0.51997266044936241  0.53280633627961527
  0.54475973014710777  0.55577849761017095  0.56747858947990815  0.57837222508893715
  0.58943943296690582  0.60061906881867910  0.61192666300789089  0.62383013562493794
  0.63607196379074704  0.64751004892569897  0.65605225475347417  0.66474537983029780
  0.67384076917510138  0.68228150500174256  0.69001735730486069  0.69680117516999895
  0.70384563741287520  0.71137064039831555  0.71925227244162471  0.72722884517530606
  0.73422255194179675  0.74159287845092825  0.74806517620614255  0.75546795877712114
  0.76290111347615530  0.77168471035223773  0.78164540676892746  0.79213475080149121
  0.80361312385982953  0.81456228830298572  0.82545993458101330  0.83554248089312888
  0.84524300170268662  0.85477549219049132  0.86445598608573593  0.87442979670652810
  0.88486683771169750  0.89555950455770350  0.90660289006864347  0.91775904365376360
  0.92814423057030271  0.93704683159743463  0.94547944333103784  0.95364927087358131
  0.96255064705906179  0.97295606078159536  0.98598944423142409  1.00000000000000000
 -0.00228522136992530  0.00960507306621430  0.01964048997779930  0.03002773094414110
  0.04089432247895303  0.05164967199325821  0.06346850389180000  0.07548862138166394
  0.08583235401645417  0.09433602680234024  0.10188209094791484  0.10889861107958518
  0.11564054376801122  0.12292003971871933  0.13046285576441174  0.13946179604969838
  0.14905821208160230  0.15815967415826579  0.16650623504801637  0.17545949742687406
  0.18467842911623142  0.19595958052222925  0.20799572354225182  0.21946414948389834
  0.22857704865684189  0.23773239502802707  0.24726136198686027  0.25748222992182263
  0.26822329054848748  0.27929893842476494  0.29066714081949491  0.30128450636193277
  0.31204745762502234  0.32270193556944371  0.33445088596251454  0.34640772211632920
  0.35784694460551431  0.36852768249401124  0.37930376694853679  0.39045381434042709
  0.40201361539813668  0.41433924700003716  0.42606887047166797  0.43685436325397159
  0.44688181036220143  0.45746645181445889  0.46845505627663236  0.47903914726606300
  0.48940319236076918  0.50002200470463298  0.51051425356317792  0.52043580131759137
  0.53009615531082466  0.53992737177213679  0.55043827677390211  0.56232245375505796
  0.57433345105561606  0.58694427732500010  0.59898936626063715  0.61127509057488250
  0.62393931971267980  0.63635858957032398  0.64912891678551610  0.66241563523998326
  0.67540842841860405  0.68768324074657528  0.69929747065556125  0.71039652934371478
  0.72114269222718885  0.73234714128004197  0.74417797326903345  0.75520203535569830
  0.76532069005367176  0.77610841860581736  0.78810088101910514  0.80209614483860181
  0.81357381198514767  0.82396678213239027  0.83392489087634747  0.84261443366685862
  0.85141073163088521  0.85959708595148399  0.86791733279862315  0.87657566451764579
  0.88556786214569705  0.89514539963551287  0.90448516725018779  0.91360312696727841
  0.92251091882886349  0.93150120797268710  0.94206413238284703  0.95510597627262894
  0.96744125421449267  0.97839139535999897  0.98879580433094882  1.00000000000000000
  0.00087058620036277  0.00144919282403949  0.00257857841994481  0.00352389900292927
  0.00441653430214878  0.00526915540630813  0.00609173774523266  0.00690153639125954
  0.00771044149108509  0.00849661720619659  0.00926864002542362  0.01003018643019882
  0.01078186734068589  0.01151896915555189  0.01226302411757791  0.01299772834205845
  0.01371758214010482  0.01442067475272487  0.01510684648228141  0.01583685752291967
  0.01660014249132015  0.01739689610920417  0.01820079893974005  0.01898094164999036
  0.01974016872567306  0.02050045876671151  0.02123614978136915  0.02206037757810093
  0.02297406561083939  0.02391020638222221  0.02490249935668216  0.02598236969288895
  0.02700098127412388  0.02801076408358273  0.02895500102939754  0.02989348788234119
  0.03085074966570164  0.03179753531797241  0.03275828140266223  0.03373698797060088
  0.03479032659798482  0.03595132849229386  0.03713288281727042  0.03823263164262965
  0.03925469951341769  0.04034289783058616  0.04139683844035628  0.04239692959836254
  0.04340401874440444  0.04473169168969666  0.04614574028083843  0.04759429033417231
  0.04859144717796966  0.04926781812819857  0.04991441240149349  0.05058461221182637
  0.05128737798074153  0.05202845383105346  0.05271442372658738  0.05358587144768306
  0.05457631512508399  0.05554121376468877  0.05646601507257348  0.05727413705066921
  0.05804927017270726  0.05918431279205774  0.06044994517347626  0.06180810203025133
  0.06392297301621160  0.06609261389286591  0.06829423608540514  0.07057457247169423
  0.07311479282401634  0.07619569965028478  0.07805916441760408  0.08029107485337993
  0.08237311253011667  0.08484175193503826  0.08713108004745306  0.08965959073646865
  0.09271694314705418  0.09620591999375437  0.09902675520173371  0.10145826534307209
  0.10474028448026229  0.11097352701448561  0.12027757593755599  0.12948253190404002
  0.13813085045427392  0.14249283664488116  0.15243907448848482  0.16721432472201800
  0.18043795797266679  0.24837802097537043  0.43635014891618912  1.00000000000000000
 -0.00364954197042070  0.01550343915987242  0.02702371293316495  0.03816242110601085
  0.04883169137610089  0.06247425033285827  0.07708152845825157  0.09189795331110839
  0.10622852846441562  0.11967809991298614  0.13232500333578487  0.14446523215055651
  0.15524366708669599  0.16590022739903715  0.17569851885044488  0.18558976793196666
  0.19519886553026705  0.20430370772126963  0.21330816939287978  0.22230235180131994
  0.23249803669553304  0.24398510472713486  0.25556458758506578  0.26695476661678746
  0.27791592815584587  0.28848252482082676  0.29870297663822665  0.30991453919870821
  0.32088534060204676  0.33188761399832684  0.34355731484601254  0.35624251724516126
  0.36858856019327640  0.37930116886688381  0.38910463151311531  0.39854105314975641
  0.40802723750162373  0.41774000260499117  0.42768488058359821  0.43804484487390655
  0.44894900510077324  0.46011737834672289  0.46960594924269183  0.48011505825220235
  0.49051437915205848  0.50072935695019316  0.51103217325449291  0.52187959810451301
  0.53562442633475105  0.54935020449842586  0.56142416100355896  0.57172487585066156
  0.58146446576226130  0.59246932359082660  0.60425423917318033  0.61533701586575629
  0.62554550178449131  0.63548198475917661  0.64602869242350414  0.65795682820656065
  0.66881804574605874  0.67706366103911719  0.68492366655171777  0.69287802763364181
  0.70089133853808250  0.70874430579780923  0.71571644060670436  0.72229563640117700
  0.72839416646171573  0.73527195947890212  0.74312513481155784  0.75185506030365001
  0.76050102730372038  0.76991633004847637  0.77936441141839097  0.78890900662570029
  0.79766281391922400  0.80628005244074252  0.81527330037935830  0.82413723426746321
  0.83221577038464833  0.83999939551860181  0.84840384691999160  0.85712359901006396
  0.86837216334855449  0.88096197833341050  0.89432753774202955  0.90720037961465905
  0.91946041012434176  0.92980978491536637  0.94045819903067673  0.95142580426324597
  0.96220593892037876  0.97209838434436979  0.98351877272127630  1.00000000000000000
 -0.00227344799978669  0.22685535440608090  0.32123351751399493  0.38556189984579092
  0.43830126288705173  0.48007069568051780  0.51673652066446596  0.54831417345206179
  0.57729361579522354  0.60261568401222865  0.62492607794573252  0.64636121599883645
  0.66684627337207802  0.68523393782886000  0.70113932940093526  0.71518653234266771
  0.72884369328262189  0.74159547888709210  0.75307917008992353  0.76357084020261434
  0.77343554652193824  0.78319211820204115  0.79239308023708910  0.80138947726343346
  0.80978155398356111  0.81764612807251758  0.82483637831141077  0.83157866635502609
  0.83789975885572376  0.84414512320342472  0.85053507737185252  0.85666694516074837
  0.86225606738343952  0.86729379062043510  0.87238204006466424  0.87738438461569479
  0.88235416692368973  0.88717447023904383  0.89171342676764154  0.89593952989345937
  0.89975333232375654  0.90328080826767043  0.90678680517801336  0.91031684473455687
  0.91383572285399739  0.91707800811124252  0.91987971506266897  0.92262882629626741
  0.92532473512208058  0.92801741240140900  0.93060286463047337  0.93305750424264733
  0.93547287849938709  0.93786783542218932  0.94014773218725189  0.94234413457730060
  0.94461199814697483  0.94665947511812532  0.94860057214894622  0.95050968241580092
  0.95242864985014675  0.95435490255867617  0.95624708757358157  0.95810589205089003
  0.95976357606432572  0.96143917560996617  0.96310727120631467  0.96470672695353910
  0.96617253960346372  0.96759749804984729  0.96902473549862445  0.97039483846050789
  0.97170408520360074  0.97311316033495066  0.97457423263819387  0.97605077455342060
  0.97752379342235107  0.97894356082975909  0.98025282168385919  0.98146054088339696
  0.98258119767511987  0.98363697848979492  0.98469208977378664  0.98579553918245777
  0.98683970544481903  0.98785653097480564  0.98885158054097277  0.98983474801421323
  0.99080264162208420  0.99176138440449457  0.99272816499482319  0.99370754603305456
  0.99474619595838887  0.99599261171822828  0.99768140909312919  1.00000000000000000
   3.3977869293888791E-013  -1.0000000000000000     
 F F F F F F F F F F F F F F F F F F F F F F F F F F F F F F F F F F F F F F F F F F F F F F F F F F F F F F F F F F F F F F F F
  <DiscreteSampler_grid>
  grouped_processes
  1 # 1 for a reference and 2 for a running grid.
  10 # Attribute 'min_bin_probing_points' of the grid.
  1 # Attribute 'grid_mode' of the grid. 1=='default',2=='initialization'
  0.0000000000000000 # Attribute 'small_contrib_threshold' of the grid.
  0.5000000000000000 # Attribute 'damping_power' of the grid.
 # binID   n_entries weight   weight_sqr   abs_weight
    10   10   8.497143978244109E-003   1.377264607282570E-004   8.497143978244109E-003
  </DiscreteSampler_grid>
