  0.00924750628354335  0.01720206507879021  0.02801011008845322  0.03920847591193534
  0.04958164021342639  0.06008902508833766  0.07079877847538310  0.08160800778183361
  0.09215253449011855  0.10282701912694804  0.11281252818685841  0.12336390539741970
  0.13425471201015526  0.14542228613035557  0.15604094308560734  0.16701558381088402
  0.17779018687094869  0.18878082276377478  0.19988955925965343  0.21037159321558654
  0.22025051032195817  0.22991567007293912  0.24027580158309383  0.25097341774636983
  0.26176438673135433  0.27240032471496389  0.28308780797885191  0.29386251632687249
  0.30488762484161980  0.31551171098021535  0.32556014682048340  0.33588377343385512
  0.34746630656235639  0.35984440745524793  0.37150098741218646  0.38313710697989201
  0.39486114577097353  0.40627754125844256  0.41799607288679691  0.43053897432339594
  0.44189138294809316  0.45220959341301992  0.46273817499159359  0.47455779078161575
  0.48582816093765352  0.49704993407610787  0.50743961084850298  0.51795253931016494
  0.52803263377122178  0.53735072952268681  0.54693378016954741  0.55686108495665076
  0.56705029437447851  0.57788414620641670  0.58844057102637037  0.59916446140747581
  0.60935982927428078  0.61941166598359265  0.62919793264981971  0.63888345391112034
  0.64856976418094903  0.65828944178520021  0.66836074963050129  0.67861409119119043
  0.68873513868252545  0.69912227639377256  0.70988045664000243  0.72138316851618678
  0.73329182354685307  0.74471568925289078  0.75521616857850582  0.76515386829386001
  0.77523996533459061  0.78518456745862975  0.79498574756205720  0.80472125003867911
  0.81515602611292759  0.82633558363758297  0.83678926701671619  0.84629386497554415
  0.85581234511316628  0.86540377403212709  0.87478502371788658  0.88362436888861773
  0.89233781508529642  0.90154281259026703  0.91126042480665859  0.92050389385299858
  0.92937051081712341  0.93849284124781085  0.94937672900919612  0.96058619812948454
  0.97138569147193965  0.98158374700763429  0.99125005303241831  1.00000000000000000
  0.01125230397692641  0.01396109192574417  0.01550095191487290  0.01665068959247974
  0.01769126322654790  0.01872551151379437  0.01974634027277910  0.02072144160464673
  0.02165315680438745  0.02254293425084361  0.02339833601594443  0.02421700228403487
  0.02501697347912542  0.02583606517778299  0.02665928758104665  0.02745397537727503
  0.02825469642718779  0.02909705229839154  0.02998045055812882  0.03083693786061456
  0.03163852519376296  0.03242361833852786  0.03330974738212467  0.03413785906245282
  0.03492181179315020  0.03567435173549535  0.03643843825070017  0.03722430597979918
  0.03801926586888930  0.03881002534180360  0.03961162262358495  0.04046253988636435
  0.04134507069493843  0.04226429621281533  0.04320111258830472  0.04412854019073752
  0.04505478326818566  0.04600005500207369  0.04702654060436161  0.04810384859278916
  0.04923125987233582  0.05032947716124201  0.05147214821463791  0.05270603940388001
  0.05398110143334640  0.05532590896174799  0.05674940500053356  0.05821244364154791
  0.05970787813366462  0.06118736461339577  0.06271773721128272  0.06427314412762042
  0.06584876473012716  0.06748935824461741  0.06918586933807594  0.07091388302768660
  0.07270974189816551  0.07453710713701397  0.07630053160397481  0.07806248281307879
  0.07980777052231740  0.08158505278306645  0.08340910476121356  0.08526207726993996
  0.08718731618110501  0.08928383883290782  0.09147852249543020  0.09377523285557322
  0.09603658062770645  0.09825672705008442  0.10051809472076281  0.10290822981050371
  0.10543677173676835  0.10808107557974607  0.11095803933307095  0.11420184616461519
  0.11799065185526883  0.12180038893681551  0.12553032913511136  0.12905554518344681
  0.13263889760155881  0.13665264261669691  0.14182626032818052  0.14816531951777173
  0.15586539258420787  0.16553425129566618  0.17691467198323513  0.18663426335059863
  0.19642483982331901  0.20768907789540070  0.22162283797965945  0.23709573186462676
  0.25524971559329890  0.30941562423990782  0.37439341517260444  1.00000000000000000
 -0.00000346517301306  0.00002445581098148  0.00005819778754823  0.00008791885431747
  0.00011466688009166  0.00014326346031520  0.00017536022879908  0.00021068162361802
  0.00024846082182296  0.00029032517803673  0.00033544090908786  0.00038136613868158
  0.00042934729642767  0.00047706769490447  0.00052554172013762  0.00057511156470608
  0.00062859780933981  0.00068764798341404  0.00074829341152041  0.00081742704886683
  0.00088596510142034  0.00096289167997368  0.00104214710431146  0.00112220061978084
  0.00120198704918431  0.00127957575708520  0.00135614180811655  0.00143552146756688
  0.00152075240909115  0.00161544960761227  0.00172282324975647  0.00183215958732535
  0.00193853005965298  0.00205064024404773  0.00216806867023419  0.00228423015299264
  0.00239692725406506  0.00251091444000404  0.00262952101424130  0.00275915797753976
  0.00290104616051887  0.00305473255349450  0.00321101846776071  0.00336724537127590
  0.00352391205925531  0.00368179476574426  0.00384220352862436  0.00401470479552023
  0.00419207138975179  0.00438162349160516  0.00458361749566986  0.00479758385776004
  0.00502438851655293  0.00527083230067983  0.00554317414806497  0.00583588587686893
  0.00613850614324201  0.00644949389712200  0.00676034999423014  0.00707178447063778
  0.00738925478284153  0.00772448159517719  0.00809011033899575  0.00847973540633512
  0.00887573676047473  0.00928628536004147  0.00972470854533536  0.01021287031060214
  0.01073542017611327  0.01133330698950987  0.01197596636480163  0.01265768537279851
  0.01341965243244896  0.01422603537353118  0.01510681669817934  0.01607952577917099
  0.01712349732546906  0.01820457824500331  0.01937068454674034  0.02070388338272002
  0.02215258525996865  0.02375443720346222  0.02555793471839038  0.02755667097953117
  0.02973721201035288  0.03207667470090636  0.03477120342002587  0.03796129918327233
  0.04194896288521709  0.04666852399794907  0.05302733220892585  0.06328528556064904
  0.07999329311460013  0.12304613963435422  0.47534148308719626  1.00000000000000000
 -0.00280523968215130  0.01015761846475347  0.02149370753958102  0.03322368475307315
  0.04404995626375877  0.05434736649573331  0.06440253520766112  0.07469094613456410
  0.08487372835905950  0.09440503128866244  0.10372962411215453  0.11339531404274555
  0.12334572789185118  0.13324744524316237  0.14327993658391880  0.15329383425584794
  0.16290669117918408  0.17266076060246993  0.18322112191046411  0.19398055879241805
  0.20441282787472156  0.21482747160819826  0.22567572366546471  0.23645586054711770
  0.24653993989895265  0.25605221605926715  0.26521764951118265  0.27473076390196083
  0.28439766718696552  0.29427522659701705  0.30456386771095528  0.31532740781388530
  0.32605267960986550  0.33616273667388236  0.34599042433932792  0.35592287571920173
  0.36602585472229060  0.37648740610593528  0.38694527934920797  0.39721117210139339
  0.40727407098911145  0.41715823991173806  0.42724730566084035  0.43768565837610585
  0.44850070919458640  0.45938435047029424  0.47026749383048499  0.48122371553808374
  0.49231938139155018  0.50326228771681114  0.51378702754659178  0.52425987711046340
  0.53503714815014569  0.54582719857554796  0.55605535219651714  0.56621158391136295
  0.57666906189158340  0.58700762882210777  0.59654785744910432  0.60588021847750562
  0.61552014631560770  0.62558245372246157  0.63588229228901794  0.64646680978272819
  0.65745152924418648  0.66863694994546374  0.67961153124651030  0.69047573062537371
  0.70153458750170872  0.71233819277247301  0.72322386079652268  0.73482088758529884
  0.74723807186087543  0.76010997125513757  0.77360098228058305  0.78630932751875726
  0.79795148784054237  0.80838569134128391  0.81852016558933283  0.82957699305989430
  0.84093391812531293  0.85253548741637253  0.86406946415492969  0.87573903364947281
  0.88693577241070665  0.89830465280366845  0.90966532056852467  0.92012516644708864
  0.93014110015981111  0.93994603397112286  0.94990241254518304  0.95986891162634058
  0.96951176351057866  0.97969588549896636  0.98986029104804296  1.00000000000000000
 -0.00241958342769182  0.00983581628090958  0.01969030305085920  0.02969144400163866
  0.03976214050120740  0.05007639639258259  0.06002574324030954  0.07022821581364655
  0.08060921412859294  0.09164506289206352  0.10258351877629961  0.11279456373672210
  0.12250596372601860  0.13168127169699786  0.14030724409318018  0.14913267626435692
  0.15858932492199304  0.16846319562937490  0.17941992511891941  0.19101835171850989
  0.20314306023476247  0.21462900745056787  0.22521054322552417  0.23545453011655265
  0.24578345304769048  0.25600556043376399  0.26604366971947180  0.27660573105748765
  0.28709228690796584  0.29735027810033582  0.30757156879774861  0.31884974175315578
  0.33055565227189626  0.34221221630329324  0.35353826728650556  0.36552976053560082
  0.37736664102065931  0.38887300240896788  0.40034473825209510  0.41227472408313137
  0.42328518550895045  0.43319459218695533  0.44293217084159792  0.45293225045152541
  0.46313876766405598  0.47290545809431489  0.48299146300271578  0.49343121620013430
  0.50350034658234599  0.51304047382389517  0.52252654188705094  0.53298339255141924
  0.54374905561170606  0.55504670689535318  0.56542545239519093  0.57514320626314941
  0.58517411718583889  0.59502803129199289  0.60508357586648731  0.61541626205295641
  0.62615635597940411  0.63715929662114690  0.64808396170028637  0.65864838364779532
  0.66890321094326244  0.67925690582151810  0.68989143950648735  0.70101181803599533
  0.71205594587482057  0.72210566634470630  0.73257383699647538  0.74214266674151097
  0.75193914232293957  0.76180081477858286  0.77198327586851612  0.78265097286737084
  0.79342626306011743  0.80485135219757364  0.81610638794113011  0.82702794581642536
  0.83755393360098784  0.84786248496237404  0.85854293314580665  0.86935861588554231
  0.87962263461840540  0.88938354520307494  0.89963217820091246  0.91033645655262296
  0.92109848911824954  0.93122915088874325  0.94227244927576048  0.95404748844265530
  0.96612642733637177  0.97789408864167915  0.98899990170566388  1.00000000000000000
 -0.00155157772618896  0.00499593567487661  0.01096956581471439  0.01697009956998557
  0.02327773406517839  0.02943727511331150  0.03527793784328140  0.04083265922070400
  0.04616871363326982  0.05163848212561029  0.05772945139474329  0.06383186621870666
  0.07029465186125583  0.07641118034597909  0.08219957079824577  0.08830033213301064
  0.09431485021586229  0.10030781931855977  0.10671382649011399  0.11352735484619608
  0.12046742265161926  0.12744829270043687  0.13446604325202760  0.14163689652837527
  0.14899148054894631  0.15646828555210485  0.16410348442732711  0.17169992882116580
  0.17895073748696835  0.18616986244253458  0.19377653091079441  0.20176089541284795
  0.20974852952143772  0.21771009546170625  0.22539434014445742  0.23320346547568760
  0.24121531934223583  0.24935231641510269  0.25770080898388037  0.26619358891340184
  0.27449877569228143  0.28257623082228034  0.29043134588250979  0.29823401539037153
  0.30629525307171196  0.31427187927964978  0.32235353581557108  0.33026431897058833
  0.33908286097045759  0.34810892421133355  0.35737570302049221  0.36662888955044481
  0.37614343726644872  0.38574685298268535  0.39549821342063241  0.40516313636383039
  0.41487346453963797  0.42557439018273180  0.43656453381504123  0.44773753849061293
  0.45848900187931430  0.46959663745321356  0.48109073411930547  0.49246225230439433
  0.50371256626210392  0.51468411463643116  0.52532137160626668  0.53596019374081261
  0.54672592375767137  0.55760916411412942  0.56843787710053195  0.57898777235280507
  0.58924023266087322  0.59961557830867618  0.61035762768767410  0.62094412273997801
  0.63188464482990736  0.64372376306522239  0.65589949703719708  0.66838894759049516
  0.68064431347713050  0.69463445131692048  0.70936906354354390  0.72414611303618959
  0.73962675097565411  0.75590641035649808  0.77184921385003169  0.78907612544062111
  0.80943771177465118  0.83088447420662859  0.85363337357762537  0.87728493894782555
  0.90141220840336977  0.92727450129266498  0.96015028197640284  1.00000000000000000
 -0.00356620700948848  0.01235581187840219  0.02612479984592117  0.03873682130666698
  0.05057839898095343  0.06144480261214361  0.07115146788154410  0.08078218698897159
  0.09061913507694119  0.10040316094897263  0.10976377793947585  0.11900233324425283
  0.12829830626142166  0.13765976836011184  0.14720802994394738  0.15681784687259470
  0.16694239137848169  0.17649426437741680  0.18635496349533739  0.19877113536875018
  0.21132791676652762  0.22339502392650534  0.23486069716087807  0.24628473270432988
  0.25750861421240173  0.26835903318206517  0.27917267279152902  0.29005706737362946
  0.30093815645258337  0.31178897488683138  0.32262280575890551  0.33383827782450676
  0.34531787040614587  0.35635317544121542  0.36694719807674930  0.37733029868331619
  0.38774821764947193  0.39788864344877983  0.40776309001236399  0.41747039576393824
  0.42777895928198745  0.43798009578144176  0.44839694247347950  0.45860820639744815
  0.46900228153561641  0.47920698494004060  0.48984858189953828  0.50027536938882844
  0.51017226001319416  0.52008064858393421  0.53062463128560022  0.54200097570174510
  0.55348508071513847  0.56431162036434013  0.57452012344957937  0.58433807100853719
  0.59400081873339083  0.60382265682569525  0.61388107576461137  0.62449268316157558
  0.63546986181837251  0.64646653737527593  0.65713348185387610  0.66745966982311933
  0.67743848901424886  0.68722438277746056  0.69748235468440933  0.70857228025251340
  0.72054559539822061  0.73321065783267414  0.74560667174360395  0.75681012186388419
  0.76693265861925763  0.77654642274267949  0.78603400499531884  0.79600531346710068
  0.80642304384680774  0.81700666918787290  0.82740261374496737  0.83807575146508062
  0.84914616018679401  0.86009464223036314  0.87107833168434035  0.88196567900054301
  0.89274495095894535  0.90246821408573663  0.91196110742936265  0.92208114872640523
  0.93269112987000857  0.94226478003114611  0.95175800983362313  0.96120597047094614
  0.97172049103842073  0.98161413770286021  0.99107211347999513  1.00000000000000000
 -0.00238915011802263  0.00919968939837884  0.01927841924544799  0.02964708995017247
  0.03951385381532652  0.04856130827502918  0.05755366810694001  0.06677058414101941
  0.07687463353020964  0.08695810317197321  0.09734007756142783  0.10746927340281875
  0.11753454603933225  0.12812013272202469  0.13917000902604054  0.15046017730747960
  0.16186662573949376  0.17292735828550804  0.18374107192608080  0.19470981811690419
  0.20557329270750108  0.21643131957869194  0.22669581219959239  0.23756706867129995
  0.24847578619379099  0.25922050445515871  0.26980260247504634  0.28036774370890000
  0.29108279033428497  0.30108148722437572  0.31190732503307494  0.32326574256407042
  0.33455959299522592  0.34521506125150880  0.35562218163451875  0.36643064523087177
  0.37720847955517994  0.38820913505390603  0.39883324693219324  0.40899592873462959
  0.41956330994103308  0.43013987621933203  0.44171082838457387  0.45291466290263738
  0.46444553698755786  0.47505675716296281  0.48645907619107326  0.49782362118032691
  0.50923686314981365  0.51973742326323125  0.53070896160650971  0.54064686871923018
  0.55035830797735774  0.55991035014985202  0.57035348841306177  0.58074983397472957
  0.59074190982329133  0.60075739532242778  0.61108928375831606  0.62108134136001025
  0.63090492700681700  0.64069460095794206  0.65064269351094894  0.66065084538565511
  0.67098983199859241  0.68198110588298477  0.69351413175525911  0.70570457863696501
  0.71912955305821136  0.73185681201941921  0.74270460598963628  0.75305806255110896
  0.76393015718316504  0.77465680897552092  0.78597568926724837  0.79725175069952070
  0.80784782170165592  0.81744571921849829  0.82671458646349261  0.83613174587305705
  0.84505923642435432  0.85312140425688177  0.86178100101707145  0.87065302731173766
  0.88035746219588507  0.89023294877749970  0.90043966789631713  0.91118970604019822
  0.92207354608741177  0.93295046712485119  0.94364708423363186  0.95444697516209231
  0.96586286422246870  0.97799223644451039  0.98916775820743819  1.00000000000000000
 -0.00720843423901871  0.32382483197134360  0.42271399955490202  0.48426724476843380
  0.52783037004425204  0.55947450981589597  0.58536392996370790  0.60835031872541823
  0.62860422697870277  0.64675999460690103  0.66260302430435913  0.67698295978113066
  0.68994151600669307  0.70166143317911900  0.71212265004993180  0.72163764886726767
  0.73080522049535290  0.73916132772125254  0.74691951950639446  0.75416774357090410
  0.76112354328147558  0.76802617148032049  0.77471021797396078  0.78112096933989672
  0.78737078785299430  0.79350671822895080  0.79953962255872069  0.80528200060808630
  0.81082205946655539  0.81613849502100000  0.82119387475521011  0.82598408899824571
  0.83041801655304892  0.83446594556757026  0.83817594060727540  0.84167028429131130
  0.84523512789125466  0.84877726701733902  0.85226575205399258  0.85564752700171276
  0.85883078353717901  0.86203406381009828  0.86518726449267480  0.86826380984815466
  0.87123184699499001  0.87404794591242307  0.87665691957337000  0.87909147226431306
  0.88153770023077749  0.88399241461829781  0.88645933925186371  0.88881296677486188
  0.89111430506552303  0.89341145889745610  0.89569520373379596  0.89799161487159185
  0.90032731241421349  0.90257821118358250  0.90481920027109641  0.90695724856643456
  0.90899138204195629  0.91095892153129132  0.91289530702484856  0.91482883186390707
  0.91678078848676692  0.91867644449232866  0.92055411140122023  0.92247344907577344
  0.92444101764797237  0.92639822107971415  0.92833194179374889  0.93024364526753267
  0.93213883225204441  0.93400524315849887  0.93582549388236103  0.93760842024370972
  0.93950159385726006  0.94136471623201945  0.94321852590450850  0.94505102897326543
  0.94687325748069084  0.94872583518189224  0.95074598381144004  0.95273122507213959
  0.95469111465491507  0.95669907092252071  0.95882306682138319  0.96103870092060650
  0.96337627615804111  0.96583302000165649  0.96848949329648937  0.97142123874117781
  0.97476631751951504  0.97924587293915188  0.98673315071474443  1.00000000000000000
   4.2746063214892014E-013  -1.0000000000000000     
 F F F F F F F F F F F F F F F F F F F F F F F F F F F F F F F F F F F F F F F F F F F F F F F F F F F F F F F F F F F F F F F F
  <DiscreteSampler_grid>
  grouped_processes
  1 # 1 for a reference and 2 for a running grid.
  10 # Attribute 'min_bin_probing_points' of the grid.
  1 # Attribute 'grid_mode' of the grid. 1=='default',2=='initialization'
  0.0000000000000000 # Attribute 'small_contrib_threshold' of the grid.
  0.5000000000000000 # Attribute 'damping_power' of the grid.
 # binID   n_entries weight   weight_sqr   abs_weight
    10   10   2.244427432314777E-001   2.969821203398040E-001   2.244427432314777E-001
  </DiscreteSampler_grid>
