  0.00922667264741707  0.01681302638383933  0.02636119270196546  0.03928353538080003
  0.05015198713712060  0.06061637979937652  0.06973125412071950  0.07857719472142446
  0.08714144664393704  0.09591646909365904  0.10503575290789623  0.11498305991211365
  0.12511050034208235  0.13602127374074902  0.14709609795251752  0.15833352871350317
  0.17047632603324700  0.18293686101166559  0.19417560289354510  0.20437962336778909
  0.21440552423157155  0.22482535182435898  0.23538358066008661  0.24546372920469151
  0.25531113409356920  0.26519248302556769  0.27520371744484629  0.28575486457470706
  0.29638779149451250  0.30651745949850134  0.31629295896826459  0.32614206657743411
  0.33663677623483107  0.34743224086588520  0.35855742775157051  0.36985259298722573
  0.38306058654668956  0.39651352840570031  0.40873483906074498  0.41996310121363412
  0.43033023801611126  0.44124824032268217  0.45207045821598213  0.46243278465965931
  0.47169976822493181  0.48099932771044723  0.49130947655259699  0.50195828242013940
  0.51252631182196773  0.52265089229545880  0.53222104226863043  0.54267662101274949
  0.55255918233595613  0.56276957136813566  0.57281891881579317  0.58264369098873581
  0.59225223254121195  0.60131970428224735  0.61158684606727287  0.62245666853478032
  0.63319242098264539  0.64339778500145783  0.65413140984058527  0.66470846692229801
  0.67569456159204377  0.68711522550651072  0.69940460511782165  0.71146222987052976
  0.72267359766970662  0.73327658849095900  0.74330212333693257  0.75322757588859457
  0.76382288320697989  0.77527162928515025  0.78583563159692871  0.79605487557457655
  0.80611895026726998  0.81665426752862347  0.82721783884792677  0.83849997746701066
  0.85023442227718204  0.86142834004819335  0.87231245689094383  0.88297075490444588
  0.89362901609975376  0.90439391012482406  0.91486921875888583  0.92544868391981638
  0.93571504531343375  0.94634923715841146  0.95644943668177429  0.96574493814654983
  0.97473197865184558  0.98418388672156887  0.99038929271928766  1.00000000000000000
  0.00108443486829482  0.00160619736054874  0.00193447560208486  0.00220284677199227
  0.00244556611686454  0.00267844590207662  0.00290158257740408  0.00312147911364570
  0.00333975220555763  0.00357025077184861  0.00380125607005657  0.00404471894559150
  0.00429948214565192  0.00456116890749148  0.00483175894045887  0.00510359155483531
  0.00537113669782037  0.00564989236425085  0.00593454275104952  0.00624186775416318
  0.00653436367915455  0.00682515264030141  0.00712307636396123  0.00741114712923136
  0.00768399911548830  0.00795867724366167  0.00822713196602696  0.00849898252549748
  0.00877932491230886  0.00905996727494105  0.00932008095869226  0.00960551958770212
  0.00992272579369323  0.01027182404303697  0.01067518140896725  0.01107788833161967
  0.01154701680363021  0.01204459853496956  0.01256979385966462  0.01309098956562251
  0.01356462363172176  0.01405243292001229  0.01456154199796424  0.01508033077312028
  0.01559751976064380  0.01612071874012221  0.01666563439269266  0.01728241784853314
  0.01793688581551162  0.01875198823901944  0.01966633234745050  0.02070090998264915
  0.02166468133329694  0.02262427848094493  0.02352144398189596  0.02439869165197071
  0.02549482734070358  0.02704706899493433  0.02901219980488080  0.03044804441696785
  0.03179390368541067  0.03321482248089076  0.03478949551782404  0.03648129499963183
  0.03815177762204389  0.03981627881061998  0.04146276675950508  0.04298109991651423
  0.04440996158886418  0.04592195238988400  0.04753657144479857  0.04916982353778596
  0.05082917612686229  0.05263542462452404  0.05569766393814295  0.05997172807419324
  0.06349922443183594  0.06675615808182751  0.06994843817658955  0.07285816166793038
  0.07574795556626535  0.07891705953360247  0.08218369307528933  0.08558322317456109
  0.08903815778257892  0.09328125264715414  0.09954712430034723  0.10484696232745824
  0.11832473597676912  0.14434036333445699  0.15655661398868670  0.17136132350564495
  0.18929775182989486  0.23295354023417733  0.24971763201626315  1.00000000000000000
 -0.00000279151059573  0.00000955369603947  0.00002270288553197  0.00003412891541889
  0.00004441189344515  0.00005446344414127  0.00006473926921771  0.00007520643016445
  0.00008560606944804  0.00009593843960259  0.00010670820305336  0.00011843284167689
  0.00013075003757626  0.00014401633132437  0.00015831275075381  0.00017199824730170
  0.00018572228129259  0.00019962456446112  0.00021430384422637  0.00023039344599123
  0.00024767512738724  0.00026484843191752  0.00028141734128915  0.00029792116867764
  0.00031535830782433  0.00033399319498795  0.00035281788136455  0.00037329165563002
  0.00039608499784447  0.00042050185518389  0.00044609355780705  0.00047236841178645
  0.00050129613081215  0.00053126822991193  0.00056125791073210  0.00059329962375141
  0.00063003852824832  0.00067176397622084  0.00071339964846183  0.00075318476164082
  0.00079399426451305  0.00083758557462181  0.00088457136187953  0.00093469323890691
  0.00098625706311208  0.00103737704955742  0.00109390252490379  0.00115526235145349
  0.00121895663070573  0.00128280024526827  0.00135176011072717  0.00142981523722300
  0.00151689953560139  0.00161073529856377  0.00170775835495193  0.00180718153797144
  0.00190804341620836  0.00200611021867775  0.00211219479366072  0.00222391851404691
  0.00235401225181345  0.00249151119285184  0.00263789663285775  0.00280058045041566
  0.00298732000365857  0.00319094171470615  0.00340871497935579  0.00362851334746671
  0.00385436901142025  0.00409828726595316  0.00433286594546554  0.00456266420977891
  0.00480138897519133  0.00507000144473880  0.00535182928082614  0.00565956603237827
  0.00606335356123278  0.00653599608684373  0.00702461501035935  0.00760146630829191
  0.00836497713351728  0.00922836782792788  0.01010911307922249  0.01095719366225612
  0.01189818277252615  0.01292941111031496  0.01420897392332945  0.01582718673530208
  0.01768499735584838  0.01998815807457447  0.02219535234286191  0.02426114279940784
  0.03117609702865055  0.04186384367234214  0.04442902112547985  1.00000000000000000
 -0.00257678508061079  0.01133996580090255  0.02271141630827101  0.03480350520891379
  0.04658718669925001  0.05952101664795658  0.07187283323584838  0.08279672964235882
  0.09411313095881510  0.10422146929540556  0.11446987769445909  0.12475675359825437
  0.13628933429704887  0.14646507700517031  0.15551554580738769  0.16447371247880724
  0.17288148434759321  0.18144563348022211  0.19039129075137856  0.19885584375689211
  0.20702383267586472  0.21502841215980228  0.22305769151954530  0.23177122391780847
  0.24148935184271561  0.25130447808327333  0.26069751522119811  0.27031785517444185
  0.28079367693189572  0.29173752695839628  0.30312999150269998  0.31551339049054911
  0.32895730639977799  0.34077046695092622  0.35091569849497295  0.36119813757420599
  0.37197499012158136  0.38332255612918409  0.39452247422863918  0.40584471834783686
  0.41744033715919199  0.42843461114375725  0.43890940711725573  0.44905065658352239
  0.45956207222797696  0.47066867065494905  0.48151476883928485  0.49145506954130419
  0.50114687469435371  0.51092683109517856  0.52226095729859578  0.53405741658630346
  0.54505298631875498  0.55543919774081540  0.56617494093952325  0.57823210127287517
  0.58998189478785834  0.60172239943930161  0.61315495704846334  0.62466491057853823
  0.63597328957285948  0.64658535493780589  0.65642988869122965  0.66651978468639328
  0.67751476262450405  0.68872635722167408  0.69978220263181268  0.71055438825970918
  0.72056312577329051  0.73049721489951236  0.73950517282014727  0.74898506381382568
  0.75797983124360346  0.76782886607864109  0.77846961397196945  0.78946520155995303
  0.80057853869318107  0.81113444205840923  0.82102410140021931  0.83070526555087287
  0.84024848101703198  0.85022095142675536  0.86114772197296963  0.87292163680089141
  0.88521573186634472  0.89684324616100375  0.90754394007061867  0.91742236866975801
  0.92716487989709284  0.93683673789466759  0.94650121395766829  0.95598400744332668
  0.96615592270844175  0.97749999226087336  0.98861350268733261  1.00000000000000000
 -0.00299113162280421  0.01050256109665791  0.02285949020181498  0.03428569783363437
  0.04540092258916066  0.05586699155271975  0.06593517779933268  0.07666077907844662
  0.08774924890857982  0.09838212549008601  0.10900879776017428  0.11997078281313545
  0.13102569610737469  0.14161143616402974  0.15213848477246342  0.16210292617235145
  0.17193732107809220  0.18199691284743996  0.19245086413105081  0.20322140739080866
  0.21387253765652234  0.22474350597060849  0.23596711878418272  0.24742641084335346
  0.25905082865986129  0.27065562492464235  0.28199039783979574  0.29314972134490574
  0.30421744746010143  0.31539458802255410  0.32670692346547320  0.33767978695180439
  0.34846786282134212  0.35959442443977441  0.37156001670642141  0.38390843526412760
  0.39723422439178485  0.40847128116288745  0.42037424559060410  0.43243239477480666
  0.44412804085401758  0.45639503355614225  0.46820092850885203  0.48052850491509730
  0.49255034596495195  0.50456009109750266  0.51612424181008409  0.52736783313962821
  0.53878126264284321  0.54999654766329031  0.56174344983696611  0.57029329740476842
  0.57929048895303070  0.58933283834302053  0.59954194364811075  0.61032520741865515
  0.62064176783509883  0.63081701266184953  0.64070388063676953  0.64963540809436715
  0.65829302881666252  0.66732987104209629  0.67682366301113683  0.68646847103411424
  0.69698185190421669  0.70798030692176661  0.71818107247089835  0.72745069307548338
  0.73633444580117913  0.74499938851126657  0.75402585274366618  0.76349676798627542
  0.77341834013207034  0.78394810269019710  0.79411177154333956  0.80360548378643781
  0.81352273165373590  0.82306253433691090  0.83203068355781984  0.84102726849092790
  0.85010261453284985  0.86020460208837890  0.87062479700700790  0.88116030827937786
  0.89170490083509513  0.90093445642306136  0.91000378207618482  0.91938059684700590
  0.92927684328531657  0.93901393245636267  0.94809288053596663  0.95733142962098605
  0.96738593871976708  0.97804332962932583  0.98941445627344626  1.00000000000000000
 -0.00174529809321030  0.00632776523212292  0.01411926463495125  0.02186583339838152
  0.02987782143616937  0.03814088113354518  0.04530012299489501  0.05248356024003230
  0.06035362165427663  0.06790478569151059  0.07529273093409627  0.08236872806335103
  0.08910834973894929  0.09562238254491300  0.10198251523111856  0.10811208786544604
  0.11422283746153084  0.12059092310743877  0.12695419098588431  0.13337256135738257
  0.14006263870988508  0.14703943626848776  0.15393178456279050  0.16037065742343401
  0.16671158108747275  0.17344160029176045  0.18042333636579519  0.18794975009598275
  0.19727170157661289  0.20668369639078873  0.21571791245109523  0.22406114018557630
  0.23214105120298095  0.24015026474793291  0.24789091934837421  0.25594872329902113
  0.26458681674085516  0.27379278169422683  0.28337927142585773  0.29242811019074816
  0.30086479052302917  0.30886643722991636  0.31630373120940641  0.32405458559835498
  0.33217570165124244  0.34122973974490778  0.35027564809940093  0.35887755299272933
  0.36709871614249867  0.37554211214897260  0.38433826441424407  0.39371410938698809
  0.40287924303099487  0.41197698688001860  0.42067091380201665  0.42931294850378676
  0.43770299742109098  0.44632052412823181  0.45490470499713842  0.46381955700720445
  0.47293657533086420  0.48294399755363676  0.49384085777377912  0.50489310164054457
  0.51608824766206030  0.52732993666197503  0.53808789001863355  0.54948963092873293
  0.56099712292117720  0.57257581673512037  0.58429712500379949  0.59628344610693995
  0.60834506209086370  0.62044351978722234  0.63253079541920021  0.64449960801463080
  0.65677670696611268  0.66970611489235499  0.68422661984392541  0.69952725563694473
  0.71497256515323826  0.72922562168247951  0.74358463143552611  0.75801619821249333
  0.77277739875264895  0.78906211293316220  0.80578763904042272  0.82344949459786176
  0.84219725262710587  0.86324879009716260  0.88414850663349154  0.90477456499312259
  0.92693210864225895  0.95034234679386165  0.97483871108137898  1.00000000000000000
 -0.00254914672218664  0.00930779611074036  0.01926741727162948  0.02980496074227199
  0.03961889279897168  0.04879651137472155  0.05782540170675975  0.06775334211765219
  0.07729873830474611  0.08617745224525029  0.09498710495223957  0.10407360642235365
  0.11343374266686004  0.12289826825463331  0.13315385676606778  0.14386140880073833
  0.15381974992930039  0.16375848804639256  0.17454853904002807  0.18594509296397646
  0.19675205459464312  0.20784431339515380  0.21996072771202671  0.23171743119788960
  0.24231343377370795  0.25245275063250122  0.26285408420801137  0.27406866857949619
  0.28545857897826937  0.29697399489406368  0.30764917501042216  0.31786515955315037
  0.32827520348209066  0.33958138468999716  0.35151130583794649  0.36375085075779184
  0.37703214791834916  0.39125186177055105  0.40530379058465943  0.41803895854826045
  0.42938710110086342  0.44045991443846139  0.45139627446029368  0.46154040026622251
  0.47104267021295787  0.48026485117362866  0.48995558552941215  0.49950064959035939
  0.50909777975095494  0.51916270070948034  0.52973029972353358  0.54056310642369965
  0.55076764420705238  0.56095479959336114  0.57129663727911628  0.58201131516345550
  0.59211303212235555  0.60178202126056257  0.61149162655333200  0.62083046364325134
  0.63060022047899422  0.64046063343477622  0.65030508148029698  0.65989316805338483
  0.66976910464984674  0.68006322358236526  0.69022339395650778  0.70025937950758810
  0.71136570026787427  0.72361351513151317  0.73551900834443196  0.74646256369231445
  0.75637930517376062  0.76541450721724591  0.77410023384371496  0.78254468564576363
  0.79127230121117986  0.80098542210951207  0.81129396086366978  0.82313596540584000
  0.83398656988393427  0.84524280840910682  0.85702376728789043  0.86958939991860407
  0.88277107541310418  0.89507835094425714  0.90673540812523212  0.91721376160514312
  0.92687862618889227  0.93723737202286739  0.94804285757694995  0.95810323390709806
  0.96779691504533649  0.97695013877232573  0.98872813563079576  1.00000000000000000
 -0.00299000894125106  0.01084029423276022  0.02260452775474624  0.03412345716649459
  0.04573539331009143  0.05660674545136502  0.06664756019751206  0.07540818292087714
  0.08478886258906806  0.09481925982829423  0.10655923991087543  0.11722151989495838
  0.12806747498289375  0.13945910082255178  0.15272054637647578  0.16565636333365300
  0.17841556257746163  0.18951159333517770  0.20039106693804745  0.21056259565296814
  0.22061013579953020  0.23010681379209411  0.24057737768015122  0.25079039112841078
  0.26152319368456772  0.27337038180375017  0.28449921195760597  0.29519882214442089
  0.30477679124162549  0.31446116461469470  0.32402910318576400  0.33386694652053289
  0.34438393838595077  0.35535958191823513  0.36568998345965209  0.37554969191407855
  0.38539698742922440  0.39566725713049655  0.40663547807443512  0.41835036102296913
  0.43060948995607146  0.44220583506997324  0.45298748725883525  0.46320601428135155
  0.47338788292793010  0.48405655733352670  0.49521637587811201  0.50565275683095146
  0.51446359248064688  0.52326606146391441  0.53218067699753047  0.54183616431413351
  0.55152771232128206  0.56136205730674449  0.57160820088329889  0.58195802087998294
  0.59223491580984367  0.60224855041220671  0.61228074307700009  0.62240792761994579
  0.63229629583158520  0.64210422896677000  0.65159528258502275  0.66086227628559335
  0.67001458988368623  0.67911175149337188  0.68814493471843585  0.69770524390216115
  0.70703341883458226  0.71685850112939420  0.72718712451209788  0.73919479277562594
  0.75270878511300454  0.76585036288511188  0.77845468704463550  0.79044351624756592
  0.80170365448747705  0.81312218061604136  0.82462828557591017  0.83604018099125887
  0.84714775309012547  0.85836580323896972  0.86994770225246332  0.88154967211009183
  0.89301717783749612  0.90419655106648267  0.91545897677408128  0.92684227500177141
  0.93802617201012206  0.94904657268847448  0.95894780841686689  0.96757391457568398
  0.97599518112077399  0.98409620621604754  0.99207219396115942  1.00000000000000000
 -0.02229026107847536  0.36688407869850131  0.47713070717644307  0.54140954671391406
  0.59005539921332339  0.62822059266160002  0.65730045545720339  0.68101289740816107
  0.70183851133756692  0.72031870318154845  0.73695144047138816  0.75274953733858851
  0.76618176401320170  0.77801826163729693  0.78901688619480415  0.79928982600408538
  0.80934273178265836  0.81857324351037741  0.82688672025488674  0.83449063875521079
  0.84159760997598465  0.84820647544087380  0.85464677553633317  0.85997601498130005
  0.86540139208318823  0.87068194655308295  0.87553455485563314  0.87979432228391008
  0.88377132148209780  0.88766331181207436  0.89180371972911321  0.89574436714387506
  0.89926236475843591  0.90253953735736547  0.90588990328384889  0.90927349169745808
  0.91247611039757393  0.91551765250225081  0.91811400925826281  0.92060838327924599
  0.92308853473034358  0.92549266310973222  0.92795995267615872  0.93037858316000877
  0.93275113255517839  0.93511337488358348  0.93743445119962632  0.93964829607448697
  0.94179740517876032  0.94387666424142158  0.94576606893975190  0.94755097065164340
  0.94928555281530769  0.95102606127320399  0.95273452109430412  0.95442571223882477
  0.95610952740939859  0.95772421977589506  0.95923203704563997  0.96061665647654448
  0.96194599321464591  0.96326302765234961  0.96454257277790945  0.96579212937446002
  0.96703559677705631  0.96825617698157762  0.96942978540393787  0.97054734091436046
  0.97161499752448666  0.97264123566350902  0.97369181781069014  0.97476072383708134
  0.97582451111976609  0.97687891888934442  0.97793461268861126  0.97900718224118100
  0.98002199515895227  0.98100569288616579  0.98196928427232599  0.98288544247029452
  0.98381019717476770  0.98473036895154353  0.98565671683839928  0.98660533849196796
  0.98757216261394565  0.98854694558145240  0.98950893294209619  0.99044497635579654
  0.99137087225775400  0.99231446801957379  0.99329479851062774  0.99433785247604678
  0.99542579356743977  0.99666836678069692  0.99813040368598749  1.00000000000000000
   3.8440398668157648E-014  -1.0000000000000000     
 F F F F F F F F F F F F F F F F F F F F F F F F F F F F F F F F F F F F F F F F F F F F F F F F F F F F F F F F F F F F F F F F
  <DiscreteSampler_grid>
  grouped_processes
  1 # 1 for a reference and 2 for a running grid.
  10 # Attribute 'min_bin_probing_points' of the grid.
  1 # Attribute 'grid_mode' of the grid. 1=='default',2=='initialization'
  0.0000000000000000 # Attribute 'small_contrib_threshold' of the grid.
  0.5000000000000000 # Attribute 'damping_power' of the grid.
 # binID   n_entries weight   weight_sqr   abs_weight
    10   10   8.817977299587788E-003   3.830239000485962E-004   8.817977299587788E-003
  </DiscreteSampler_grid>
