  0.00968542088924421  0.01544517882466950  0.02373594214670129  0.03330816256492537
  0.04302360352216875  0.05305579871965858  0.06388547194591032  0.07531450496750605
  0.08697663512441325  0.09827606779781128  0.10890949439853907  0.11905028414468197
  0.12974796262362220  0.14124929469186340  0.15288703685575181  0.16346170959693909
  0.17322989362423960  0.18285110188425890  0.19273112908053980  0.20308552525232382
  0.21336947900538566  0.22382227060683096  0.23457725326968060  0.24508749905849300
  0.25596277689777119  0.26747390338631594  0.27891376105415627  0.29011292791287951
  0.30078195951199982  0.31212510857179565  0.32332274735853300  0.33475453114124354
  0.34586872457072232  0.35698673795440633  0.36663409272739600  0.37674009368937078
  0.38726793770893631  0.39882150290600904  0.41124792636606311  0.42281712461173998
  0.43377329764816985  0.44468758390702356  0.45625212690237538  0.46841120777886902
  0.48034329484864902  0.49132376259268601  0.50151634705179471  0.51119931607790425
  0.52062833075393056  0.52977628783198372  0.53864037733789105  0.54837295787251639
  0.55833057333869263  0.56851577693187449  0.57785212746501435  0.58853925066885693
  0.59984362248964807  0.61092154937987175  0.62231620431848922  0.63259399836763464
  0.64202828234652021  0.65088964478949518  0.66012378592110665  0.66964937541353287
  0.67920692025383678  0.68851946436462164  0.69881970229316870  0.70916853904880073
  0.71986563575108675  0.73081680706615160  0.74205223358056305  0.75353848708041160
  0.76493502890720866  0.77667624026480919  0.78815163008536215  0.79931815079810797
  0.81056910624544043  0.82057857554122060  0.83001853289132299  0.83932517920244354
  0.84916737883731175  0.86020271173333407  0.87034590545982371  0.87984255292754465
  0.88941985024065096  0.90003380110420561  0.91121475685518383  0.92200020049514941
  0.93103493236778290  0.93996934551939371  0.94861925940356639  0.95768230258820197
  0.96691330516462137  0.97636441979382027  0.98699267435453641  1.00000000000000000
  0.01129366895069340  0.01497189268905542  0.01710159836962273  0.01880778566529025
  0.02024513130160005  0.02157918717953276  0.02288005683184522  0.02419787911183398
  0.02546856294125123  0.02679642988949801  0.02811710587776235  0.02946347318858320
  0.03082311975425049  0.03214520908465286  0.03340714500573402  0.03455422198760942
  0.03566550069958391  0.03683476496900639  0.03805838652508668  0.03932428806060240
  0.04065778019131116  0.04208170591760036  0.04358286735293001  0.04508405777888850
  0.04651597380438487  0.04790586857463205  0.04927642232256049  0.05062316227188641
  0.05195333223202805  0.05327571523646472  0.05465008907532497  0.05611502401566830
  0.05769156541932988  0.05946584344629444  0.06099510471311487  0.06262996444736435
  0.06445675024090226  0.06628959557853766  0.06808745605910466  0.06995659887579386
  0.07204781609257026  0.07420090522813598  0.07630633767318828  0.07843005049771351
  0.08060443769729274  0.08277576529247349  0.08498693417147718  0.08716645476900643
  0.08929476583167255  0.09146971647320570  0.09372598202854217  0.09607718055948709
  0.09853450719946492  0.10100272289427092  0.10348247377442253  0.10592823356537563
  0.10806340232377312  0.11023009367304673  0.11251682797133598  0.11505917029275695
  0.11773853232199739  0.12036175133572841  0.12309442766003191  0.12645039921169535
  0.13022432352809601  0.13398170476853805  0.13774971019394910  0.14184858083085719
  0.14644999224781910  0.15113861241279761  0.15636855454820761  0.16139111049058577
  0.16587975611925193  0.17072471654411595  0.17564084855244802  0.18023579424785469
  0.18447287047286900  0.18897873419054032  0.19413930047143860  0.19986676054602504
  0.20634276687652392  0.21264324043696367  0.21994326146113730  0.24897862512321123
  0.26856793883552293  0.28079567378267645  0.28972846329699470  0.29841450203622338
  0.30711843507313891  0.31892713278931972  0.33827997337939641  0.35779592307542185
  0.37520857553659354  0.38462762129643391  0.46108077249529161  1.00000000000000000
 -0.00000909204116735  0.00004965790150971  0.00008986008147502  0.00012595648700328
  0.00016777784162186  0.00021571230500643  0.00026762940704785  0.00032736136430371
  0.00038956666982086  0.00044969974021484  0.00051559376727656  0.00058463045434589
  0.00065566210501248  0.00072978184225427  0.00081392896640006  0.00091508971104991
  0.00102167520678207  0.00113817951030043  0.00125128857678714  0.00136567406916740
  0.00148883371339849  0.00161328199227999  0.00174806515316934  0.00188959767469685
  0.00203365651722591  0.00218886871817356  0.00234996316811115  0.00250843403546856
  0.00266123284415349  0.00281375540518865  0.00298691045633654  0.00316437970392820
  0.00333127454011687  0.00355672276200361  0.00379852730607109  0.00404803848198656
  0.00430211406031289  0.00456271935835209  0.00484209432422124  0.00514451764243659
  0.00543024908337620  0.00571184787694512  0.00599722131196537  0.00631233024698489
  0.00666100122919920  0.00702967070330108  0.00741811045884230  0.00783437594587611
  0.00826856670722659  0.00872362529332681  0.00920450023197319  0.00967166361574361
  0.01014665662648032  0.01061577795170635  0.01111211945935990  0.01167080025525749
  0.01225754886469750  0.01287617826356564  0.01354829797597915  0.01428762305071528
  0.01511036341508134  0.01596677929109787  0.01683922742532712  0.01782325659290954
  0.01888809960150684  0.02000306181595669  0.02115832661766213  0.02240043312202404
  0.02374118271839659  0.02512088370645415  0.02659523712333659  0.02820087421426123
  0.02995296034914874  0.03190213805689655  0.03389339522904408  0.03618433642258481
  0.03884469699726478  0.04193266358344641  0.04558332040806299  0.04987343578331606
  0.05488716167179735  0.06006191382964274  0.06555121870929190  0.07105053127299789
  0.07682370543413938  0.08384514462299440  0.09127481755724151  0.10110341746637014
  0.11496811924772044  0.12937307199460513  0.14370402937292512  0.18358092899404824
  0.23833254853295074  0.29235135607936752  0.55298360356242249  1.00000000000000000
 -0.00280495202767764  0.01090215661349356  0.02221772117327418  0.03469952765360708
  0.04701813546826584  0.05941855524161976  0.07176299523933646  0.08310124022471466
  0.09372348685200758  0.10421664736686927  0.11487272048981871  0.12570657993169476
  0.13607690284676549  0.14623010219383975  0.15649617737832655  0.16712160971032261
  0.17817244210693764  0.18938013346299626  0.20087967713550922  0.21127069862776743
  0.22071680035127492  0.22995385935680213  0.23935517526392466  0.24921597490974273
  0.25754249409531788  0.26594157767467125  0.27483432769718680  0.28436014373440394
  0.29334431660826860  0.30255462372295294  0.31258685456839019  0.32426115536968292
  0.33623506660353075  0.34720276886842633  0.35852751836274549  0.36968154885048193
  0.38029706182609424  0.39004356798002426  0.39950316105080302  0.40929342893603676
  0.41928106669534926  0.42949172667366203  0.43981190909827722  0.45136690203455826
  0.46399371991533606  0.47664082135292613  0.48894574277110625  0.50102257850550991
  0.51299977502553606  0.52480883955894397  0.53641388222465425  0.54778144814444363
  0.55851834419803370  0.56882644672568616  0.57843552546304622  0.58883574692519203
  0.60015172293393759  0.61116917845673069  0.62192323218886092  0.63286395812400564
  0.64393312156251314  0.65453942729808179  0.66417480552037289  0.67343130862762335
  0.68261258572274142  0.69152760759110687  0.70039716712257394  0.70972277356658064
  0.71949216914518010  0.72929743848106077  0.73918822508310356  0.74934142314725982
  0.75944260983945600  0.76932530882611805  0.77916314514170204  0.78917422791117542
  0.79897801373316035  0.80836965499038471  0.81812759223129949  0.82841844363656114
  0.83897576460584777  0.84976628536636034  0.86021840278891304  0.87087824814226100
  0.88161440195618912  0.89207271047689041  0.90247155922975020  0.91253291640441725
  0.92231090574892882  0.93198458950276719  0.94224895853351409  0.95368445149008818
  0.96492827244455159  0.97626007838965212  0.98780327191874107  1.00000000000000000
 -0.00281917860390160  0.01048664391702693  0.02142786044546561  0.03167848836586219
  0.04177153662072085  0.05159999153116159  0.06124632783534350  0.07107509415186278
  0.08109145892976083  0.09208100034296214  0.10318384871723070  0.11421283633001911
  0.12533829658496337  0.13630856613656134  0.14693726149683328  0.15701464354299008
  0.16728067502134067  0.17690980624074826  0.18594060154900308  0.19489993880445963
  0.20420933133758806  0.21402311657473805  0.22438532080940057  0.23449663159006520
  0.24462424285825898  0.25486312361089591  0.26543834289283957  0.27643044873413825
  0.28758485560129438  0.29872547754901180  0.30999631504943070  0.32159925213722285
  0.33344004877797989  0.34559749657451005  0.35764749283319669  0.36919401474835561
  0.38004627178654049  0.39022994589121207  0.40032615176494712  0.41063566269086360
  0.42119587537294206  0.43203468951862672  0.44345647838469565  0.45527048561371652
  0.46661693409476807  0.47725922240205160  0.48795964482365350  0.49844267712485368
  0.50884342595910437  0.51949323952824622  0.53150631693621464  0.54343621757878491
  0.55529985607403631  0.56727750075587935  0.57925596122811429  0.59105448054027554
  0.60327024326089596  0.61336588181931717  0.62432974489312731  0.63428693617232668
  0.64395011594070661  0.65308093550391344  0.66233957097058416  0.67317359997849424
  0.68489727023138003  0.69667547637318872  0.70823216788494692  0.71943018323021346
  0.73018629334587981  0.73985789345044917  0.74891535137806953  0.75794882484205761
  0.76743534432328375  0.77732396963520767  0.78753384177619312  0.79725839718594183
  0.80666310943516140  0.81586030030574752  0.82509021228625623  0.83451183536625750
  0.84351612064762771  0.85280922636182266  0.86289041881055384  0.87326878591724721
  0.88457990787883967  0.89589261138220244  0.90593701240387403  0.91586868712961711
  0.92593772226514304  0.93578168311346188  0.94535069916904879  0.95514806511542294
  0.96617759008246407  0.97785918539853600  0.98909016651691106  1.00000000000000000
 -0.00091252574839064  0.00642631010973986  0.01291826704681293  0.01950084139608881
  0.02601110443127031  0.03268120608964659  0.03962408837582642  0.04695904008481584
  0.05463141087222583  0.06191801594563356  0.06927698643824318  0.07632894402464661
  0.08342046124655972  0.09061243646554736  0.09801911899565968  0.10536659575622527
  0.11217602023343555  0.11862760607558187  0.12513541601813416  0.13185277382051966
  0.13874483251225153  0.14546490301324369  0.15221650051881985  0.15912306259241848
  0.16632707396005580  0.17393257480544641  0.18182805107518163  0.18986643364465230
  0.19802875030340514  0.20594099699649737  0.21391582200931408  0.22198789725886764
  0.23005653742729748  0.23841603896014099  0.24690936739353472  0.25565146350184148
  0.26455025264070348  0.27340968684839284  0.28259964880153021  0.29203436088996704
  0.30145642276838186  0.31061361859334014  0.31946141830190850  0.32822710816338602
  0.33712045753791625  0.34606858513825384  0.35542545798644332  0.36575527460318691
  0.37604288865791952  0.38578866439103743  0.39516003315165488  0.40396496948008692
  0.41361861266716832  0.42310521775815674  0.43177677692394623  0.44025505974194284
  0.44865284374604864  0.45718789194032461  0.46626155691060622  0.47593441353663135
  0.48610918770999861  0.49654149726192448  0.50644393805794186  0.51602493585051279
  0.52612235098644355  0.53662213506442824  0.54722234328188724  0.55709925019756801
  0.56725713978829218  0.57856551067135364  0.59021418568370632  0.60207471929331435
  0.61391182317359461  0.62567995692949452  0.63720414811776238  0.64968755243938692
  0.66342100186378605  0.67726215104559251  0.69075625146303310  0.70439015444176289
  0.71905980994699348  0.73521199216853128  0.75158331602614326  0.76913905746352551
  0.78748022066518031  0.80421071100669472  0.82071938312164949  0.83843995240194580
  0.85780059435663158  0.87781320705559940  0.89639551173806142  0.91426887481747998
  0.93369831301956863  0.95480797344803814  0.97673178244748837  1.00000000000000000
 -0.00199109240902195  0.00791721234392499  0.01651983526820099  0.02573850380448952
  0.03459686549470847  0.04333633888060873  0.05312562141044977  0.06295579741996524
  0.07285860308378815  0.08271864859036510  0.09258870826056394  0.10271963447723602
  0.11305331677667696  0.12411817402423445  0.13576196275224306  0.14716699671706612
  0.15779618804004467  0.16944792438809905  0.18140287312556416  0.19240071283726337
  0.20230030189435824  0.21184099605010626  0.22170421781615884  0.23230698908139258
  0.24380609447014229  0.25509130667338958  0.26583511962637396  0.27638566712705659
  0.28734965533696183  0.29838088588070938  0.30931132154110652  0.31998410584688686
  0.33021461650424838  0.34020123507819167  0.35017675551856681  0.36038456248848899
  0.37040856325291355  0.38014439434814368  0.38957873760761214  0.39936930381998592
  0.40989033952207682  0.42069067827120576  0.43158742387189603  0.44249022010928823
  0.45355461616396542  0.46391153766216264  0.47351354742493607  0.48299044060553359
  0.49252853573977878  0.50197465687843013  0.51141197178268083  0.52160378212385361
  0.53299290297099744  0.54476595596591493  0.55685762889350199  0.56899336575119908
  0.58196150816209968  0.59346582608934628  0.60442157441023359  0.61586991584499029
  0.62724865937340168  0.63867520181042958  0.64939480019489437  0.65999669452037268
  0.66991146716455663  0.67937407140917616  0.68945401510766235  0.70041301593724414
  0.71171563407822236  0.72286811640557991  0.73436872200079506  0.74592521146972557
  0.75713152854777088  0.76783050051235302  0.77954825858183108  0.79104053146494324
  0.80104532450234522  0.81013154278287336  0.81984735085840488  0.82896541914890587
  0.83784177342609123  0.84677267156183567  0.85583993153787541  0.86793037858088484
  0.87918298940391870  0.89057186392220600  0.90120214894480499  0.91105121300141723
  0.92149027668625161  0.93205790577226721  0.94258712066353201  0.95413918488618299
  0.96516742266121547  0.97695713300176756  0.98807791443709037  1.00000000000000000
 -0.00242549758465034  0.01020686830104183  0.02028294476660605  0.03026549586894714
  0.03999773237594130  0.05055645086324611  0.06115296555301177  0.07161748704102287
  0.08193023185923280  0.09304787145906292  0.10353446975407483  0.11393042553588763
  0.12412643770928521  0.13526808198764331  0.14643995713482422  0.15841529950081973
  0.16997785492207235  0.18166182788600377  0.19193877549061564  0.20222028980127718
  0.21286397937849644  0.22336893475127875  0.23315437827231922  0.24277005201088134
  0.25269207130050847  0.26374568974883272  0.27484131461423178  0.28498669951340555
  0.29473568528371746  0.30467349666855581  0.31588745411599850  0.32886957666275207
  0.34105608302456120  0.35249240277265531  0.36238412115465235  0.37162849772064416
  0.38007230013058346  0.38841669058554079  0.39694862622951227  0.40609791373244269
  0.41510581753053888  0.42439143780542876  0.43424923971601226  0.44476109433716510
  0.45637251528873668  0.46777855747476788  0.47897800327589540  0.49041945901922807
  0.50197541610421570  0.51425753281366104  0.52561851194972009  0.53617700221128739
  0.54665870826492313  0.55740560037959253  0.56757802678962488  0.57711896035003540
  0.58667665241593669  0.59601950149715832  0.60571550088604831  0.61482155481533962
  0.62391629867912390  0.63431463645997321  0.64459434935469895  0.65492511596519176
  0.66528198661831728  0.67548599256024155  0.68577622412825201  0.69601284504179672
  0.70706141360091845  0.71874444650008329  0.73092743982590491  0.74334647560040990
  0.75551656583783622  0.76741885848038582  0.77777351483905988  0.78763775118254897
  0.79726717178341311  0.80700491999232404  0.81737555216342406  0.82737029693071218
  0.83844191792581468  0.85022986103888332  0.86183417561355069  0.87263494436006050
  0.88299243897938184  0.89294443024858694  0.90285035350299370  0.91228582417880244
  0.92219019591430329  0.93195761209332151  0.94182646984291096  0.95211441720218448
  0.96302408195050271  0.97472428021590984  0.98702821244703198  1.00000000000000000
 -0.01121018720170854  0.37799279678484443  0.48934285650241899  0.55840111952109306
  0.60528049702097819  0.64134501348104900  0.67124571629806284  0.69590876563921977
  0.71663897810579946  0.73543668788539718  0.75167825087161666  0.76609082753223379
  0.77868754032723764  0.79013132259277785  0.79978228794715811  0.80853348942607961
  0.81631250855769522  0.82332211457104942  0.83006302093316653  0.83659556378862887
  0.84278308963230486  0.84883779674372395  0.85436822763435549  0.85927368999235720
  0.86388103163322527  0.86857560928581690  0.87302701114721404  0.87715367722315762
  0.88091048775401004  0.88449208025135861  0.88793914271121366  0.89136356448638809
  0.89477668729274551  0.89793732162298989  0.90085131467064150  0.90354970609843155
  0.90616718657523510  0.90868056780983353  0.91113875602318617  0.91358358537940920
  0.91613391686743129  0.91837783891946623  0.92048492403343629  0.92251019584276295
  0.92452289556842460  0.92652530017018964  0.92848590787426311  0.93039599191714861
  0.93228809684746761  0.93418246971059793  0.93606533105661871  0.93789754856549445
  0.93953819797508176  0.94119637673894829  0.94277206173483197  0.94424913917523379
  0.94567813606118201  0.94708284841474044  0.94847212718663521  0.94985511720989080
  0.95128326913120820  0.95272540398358785  0.95416555377664170  0.95558576555405772
  0.95693908441933428  0.95828863182867818  0.95964737746807161  0.96096725915048509
  0.96220908046484455  0.96344327687302933  0.96465614944317257  0.96585596113818051
  0.96704909126626470  0.96824520797782065  0.96944477379948679  0.97064166642478267
  0.97182863467570935  0.97298990477024161  0.97412493705374203  0.97525126874302503
  0.97637277534218714  0.97749263924210561  0.97862081628078912  0.97976375219451717
  0.98092439303376111  0.98209701222294576  0.98332477964131415  0.98457764000674008
  0.98584807304976874  0.98717390354762624  0.98855295836692758  0.99000955994428685
  0.99158825003456252  0.99349061536378291  0.99605835789123542  1.00000000000000000
   1.4730837567701782E-015  -1.0000000000000000     
 F F F F F F F F F F F F F F F F F F F F F F F F F F F F F F F F F F F F F F F F F F F F F F F F F F F F F F F F F F F F F F F F
  <DiscreteSampler_grid>
  grouped_processes
  1 # 1 for a reference and 2 for a running grid.
  10 # Attribute 'min_bin_probing_points' of the grid.
  1 # Attribute 'grid_mode' of the grid. 1=='default',2=='initialization'
  0.0000000000000000 # Attribute 'small_contrib_threshold' of the grid.
  0.5000000000000000 # Attribute 'damping_power' of the grid.
 # binID   n_entries weight   weight_sqr   abs_weight
    10   10   1.454528279027166E-004   1.977195016258620E-007   1.454528279027166E-004
  </DiscreteSampler_grid>
