  0.00970384189475880  0.01566610427972469  0.02386066056646989  0.03340698630172252
  0.04282069850788948  0.05098122505103121  0.05971536475672067  0.06833919548123867
  0.07772521437343578  0.08770344066046831  0.09806857233486731  0.10820236760210485
  0.11841791958003453  0.12952485921374374  0.14170503852754526  0.15304053766136061
  0.16342056100902075  0.17373856565821030  0.18379791943278317  0.19373567269332420
  0.20417585228403365  0.21549825591066693  0.22738105563912905  0.23907203671827626
  0.25031390046361285  0.26147991057921538  0.27218757834472029  0.28280279245672302
  0.29397455938207551  0.30581937049302205  0.31815919488926853  0.33015684621185193
  0.34133820042998253  0.35169101011306314  0.36158451307121248  0.37166246049856821
  0.38229798946903154  0.39308392940163811  0.40368037870000240  0.41435622570485225
  0.42603769904049726  0.43795185866523278  0.44871465954797635  0.45861418071318039
  0.46889525157824413  0.48023296437889890  0.49226199987178804  0.50595493157016347
  0.52010967461929891  0.53369051762015163  0.54521609816142924  0.55481234389134548
  0.56371677719414470  0.57392412383346514  0.58434545309992902  0.59448648132550608
  0.60350958832805757  0.61460735393124077  0.62563691038189650  0.63667045889639273
  0.64672497417834029  0.65427665876375973  0.66181279618549194  0.66969509306770281
  0.67894611535579585  0.68877738059495031  0.69882091034596638  0.70797332528870205
  0.71789479309083459  0.72800225201430568  0.73892112004640065  0.74943149446927093
  0.76010315031697206  0.77103216865040280  0.78336480637485140  0.79511775811565355
  0.80572215769049449  0.81572171426351625  0.82606967949780263  0.83664136028160818
  0.84718890806152858  0.85695841578479459  0.86546561601744332  0.87368678851004389
  0.88191016254930221  0.89051864184008322  0.89958844273084737  0.90928482047829018
  0.91933912453320588  0.93052656127277644  0.94155226158742644  0.95265467651966851
  0.96347829487695469  0.97420116128505030  0.98596491328325109  1.00000000000000000
 -0.00000535866561726  0.00003345804275529  0.00007455313494778  0.00010766082848309
  0.00014060364006737  0.00018080688912846  0.00022371804590792  0.00026586832526813
  0.00030920533084037  0.00035508340272589  0.00041074206105117  0.00047097961805519
  0.00052722724941569  0.00058533456954933  0.00063886185703482  0.00069455236650098
  0.00075088891570969  0.00081414322967796  0.00088634110944947  0.00096143045051422
  0.00103161036559870  0.00110474372565401  0.00117944505685611  0.00125138512166517
  0.00132681970133965  0.00141014209480128  0.00150266043094484  0.00160713337827128
  0.00171870046839528  0.00182987714299127  0.00193627670940250  0.00204529088403866
  0.00215982170135143  0.00227781084069864  0.00240427485573862  0.00253543456691203
  0.00267928517349018  0.00283337793180697  0.00299967201949476  0.00317479835661383
  0.00334768192906976  0.00352469431984051  0.00370007873503886  0.00390086556314665
  0.00413642762600662  0.00439473335065239  0.00467277860909407  0.00495259456918802
  0.00522723784919086  0.00548738902339676  0.00576202121474056  0.00606044798001752
  0.00638126302146708  0.00671464160905904  0.00705530707099633  0.00740994973990335
  0.00777871130283381  0.00816275407991648  0.00855647458439667  0.00896578340689526
  0.00941631393256650  0.00988954458444236  0.01045184057896126  0.01105782369713617
  0.01167388534574346  0.01236119928716941  0.01312276058048732  0.01393581433252495
  0.01475992155506536  0.01564723669638848  0.01663023996286163  0.01766045617410610
  0.01871449992306919  0.01996960562937749  0.02142820806736615  0.02309578743496942
  0.02505102320709511  0.02715139674762079  0.02925692714248718  0.03158091161332450
  0.03427518105951185  0.03724786233709647  0.04053605093391244  0.04404575050709184
  0.04858890732544797  0.05437423397342608  0.06192852753547669  0.07031889305250925
  0.07855148382982050  0.08879661460151678  0.10418249333775827  0.12642461291774731
  0.14958504279972262  0.20992690063869551  0.40534688713078204  1.00000000000000000
  0.00001592560491500  0.00006228121917890  0.00012704734102655  0.00020083417326350
  0.00031216491335015  0.00041841228693722  0.00055508887004226  0.00072496875494626
  0.00089185624651193  0.00104562197054266  0.00120291461087937  0.00139378321303905
  0.00162450510325995  0.00188166972347013  0.00215220875849786  0.00242859050598323
  0.00270815714198297  0.00298547146995608  0.00328600166036052  0.00361372010102677
  0.00393500138034493  0.00427100691726403  0.00464123346575879  0.00503169725871522
  0.00542800903151443  0.00582918147985745  0.00622250740888480  0.00658998681876984
  0.00695780063573006  0.00733632142810914  0.00769720616513268  0.00806432374316091
  0.00845511422365371  0.00883636813176399  0.00926961732638820  0.00972119624844349
  0.01021383271954270  0.01082755455301302  0.01151297108018740  0.01220576869526385
  0.01289385665374935  0.01359332363579584  0.01432686614734560  0.01510461391612822
  0.01589991068755137  0.01669192201179999  0.01756844185587575  0.01848963279414077
  0.01946115455096057  0.02047894027808891  0.02152062059942593  0.02254025093232244
  0.02353291049190882  0.02458226977839762  0.02568172758946115  0.02693171142942406
  0.02824810717040479  0.02956023230733786  0.03081060106365033  0.03222122807267574
  0.03384651825265748  0.03556727147836444  0.03722320331179875  0.03879412200394044
  0.04038511382079797  0.04221351312195833  0.04427775577930418  0.04648845096681156
  0.04854235661130495  0.05037294143580677  0.05211526691486023  0.05384615680693799
  0.05571286450188365  0.05766325346921455  0.05968831252305574  0.06195097135772910
  0.06454406563284121  0.06725522761031949  0.07052775913791566  0.07512806165342632
  0.07963834094902955  0.08417626515707433  0.08869245828020270  0.09345241018277683
  0.09856990851828702  0.10440504874825679  0.11058862113344779  0.11727167978232941
  0.12421550250691560  0.13216312222393198  0.13999292217703166  0.15697436886445804
  0.18483098958124849  0.21791072139335976  0.22204465404248289  1.00000000000000000
 -0.00286502477747811  0.01050599664877433  0.02206539568537433  0.03354606583461585
  0.04452894554949574  0.05528178849899160  0.06510476430586969  0.07474173045657551
  0.08455437091349768  0.09502090622050552  0.10622939924717605  0.11771448649546053
  0.12882507868906740  0.13951572277720528  0.15039033048643993  0.16187485616862973
  0.17373988260632955  0.18515950119738256  0.19599580487187462  0.20672470912150287
  0.21761265829943599  0.22896180431021984  0.24007704145045985  0.25166936674810786
  0.26256561930940969  0.27374882080344826  0.28465480734989018  0.29555851569773450
  0.30557689069406796  0.31537772143783216  0.32533530190180826  0.33539613881320662
  0.34589939298294076  0.35640785537005654  0.36850006799757795  0.38050697837196368
  0.39257156107632341  0.40247991641181174  0.41134512398594997  0.42009513869758575
  0.42917288107587054  0.43822184216181576  0.44686894622612372  0.45572450296447298
  0.46416739806908563  0.47271718698987730  0.48116372640901073  0.49013821772629462
  0.50012880937463311  0.51205154643677231  0.52389374296501323  0.53561278386820899
  0.54673629206753671  0.55711793621251904  0.56767902047926522  0.57838604116377668
  0.58925402002159111  0.59986794932626220  0.61116790760738204  0.62290449907274614
  0.63360895890848656  0.64343809739981805  0.65284559650121643  0.66199447775155840
  0.67130810381543604  0.68089473776363318  0.69120464097377043  0.70286109685608855
  0.71402212850967073  0.72526699038251941  0.73559915949168420  0.74561937608574280
  0.75575738548775007  0.76539651159265976  0.77481358482343732  0.78367938301449558
  0.79328887942490678  0.80342353749501649  0.81341571542657409  0.82356834713138383
  0.83447192127041503  0.84590488509162698  0.85724545338305080  0.86730748105420008
  0.87729805873661770  0.88753302854651173  0.89841663783332715  0.90941335282670788
  0.92175943474382194  0.93455789931309674  0.94665403946284821  0.95772438224091661
  0.96851715536380845  0.97898206908956420  0.98989264322291981  1.00000000000000000
 -0.00178549907489826  0.00754738684314050  0.01619800885199725  0.02629124425998685
  0.03742338913856107  0.04776870902841384  0.05707956108028975  0.06637661766558368
  0.07622074017645195  0.08669163522621420  0.09757599979655279  0.10838569271849216
  0.11914458969408386  0.13010301545083802  0.14148741143198360  0.15302998510372032
  0.16490982698133966  0.17765408977852543  0.19019962309667468  0.20079715069662918
  0.21030262717221684  0.21981698643154640  0.22976735007003435  0.23907701253310348
  0.24890292915616788  0.25930453362594719  0.26958259033416021  0.27988463790477291
  0.29025355182921309  0.30127724047592408  0.31239669658328528  0.32226209658252497
  0.33171233057440042  0.34077850513307606  0.35012599870476147  0.35986923075029481
  0.37012820598810681  0.38101490360159962  0.39273004875758477  0.40438369447752831
  0.41670721705705255  0.42953262446395973  0.44222537767036663  0.45641797647641902
  0.46813744795570245  0.48042886979663008  0.49319537383751694  0.50521709397635517
  0.51719435324903562  0.52922091021957751  0.54030047489286848  0.55061229022573366
  0.56031759219185218  0.56976107090989636  0.57971655023811963  0.58981454501557307
  0.59957776476422364  0.60940084879607137  0.61888470289704411  0.62840170873674639
  0.63766487039028374  0.64696373200891899  0.65669177438853088  0.66698764881873318
  0.67662484401090273  0.68646470733564802  0.69647907138170218  0.70654675724217986
  0.71687374720507979  0.72785566896575804  0.73988365888166552  0.75208460621853068
  0.76342477590202529  0.77428416237889996  0.78463954859062290  0.79648211928993584
  0.80834075961736496  0.81954653127408938  0.83065410990201971  0.84203704317493167
  0.85332713840281760  0.86391580296282910  0.87404637347775871  0.88451215994548349
  0.89493378536944146  0.90544955956874662  0.91593396964796181  0.92707456300887647
  0.93819971774619826  0.94796669391758293  0.95681913531524698  0.96535994983275286
  0.97401157634844360  0.98280376942493886  0.99144075861422221  1.00000000000000000
 -0.00232413586841940  0.01013366413526621  0.02026043187291887  0.03104240861625856
  0.04123699768207460  0.04980435284410675  0.05857142310814376  0.06807168888954207
  0.07795931188611689  0.08715814877349597  0.09609882908572019  0.10430852892211478
  0.11440301179829349  0.12477062277478779  0.13507687356401912  0.14511972182226243
  0.15501952303948796  0.16520355015912946  0.17561757172885145  0.18595302275000114
  0.19590698162306897  0.20608843701598442  0.21589148221752980  0.22581236910221886
  0.23652679411960689  0.24763468365620361  0.25854334681837965  0.26941683711938597
  0.27965110282233319  0.28900783967349558  0.29803539900797515  0.30717984399169057
  0.31700258222908023  0.32684192865367756  0.33698020967202807  0.34761933750248353
  0.35928023751547911  0.37122266832602208  0.38289928898684084  0.39356607354434542
  0.40367095478058257  0.41400348961834732  0.42512712314761519  0.43682501588636757
  0.44778830624705884  0.45797075099377788  0.46774547947123868  0.47781783076260093
  0.48844982172203977  0.49910542498126681  0.50969150106405214  0.52032261757986320
  0.53015048817150956  0.53941786050474094  0.54928696728876991  0.55956506741196799
  0.56995329464077471  0.58150639431499151  0.59379376827976460  0.60554904557521072
  0.61471180006350223  0.62347495312562973  0.63281626854382300  0.64286912004963792
  0.65332189665335272  0.66343614201343137  0.67403701991626364  0.68506968509146104
  0.69582032738182420  0.70629588021303924  0.71651100067369455  0.72667930412565673
  0.73799343876661272  0.74936191523231788  0.76006436665342925  0.76990660400501432
  0.78090535336674671  0.79286156880502812  0.80479589365584681  0.81646652969578315
  0.82858482926503751  0.84073936669722116  0.85217945163328102  0.86235171106451491
  0.87188551861188546  0.88165660466143980  0.89126160808622046  0.90112606306505405
  0.91182855311197031  0.92368377496795306  0.93683487224966711  0.95084047777870517
  0.96423645423891002  0.97557644983121328  0.98717110386764451  1.00000000000000000
  0.01091455381496192  0.01534596261680387  0.02170167643786518  0.02699496525439514
  0.03182385038042678  0.03623890045877996  0.04037550339894972  0.04419634974709507
  0.04761562421918800  0.05108027468037707  0.05466888690087156  0.05841161105215510
  0.06202112218111464  0.06528858210266970  0.06827460099004375  0.07115391748149813
  0.07401708729479543  0.07687197759867068  0.07973222511873300  0.08274942324679259
  0.08564726123688177  0.08850439855297118  0.09133233748259645  0.09420108932337745
  0.09714254947544328  0.09993487302957101  0.10273874597805580  0.10549178299421931
  0.10817429005469056  0.11094835101657080  0.11376642439442020  0.11664520469438631
  0.11959259934333218  0.12256716049219900  0.12557599341330708  0.12865007100550768
  0.13175061280148151  0.13478476304927686  0.13792137387737635  0.14111918373320675
  0.14418738922270999  0.14748422888077556  0.15099888229247208  0.15459833164908540
  0.15823326562121079  0.16208815001377821  0.16597612337283565  0.16870169481776545
  0.17125003147874146  0.17395529328335002  0.17675343483742562  0.17941057164000609
  0.18201006103025785  0.18458262983735893  0.18718500688284556  0.18986467579059380
  0.19265671928126471  0.19552251481876609  0.19858022311763401  0.20150612265507606
  0.20426751897528478  0.20695089690990134  0.20992237383713555  0.21312085451585949
  0.21594509441947199  0.21856758193109893  0.22140032671984533  0.22475949451436755
  0.22882150612136765  0.23351489425766953  0.23817282880018573  0.24262876779851805
  0.24704297995315866  0.25126095857824499  0.25534308096591474  0.25977147419180868
  0.26450288903897362  0.26963313241151188  0.27443028320691060  0.27958399813152146
  0.28536451273261509  0.29169086091678126  0.30128577103782539  0.30881682309847391
  0.31902069986807818  0.33225967178440058  0.34717595890311598  0.36089797933872131
  0.37099753986931616  0.38139365380363066  0.39228643568795085  0.40402279952587022
  0.41776778062993475  0.50072047579359091  0.68883232109589942  1.00000000000000000
 -0.00285450024992789  0.01358734244987357  0.02743950036633434  0.04163753047075656
  0.05494757391774203  0.06786799042848496  0.08138273499428580  0.09513298330425184
  0.10878242504872232  0.12138920105300982  0.13228152282282338  0.14173716161700434
  0.15043194049655581  0.15919463321637778  0.16849627179346424  0.17777294119954029
  0.18624514415527701  0.19473736456513366  0.20391226870531778  0.21416584851246406
  0.22587503919945498  0.23684285701331045  0.24662104690506453  0.25623692529904990
  0.26604898585069792  0.27609752735674004  0.28633158968851208  0.29601212000602811
  0.30490618720535378  0.31347572677322755  0.32219733863209310  0.33091727205122307
  0.33914480269221869  0.34761051379426822  0.35716591335274206  0.36645239071601904
  0.37509153660481348  0.38294340906786983  0.39071286759947432  0.39997223924798442
  0.41218108284834487  0.42423500782344775  0.43613351056931510  0.44697635387332324
  0.45780094784867253  0.46771488130174488  0.47716401524719942  0.48661283706696862
  0.49625309648692273  0.50614809117347648  0.51654976994689750  0.52720282468002733
  0.53869847792067516  0.54976375273127709  0.55988403057241420  0.56922904538225627
  0.57792561754528404  0.58746307332889769  0.59792982530404937  0.60864094154778348
  0.61929259460021946  0.63045386400230463  0.64206503871679221  0.65332150961390667
  0.66400431048598230  0.67430591539901885  0.68428386475417879  0.69392915204786332
  0.70345549102654648  0.71335173384711470  0.72381640532600922  0.73397671596010727
  0.74284875716375121  0.75151193097052371  0.76011936297658866  0.76935720128114082
  0.77914054690950585  0.78961367041570008  0.80044064429475525  0.81030962932665307
  0.81956773856659992  0.82865624633744805  0.83715438983508483  0.84651297045783191
  0.85587478767691394  0.86593651487366607  0.87622417798425112  0.88792966760409420
  0.90077063695587134  0.91460985516611482  0.92900350877815985  0.94370958666045202
  0.95824049462061645  0.97222837414704699  0.98658556437912137  1.00000000000000000
  0.00719098289506453  0.39573761317890921  0.50510533725121964  0.57472459006350796
  0.62184096788492516  0.65687680935268844  0.68606334648742673  0.71055234852948301
  0.73094876512354290  0.74931707157161032  0.76574902507587528  0.78007961971837647
  0.79196449748959497  0.80235996146824495  0.81252565839663615  0.82171134605883533
  0.82978785645133335  0.83689034244042959  0.84329938141990601  0.84948796302844043
  0.85534266243193469  0.86074021217007801  0.86569264597050677  0.87041209330186275
  0.87464832766273681  0.87857950908842763  0.88228774594887316  0.88591929992806184
  0.88944094083740433  0.89308218040850473  0.89664069359251797  0.89996871978920490
  0.90305686647052918  0.90601345989668647  0.90877508815659069  0.91148467541712186
  0.91412021392732468  0.91662415170242117  0.91883667457866569  0.92083048807025336
  0.92276328526610618  0.92467290098355648  0.92660813146192256  0.92860796845709626
  0.93056733984029416  0.93242831492308631  0.93422686964345036  0.93581944894112723
  0.93735781832465481  0.93886047512886461  0.94034660975777351  0.94186419366588614
  0.94335545273675947  0.94481603192530372  0.94627175743448211  0.94768798695046474
  0.94910252715124133  0.95065192982647240  0.95217579948396480  0.95366562025692869
  0.95512125773731860  0.95651115067845949  0.95774393906123712  0.95896211160416389
  0.96013978665420063  0.96125156824507885  0.96229955459804473  0.96338048431344936
  0.96453691544928177  0.96572292404736160  0.96691584393730767  0.96812509334689467
  0.96938225218398766  0.97056208327707882  0.97167179190697617  0.97272911041683352
  0.97374317860346882  0.97473921062722235  0.97575644185270183  0.97674556805881840
  0.97771499965175779  0.97871155862046255  0.97973616888107129  0.98079456228467143
  0.98188779184310770  0.98300391542584664  0.98412192591348624  0.98526581020342485
  0.98641544108798207  0.98756802162598034  0.98875188826769411  0.99007996749860638
  0.99158106613265229  0.99338036140911268  0.99589084566890096  1.00000000000000000
   1.6272893502579038E-016  -1.0000000000000000     
 F F F F F F F F F F F F F F F F F F F F F F F F F F F F F F F F F F F F F F F F F F F F F F F F F F F F F F F F F F F F F F F F
  <DiscreteSampler_grid>
  grouped_processes
  1 # 1 for a reference and 2 for a running grid.
  10 # Attribute 'min_bin_probing_points' of the grid.
  1 # Attribute 'grid_mode' of the grid. 1=='default',2=='initialization'
  0.0000000000000000 # Attribute 'small_contrib_threshold' of the grid.
  0.5000000000000000 # Attribute 'damping_power' of the grid.
 # binID   n_entries weight   weight_sqr   abs_weight
    10   10   2.145575043708132E-004   3.262094319376051E-007   2.145575043708132E-004
  </DiscreteSampler_grid>
