  0.00938712241308751  0.01642314401260437  0.02626938597404466  0.03694213516952855
  0.04662312450197270  0.05585307783908783  0.06562153790012056  0.07647221843717417
  0.08814663188306053  0.09897813422888214  0.10894072914564652  0.11825789307113452
  0.12734217403139467  0.13620177874487910  0.14503505934149852  0.15385576004247933
  0.16303160322174567  0.17209173911558021  0.18141622262215107  0.19087163390904616
  0.20012696586428905  0.20947491666612447  0.21919546134014994  0.22961200968865106
  0.24148985182369737  0.25317119155770340  0.26414444015531530  0.27487294212842356
  0.28586336882224928  0.29743107507228950  0.30961912129313346  0.32212748704668825
  0.33421980220342418  0.34552901178134576  0.35627490490776964  0.36655010101795693
  0.37632921654708901  0.38563759127417907  0.39491312726022065  0.40432146921997153
  0.41379161793195240  0.42344585718234340  0.43278663072080181  0.44251820766071498
  0.45205189581032201  0.46160415720162007  0.47128115164067952  0.48146804862537596
  0.49200691722674050  0.50285772153877950  0.51346107114858186  0.52458651554495195
  0.53650147292095662  0.54853716068788749  0.56042785387899186  0.57247237572073184
  0.58440214135645996  0.59595711299014464  0.60740787959107112  0.61859943434727516
  0.62939264253218175  0.64006857215219981  0.65086493627392705  0.66193548869491903
  0.67309733890082479  0.68383768950489154  0.69432252656032689  0.70507908941101538
  0.71667070048623005  0.72833318661544399  0.73956544571297933  0.75070986126835659
  0.76190658592597160  0.77282381343347695  0.78353724452353746  0.79447072697620180
  0.80564280085042561  0.81690729711467625  0.82777698754752649  0.83820609454388051
  0.84941378343584173  0.86096834427036706  0.87320687427149546  0.88450304125426527
  0.89574229019270135  0.90566306002005326  0.91511771387697760  0.92479057965747224
  0.93388968840667475  0.94282697937931714  0.95172262546036135  0.96111482893142930
  0.97206487494695826  0.98199924526729443  0.99104365612111667  1.00000000000000000
  0.00002659228104536  0.00004194968646525  0.00005608714351093  0.00007163828667123
  0.00008805204289214  0.00010592046317441  0.00012773044956308  0.00015164223722718
  0.00017681183346527  0.00020345336215974  0.00023015092513679  0.00025796615480441
  0.00028888959798500  0.00032342092329261  0.00035951688925374  0.00039805911818226
  0.00043863747733741  0.00048060845766145  0.00052377112450484  0.00056744680424229
  0.00061074825089662  0.00065597528233941  0.00070396309055138  0.00075416570896276
  0.00080751819215984  0.00086495699499757  0.00092669479489534  0.00099077459786821
  0.00105691159602538  0.00113239372363719  0.00120715582566356  0.00128052130968454
  0.00135384092718350  0.00142820798494843  0.00150497116897438  0.00158539309173621
  0.00166750358468713  0.00174863416069036  0.00184105022971822  0.00193520159111447
  0.00203365265877132  0.00213216330248391  0.00223019976583243  0.00233356611155226
  0.00244275533486560  0.00255674501696030  0.00268134075381632  0.00280903584839356
  0.00295310026307629  0.00309865017887194  0.00324383846588344  0.00339072579033979
  0.00354030246938172  0.00369204484193649  0.00384875129377225  0.00401871753943054
  0.00419463234962885  0.00438673078048147  0.00459299748653458  0.00481442798682328
  0.00505419838112862  0.00530847719862275  0.00557358257546342  0.00585075744766031
  0.00615453135868754  0.00648777575058635  0.00682435742696222  0.00718291795894322
  0.00757183078927399  0.00798334532246268  0.00846217549462555  0.00897980470624540
  0.00950012302079961  0.01004558600637725  0.01062486236567996  0.01123157701401350
  0.01188124135834678  0.01257072402423964  0.01328951897241076  0.01404073512942413
  0.01483945825768981  0.01576374817803277  0.01680949221712474  0.01803837689703413
  0.01954479142795237  0.02157980867983076  0.02398227883366209  0.02698007456396224
  0.03050108725466849  0.03466612495267231  0.04032314216845422  0.05129701867294578
  0.07135386299038146  0.11901866716931994  0.34164371395997911  1.00000000000000000
 -0.00000305985604469  0.00001991162007215  0.00005033520158205  0.00007733043330079
  0.00010276751396589  0.00012928755340107  0.00015700545473643  0.00018637050181997
  0.00021791692304335  0.00025103302218537  0.00028636582973210  0.00032302517761176
  0.00036148963859732  0.00040426463981454  0.00044907453035965  0.00049422802185834
  0.00054136583432175  0.00058827199165212  0.00064152154761748  0.00069692945879767
  0.00075323401711223  0.00080953959746090  0.00086550861116994  0.00092257904556338
  0.00098452706691382  0.00105340180630285  0.00112690973176276  0.00120167747783719
  0.00127407922797277  0.00134829039015690  0.00142377513522433  0.00150060946917290
  0.00157756049980257  0.00166333612904606  0.00175515475964857  0.00185483393543390
  0.00196045048056180  0.00206707170915450  0.00217186770446130  0.00227804362564401
  0.00238320491228839  0.00249788218353729  0.00261727153033333  0.00274135593187523
  0.00286954125355484  0.00299614670986792  0.00312492040710511  0.00326448436577735
  0.00340283766535476  0.00354470244188407  0.00369660915723226  0.00385934339051844
  0.00403253793373303  0.00421521662781480  0.00440600811155347  0.00460405071832983
  0.00480848598991113  0.00498352355823002  0.00517548453736645  0.00538897504263196
  0.00562484928311420  0.00587939921795503  0.00614019079213643  0.00640341692439244
  0.00668706908493496  0.00700450884492327  0.00731922925835720  0.00766191189797586
  0.00804621565333611  0.00846742774323227  0.00889322865210979  0.00944962920368650
  0.01003351536538037  0.01064072608954556  0.01130475690970038  0.01200646778572619
  0.01277022960244087  0.01364264404370585  0.01466745712690434  0.01596448674020563
  0.01756277920562542  0.01920286806007630  0.02062544621679913  0.02218744938355189
  0.02392865492611878  0.02608782647897002  0.02904236298732230  0.03267850800176366
  0.03656031619404636  0.04165418609721026  0.04863717294975089  0.05709545775800102
  0.07070757776438900  0.10346064058628118  0.19083067967409048  1.00000000000000000
 -0.00241666737783426  0.01046264166297057  0.02032842581154334  0.02979805462245130
  0.03938407057356907  0.04916176666032512  0.05915228834878395  0.06946979081507522
  0.08045315188390915  0.09109056440474644  0.10214130950132277  0.11320712801017301
  0.12454745032648080  0.13569297630696539  0.14709523321148962  0.15799759676545294
  0.16835758391361200  0.17812399716393773  0.18755819228486315  0.19701716745279732
  0.20683384638719718  0.21676268717493166  0.22645193314047105  0.23594324350560283
  0.24517761001650343  0.25450543415696225  0.26412360897275966  0.27297779826930768
  0.28226293039766925  0.29182490216673485  0.30241611482889968  0.31375028909653391
  0.32434685357468229  0.33560969646107536  0.34598318171138925  0.35612453637102581
  0.36660614323525059  0.37810395188624840  0.38998663443631998  0.40056571940084040
  0.41088448295698032  0.42032703664661003  0.42937637029703357  0.43922038528766627
  0.44940715908133522  0.45919107922256508  0.46816741933731931  0.47665080883081096
  0.48537233018822379  0.49484074131312955  0.50474486185150180  0.51562787052671377
  0.52709602312819415  0.53908931399253734  0.55022671264796574  0.56129403106196119
  0.57294755177873458  0.58459578387006095  0.59589177763452006  0.60747550919868309
  0.62052061540035031  0.63210383188306751  0.64289908778483895  0.65312694419704820
  0.66338338128011032  0.67396320032969814  0.68460707471153903  0.69631991836866003
  0.70776900099167950  0.71849335746864273  0.72857596665496649  0.73803984227137620
  0.74767214420048933  0.75816106067695221  0.76922988233416112  0.78066654429988935
  0.79146974397226533  0.80229742766566670  0.81283799208204199  0.82301119505317544
  0.83332003836253066  0.84370594273059485  0.85372883719310910  0.86388371425304966
  0.87369598167076512  0.88349736319292738  0.89435745353842144  0.90595269493145592
  0.91819786259715919  0.93025917471547181  0.94234267767748559  0.95476302505430033
  0.96699506073069741  0.97874785037356460  0.98951929642555769  1.00000000000000000
 -0.00188345810876751  0.00741992567193671  0.01657395005124911  0.02596069385113426
  0.03624384586036323  0.04799614152600817  0.06015677181910270  0.07106171645459999
  0.08099182513370121  0.09130224319416785  0.10184283832154213  0.11232119282448283
  0.12273467267030987  0.13315542475983386  0.14379243224221300  0.15392680612576423
  0.16430696172074077  0.17346865313536478  0.18244843598493521  0.19139739766241162
  0.20092661303557324  0.21064401794081025  0.21990876138775317  0.22932339140012661
  0.23958240526040595  0.25003816026985348  0.26005579872850809  0.26968829428470636
  0.27974524121586503  0.28994478767708259  0.29973419084266828  0.30965642113106473
  0.32007918337944374  0.33092874752215218  0.34154598236564987  0.35206561380413548
  0.36228814793563774  0.37253462074238231  0.38317592986340093  0.39441831675995098
  0.40609579293767784  0.41782339511773714  0.42940709679363354  0.44014075355960808
  0.44936393733305652  0.45875660500882393  0.46811405632290082  0.47796247300933054
  0.48775893816198235  0.49743360795775349  0.50733272211553682  0.51736630763735869
  0.52721120191099768  0.53726727735636326  0.54753958911600087  0.55711381159405748
  0.56621360052685055  0.57551992496286286  0.58515832211699081  0.59505399117535018
  0.60477408580048375  0.61462581823449569  0.62469350011380032  0.63539194743824834
  0.64589655348646324  0.65702927099134578  0.66863555875056313  0.68030232227029619
  0.69169844292436511  0.70298585841119965  0.71433656276352508  0.72530029633279436
  0.73606696085455847  0.74691322020000117  0.75817463158913312  0.76907289263592282
  0.77972171183285199  0.79016165511958836  0.80072123203021373  0.81152860190074372
  0.82250610083707509  0.83326742091087469  0.84359165710718031  0.85423423265948462
  0.86544841044272747  0.87715896522611203  0.88918879777935844  0.90149174312201930
  0.91485288009354893  0.92779303179568717  0.93992890999671952  0.95160925786406891
  0.96285688204252307  0.97414538055038769  0.98649294859929726  1.00000000000000000
 -0.00280597187759892  0.00948972794075138  0.02001560271636872  0.02931699044290161
  0.03869754576611861  0.04830846451447252  0.05876009200315668  0.06918466522138024
  0.07953684083218801  0.09013426161050175  0.10011212859223681  0.11002905729591332
  0.12052534112096762  0.13077318288897494  0.14061282010734785  0.15026812937464656
  0.16020431535696689  0.17019368069293322  0.17966306744259128  0.18963525619830562
  0.20022375824072550  0.21238924236501849  0.22551796672786292  0.23769598088019669
  0.24924957410041426  0.26136077776780220  0.27326956197314273  0.28460828175592168
  0.29619777077164905  0.30836433261915219  0.31934845660731864  0.32892526685391077
  0.33819254639722574  0.34768831451435794  0.35740407886783887  0.36717713027627918
  0.37709300035547183  0.38779000947863690  0.39841140974894740  0.40925007367285454
  0.42037641631041694  0.43140350791572196  0.44240041530888663  0.45261527916683686
  0.46371553546380118  0.47562952732616226  0.48659932140561724  0.49673215701806683
  0.50599416592783286  0.51528839223256839  0.52440123345225031  0.53290787673164031
  0.54201501945088593  0.55163044036580910  0.56154953831225141  0.57184464421562953
  0.58257463310803381  0.59345000487639543  0.60378420680685452  0.61373740751875694
  0.62369829342704253  0.63396967365633539  0.64457566125646704  0.65548781806335554
  0.66670813989080879  0.67799318910487205  0.68934154871955544  0.70053756826632674
  0.71185655520711566  0.72320410950451341  0.73443989304096780  0.74482286588534685
  0.75507741147058549  0.76517406753424022  0.77588049568986117  0.78641182589155134
  0.79642305891411780  0.80607133178566603  0.81574897565031612  0.82641091423031776
  0.83723799537259658  0.84817561336122271  0.85967705821107732  0.86962441033016358
  0.87933807645683859  0.88883706320493661  0.89923553960670877  0.91049958188629565
  0.92173674590731525  0.93258107638880428  0.94316594985280422  0.95349630952808528
  0.96405279900913643  0.97519822017109936  0.98699184870623602  1.00000000000000000
  0.01061986177337201  0.01389001734774746  0.01678611762732170  0.01905070559307406
  0.02101397165866275  0.02288765445246796  0.02465693690114621  0.02635901324132549
  0.02801603049434643  0.02964241036359553  0.03128301231067999  0.03285520727617155
  0.03440257578988737  0.03592368965314363  0.03737535317781757  0.03886021957571139
  0.04036184950551837  0.04181113749743318  0.04320524789039283  0.04461527073578944
  0.04606825963319074  0.04751172116778554  0.04899262645050775  0.05049064590263404
  0.05196060963542581  0.05340177111583329  0.05485136709356837  0.05629019534515117
  0.05785030213986948  0.05949427618742376  0.06125332689470845  0.06304877764989363
  0.06479969010412659  0.06647964722428694  0.06811398627570174  0.06972095484449763
  0.07132135827909132  0.07292140205861702  0.07454288964868849  0.07621611540147188
  0.07788184304989400  0.07962973657362744  0.08143610423541323  0.08330367058504026
  0.08524836510956510  0.08723784071951678  0.08921667226513687  0.09121119144461182
  0.09326433427593200  0.09531999569216469  0.09740400137481385  0.09950639468403856
  0.10165291884015701  0.10380846760577596  0.10608108189559172  0.10839939124627265
  0.11069123823679844  0.11301926793857162  0.11539153663629377  0.11777984301620076
  0.12018909806611251  0.12261329732094298  0.12493688420944568  0.12739538030458566
  0.12990781370236701  0.13254065224556186  0.13525564364858456  0.13807318864415982
  0.14114511400502600  0.14456236527760688  0.14834155258420825  0.15201657390351786
  0.15525038685925754  0.15829728836118551  0.16122158878083406  0.16469738781980681
  0.16895327528632847  0.17412890181031360  0.17931589949160090  0.18421251329542818
  0.18918632318123416  0.19424946696376066  0.19982216286442925  0.20469659520947145
  0.21004454871146575  0.21726915250457662  0.22650398679135864  0.23534023740571405
  0.24401499457690806  0.25351440434579930  0.26749273666783058  0.28426412898905745
  0.30704930170964695  0.34434150874016523  0.81524076770334319  1.00000000000000000
 -0.00238715202729601  0.00962736863193455  0.01958732366028824  0.03073779574780871
  0.04250411141941059  0.05474602315972647  0.06693859182167228  0.07893528420024035
  0.09095576315351714  0.10320755212309134  0.11518629846472116  0.12651517624911543
  0.13684764400957417  0.14702287954960827  0.15709702114400959  0.16702965372182818
  0.17639317974568175  0.18584082224232037  0.19585009038248777  0.20611870024150947
  0.21623101951342269  0.22634446368688177  0.23663021521088146  0.24703192171272126
  0.25749924751264591  0.26773011627491516  0.27743297956535556  0.28674283264908584
  0.29623081562836101  0.30617734407322938  0.31632222428382695  0.32625210283693712
  0.33601305754043870  0.34568643100565261  0.35512637651793461  0.36402526220156689
  0.37297858874992312  0.38225908403088371  0.39159413951045485  0.40075528908901759
  0.40992384762176820  0.41972282066153976  0.43013664958445841  0.43999154294728332
  0.44893108059471221  0.45773852903946477  0.46700518976408234  0.47665215069396993
  0.48604551232433219  0.49487139397879210  0.50416432058917682  0.51435779233586221
  0.52474685185117453  0.53535301861077855  0.54630970580285032  0.55763759053922801
  0.56903815859396456  0.57964468447163930  0.59025738914907011  0.60055669641448683
  0.61060734952851126  0.61988131179095862  0.62941161196147932  0.63913812848694773
  0.64937587016717246  0.65935482313148974  0.66891362083209771  0.67919277478855733
  0.68921503578861409  0.69929782934189677  0.70914239578853822  0.71855121522762921
  0.72798773000278505  0.73745401991583459  0.74776397190524369  0.75906624618056495
  0.77055164886820282  0.78168778672958861  0.79289691953410968  0.80428644470443977
  0.81595425355529771  0.82781146580339582  0.83955376003832982  0.85130859532825842
  0.86389251203981510  0.87627005869358554  0.88806860508263585  0.89977476939289036
  0.91180208158577336  0.92428484060368699  0.93629574075884681  0.94963846244024164
  0.96261509940657042  0.97604475545479208  0.98811943355176446  1.00000000000000000
  0.00137668646966760  0.31757407284687589  0.41221946824931516  0.47219364818244097
  0.51678901771468644  0.55179151792393388  0.58079794798686979  0.60405967250483439
  0.62458988541380556  0.64300194192260740  0.65860275988899419  0.67296914857956458
  0.68646964324715032  0.69904155182039951  0.71064929458702031  0.72122475285521470
  0.73088569684229998  0.73975993794569861  0.74814249636067154  0.75576893655682387
  0.76264841341722744  0.76940713701717289  0.77599724305930573  0.78233097489282966
  0.78851371317356855  0.79427033527464452  0.79947422949765068  0.80449410710216362
  0.80944162199106107  0.81424916523421931  0.81891171469019974  0.82343716485401741
  0.82796743101965686  0.83226753952113408  0.83636608442681948  0.84017070752937040
  0.84377384814565959  0.84728144122811444  0.85075934261629593  0.85421856246238514
  0.85762527573612457  0.86093162568797821  0.86401316615411416  0.86703904826079381
  0.87022744527483820  0.87327958847104503  0.87631823476618498  0.87922662664146578
  0.88196891780837805  0.88462522057223070  0.88718591717566175  0.88955834417662838
  0.89188640882019921  0.89426289508840884  0.89659242381200444  0.89893235274663508
  0.90131703899132920  0.90367077454910361  0.90589025700234094  0.90795946240795278
  0.90993116708569932  0.91194192980790501  0.91400422885951549  0.91611272335557592
  0.91823752737829645  0.92028218095408021  0.92235015686478095  0.92441308302683933
  0.92644602444963309  0.92843258640542281  0.93038516708786489  0.93240772798339222
  0.93441005755557960  0.93641602988495076  0.93839507553575796  0.94031370255283875
  0.94216930009917588  0.94393016180114064  0.94561993846592596  0.94729544345327832
  0.94902756921176745  0.95079428810830502  0.95256857351853785  0.95436994725653235
  0.95616197175668827  0.95816755034102130  0.96031899798631404  0.96260083250762418
  0.96497946336435458  0.96742544865070479  0.96994385704423680  0.97267839608619378
  0.97573647301780508  0.97996008563787051  0.98714078280792950  1.00000000000000000
   6.0561888986348397E-009  -1.0000000000000000     
 F F F F F F F F F F F F F F F F F F F F F F F F F F F F F F F F F F F F F F F F F F F F F F F F F F F F F F F F F F F F F F F F
  <DiscreteSampler_grid>
  grouped_processes
  1 # 1 for a reference and 2 for a running grid.
  10 # Attribute 'min_bin_probing_points' of the grid.
  1 # Attribute 'grid_mode' of the grid. 1=='default',2=='initialization'
  0.0000000000000000 # Attribute 'small_contrib_threshold' of the grid.
  0.5000000000000000 # Attribute 'damping_power' of the grid.
 # binID   n_entries weight   weight_sqr   abs_weight
    10   10   1.872953317374842E+004   2.490291725857538E+009   1.872953317374842E+004
  </DiscreteSampler_grid>
