  0.00945869863534909  0.01589654436181398  0.02530702396329981  0.03521295976671664
  0.04506498874959305  0.05544849788452889  0.06593420848636534  0.07583231953904465
  0.08558720751196246  0.09565937564315663  0.10582573144746484  0.11606334112228760
  0.12631817570086382  0.13669851513597278  0.14673266319931180  0.15633307772243157
  0.16596040743356780  0.17552560128365186  0.18542698033897548  0.19537306332570825
  0.20549863891847653  0.21591296033165691  0.22647867622043782  0.23710853755464165
  0.24769309235727746  0.25847117629199984  0.26946759495745159  0.28037373534295862
  0.29075607662042052  0.30063849563972067  0.31046226477582550  0.32079580405923197
  0.33148023882705130  0.34247203117639585  0.35376758015342186  0.36558429890801292
  0.37765391017339112  0.38978913092739009  0.40185593516889839  0.41360417792039078
  0.42472031390626347  0.43522443628519680  0.44581068292841342  0.45667806497212504
  0.46766990510736012  0.47829828515739231  0.48819544461457792  0.49802604228725594
  0.50787073385177939  0.51769692383607124  0.52780594375154632  0.53845771649059604
  0.54982216601051515  0.56136556621999079  0.57284919168693427  0.58427763922996456
  0.59502649010068054  0.60565806170014691  0.61584308982217262  0.62598370780170087
  0.63515032995398746  0.64429774639160398  0.65359804869830151  0.66310650817918360
  0.67298028710166458  0.68290847181758652  0.69274837926939592  0.70264247312329231
  0.71269366441033899  0.72296638109405464  0.73330131621096450  0.74401315002868207
  0.75494787621045045  0.76578659357965528  0.77694448743214617  0.78851917172056907
  0.79997496274354618  0.81105779077122875  0.82191019792341280  0.83281662659584865
  0.84396502453741939  0.85442925684314419  0.86448618067502081  0.87422393094830309
  0.88415487526933778  0.89432012607469913  0.90456195260177641  0.91495361151623655
  0.92550267835976718  0.93665350025302863  0.94757911243131820  0.95904012805798122
  0.96964592102753444  0.98071249263942650  0.99087347632834177  1.00000000000000000
  0.01112898469486535  0.01407760401647705  0.01573510054109781  0.01700389073913201
  0.01804179301129136  0.01898661773507864  0.01989980821741873  0.02080972208749893
  0.02168723466795977  0.02254070838786077  0.02338898096660865  0.02418591322385911
  0.02494549135519232  0.02568105616502258  0.02642501169207771  0.02719453016430698
  0.02797056245741279  0.02873691312068635  0.02950585241014943  0.03028555812244567
  0.03106302014251295  0.03182960351055957  0.03258742725682423  0.03336459348423011
  0.03421229393380041  0.03508490229442806  0.03596010867989367  0.03682930305747712
  0.03769971163154875  0.03856438281800918  0.03941557413282509  0.04025591668325460
  0.04113266304422185  0.04206534954837515  0.04305630847229798  0.04411762517241129
  0.04523629949772873  0.04635321528652166  0.04741798508112597  0.04847549437192791
  0.04955756796921354  0.05065697190690183  0.05176980998472780  0.05285555957309984
  0.05402334755195325  0.05529849369093287  0.05662928666806490  0.05804805283194216
  0.05945636245891527  0.06095954011690333  0.06243473711063804  0.06394434528190114
  0.06549973739367096  0.06712580246132629  0.06880356326288423  0.07040158420106456
  0.07194857550410652  0.07352319365208686  0.07514001820654875  0.07682208079241221
  0.07859399306323002  0.08049438990316160  0.08241276314911443  0.08428718289083396
  0.08619550409241367  0.08827138743144622  0.09052835301610938  0.09300793610115711
  0.09586197814886746  0.09903830070552146  0.10228104387009979  0.10511586384555655
  0.10831739811933394  0.11138957473676496  0.11424559417346727  0.11715824617614158
  0.12031538063484043  0.12364420846081356  0.12701807923759423  0.13093895324803489
  0.13518652911279494  0.13947350341723327  0.14356904845975219  0.14814761683123392
  0.15346649023806724  0.15968127443527047  0.16666610326918405  0.17504132477250653
  0.18540109473150407  0.19818507562322654  0.21174000270192439  0.23621350247106909
  0.26394997092867356  0.29236302545971093  0.83672929171728649  1.00000000000000000
 -0.00000685438375839  0.00003941332888770  0.00007900038419971  0.00011456513605992
  0.00015430787336602  0.00019746111867194  0.00024243912593809  0.00029046008791875
  0.00034568745576638  0.00040360844419194  0.00046706872006080  0.00053380674481425
  0.00060166315426382  0.00067226659702537  0.00074748691645928  0.00082813569930069
  0.00091697750797085  0.00101211984897729  0.00110857135652936  0.00120385333525432
  0.00130036324109820  0.00140444436263960  0.00151953027821702  0.00163581356092268
  0.00174644250472458  0.00185963744876727  0.00198311106073870  0.00212246655803866
  0.00227295095024816  0.00242881237218335  0.00258552821884918  0.00274430636527926
  0.00290746256688881  0.00307857710497767  0.00326107011861694  0.00344979406319659
  0.00363595769756066  0.00382254009632301  0.00401700372446186  0.00421929452885444
  0.00442654985490427  0.00464279800394990  0.00487144776068580  0.00510851344742976
  0.00535525708155228  0.00561297691654131  0.00587692556109348  0.00615298388447905
  0.00645227309339794  0.00677949625544860  0.00713481475304008  0.00750631674293312
  0.00788563953255295  0.00825832609025988  0.00864925561561282  0.00906234873086366
  0.00950106253214902  0.00998058238101896  0.01052670924150859  0.01112126768142322
  0.01172667880835114  0.01235679278337822  0.01305289849170811  0.01382084673960189
  0.01464669495504321  0.01553180649827317  0.01642371810833568  0.01733460885666652
  0.01829896876467427  0.01937297695902523  0.02053498134254336  0.02184247199197856
  0.02322834434006687  0.02465346582908995  0.02619372595249090  0.02784763937098376
  0.02960806718006188  0.03147096409369114  0.03344361306668497  0.03564991132929105
  0.03819196559522287  0.04112993736943745  0.04446572968463740  0.04826673818098973
  0.05252259157052910  0.05724995211367848  0.06290461279864709  0.06969291917002696
  0.08017513795793713  0.09386810008651947  0.10908332480365192  0.13004836319696647
  0.15574274327730880  0.20583372748197273  0.37563322317893583  1.00000000000000000
 -0.00217372505295210  0.00981010609852360  0.02061157165242780  0.03006715319852207
  0.03991079068471141  0.04933810901400516  0.05879188102184321  0.06861696911217560
  0.07868256816027960  0.08974853429229393  0.10168824815017592  0.11313891055939961
  0.12451913056064243  0.13594608600396041  0.14770957561607656  0.15946686068741303
  0.17153547017784651  0.18350401930038687  0.19440655975211973  0.20477071472635469
  0.21577987894948342  0.22704854607806210  0.23812358337182660  0.24871794240202319
  0.25932585052206558  0.26988879873894533  0.28025058675972309  0.29043963437091591
  0.30041295531273032  0.31029041769445959  0.32010445167508345  0.33001958332684678
  0.34000682208344152  0.34983917218527888  0.35956812097426477  0.36964836681698804
  0.38013218046999403  0.39079500882157026  0.40142282788841471  0.41190630808509221
  0.42214433998785150  0.43231275054431717  0.44228813878394291  0.45184814552689262
  0.46097231020481183  0.46975434112422487  0.47874589203059237  0.48833770027648765
  0.49845004424857181  0.50922806216550009  0.51948056472757564  0.52983167950565391
  0.54042553422232609  0.55132600530865872  0.56238874808031569  0.57330876777180817
  0.58398266757090356  0.59443838371082103  0.60510673782734736  0.61629390144025820
  0.62772620186933625  0.63918539529465268  0.65054439111017159  0.66216789900440787
  0.67443179578852708  0.68685790015370929  0.69887024684766874  0.71035677065839709
  0.72132072389966373  0.73225356190536184  0.74205541230665406  0.75179330917495213
  0.76075878014631548  0.77065420967146903  0.78087043194345174  0.79082300662867233
  0.80048323060185755  0.81004281986053650  0.81944100418220134  0.82866186733292446
  0.83782499976748026  0.84720820195763280  0.85710627875968681  0.86747044050939781
  0.87788515074650419  0.88847733574268517  0.89928578256885483  0.91019664432158676
  0.92100294461295207  0.93109749790613971  0.94176143053393646  0.95311719854913213
  0.96432902969111778  0.97590946078121732  0.98761688474243936  1.00000000000000000
 -0.00210227057412519  0.00882173862385644  0.01820314490001200  0.02844098563202353
  0.03883477538881368  0.04953614871820483  0.06060990125629572  0.07165057640719849
  0.08258770212465009  0.09310493570054811  0.10331580926475235  0.11379802523447295
  0.12426630051023869  0.13457033269699628  0.14460416497230399  0.15454147561482878
  0.16467920585718013  0.17450958948806636  0.18452106158189646  0.19492719048348986
  0.20559874769676251  0.21626302530868377  0.22631016355897965  0.23696756269100311
  0.24744856176778307  0.25834283745819653  0.26906473960191007  0.28066046499595804
  0.29257947665782225  0.30351070806150365  0.31471108703458950  0.32497984636931859
  0.33610115649628031  0.34642764854748809  0.35649145628738815  0.36682049955885349
  0.37709882828307256  0.38710876827243612  0.39748259457698787  0.40865177881292869
  0.42049072918694280  0.43122904191867006  0.44144473687758001  0.45218911512262794
  0.46264655910039165  0.47327852715857938  0.48320816511431791  0.49312334079820974
  0.50337094258989468  0.51408124390835486  0.52485460710772180  0.53551782354141608
  0.54603265144064983  0.55701369941467305  0.56781874352821060  0.57929245005753716
  0.59134845359193655  0.60394723364993308  0.61637528693571897  0.62783879280080712
  0.63871648823249849  0.64905150850346327  0.65906842815917388  0.66924710377681829
  0.67938848299026955  0.68920497664217295  0.69925616410888158  0.70952940394402342
  0.72119294677289281  0.73271724064057464  0.74428523453535256  0.75545716111057659
  0.76605688639760494  0.77639087686897701  0.78686540209581701  0.79692957109531326
  0.80684643741649009  0.81683768371536880  0.82697320367383320  0.83661769698013089
  0.84612459659894235  0.85598824135945706  0.86631956680484568  0.87627880440180395
  0.88615437372065220  0.89624621456698650  0.90685722648172939  0.91777618573492725
  0.92839908784822223  0.93889836506006141  0.94934771576721488  0.95935250499968561
  0.96913563120594404  0.97900545881735113  0.98928500805410868  1.00000000000000000
 -0.00140235757597592  0.00620282477602381  0.01407221113465924  0.02188577880436563
  0.02952435154644758  0.03737357651796963  0.04527863205278920  0.05289111042090273
  0.06052378611354788  0.06822527945410364  0.07569242742004474  0.08326672106826771
  0.09070419908604511  0.09813070329304402  0.10577360342927604  0.11370442210411587
  0.12173063297690072  0.12975526791610922  0.13724771282694992  0.14482745559880364
  0.15297255834454720  0.16179479933664381  0.17027698629789711  0.17868511219752015
  0.18674995332845137  0.19476340812362056  0.20277669078742233  0.21109367296322157
  0.21959966735707473  0.22813872839152527  0.23648702879427483  0.24470335344759120
  0.25299923382009953  0.26147732832819132  0.27037235442638702  0.27965676131662537
  0.28885304181523075  0.29761244487914196  0.30606462237520266  0.31453396733341088
  0.32278194787082909  0.33112242970790479  0.33950810391572500  0.34776837050722598
  0.35596410903054393  0.36430101738641507  0.37311075310306541  0.38285423344040809
  0.39312675681344134  0.40324580695881690  0.41315883233850376  0.42288422812809739
  0.43233644515494779  0.44214395243506721  0.45203233310709523  0.46213940766968564
  0.47195990288799233  0.48217890197766083  0.49267876824689966  0.50360910861471497
  0.51403051596101013  0.52458456964256572  0.53540803981352791  0.54647901337716986
  0.55775818893667595  0.56911435708554348  0.58072659645297442  0.59232423488518038
  0.60383929082612919  0.61546813938101641  0.62708297172004024  0.63868065501771554
  0.65067933570639636  0.66266772557102727  0.67460236303650334  0.68719113700876044
  0.70068234864074830  0.71424296011681876  0.72665120393538662  0.73921992716775753
  0.75205882685731962  0.76580378231364110  0.77961408151371414  0.79376714808391335
  0.80853575095579566  0.82384840083356492  0.84003201095326319  0.85698346209726317
  0.87370657203380642  0.89032973179847963  0.90783809670406601  0.92577274750181693
  0.94418089011458883  0.96311140980495058  0.98182611179186119  1.00000000000000000
 -0.00188146351825888  0.00985630992219704  0.02025325345812512  0.03176838557474403
  0.04223527539005033  0.05250297212876714  0.06314439135823109  0.07503988331727905
  0.08656291056125472  0.09802475438155661  0.10903075440021698  0.11951314484358737
  0.12993481283709477  0.14072955384537159  0.15124557358686422  0.16161754873789916
  0.17225042323819983  0.18313588687707341  0.19390153447919461  0.20406995554242804
  0.21427528376504609  0.22462010654332260  0.23542720630844083  0.24589227603300967
  0.25606054284909069  0.26543335977609628  0.27467304260893405  0.28390980827612405
  0.29382485815608317  0.30330707744412738  0.31252492818039451  0.32180981338045261
  0.33109645271269028  0.34044033338755564  0.34961143668483763  0.35954839735424227
  0.37080715094551675  0.38212634833085041  0.39336029005332496  0.40439421081369775
  0.41504810107458612  0.42597062449289491  0.43693692821525559  0.44797579798091958
  0.45872586347441752  0.46922737534787101  0.47965399729580754  0.49012358982137205
  0.50116535774825133  0.51260492131472490  0.52382862997827295  0.53479299161414295
  0.54608752004346883  0.55751411941405660  0.56861479466550469  0.57939392398870837
  0.59027132211681521  0.60086817894435263  0.61112972304130420  0.62103411289351007
  0.63088774763236122  0.64073077781835308  0.65060797170286444  0.66096456804979509
  0.67161530850567430  0.68210260563324543  0.69218440444541118  0.70181261272581408
  0.71168828488846658  0.72173610080303952  0.73193024778617888  0.74234875071580053
  0.75286103749074573  0.76380524080563739  0.77498038716061801  0.78655557890633421
  0.79803099904461761  0.80936734754262440  0.82057310996566668  0.83132385635132167
  0.84169475768328406  0.85196782498241741  0.86269302828846661  0.87400104008315449
  0.88498937845627845  0.89551508409158675  0.90619875687630069  0.91687701487040685
  0.92708598808142040  0.93684664593843814  0.94648802866830872  0.95628526473378750
  0.96633702093383778  0.97677748172684975  0.98820074166595517  1.00000000000000000
 -0.00251845275905414  0.00979554463114663  0.01949943935686139  0.02972770902938789
  0.04002095651652075  0.05010435436886337  0.06037767607202943  0.07137386190297722
  0.08336305779329438  0.09413587171928552  0.10495057580425173  0.11480356209063927
  0.12422769285929289  0.13467703254507188  0.14582677493759147  0.15730048780217232
  0.16812602590387543  0.17864383986667992  0.18956503429099764  0.20091729383758630
  0.21214226638750408  0.22324793323614608  0.23408662705152836  0.24512909076077655
  0.25567335505977096  0.26584040543818055  0.27586918617224476  0.28610156447432800
  0.29649697666773611  0.30652154888980893  0.31632259884906311  0.32604958661191841
  0.33610990652831912  0.34649261550020172  0.35646271567829441  0.36618109980016555
  0.37621915042779092  0.38672893956001769  0.39747850639003207  0.40782878115244708
  0.41846286012340111  0.42971499150853942  0.44106194306529534  0.45275437204829722
  0.46422335929490477  0.47573061092044033  0.48699063389911895  0.49806933855362712
  0.50921926067463930  0.52070606928427288  0.53257994525160990  0.54433121388208605
  0.55553755568936924  0.56620688585003343  0.57663088068824830  0.58718545373906872
  0.59782523664688703  0.60871503750148148  0.61968027227932743  0.63087918332148363
  0.64192439934110945  0.65279852064932342  0.66351279125548268  0.67405275507886264
  0.68451824507182912  0.69523838457759979  0.70604122766520439  0.71663967012251306
  0.72713696755887514  0.73766293069089639  0.74822659773823108  0.75841091651472192
  0.76884630993164027  0.77955522378279973  0.79046011866229116  0.80095454350785733
  0.81135672216504073  0.82253666426489147  0.83375000783705111  0.84471543453797926
  0.85537197646147800  0.86576852862566767  0.87600423819113848  0.88556108543721412
  0.89456475650983991  0.90333989239113277  0.91223720650969786  0.92165137181564072
  0.93128701012007542  0.94124889549036739  0.95140881280812051  0.96120310316552260
  0.97073244835618300  0.98029263910745312  0.99008096376670562  1.00000000000000000
 -0.00458273064288617  0.29559122640566177  0.38416300471790349  0.44060027491881043
  0.48268588783790989  0.51542981761005557  0.54107126754274892  0.56304241023128399
  0.58145260163253087  0.59744372763343723  0.61289949642059294  0.62800782995380600
  0.64143514212120645  0.65345825990678152  0.66485874214370178  0.67576616832280589
  0.68627471921387084  0.69588970022511099  0.70486183056874641  0.71323851659124926
  0.72129964730839113  0.72885411502965092  0.73607319003759364  0.74283141066080438
  0.74916582996857850  0.75502211686576415  0.76072780650882954  0.76641422711189955
  0.77183296529120293  0.77706338741979664  0.78222223893955956  0.78729501936813384
  0.79210509676803542  0.79658224750856810  0.80086357888682091  0.80505783863609204
  0.80908636544103596  0.81307872588932617  0.81699773588987379  0.82096049534438553
  0.82488345033311350  0.82872698037877413  0.83248084530181998  0.83612782526509044
  0.83963475746937255  0.84300892149633588  0.84631422773934772  0.84959150183401599
  0.85294942615217284  0.85631995684628015  0.85956977439861759  0.86268658357073313
  0.86568320325983628  0.86859765227087793  0.87150626287768984  0.87440587555061811
  0.87715287944977216  0.87988847257890124  0.88266234108964237  0.88533461655605794
  0.88804180157645840  0.89065390421604373  0.89324269312450832  0.89579894023322748
  0.89827996234050245  0.90068722163145798  0.90307378606849653  0.90544208536114790
  0.90782773260839500  0.91021755731044030  0.91262681350214081  0.91504399948963944
  0.91742178188059531  0.91972178398029636  0.92197737748467512  0.92429967843207805
  0.92670995048298244  0.92910337359266815  0.93155500192668261  0.93399455208373439
  0.93640169455571742  0.93887349826363919  0.94150105618700941  0.94409117845649804
  0.94671929535996613  0.94941939993508606  0.95217090892303147  0.95494393780224696
  0.95778041315190954  0.96109449252034229  0.96460608814063487  0.96833042698120453
  0.97239656029382426  0.97720334286946853  0.98518071146195996  1.00000000000000000
   1.8909611185086899E-014  -1.0000000000000000     
 F F F F F F F F F F F F F F F F F F F F F F F F F F F F F F F F F F F F F F F F F F F F F F F F F F F F F F F F F F F F F F F F
  <DiscreteSampler_grid>
  grouped_processes
  1 # 1 for a reference and 2 for a running grid.
  10 # Attribute 'min_bin_probing_points' of the grid.
  1 # Attribute 'grid_mode' of the grid. 1=='default',2=='initialization'
  0.0000000000000000 # Attribute 'small_contrib_threshold' of the grid.
  0.5000000000000000 # Attribute 'damping_power' of the grid.
 # binID   n_entries weight   weight_sqr   abs_weight
    10   10   7.011386968562519E-003   1.009432983010012E-004   7.011386968562519E-003
  </DiscreteSampler_grid>
