  0.02179332429127639  0.02509668087570333  0.02840003746013026  0.03170339404455719
  0.03500675062898412  0.03831010721341105  0.04161346379783798  0.04553730501545969
  0.04947130315654989  0.05340530129764008  0.05733929943873028  0.06127329757982047
  0.06881803401657942  0.07799883162379739  0.08717962923101541  0.09636042683823347
  0.11648390615136336  0.19875187955631321  0.25494140011385080  0.26804652261901368
  0.28115164512417673  0.29425676762933972  0.30736189013450266  0.36251326646879434
  0.44478123987374418  0.52704921327869414  0.60931718668364410  0.69158516008859405
  0.77385313349354390  0.85612110689849397  0.91694899749375480  0.91801825182997410
  0.91908750616619339  0.92015676050241280  0.92122601483863209  0.92229526917485150
  0.92336452351107079  0.92443377784729019  0.92550303218350949  0.92657228651972889
  0.92764154085594819  0.92871079519216748  0.92978004952838689  0.93084930386460618
  0.93191855820082559  0.93298781253704488  0.93405706687326429  0.93512632120948358
  0.93619557554570287  0.93726482988192228  0.93833361308420171  0.93940226345022571
  0.94047091381624959  0.94153956418227358  0.94260821454829757  0.94367686491432146
  0.94474551528034545  0.94581416564636944  0.94688281601239332  0.94795146637841732
  0.94902011674444131  0.95008876711046530  0.95115741747648919  0.95222606784251318
  0.95329471820853717  0.95436336857456106  0.95543201894058505  0.95650066930660904
  0.95756931967263292  0.95852898173792578  0.95921530658166931  0.95990163142541296
  0.96058795626915650  0.96127428111290003  0.96196060595664357  0.96264693080038710
  0.96333325564413064  0.96401958048787428  0.96470590533161782  0.96539223017536135
  0.96607855501910489  0.96676487986284843  0.96745120470659207  0.96813752955033561
  0.96882385439407914  0.96951017923782268  0.97019650408156621  0.97088282892530975
  0.97156915376905340  0.97225547861279693  0.97294180345654047  0.97362812830028400
  0.97431445314402754  0.97500077798777107  0.97551329966543598  1.00000000000000000
  0.00001348822107687  0.00001713369476527  0.00002077916845367  0.00002442464214207
  0.00002807011583048  0.00003237023831141  0.00003695408799444  0.00004153793767746
  0.00004612178736048  0.00005032450756556  0.00005449078180461  0.00005865705604366
  0.00007330144156355  0.00010395677163004  0.00011146624777556  0.00011980629552364
  0.00012862790876575  0.00013804777658803  0.00022774252853340  0.00037528877456935
  0.00061759378608840  0.00080492373050155  0.00085334687374337  0.00085864946452336
  0.00086395205530336  0.00086925464608335  0.00087455723686334  0.00087985982764333
  0.00088516241842332  0.00089046500920331  0.00089576759998331  0.00090107019076330
  0.00090637278154329  0.00091167537232328  0.00091697796310327  0.00092228055388326
  0.00092758314466326  0.00093288573544325  0.00093818832622324  0.00094349091700323
  0.00094889903607671  0.00095480104334847  0.00096070305062023  0.00096660505789200
  0.00097250706516376  0.00097840907243552  0.00098431107970728  0.00099021308697904
  0.00099611509425080  0.00100201710152257  0.00100791910879433  0.00101382111606609
  0.00101972312333785  0.00102562513060961  0.00103152713788138  0.00103742914515314
  0.00104333115242490  0.00104923315969666  0.00105514953758438  0.00106171928584332
  0.00106828903410225  0.00107485878236119  0.00108142853062013  0.00108799827887906
  0.00109456802713800  0.00110113777539694  0.00110770752365587  0.00111427727191481
  0.00112084702017375  0.00112741676843268  0.00113398651669162  0.00114055626495056
  0.00114712601320949  0.00115369576146843  0.00116026550972737  0.00116683525798630
  0.00117340500624524  0.00181250488243040  0.00298921309265697  0.00354967339194766
  0.00371940356366900  0.00389017269782560  0.00406225395684593  0.00423433521586626
  0.00678558108732560  0.01116806319186638  0.01842149809752011  0.02209614620925673
  0.02209614620926673  0.02209614620927673  0.02209614620928673  0.02209614620929673
  0.02209614620930673  0.02209614620931672  0.02209614620932672  1.00000000000000000
  0.00000136674725749  0.00008822201018801  0.00009273026016458  0.00009723851014116
  0.00010292945218619  0.00010873662060125  0.00011495807139218  0.00012443040204859
  0.00014324904522622  0.00016004475539576  0.00016589200429533  0.00017173925319489
  0.00017758650209446  0.00018388611771222  0.00019070622138951  0.00019752632506679
  0.00020434642874408  0.00021123053411947  0.00021918535440639  0.00022714017469331
  0.00023509499498022  0.00024304981526714  0.00029799615995128  0.00032549567287442
  0.00035607811066595  0.00038815294319524  0.00042523816037454  0.00051960323842992
  0.00076316051860693  0.00084860582605631  0.00094719272460288  0.00105634763108585
  0.00132353811841805  0.00156717231222116  0.00157862843367225  0.00159008455512335
  0.00160154067657444  0.00161299679802553  0.00162445291947662  0.00163590904092772
  0.00164736516237881  0.00165882128382990  0.00167027740528099  0.00168173352673209
  0.00169318964818318  0.00170464576963427  0.00171610189108536  0.00172755801253646
  0.00173901413398755  0.00175047025543864  0.00176192637688973  0.00177338249834083
  0.00178483861979192  0.00179629474124301  0.00180775086269410  0.00181907450466860
  0.00182931170990769  0.00183954891514679  0.00184978612038588  0.00186002332562498
  0.00187026053086407  0.00188049773610316  0.00189073494134226  0.00190097214658135
  0.00191120935182045  0.00192144655705954  0.00193168376229864  0.00194192096753773
  0.00195215817277683  0.00196239537801592  0.00197263258325501  0.00198286978849411
  0.00199310699373320  0.00200334419897230  0.00201358140421139  0.00202381860945049
  0.00203405581468958  0.00204429301992868  0.00205453022516777  0.00206476743040687
  0.00207500463564596  0.00208524184088505  0.00209547904612415  0.00210571625136324
  0.00211595345660234  0.00305432139545562  0.00581543359091124  0.01106394861641524
  0.02103376843917261  0.02633899798375273  0.02633899798376273  0.02633899798377273
  0.02633899798378272  0.02633899798379272  0.02633899798380272  1.00000000000000000
  0.01897465785344437  0.38401617314507625  0.39303234629015249  0.40256331895175196
  0.41232629541049887  0.46203742326844893  0.54372392119163671  0.56817524754715620
  0.57554431460309485  0.58291338165903350  0.59028244871497226  0.59765151577091102
  0.60465794032758646  0.60889750003958210  0.61313705975157762  0.61737661946357325
  0.62161617917556877  0.62589420714404642  0.63032434890477407  0.63475449066550171
  0.63918463242622936  0.64361477418695712  0.64804491594768476  0.65247505770841252
  0.65690519946914017  0.66133534122986792  0.66576548299059568  0.71227018544378284
  0.72601143589565331  0.73975268634752367  0.75349393679939392  0.76723518725126416
  0.77914247029878358  0.79039917514164060  0.80165587998449761  0.81291258482735451
  0.82416928967021141  0.84851914174695997  0.91680968755723513  0.91767259463869444
  0.91853550172015375  0.91939840880161294  0.92026131588307225  0.92112422296453156
  0.92198713004599075  0.92285003712745006  0.92371294420890937  0.92457585129036857
  0.92543875837182787  0.92630166545328718  0.92716457253474649  0.92802747961620569
  0.92889038669766499  0.92975329377912430  0.93061620086058350  0.93147910794204281
  0.93234201502350211  0.93320492210496131  0.93406782918642062  0.93493073626787992
  0.93579364334933923  0.93665655043079843  0.93751490732146214  0.93817602129558397
  0.93883713526970591  0.93949824924382774  0.94015936321794968  0.94082047719207162
  0.94148159116619345  0.94214270514031540  0.94280381911443722  0.94346493308855917
  0.94412604706268111  0.94478716103680294  0.94544827501092488  0.94610938898504682
  0.94677050295916865  0.94743161693329059  0.94809273090741242  0.94875384488153436
  0.94941495885565630  0.95007607282977813  0.95073718680390007  0.95139830077802201
  0.95205941475214384  0.95272052872626578  0.95338164270038761  0.95404275667450955
  0.95470387064863149  0.95536498462275332  0.95602609859687526  0.95668721257099720
  0.95734832654511903  0.95800944051924097  0.95850301186243680  1.00000000000000000
  0.02923547824223839  0.08398805375767020  0.08464277418200714  0.08529749460634406
  0.08595221503068100  0.08660693545501794  0.08726165587935487  0.08791637630369181
  0.08857109672802874  0.08922581715236567  0.08988053757670261  0.09053525800103955
  0.09118997842537649  0.09184469884971343  0.09249941927405035  0.09315413969838729
  0.09380886012272423  0.09446358054706117  0.09511830097139810  0.09577302139573504
  0.09642774182007197  0.09708246224440890  0.09773718266874584  0.09839190309308278
  0.09904662351741972  0.09970134394175664  0.10035606436609358  0.10101078479043052
  0.10166550521476746  0.10232022563910440  0.10297494606344132  0.10362966648777826
  0.10432035076446777  0.10517509004353422  0.10602982932260065  0.10688456860166708
  0.10773930788073351  0.10859404715979994  0.10944878643886637  0.11030352571793280
  0.11115826499699923  0.11201300427606566  0.11286774355513209  0.11372248283419852
  0.11457722211326495  0.11543196139233138  0.11628670067139781  0.11714143995046424
  0.11799617922953066  0.11885091850859711  0.11970565778766354  0.12056039706672997
  0.12141513634579640  0.12226987562486283  0.12312461490392926  0.12397935418299569
  0.12483409346206212  0.13400325325977372  0.14517495538865871  0.15634665751754381
  0.16751835964642892  0.17869006177531391  0.20465118125416559  0.22135304586165014
  0.23499176965499838  0.24863049344834653  0.26226921724169472  0.27443818831829420
  0.28412674442843311  0.29381530053857197  0.30350385664871077  0.31319241275884957
  0.32288096886898837  0.33256952497912717  0.40806657053529727  0.48919571633577369
  0.57032486213625000  0.65145400793672636  0.71051883527719317  0.71783055564862897
  0.72514227602006476  0.73105720274694863  0.73526215701931930  0.73946711129169007
  0.74367206556406085  0.74787701983643162  0.75181910753499870  0.75549315130377281
  0.75916719507254704  0.76284123884132116  0.76651528261009538  0.77018932637886950
  0.83468914443500164  0.83974069754282621  0.83974069754283620  1.00000000000000000
  0.08735304673512777  0.70895327585195267  0.70957321837057219  0.71019316088919160
  0.71081310340781112  0.71143304592643053  0.71205298844505005  0.71267293096366946
  0.71329287348228898  0.71391281600090839  0.71453275851952791  0.71515270103814732
  0.71577264355676684  0.71639258607538625  0.71701252859400577  0.71763247111262518
  0.71825241363124470  0.71887235614986411  0.71949229866848363  0.72011224118710304
  0.72073218370572256  0.72135212622434197  0.72197206874296149  0.72259201126158090
  0.72321195378020042  0.72383189629881983  0.72445183881743935  0.72507178133605876
  0.72569172385467817  0.72631166637329769  0.72693160889191710  0.72755155141053662
  0.72817149392915603  0.72879143644777555  0.72947515142498909  0.73025665206162405
  0.73103815269825911  0.73181965333489418  0.73260115397152914  0.73338265460816421
  0.73416415524479917  0.73494565588143423  0.73572715651806919  0.73650865715470426
  0.73729015779133933  0.73807165842797429  0.73885315906460935  0.73963465970124431
  0.74041616033787938  0.74119766097451445  0.74197916161114941  0.74276066224778448
  0.74354216288441943  0.74432366352105450  0.74510516415768957  0.74588666479432453
  0.74666816543095960  0.74744966606759455  0.74823116670422962  0.74901266734086469
  0.74979416797749965  0.75240153724393477  0.75566175126108925  0.75892196527824363
  0.76218217929539811  0.76544239331255248  0.76870260732970697  0.77196282134686134
  0.77522303536401582  0.77848324938117031  0.78174346339832479  0.78500367741547916
  0.78826389143263365  0.79152410544978813  0.79717195589968881  0.80292898603607854
  0.80868601617246827  0.81444304630885811  0.82020007644524784  0.82595710658163768
  0.83171413671802741  0.83743502759088173  0.84314177662528422  0.84884852565968660
  0.85493871817244937  0.86627637430466786  0.87761403043688646  0.88895168656910495
  0.91756324037618031  0.92540127066380018  0.93323930095142005  0.93850811732527817
  0.94071692987323918  0.94292574242120031  0.94390362898508706  1.00000000000000000
 -0.00280621080329721  0.00053269130771706  0.00106538261543412  0.00159807392315118
  0.00213076523086823  0.00266345653858529  0.00319614784630235  0.00372883915401941
  0.00426153046173647  0.00479422176945352  0.00532691307717058  0.00585960438488764
  0.00639229569260470  0.00692498700032176  0.00745767830803882  0.00799036961575588
  0.00852306092347293  0.00905575223118999  0.00958844353890705  0.01012113484662411
  0.01065382615434116  0.01118651746205822  0.01171920876977528  0.01225190007749234
  0.01278459138520940  0.01331728269292646  0.01384997400064351  0.01438266530836057
  0.01491535661607763  0.01544804792379469  0.01598073923151175  0.01651343053922881
  0.01704612184694587  0.01757881315466292  0.01811150446237998  0.01864419577009704
  0.01917688707781410  0.01970957838553116  0.02024226969324822  0.02077496100096527
  0.02145300414730361  0.02214893509968651  0.02284486605206941  0.02354079700445230
  0.02423672795683520  0.02493265890921810  0.02562858986160100  0.02632452081398389
  0.02702045176636679  0.02771638271874969  0.02841231367113259  0.02910824462351549
  0.02980417557589839  0.03050010652828128  0.03119603748066418  0.03189196843304708
  0.03258789938542998  0.03328383033781288  0.03397976129019577  0.03467569224257867
  0.03537162319496157  0.03606755414734446  0.03676348509972736  0.03745941605211026
  0.03815534700449316  0.03885127795687605  0.03954720890925895  0.04024313986164185
  0.04093907081402475  0.04163500176640765  0.10530327985704641  0.17197338693599254
  0.23864349401493867  0.30531360109388483  0.35522628038781356  0.35919127986467597
  0.36315627934153843  0.36712127881840084  0.37108627829526331  0.37501897776146859
  0.37648641308823183  0.37795384841499502  0.37942128374175821  0.38088871906852145
  0.38235615439528464  0.38373256127039596  0.38373256127040595  0.38373256127041594
  0.38373256127042593  0.38373256127043592  0.38373256127044592  0.38373256127045591
  0.38373256127046590  0.38373256127047589  0.38373256127048588  1.00000000000000000
  0.01983797152837114  0.02156634611535732  0.02229935889738139  0.02303237167940545
  0.02376538446142951  0.02449839724345358  0.02523141002547764  0.02596442280750171
  0.02669743558952577  0.02743044837154983  0.02816346115357390  0.02889647393559796
  0.02962948671762203  0.03036249949964609  0.03109551228167016  0.03182852506369422
  0.03256153784571829  0.03329455062774235  0.03402756340976641  0.03476057619179048
  0.03549358897381454  0.03622660175583860  0.03695961453786267  0.03769262731988673
  0.03842564010191080  0.03915865288393486  0.03989166566595893  0.04062467844798300
  0.04135769123000706  0.04221913998306556  0.04317417379571137  0.04412920760835717
  0.04508424142100299  0.04603927523364880  0.04699430904629461  0.04794934285894042
  0.04890437667158623  0.04985941048423204  0.05081444429687786  0.05176947810952366
  0.05272451192216947  0.05367954573481529  0.05463457954746109  0.05558961336010691
  0.05654464717275272  0.05749968098539852  0.05845471479804434  0.05940974861069015
  0.06036478242333596  0.06131981623598177  0.06227485004862758  0.06957967472479913
  0.07884324267507678  0.08810681062535447  0.09737037857563223  0.10587378739598392
  0.11228328683566560  0.11869278627534728  0.12510858726035051  0.13191295856651028
  0.13871732987267008  0.14552170117882987  0.15232607248498972  0.15913044379114957
  0.16593481509730942  0.24551347818088928  0.33386279693206444  0.42221211568323980
  0.51056143443441493  0.59891075318559028  0.68726007193676553  0.69134321403990895
  0.69519689342175250  0.69905057280359595  0.70290425218543939  0.70675793156728295
  0.71061161094912639  0.71446529033096995  0.71831896971281350  0.72217264909465695
  0.72602632847650050  0.72988000785834406  0.73373368724018750  0.73758736662203095
  0.74144104600387450  0.74529472538571795  0.74914840476756150  0.81882567623120450
  0.90717499498237975  0.92862628215806242  0.94202541236917003  0.95542454258027765
  0.96696487666812614  0.97798979855251134  0.98899601684053240  1.00000000000000000
  0.18553888400395727  0.44109052132026805  0.44468104264053609  0.44827156396080414
  0.45186208528107219  0.45545260660134024  0.45914300444990275  0.46323875476199361
  0.46733450507408453  0.47143025538617545  0.47552600569826636  0.48057996193233815
  0.49329945230429184  0.50601894267624548  0.51873843304819911  0.53145792342015297
  0.54344999574837627  0.55248437314743581  0.56151875054649536  0.57055312794555491
  0.57958750534461445  0.58862188274367411  0.59765626014273376  0.62531534837961655
  0.67018190478844952  0.67792900148560087  0.68567609818275221  0.69342319487990356
  0.70117029157705490  0.70891738827420625  0.71666448497135771  0.72441158166850916
  0.75840290551543166  0.83410313406018211  0.90980336260493277  0.95861897430104714
  0.95941481093549641  0.96021064756994579  0.96100648420439505  0.96180232083884443
  0.96259815747329369  0.96339399410774307  0.96418983074219233  0.96498566737664171
  0.96578150401109097  0.96657734064554035  0.96737317727998962  0.96816901391443888
  0.96896485054888826  0.96976068718333752  0.97055652381778690  0.97135236045223616
  0.97214819708668554  0.97294403372113480  0.97373987035558418  0.97453570699003345
  0.97533154362448282  0.97612738025893209  0.97692321689338146  0.97771905352783073
  0.97851489016227999  0.97927699667606327  0.97988649677382611  0.98049599687158895
  0.98110549696935179  0.98171499706711463  0.98232449716487746  0.98293399726264030
  0.98354349736040314  0.98415299745816598  0.98476249755592882  0.98537199765369166
  0.98598149775145461  0.98659099784921744  0.98720049794698028  0.98780999804474312
  0.98841949814250596  0.98902899824026880  0.98963849833803164  0.99024799843579447
  0.99085749853355731  0.99146699863132015  0.99207649872908299  0.99268599882684583
  0.99329549892460867  0.99390499902237150  0.99451449912013434  0.99512399921789729
  0.99573349931566013  0.99634299941342297  0.99695249951118581  0.99756199960894865
  0.99817149970671148  0.99878099980447432  0.99939049990223716  1.00000000000000000
   2.9375425554671342E-010  -1.0000000000000000     
 F F F F F F F F F F F F F F F F F F F F F F F F F F F F F F F F F F F F F F F F F F F F F F F F F F F F F F F F F F F F F F F F
  <DiscreteSampler_grid>
  grouped_processes
  1 # 1 for a reference and 2 for a running grid.
  10 # Attribute 'min_bin_probing_points' of the grid.
  1 # Attribute 'grid_mode' of the grid. 1=='default',2=='initialization'
  0.0000000000000000 # Attribute 'small_contrib_threshold' of the grid.
  0.5000000000000000 # Attribute 'damping_power' of the grid.
 # binID   n_entries weight   weight_sqr   abs_weight
    10   10   2.328800646193412E+004   4.270620087120357E+009   2.328800646193412E+004
  </DiscreteSampler_grid>
