  0.00929696857079816  0.01683196015074674  0.02686425958326580  0.03693251753907128
  0.04681255432697552  0.05629035696751376  0.06590524074637491  0.07521189376300953
  0.08457014139720000  0.09452126200991461  0.10484942212864017  0.11544622281839095
  0.12632325448423448  0.13721142862933314  0.14753608896570133  0.15932346045623261
  0.17012442689205282  0.18192434273740038  0.19263431553461272  0.20232600572796711
  0.21163504696809202  0.22120005595224909  0.23120818139241933  0.24160785625543049
  0.25201635704272901  0.26251469683697182  0.27327994284703838  0.28385906721118981
  0.29411100298325887  0.30455853228138430  0.31574549757234321  0.32700350023759711
  0.33823921197971812  0.34932922942638384  0.36018992546094858  0.37090755797656855
  0.38148244760972594  0.39169475068223225  0.40156956739507393  0.41179625485918764
  0.42330333909381374  0.43526871267433270  0.44644396423315585  0.45728562576335741
  0.46826927292872483  0.47962047361668192  0.49116803192744452  0.50225940146670389
  0.51280429835930186  0.52292728736686989  0.53425873394492840  0.54601894413723395
  0.55921678076241188  0.57207723969834490  0.58504672744040742  0.59731560827368579
  0.60804156071202720  0.61741632603763918  0.62747069463412797  0.63746671073439398
  0.64663122838751952  0.65559234785728271  0.66495706457457637  0.67596388281296760
  0.68722048775672462  0.69759923882492625  0.70696409609820887  0.71633678690593305
  0.72544483788936709  0.73531230707477724  0.74500873463528905  0.75510785316223838
  0.76552926492203022  0.77566570448164529  0.78596215367316780  0.79580357687599435
  0.80525814919300831  0.81474819070730198  0.82477238686695620  0.83500496951447045
  0.84582097794330158  0.85597431815608693  0.86529529235997360  0.87477616173711148
  0.88379399938373626  0.89308810126569083  0.90261092800176534  0.91194595715025850
  0.92125653637049987  0.93079577359918908  0.94040202192063860  0.94988754947645127
  0.95953224113551983  0.96966529800385248  0.98044876239440037  1.00000000000000000
  0.00108331181213034  0.00158143526270328  0.00188736462714206  0.00213350275628942
  0.00235401875622071  0.00255751672639839  0.00274661807545307  0.00292434788686492
  0.00309641688314362  0.00326609966608349  0.00343796411536397  0.00361667752958272
  0.00380139525038958  0.00398864906415506  0.00417297490940875  0.00435435972891181
  0.00453612275721175  0.00472096821312331  0.00491436089834381  0.00512504177243607
  0.00534813369728175  0.00555998004622900  0.00575818198596079  0.00596026612599149
  0.00617560876505297  0.00640680051742666  0.00663643226365864  0.00687313242157324
  0.00711098559155517  0.00735042762335573  0.00759388105568246  0.00784923812927950
  0.00811095415521697  0.00839475803380344  0.00867530395360712  0.00896187797386450
  0.00926057552386674  0.00956970161616836  0.00988415781742967  0.01019093386798943
  0.01049746447615496  0.01081042052846152  0.01115476151465427  0.01152454197647989
  0.01189324688938697  0.01225230413636947  0.01260431543161388  0.01297353091562673
  0.01336622556962644  0.01379644769487042  0.01430776428715117  0.01488353760415880
  0.01553267473453981  0.01626267716110439  0.01697915011130432  0.01763864852514971
  0.01827213524236877  0.01885251261639499  0.01936788071446359  0.01986123420441093
  0.02036612383384858  0.02094044160723654  0.02159627014612581  0.02228529489126886
  0.02296899585362420  0.02367478540851995  0.02443668789649169  0.02535155804169137
  0.02614927587619937  0.02692329213427480  0.02774587029219734  0.02870732085044684
  0.02977313440549392  0.03085568759705126  0.03190122568695420  0.03284215048655624
  0.03388721534269891  0.03510529606458838  0.03638713832067448  0.03771416082486666
  0.03948333785124444  0.04201035677530371  0.04426808880937019  0.04590274278744560
  0.04810037629286671  0.05044090532886950  0.05247861392617663  0.05495258879707526
  0.05822962584802355  0.06210917762808705  0.06795849439072998  0.07772190541017336
  0.08803196876912767  0.09552134721950555  0.23758524333689895  1.00000000000000000
 -0.00000238452719560  0.00000800678700292  0.00002194430915745  0.00003361685128007
  0.00004377724608416  0.00005345477177014  0.00006296549495294  0.00007262908582540
  0.00008272779851609  0.00009294156926180  0.00010289921817235  0.00011310086179277
  0.00012381829328016  0.00013588625708551  0.00014798215414905  0.00015947277333352
  0.00017060269869241  0.00018224128491042  0.00019478130217124  0.00020862367261816
  0.00022338451939358  0.00023866979049264  0.00025381526671469  0.00026931285661315
  0.00028550080421525  0.00030265281287578  0.00032077539639737  0.00033840754805246
  0.00035557461433796  0.00037476334347253  0.00039517463120037  0.00041615269319027
  0.00043837911148925  0.00046433876661749  0.00049271653394887  0.00052144928933647
  0.00055082604638743  0.00058279156468393  0.00061666472352637  0.00064925710377071
  0.00068373717755516  0.00072014122036413  0.00075871048052790  0.00079962485499127
  0.00084201316637183  0.00088693251273695  0.00093388782456712  0.00097942502456671
  0.00102507484773299  0.00107315250952423  0.00112397822437007  0.00117927141743783
  0.00123985395766354  0.00130698134541047  0.00138503131208919  0.00147709417790231
  0.00157138350621857  0.00166466604886712  0.00175628450254029  0.00185547579696852
  0.00196534349753394  0.00209414849539231  0.00223321723689173  0.00237283491594891
  0.00252150710349635  0.00268746629629319  0.00286092550517224  0.00303852415089304
  0.00321130471641052  0.00338979183810685  0.00358642092829862  0.00379928075203955
  0.00404358475263842  0.00432770098818252  0.00468320138510663  0.00509970059021685
  0.00555994023793247  0.00603486579264090  0.00648775295472711  0.00691978609056495
  0.00738845515850916  0.00789991273601748  0.00849706018162675  0.00917035847115316
  0.01006246080780334  0.01109103262281922  0.01222856074068798  0.01354858762429894
  0.01494661647880729  0.01662870132750226  0.02020482688609467  0.02816013428991013
  0.03759313369274730  0.05174883551432220  0.39602356240975006  1.00000000000000000
 -0.00234648896998916  0.01110933016609907  0.02271803225676251  0.03448600281431300
  0.04633276468363867  0.05804740902626379  0.06966652722608752  0.08136237285156242
  0.09353663231869731  0.10657949304625118  0.11928811351947724  0.12997332400528522
  0.14008220469265353  0.14960308091878416  0.15940669111354588  0.16983183696768014
  0.18067390366338745  0.19073701193667333  0.20006735859481281  0.20985764711059116
  0.21994498217668501  0.22990196916519359  0.23916730915438078  0.24801887931123784
  0.25682188452414989  0.26585985125632744  0.27565769215776770  0.28624761242934288
  0.29624275498247393  0.30546754886798483  0.31471638469454238  0.32446221073745807
  0.33460205240259583  0.34418043310343571  0.35438299793952338  0.36639472533239187
  0.37788399385994637  0.38763779910731039  0.39726222332171418  0.40703790908093335
  0.41724267912670376  0.42720071391163350  0.43725993503856947  0.44752681087977070
  0.45756346206551357  0.46692410848987015  0.47586507938180372  0.48509400360651284
  0.49423831966722104  0.50375193538556884  0.51333332646551488  0.52310482340069475
  0.53437177765874833  0.54562954724802748  0.55654412484378746  0.56722996964597139
  0.57747445052065560  0.58762235587449407  0.59727411740702785  0.60783409554524048
  0.61905185174201804  0.63084525043693529  0.64199713952159743  0.65252630027502645
  0.66285757287103009  0.67318594905414963  0.68392611732055453  0.69485999167868684
  0.70569002027971328  0.71777806014228296  0.72922421716718488  0.74171268079373320
  0.75468092953384991  0.76665173259955566  0.77814273374935583  0.78848190336288659
  0.79826651384380387  0.80840381972804232  0.81814659456988348  0.82776966761350901
  0.83738574352899986  0.84712924827353053  0.85732329157022957  0.86792503713335156
  0.88063626945025952  0.89369874212697786  0.90579020761184503  0.91671062548318394
  0.92707490608084542  0.93748416922459465  0.94737705162584140  0.95787892763382287
  0.96904482030570216  0.97976374711514314  0.98993960652339474  1.00000000000000000
 -0.00316064896487704  0.01116032947075457  0.02286085706292154  0.03384375798744960
  0.04433931601217590  0.05489045295438912  0.06536356897537283  0.07504539556313727
  0.08423511508348136  0.09337791451890194  0.10312574717583653  0.11354478267273165
  0.12363504793693310  0.13373227667282239  0.14409752654736885  0.15502176009312180
  0.16566345723811024  0.17630791216456790  0.18708728090254984  0.19751064298262885
  0.20752862752595708  0.21761927676858497  0.22781084524040646  0.23796600308294069
  0.24852705322799709  0.25982162921234547  0.27101568720531150  0.28186873589234462
  0.29319580619595448  0.30501594189933556  0.31627814060622261  0.32710165074364767
  0.33760521004472727  0.34788985918178317  0.35871187202861116  0.36999652565570768
  0.38113269373102598  0.39235773097887816  0.40492009748520502  0.41877653454117930
  0.43133991486072143  0.44473280686806116  0.45610234570939573  0.46660767867240038
  0.47655670679623408  0.48690248853584017  0.49745656289194423  0.50780223732863605
  0.51837044273341082  0.52816130595511801  0.53745982275218951  0.54578834781313668
  0.55450466793909003  0.56381104658751124  0.57332749713536713  0.58278079847130115
  0.59294639674710647  0.60353083402451979  0.61502242024424891  0.62586232099275763
  0.63495209289847432  0.64441204808144592  0.65453114581222327  0.66522848251607536
  0.67601134617427439  0.68673993266134936  0.69695581713931765  0.70737722255734192
  0.71762845173648970  0.72793505378898016  0.73830684174187511  0.74858474161870336
  0.75847706412184168  0.76808017690174946  0.77795167243516206  0.78765121510197333
  0.79746241956111297  0.80674558005477137  0.81601031606777075  0.82725468371274780
  0.83821867567181219  0.84935339129360177  0.86114274286193659  0.87386068309654297
  0.88564679515805345  0.89696058867402584  0.90814290923285146  0.91926729486546421
  0.92949859771975130  0.93939591925094390  0.94841121930315542  0.95816997016812688
  0.96881758713780841  0.98052554125643943  0.99039366314049304  1.00000000000000000
 -0.00115098659994036  0.00451669194454812  0.01004236546075411  0.01547580732320318
  0.02184070424044011  0.02856999438690253  0.03543711211788391  0.04190762971890934
  0.04947339671015704  0.05714399258831351  0.06483891111700499  0.07217736386134138
  0.07967816764205482  0.08676531044425451  0.09349938890143228  0.10011709924500697
  0.10664549109232550  0.11297996511041629  0.11926490422531130  0.12576105780611110
  0.13248370951560351  0.13936880193838658  0.14629713806013267  0.15380031214505380
  0.16152115742989492  0.16973489403911071  0.17806067470696751  0.18663977449040323
  0.19500685848834834  0.20348672881527147  0.21207556803875913  0.22081845692652313
  0.22981581367759116  0.23894446334171282  0.24807744977108970  0.25749582113208419
  0.26719616362970705  0.27681727102671794  0.28625412164750086  0.29557452270036771
  0.30535600299517995  0.31438330225408556  0.32326258261382429  0.33194541352784424
  0.34104697325183986  0.35052909651723574  0.36020664559275600  0.36948748373785900
  0.37834619192802582  0.38693337762190838  0.39561224887371749  0.40479512869248824
  0.41447094943229446  0.42458102803868336  0.43421724962525982  0.44376982670687010
  0.45324273468973192  0.46281572983164121  0.47254150147341206  0.48230320698763574
  0.49243658765338505  0.50294998419042769  0.51409779799877087  0.52555400382430817
  0.53691515005471602  0.54799551282040249  0.55876903174384329  0.57016943460011493
  0.58328874922677243  0.59499703296737594  0.60658143896320393  0.61814359450076073
  0.62980837533861744  0.64100209336192360  0.65263425267765629  0.66416953603910234
  0.67536482989998814  0.68707929144989577  0.69928446833634406  0.71142112378423150
  0.72378713185877730  0.73708737536664692  0.75128469977783741  0.76568919702740112
  0.77966824946472435  0.79439553262515172  0.81130632268411595  0.82915807044885892
  0.84795570333794934  0.86738972825301097  0.88727940233534308  0.90694500980763304
  0.92738058692015801  0.94943721061298525  0.97346747631864206  1.00000000000000000
 -0.00179415134119697  0.00806147773959886  0.01715431732671992  0.02679811377997524
  0.03701092235757274  0.04836286072380176  0.06008095792623318  0.07223798769992874
  0.08394006591809711  0.09551269075777073  0.10738987941275305  0.11956267994500801
  0.13171765774798050  0.14315827820597121  0.15485576167676926  0.16639363096222526
  0.17667145477508100  0.18742526289576000  0.19834935176957597  0.20881803155239079
  0.21802743960068485  0.22766760063347011  0.23805535190103733  0.24884546126385693
  0.25904081208118834  0.26833780870534307  0.27826598657664742  0.28790351560521649
  0.29889933785392114  0.31031680720927224  0.32203183575139566  0.33427000921679112
  0.34613376228120341  0.35738105366949730  0.36698364735684724  0.37679227656341219
  0.38684458899951374  0.39751859002778972  0.40752379862760052  0.41808143505205370
  0.42868227071710036  0.43942619607002836  0.44964071450085835  0.45989955454494041
  0.47076985727619236  0.48226169686124154  0.49362641644759409  0.50495119204007310
  0.51659804498636419  0.52755242058026630  0.53867585924040529  0.55063780693278008
  0.56265047005836055  0.57314300371355842  0.58325923717748185  0.59357192339154474
  0.60404093032544426  0.61360895471033849  0.62269028856307129  0.63220235872136421
  0.64209418743542990  0.65225191217145206  0.66289955944486034  0.67437282310330648
  0.68594563040068390  0.69722440735628843  0.70793874863475459  0.71811239024946238
  0.72822469610188123  0.73829776757577426  0.74806540159056878  0.75758051306291530
  0.76741939638895107  0.77785150849700968  0.78861887140298770  0.79885203878615019
  0.80911287883168093  0.81865401482921563  0.82796479832516456  0.83647821313235904
  0.84517625736089841  0.85376804298754472  0.86312472452068179  0.87308802239128303
  0.88293126262014798  0.89316024177752740  0.90331940707506653  0.91350152175552157
  0.92368556971409388  0.93432974386790679  0.94550396154338390  0.95676113141133978
  0.96729830980828568  0.97751691728978574  0.98857350755849371  1.00000000000000000
 -0.00289547977212236  0.01124407498898085  0.02274603657463680  0.03294052177874945
  0.04226435306921704  0.05154741178669162  0.06105924375501750  0.07138039641914593
  0.08321736278666836  0.09573495571808235  0.10729229243281471  0.11732887774590683
  0.12711621141194113  0.13636555013180351  0.14576122000040512  0.15552325164181174
  0.16592311588293795  0.17650458751756262  0.18741389375975975  0.19899246568905229
  0.21083754060173210  0.22272427598874028  0.23430313544329956  0.24557559708614254
  0.25648591488426414  0.26706525511908907  0.27768373888348313  0.28821289321701282
  0.29846602194736244  0.30833658988499985  0.31857393443670717  0.32918909021961124
  0.33993789585913148  0.35050785549137697  0.36135333355638793  0.37196117214409541
  0.38174523252390835  0.39131055713922425  0.40155578385902019  0.41223054681160498
  0.42362806535492242  0.43518131060564202  0.44623763865583516  0.45689957502494166
  0.46775161471894711  0.47824318675391536  0.48760610939420862  0.49666420100947167
  0.50614544992818400  0.51614695041534975  0.52594242561675686  0.53522721620196922
  0.54541481153864801  0.55747658246428033  0.56965793004470755  0.58154641995752088
  0.59265694602766839  0.60307211347156198  0.61285462693886117  0.62278362952786204
  0.63319606398293860  0.64370372865965964  0.65391509427052319  0.66438233377598932
  0.67565060536926691  0.68781932185001859  0.69932211859677940  0.71039667935170481
  0.72137575077445015  0.73290768066602507  0.74410772255062418  0.75422899483766404
  0.76304126922757776  0.77212052834200906  0.78109518933092437  0.79014214060970656
  0.79934682357413955  0.80913017972459300  0.82024685747048953  0.83190950030173638
  0.84311914024066992  0.85354645838622756  0.86345021819844381  0.87306787886410075
  0.88267742779657987  0.89248136422271818  0.90274192267158493  0.91295205681044078
  0.92418034050776254  0.93638420229091390  0.94837952802368131  0.95956646225960551
  0.96930769134045203  0.97938504422723738  0.98967276958439598  1.00000000000000000
 -0.02179771704933115  0.34769245349722266  0.45972793166098741  0.52740575753511476
  0.57437472381304877  0.61235340999951271  0.64139375365228601  0.66681375598924775
  0.68818460014273686  0.70628029579998475  0.72288675322725160  0.73782644853692003
  0.75072676538909522  0.76214120581750378  0.77319699069952785  0.78357738645050745
  0.79322425475022562  0.80203133588057451  0.81008194715614490  0.81740243174692540
  0.82430200977668822  0.83090763933717049  0.83718387772695102  0.84324904637224374
  0.84903474490311637  0.85443514032612922  0.85944045246459666  0.86432127700177808
  0.86926538115032737  0.87404002463742270  0.87847062061366032  0.88267244600939887
  0.88677717619872942  0.89091308493754517  0.89496226818601865  0.89860489461960535
  0.90178912735677419  0.90474791871877547  0.90769744504842165  0.91063751138683169
  0.91352313786359918  0.91632651739873583  0.91886858817589234  0.92119821250070844
  0.92347866513013654  0.92575281557731459  0.92803734475726141  0.93031236384585414
  0.93251211033543846  0.93470450082522927  0.93692536969286622  0.93884580927710448
  0.94069417580500525  0.94253489323003425  0.94431713708648002  0.94605355738965824
  0.94779147031672373  0.94950950196716533  0.95120069329329160  0.95285358697425815
  0.95439749054366563  0.95593398173806898  0.95749929330264427  0.95902514540604777
  0.96044349407519014  0.96187023315829301  0.96330139484120780  0.96472812305444133
  0.96612307406447329  0.96747410542293355  0.96879250505023506  0.97002034791008795
  0.97116807181278741  0.97228906430439777  0.97340701227915183  0.97453522157952899
  0.97568077834138811  0.97681761312089388  0.97794434875937764  0.97907607626864634
  0.98021377136935584  0.98133627830986447  0.98244364372644089  0.98352304038556282
  0.98460565547171541  0.98572089354884151  0.98685789039411564  0.98795985910717876
  0.98906314698974707  0.99017437632161187  0.99128631333527140  0.99245617413856824
  0.99371791160112499  0.99516882035234033  0.99711627685556425  1.00000000000000000
   5.2840371123656549E-017  -1.0000000000000000     
 F F F F F F F F F F F F F F F F F F F F F F F F F F F F F F F F F F F F F F F F F F F F F F F F F F F F F F F F F F F F F F F F
  <DiscreteSampler_grid>
  grouped_processes
  1 # 1 for a reference and 2 for a running grid.
  10 # Attribute 'min_bin_probing_points' of the grid.
  1 # Attribute 'grid_mode' of the grid. 1=='default',2=='initialization'
  0.0000000000000000 # Attribute 'small_contrib_threshold' of the grid.
  0.5000000000000000 # Attribute 'damping_power' of the grid.
 # binID   n_entries weight   weight_sqr   abs_weight
    10   10   1.004098554403431E-006   3.026211643105464E-012   1.004098554403431E-006
  </DiscreteSampler_grid>
