  0.00945861463497724  0.01589852589417017  0.02530785162805478  0.03521580246757421
  0.04507138197466021  0.05545946290446249  0.06594418387931548  0.07583917471475055
  0.08559348967830671  0.09566694978802294  0.10583489679067271  0.11607397728299733
  0.12632918022971795  0.13670797464785947  0.14674029788385010  0.15634337301789383
  0.16597386633420094  0.17554350669835192  0.18544678541755902  0.19539638111165056
  0.20552155891340662  0.21593392977467404  0.22649440180410610  0.23713031131385651
  0.24772068047783297  0.25850531938047844  0.26949784854249770  0.28039688274513980
  0.29077079353049939  0.30065080290348223  0.31047520387381117  0.32081073337526972
  0.33149195433357226  0.34248292684350085  0.35378156289959234  0.36560649699704512
  0.37768441386952234  0.38982598669929042  0.40189388832849665  0.41363942377475915
  0.42474482637985905  0.43523169321306776  0.44579938037390354  0.45665466437263863
  0.46764890986325186  0.47828138095229067  0.48818299450848701  0.49801694094628551
  0.50786656401914843  0.51769836835829974  0.52780916412816314  0.53845860182820149
  0.54981892827759826  0.56136337653443036  0.57284807216552713  0.58427770692230596
  0.59502522680858549  0.60565883833973932  0.61584631181471527  0.62598881762881087
  0.63515467108590407  0.64429947722491721  0.65359599181182804  0.66310340471291918
  0.67297294909860594  0.68290099360988143  0.69274352670761152  0.70264221407477800
  0.71269325924749904  0.72295900183869055  0.73328564652446604  0.74399018098494385
  0.75492631036148605  0.76576679743159459  0.77690603090184351  0.78847395085968797
  0.79994026422180764  0.81105062146973450  0.82193119971885720  0.83284045350622860
  0.84399416378708514  0.85445865783966424  0.86451055641509023  0.87424033331666740
  0.88416463271536250  0.89432300888705307  0.90455854884059550  0.91494846726288825
  0.92550099322364854  0.93665574928490325  0.94758859230522818  0.95905027863186332
  0.96965620027596344  0.98071654785090101  0.99087589766411233  1.00000000000000000
  0.01113201284682786  0.01407744358668875  0.01573543453291291  0.01700467550338973
  0.01804288094145616  0.01898803568290873  0.01990083624550656  0.02080987486906283
  0.02168642711121475  0.02253965790869106  0.02338806931555351  0.02418519469692437
  0.02494531574924500  0.02568116256259657  0.02642519925167585  0.02719462604695507
  0.02797056003022122  0.02873691469627026  0.02950583216707102  0.03028551317696385
  0.03106300299955353  0.03182947850039659  0.03258722768672179  0.03336428811845860
  0.03421211130187347  0.03508513616043422  0.03596055909074026  0.03682951120850785
  0.03770144976522016  0.03856690805046716  0.03941845785236549  0.04025823903504631
  0.04113389765155016  0.04206631732302141  0.04305779195528795  0.04411891006505560
  0.04523801581905181  0.04635719159834929  0.04742273354164372  0.04848093771132877
  0.04956215982513235  0.05066132729860110  0.05177341818860263  0.05285734798017935
  0.05402297616230050  0.05529619507550838  0.05662671713844152  0.05804695108527609
  0.05945473991618195  0.06095839427047538  0.06243389347459717  0.06394410996444515
  0.06549611057272636  0.06711852371817008  0.06879410506406339  0.07039446939220077
  0.07194354628890252  0.07351785428350886  0.07513398268328221  0.07681590275945670
  0.07858741472688291  0.08048714784682119  0.08240206497971514  0.08426971566577485
  0.08617674621547235  0.08826223989116451  0.09053446600961626  0.09302399597699712
  0.09587581086069191  0.09905224598988904  0.10229411941502496  0.10513232233130003
  0.10833224851472559  0.11140189467784881  0.11425594879037285  0.11716866458252555
  0.12032657130261995  0.12365680993353233  0.12703195339367737  0.13095435699851032
  0.13520104614902712  0.13948842418431120  0.14358072069774769  0.14816300933952198
  0.15348308501051947  0.15970479215420308  0.16669391553191046  0.17508394781087797
  0.18545436439844062  0.19824829536371089  0.21179168551272087  0.23629657549749197
  0.26401103281152216  0.29238282538619303  0.83676348980347803  1.00000000000000000
 -0.00000685498669909  0.00003950086767448  0.00007914092840099  0.00011476240019428
  0.00015460652687709  0.00019786011615879  0.00024295461318575  0.00029112450098631
  0.00034651159496853  0.00040460579748212  0.00046822537328514  0.00053508166878956
  0.00060317288814196  0.00067415848066038  0.00074983810737819  0.00083090261228594
  0.00092012719301915  0.00101546594586228  0.00111207945090314  0.00120751893002030
  0.00130439469510474  0.00140921961500119  0.00152542109429585  0.00164150081190798
  0.00175143306871168  0.00186417034831822  0.00198780246253377  0.00212669122929527
  0.00227707355470256  0.00243418119583630  0.00259171043098634  0.00275079138350739
  0.00291455513071183  0.00308692648368881  0.00327077318667667  0.00345951479106899
  0.00364554723608132  0.00383305496950823  0.00402897555353499  0.00423224650565844
  0.00444022314037538  0.00465625467584591  0.00488525057819869  0.00512190442941571
  0.00536964478927304  0.00562960714154235  0.00589525347712176  0.00617546149285783
  0.00647816300196601  0.00680809563848234  0.00716504755771415  0.00753729463928907
  0.00791545900703597  0.00828931552038007  0.00868149811388352  0.00910019971720223
  0.00954548423188106  0.01003608020274905  0.01059395115573630  0.01118944026380933
  0.01180077507337319  0.01244515879109009  0.01315455820395547  0.01392831610093407
  0.01476133136452584  0.01565698549856642  0.01654943766876536  0.01746588323221525
  0.01844366512576335  0.01954064797965872  0.02071714267892570  0.02205982052451229
  0.02344689396750444  0.02488732739326363  0.02645572278715149  0.02812739469913233
  0.02991175986785083  0.03179506261437556  0.03379380687858622  0.03606147132133954
  0.03867551370044078  0.04169918072189219  0.04511006138462326  0.04901242031666429
  0.05337312233622657  0.05822482045429146  0.06414547237169574  0.07153564701804294
  0.08288254885710394  0.09687561947087509  0.11314913915651556  0.13455941268066560
  0.15911995528085460  0.20882533214801952  0.37561078713436269  1.00000000000000000
 -0.00217250210253141  0.00980742846677244  0.02060686875882301  0.03006203813160660
  0.03990516897686523  0.04933422082595643  0.05879276028064878  0.06861950152798343
  0.07868568418299654  0.08975201480960852  0.10169021668752307  0.11314223882364310
  0.12452396152175386  0.13595699658069293  0.14772735623106531  0.15948990251563805
  0.17156194119728158  0.18353115985622984  0.19443231272719155  0.20479947140484717
  0.21580888396341352  0.22707825006827861  0.23814957859370758  0.24873973735850760
  0.25934289797616866  0.26990205770689796  0.28025989558421621  0.29044635425620940
  0.30041821054566509  0.31029716259737689  0.32011141638490881  0.33002693752298973
  0.34001550285846510  0.34984720315709172  0.35956504051603910  0.36962515797410073
  0.38009013091038890  0.39074126311314844  0.40136248386383383  0.41184301697467024
  0.42207892496477156  0.43224462825225513  0.44222401870825911  0.45179035376338000
  0.46092451149380675  0.46970885342055918  0.47869784952298566  0.48827934062956707
  0.49839167014294145  0.50916338582279730  0.51942282948771767  0.52976957671999270
  0.54036050528897794  0.55125578491056915  0.56231715732629328  0.57323867659233441
  0.58391717034007917  0.59437555247646923  0.60504328961026110  0.61622832708815090
  0.62765924916238447  0.63911827565819812  0.65047767427452008  0.66209860835130618
  0.67435936716098033  0.68678567140046864  0.69880214408648111  0.71029668771247700
  0.72126580556075137  0.73220795956664031  0.74200978418924735  0.75175412171511313
  0.76072232241070803  0.77061695787930773  0.78083396497558599  0.79078810022654500
  0.80044902856113387  0.81000928700686914  0.81940795464301641  0.82863061680444206
  0.83779788688001811  0.84718715605366735  0.85709273336500480  0.86746339561451258
  0.87788292069521934  0.88847667150481813  0.89928449897994533  0.91019270919775486
  0.92099815919910588  0.93109300475299894  0.94176078503333349  0.95311942266800764
  0.96433029246580426  0.97591015120344926  0.98761471787931632  1.00000000000000000
 -0.00210356878323460  0.00882314821595425  0.01820293125384140  0.02843815009943376
  0.03882763512131432  0.04952813661254472  0.06060001904132988  0.07164195652553491
  0.08258075471436306  0.09310259406121783  0.10331572816132915  0.11379471318975903
  0.12425967549635994  0.13456257924364112  0.14459695688528129  0.15453798991546075
  0.16468248378130673  0.17451620853767816  0.18452635716813182  0.19492782590825136
  0.20559304202754158  0.21625131387259927  0.22629922785876827  0.23695853515293780
  0.24744110245327797  0.25833150114608161  0.26905024554397311  0.28064471639608768
  0.29256250914628895  0.30349281860865640  0.31468846220722929  0.32496029375515023
  0.33608458668728430  0.34641523276149294  0.35648091475940291  0.36681192577016908
  0.37709295741968868  0.38710669846813678  0.39748693813466518  0.40866044729821621
  0.42049830730312709  0.43123560996322258  0.44145443282410868  0.45220138149862665
  0.46265907973737647  0.47328845478235998  0.48321435433952148  0.49312585509994455
  0.50337472021706131  0.51409176939531676  0.52487182531129051  0.53553560534037881
  0.54604871965500112  0.55702916307119021  0.56783755189830842  0.57931138846062546
  0.59136883755937575  0.60396731431367612  0.61639498436110496  0.62785805550849960
  0.63873549189450674  0.64907501860493022  0.65909590171916677  0.66927951150824139
  0.67942637685403606  0.68924032448331274  0.69928814766673353  0.70955958836160826
  0.72121516340914260  0.73274220005682544  0.74431033805839664  0.75548247594008533
  0.76608805257527579  0.77642667712768543  0.78690318925361880  0.79696912953882437
  0.80688423301614698  0.81687582067205078  0.82701017654565556  0.83665290963077488
  0.84615987376679980  0.85602835480754946  0.86636098337476553  0.87631285500414580
  0.88617910054017601  0.89625264023485773  0.90684509398882784  0.91774438325446706
  0.92836811963444954  0.93887336969424684  0.94933247682666400  0.95934584436575043
  0.96913451679114748  0.97900702173722254  0.98928773507551759  1.00000000000000000
 -0.00140082706767266  0.00619796946209626  0.01406399879212820  0.02187539087267522
  0.02951106253274655  0.03735913868103843  0.04526418367232539  0.05287846113700605
  0.06051487896692852  0.06821701658731215  0.07568375556867454  0.08325689752736855
  0.09069356445561091  0.09811818931570715  0.10575938065015555  0.11369092514432946
  0.12171980807331328  0.12974783645506532  0.13724159938468475  0.14482329882744188
  0.15297096553950693  0.16179194626409871  0.17026737382262738  0.17866957308863571
  0.18673142127105102  0.19474414022814404  0.20275109973857786  0.21105949174673205
  0.21955724247455150  0.22809600053004944  0.23644986130424644  0.24467296391642210
  0.25297748283610022  0.26146402072362074  0.27036473395073207  0.27965159128941830
  0.28884979697886337  0.29761125757393092  0.30606486485209994  0.31453417303629666
  0.32278035980729530  0.33111977019854821  0.33950256409902757  0.34775988328147223
  0.35594949799722653  0.36427669241759880  0.37306062164573467  0.38277690520085422
  0.39303877957602740  0.40316202515074689  0.41308548089961611  0.42281840803637410
  0.43227089501403670  0.44207105081310694  0.45195495126102508  0.46206281933283921
  0.47188889703284775  0.48210578275614407  0.49260115794937531  0.50352876797195534
  0.51395818838900276  0.52451465944010867  0.53534008754777040  0.54640825219218325
  0.55768544249924878  0.56904246750406451  0.58065581262053045  0.59225577751539882
  0.60376990983581291  0.61539474623536183  0.62700534876628844  0.63860112052906814
  0.65059523557699017  0.66258676870174116  0.67451719320006387  0.68710746688030022
  0.70060516391685512  0.71418319833340371  0.72659847418899637  0.73917159030657265
  0.75201398236683337  0.76576628292687454  0.77958625216303878  0.79375113698578459
  0.80853098876429419  0.82384937942774195  0.84003226682582022  0.85697965421229572
  0.87369704909306023  0.89032049482433318  0.90782647490907198  0.92576357529620290
  0.94417488266000593  0.96310720191067045  0.98182147092839422  1.00000000000000000
 -0.00188048395591951  0.00985389605028540  0.02024606463011262  0.03176363890642096
  0.04223187520420491  0.05250307742731247  0.06314695485503019  0.07505081502938346
  0.08657547359305680  0.09803959614972527  0.10904469062459925  0.11952868742217967
  0.12995238879595347  0.14075001953625160  0.15126807221205218  0.16164131427480388
  0.17227745909639575  0.18316467230903924  0.19393150969527537  0.20409946472247301
  0.21430629449378361  0.22464997501296916  0.23545438649669531  0.24591269436206109
  0.25607721518454829  0.26544683408982334  0.27468446235648630  0.28391387962098424
  0.29382495963428684  0.30330411598142659  0.31252465578400618  0.32181003332568886
  0.33109614654384040  0.34043740764061436  0.34961328276505621  0.35955152854940908
  0.37081910803901330  0.38213938041128942  0.39337819114083650  0.40441641713734289
  0.41507971412973355  0.42600908687790057  0.43698277492455001  0.44802344627762708
  0.45877582838152958  0.46927410622337390  0.47968410722523752  0.49013534051701468
  0.50116510663159741  0.51260690359507832  0.52382905953584102  0.53479157886711015
  0.54608328173824816  0.55750793879508298  0.56860608297261728  0.57938110797590259
  0.59025556210633323  0.60085106281423906  0.61111536796076393  0.62102553186114506
  0.63088372722792962  0.64072601172355825  0.65059832653478888  0.66095286013942578
  0.67160793952590814  0.68210008841214154  0.69218558034901700  0.70181341626147886
  0.71168415048637912  0.72172618444971148  0.73191485240700227  0.74233094344922157
  0.75282447582971468  0.76375011524565084  0.77490366054052251  0.78647790474273360
  0.79795455142180349  0.80929544832325406  0.82050856910196412  0.83126573462673059
  0.84164230394740436  0.85192124004426173  0.86265251170725255  0.87396735898217759
  0.88495945894358963  0.89548941653320591  0.90617735465986460  0.91686009061665785
  0.92707132609228593  0.93683506264052230  0.94648089742856589  0.95628145034143741
  0.96633577748404964  0.97677652306741847  0.98820006479802747  1.00000000000000000
 -0.00251982844946206  0.00979974157109836  0.01950675463425845  0.02973470193332216
  0.04002457353249596  0.05010614056572733  0.06038101836026517  0.07137972461405015
  0.08336850222206747  0.09413468272902417  0.10494499649297524  0.11478417336635650
  0.12419856686973139  0.13462568360697602  0.14576809673724939  0.15723735690293486
  0.16806663044717018  0.17858155955822366  0.18949705648161985  0.20084266503829440
  0.21207069286170349  0.22318026559776671  0.23402335152397974  0.24506478850705782
  0.25561496062291444  0.26578284926369361  0.27581277427863476  0.28604364953926747
  0.29644148640049206  0.30646927613116809  0.31626663623692602  0.32599218647752509
  0.33604926318690764  0.34643113481406845  0.35640831161772074  0.36613592904847320
  0.37618188101256772  0.38669213212118952  0.39744223978099685  0.40779401994924286
  0.41842769650661354  0.42968192509519582  0.44102566557000317  0.45272026697889595
  0.46419037674169372  0.47569851183444906  0.48695676934122512  0.49803115752092575
  0.50917786877495996  0.52066217354317212  0.53253673539622737  0.54429351453542729
  0.55550795347152204  0.56618439380260299  0.57661176084113752  0.58716547392294194
  0.59780394275606208  0.60869473644000549  0.61966032213058919  0.63086130356388448
  0.64190670231593439  0.65278304633105766  0.66349835798562684  0.67404061234380552
  0.68450711195212477  0.69522809681000852  0.70603179264592797  0.71662998175321158
  0.72712676222598038  0.73765479545140045  0.74822569466220346  0.75841501162799729
  0.76885386843679193  0.77956281354921486  0.79046952353011934  0.80096477233961771
  0.81136897349979986  0.82255096581233889  0.83376186428731025  0.84472224994121103
  0.85537629464387077  0.86577332802845819  0.87601297622595409  0.88557274017949505
  0.89457569266905468  0.90334659289524266  0.91223952925297047  0.92165071323953285
  0.93128563146221932  0.94124291733345022  0.95139772542377143  0.96119153315284822
  0.97072415508556864  0.98028767472618716  0.99007885194239664  1.00000000000000000
 -0.00454356006254905  0.29536562258829480  0.38398233264545878  0.44038302362652898
  0.48246456468219739  0.51522727594473439  0.54087817446715758  0.56285660881968824
  0.58128454939471141  0.59728781936781372  0.61275320317712534  0.62786753921139282
  0.64130310754813946  0.65334198393231180  0.66475402262641770  0.67567161658207409
  0.68618926141261338  0.69581214386851853  0.70478774019829726  0.71316837931411048
  0.72123159979461859  0.72878953832560511  0.73601280846661554  0.74277083369463870
  0.74910564740603991  0.75496190718696921  0.76066641171320137  0.76634928845408867
  0.77176933341333320  0.77700095449309858  0.78215972961684577  0.78723351709458378
  0.79204545859626285  0.79652368836085896  0.80080524055104485  0.80500052992442406
  0.80903114039771973  0.81302726915987644  0.81694663254282085  0.82090913923393205
  0.82483159878433865  0.82867463724305934  0.83242878209744109  0.83607652834946244
  0.83958443469881527  0.84296045145961351  0.84626750766273462  0.84954628414510736
  0.85290703058186712  0.85628297555184352  0.85953295590974688  0.86264963945280693
  0.86564638322928078  0.86856128313267267  0.87147123466311871  0.87437228943902279
  0.87712385907190327  0.87986198792499681  0.88263695173410450  0.88531066514383427
  0.88801896094426747  0.89063151444245248  0.89322145807286679  0.89577889213422557
  0.89826100735533110  0.90066920146155971  0.90305680815945200  0.90542602992916843
  0.90781179451064886  0.91020158285754549  0.91261087522260109  0.91502828208455156
  0.91740643371501529  0.91970724992399078  0.92196454583187026  0.92428829600496532
  0.92670000280457099  0.92909388103532753  0.93154648329605205  0.93398616637916732
  0.93639405571951972  0.93886774844119680  0.94149655359849604  0.94408822394542646
  0.94671800955935737  0.94942017387357969  0.95217407152517475  0.95494925935263553
  0.95778856430190262  0.96110422877197410  0.96461334946013377  0.96833339928501005
  0.97239391749329673  0.97719837120656849  0.98517712304718486  1.00000000000000000
   1.3179202599249918E-014  -1.0000000000000000     
 F F F F F F F F F F F F F F F F F F F F F F F F F F F F F F F F F F F F F F F F F F F F F F F F F F F F F F F F F F F F F F F F
  <DiscreteSampler_grid>
  grouped_processes
  1 # 1 for a reference and 2 for a running grid.
  10 # Attribute 'min_bin_probing_points' of the grid.
  1 # Attribute 'grid_mode' of the grid. 1=='default',2=='initialization'
  0.0000000000000000 # Attribute 'small_contrib_threshold' of the grid.
  0.5000000000000000 # Attribute 'damping_power' of the grid.
 # binID   n_entries weight   weight_sqr   abs_weight
    10   10   7.587450192457641E-003   1.182336361950070E-004   7.587450192457641E-003
  </DiscreteSampler_grid>
