  0.05282158779613779  0.05871984614580678  0.06734339434319064  0.08083073228448845
  0.14448030033564119  0.21955809383401123  0.24467961236061303  0.26246931142100610
  0.28025901048139923  0.31860077586378088  0.37521601548021916  0.37608428142189293
  0.37695254736356670  0.37782081330524042  0.37868907924691420  0.37955734518858797
  0.38042561113026174  0.38129387707193546  0.38216214301360923  0.38303040895528301
  0.38389867489695673  0.38476694083863050  0.38563520678030427  0.38650347272197799
  0.38737173866365177  0.38824000460532554  0.38910827054699926  0.38997653648867303
  0.39084480243034680  0.39171306837202058  0.39258133431369430  0.39344960025536807
  0.39431786619704184  0.39518613213871556  0.39605439808038934  0.39692266402206311
  0.39779092996373688  0.39865919590541066  0.39952746184708443  0.40039572778875815
  0.40126399373043192  0.40213225967210570  0.40300052561377947  0.40386879155545324
  0.40473705749712702  0.40560532343880074  0.40647358938047451  0.40734185532214828
  0.40821012126382206  0.40907838720549583  0.40994665314716960  0.41081491908884338
  0.41168318503051715  0.41255145097219087  0.41341971691386464  0.41428798285553842
  0.41515624879721219  0.41602451473888596  0.41689278068055974  0.41776104662223346
  0.41862931256390723  0.41949757850558100  0.42036584444725472  0.42123411038892850
  0.42210237633060227  0.42297064227227599  0.42383890821394976  0.42470717415562353
  0.42557544009729731  0.42644370603897103  0.42731197198064480  0.42818023792231857
  0.42904850386399229  0.42991676980566607  0.43078503574733984  0.43165330168901356
  0.43252156763068733  0.43338983357236111  0.43425809951403488  0.43512636545570860
  0.43599463139738237  0.43686289733905614  0.45748837939167319  0.52741393518197621
  0.56952284362646788  0.63378780761909048  0.70886560111746044  0.78394339461583051
  0.85902118811420047  0.88229638149678258  0.89156551284818053  0.89974244996384367
  0.90698737364189086  0.91343564689591195  0.91343564689592194  1.00000000000000000
  0.00002904103578342  0.00008307118271514  0.00009480488991666  0.00010596732133917
  0.00012648193823307  0.00018380944913201  0.00028705057141501  0.00040292320480607
  0.00040511677320892  0.00040731034161176  0.00040950391001461  0.00041169747841745
  0.00041389104682030  0.00041608461522314  0.00041827818362599  0.00042047175202883
  0.00042266532043168  0.00042485888883452  0.00042705245723737  0.00042924602564021
  0.00043143959404306  0.00043363316244590  0.00043582673084875  0.00043802029925159
  0.00044021386765444  0.00044240743605728  0.00044460100446013  0.00044679457286297
  0.00044911327728166  0.00045155481146785  0.00045399634565403  0.00045643787984022
  0.00045887941402640  0.00046132094821259  0.00046376248239877  0.00046620401658496
  0.00046864555077114  0.00047108708495733  0.00047352861914351  0.00047597015332970
  0.00047841168751588  0.00048085322170207  0.00048329475588825  0.00048573629007444
  0.00048817782426062  0.00049061935844681  0.00049306089263299  0.00049550242681918
  0.00049794396100536  0.00050059743469130  0.00050331496525683  0.00050603249582236
  0.00050875002638789  0.00051146755695342  0.00051418508751895  0.00051690261808447
  0.00051962014865000  0.00052233767921553  0.00052505520978106  0.00052777274034659
  0.00053049027091212  0.00053320780147765  0.00053592533204318  0.00053864286260871
  0.00054136039317424  0.00054407792373977  0.00054679545430529  0.00054951298487082
  0.00055223051543635  0.00056300799010033  0.00085467314758621  0.00089792570559720
  0.00094117826360820  0.00098856487003086  0.00103670679206384  0.00108822195708741
  0.00114180594757512  0.00121344152678029  0.00131309925293011  0.00141722698210157
  0.00193771574729974  0.00302612175401110  0.00472447678422530  0.00738764948372274
  0.01154828205604253  0.01804617008835251  0.02073717895702622  0.02073717895703622
  0.02073717895704622  0.02073717895705622  0.02073717895706622  0.02073717895707622
  0.02073717895708621  0.02073717895709621  0.02073717895710621  1.00000000000000000
  0.00000540004217497  0.00000588127976836  0.00000648738218123  0.00000714045741901
  0.00000719497908753  0.00000724950075604  0.00000730402242456  0.00000735854409307
  0.00000741306576159  0.00000746758743010  0.00000752210909862  0.00000757663076713
  0.00000763115243565  0.00000768567410416  0.00000774019577268  0.00000779471744119
  0.00000784923910971  0.00000790376077822  0.00000795828244674  0.00000801280411525
  0.00000806732578377  0.00000812184745228  0.00000817636912080  0.00000823089078931
  0.00000828541245783  0.00000834298747500  0.00000840658036088  0.00000847017324675
  0.00000853376613262  0.00000859735901849  0.00000866095190436  0.00000872454479023
  0.00000878813767610  0.00000885173056197  0.00000891532344785  0.00000897891633372
  0.00000904250921959  0.00000910610210546  0.00000916969499133  0.00000923328787720
  0.00000929688076307  0.00000936047364894  0.00000942406653481  0.00000948765942069
  0.00000955125230656  0.00000961484519243  0.00000967843807830  0.00000974800706452
  0.00000982218042061  0.00000989635377671  0.00000997052713280  0.00001004470048889
  0.00001011887384498  0.00001019304720107  0.00001026722055716  0.00001034139391325
  0.00001041556726934  0.00001048974062543  0.00001056391398152  0.00001063808733761
  0.00001071226069370  0.00001078643404980  0.00001086060740589  0.00001093478076198
  0.00001100895411807  0.00001108312747416  0.00001115730083025  0.00001123147418634
  0.00001130564754243  0.00001840647421248  0.00003389807131933  0.00006203475894742
  0.00008754954647506  0.00010883052738470  0.00012733537638803  0.00014898521773102
  0.00024313604198061  0.00044801731953306  0.00082552800016515  0.00090002637959911
  0.00095999597998853  0.00102264552210468  0.00108687767530538  0.00120955183751325
  0.00222788347195214  0.00410346142308655  0.00755784598344339  0.01391987769836342
  0.02499451669756276  0.02550558966989111  0.02550558966990111  0.02550558966991111
  0.02550558966992111  0.02550558966993111  0.02550558966994110  1.00000000000000000
  0.00837897857030230  0.01770928320625699  0.03175658598413579  0.06976225512846797
  0.14061669686939057  0.18115909275206302  0.22869607889638036  0.29955052063730297
  0.33718302837460568  0.34454089205768906  0.35189875574077251  0.35925661942385589
  0.36661448310693928  0.37397234679002261  0.38133021047310595  0.38868807415618933
  0.39788066313295656  0.46873510487387920  0.53958954661480196  0.55369742153873758
  0.56609150846269174  0.57848558409822159  0.59087965973375145  0.60327373536928142
  0.64590880880392065  0.64664060044931049  0.64737239209470032  0.64810418374009016
  0.64883597538548010  0.64956776703086994  0.65029955867625977  0.65103135032164960
  0.65176314196703944  0.65249493361242927  0.65322672525781911  0.65395851690320894
  0.65469030854859878  0.65542210019398861  0.65615389183937844  0.65688568348476839
  0.65761747513015822  0.65834926677554806  0.65908105842093789  0.65981285006632773
  0.66054464171171756  0.66127643335710740  0.66200822500249723  0.66274001664788706
  0.66347180829327690  0.66420359993866673  0.66493539158405657  0.66566718322944651
  0.66639897487483635  0.66702161297792306  0.66758129155387436  0.66814097012982554
  0.66870064870577683  0.66926032728172802  0.66982000585767931  0.67037968443363050
  0.67093936300958179  0.67149904158553309  0.67205872016148427  0.67261839873743556
  0.67317807731338675  0.67373775588933804  0.67429743446528922  0.67485711304124052
  0.67541679161719170  0.67597647019314300  0.67653614876909418  0.67709582734504548
  0.67765550592099677  0.67821518449694795  0.67877486307289925  0.67933454164885043
  0.67989422022480173  0.68045389880075291  0.68101357737670420  0.68157325595265539
  0.68213293452860668  0.68269261310455798  0.68325229168050916  0.68381197025646046
  0.68437164883241164  0.68493132740836293  0.68549100598431412  0.68605068456026541
  0.68661036313621659  0.68717004171216789  0.71658223303631152  0.78743667477723422
  0.85098916689554849  0.85098916689555848  0.85098916689556847  1.00000000000000000
  0.05164032777150476  0.06054075104714039  0.07650003830694391  0.13024968389000124
  0.20600035511251039  0.27201058513092108  0.28017875892472610  0.28834693271853112
  0.29646539539095418  0.30454982078489085  0.31263424617882751  0.32071867157276418
  0.32880309696670090  0.33931701877644643  0.35292762253837501  0.42302135986835165
  0.47089885257502040  0.52236301648802641  0.59811368771053564  0.67386435893304486
  0.74961503015555409  0.77146445972492750  0.77234115460365149  0.77321784948237549
  0.77409454436109948  0.77497123923982347  0.77584793411854747  0.77672462899727135
  0.77760132387599534  0.77847801875471934  0.77935471363344333  0.78023140851216732
  0.78110810339089132  0.78198479826961531  0.78286149314833930  0.78373818802706319
  0.78461488290578718  0.78549157778451117  0.78636827266323517  0.78724496754195916
  0.78812166242068316  0.78899835729940715  0.78987505217813103  0.79075174705685503
  0.79162844193557902  0.79250513681430301  0.79338183169302701  0.79425852657175100
  0.79513522145047488  0.79601191632919888  0.79688861120792287  0.79776530608664686
  0.79864200096537086  0.79951869584409474  0.80039539072281873  0.80127208560154273
  0.80214878048026672  0.80302547535899060  0.80390217023771460  0.80477886511643859
  0.80565555999516258  0.80653225487388658  0.80740894975261046  0.80828564463133445
  0.80916233951005845  0.81003903438878244  0.81091572926750632  0.81179242414623032
  0.81266911902486028  0.81354581390309688  0.81442250878133349  0.81529920365957009
  0.81617589853780670  0.81705259341604319  0.81792928829427980  0.81880598317251641
  0.81968267805075301  0.82055937292898962  0.82143606780722622  0.82231276268546283
  0.82318945756369932  0.82406615244193593  0.82494284732017253  0.82581954219840914
  0.82669623707664575  0.82757293195488235  0.82844962683311896  0.82932632171135545
  0.83020301658959206  0.83107971146782866  0.83195640634606527  0.83283310122430187
  0.85107516827038043  0.92424932877749333  0.96030557552973417  1.00000000000000000
  0.04643559058507289  0.04685914677929717  0.04728270297352147  0.04770625916774575
  0.04812981536197004  0.04855337155619432  0.04897692775041861  0.04940048394464290
  0.04982404013886719  0.05024759633309148  0.05067115252731576  0.05109470872154005
  0.05151826491576433  0.05194182110998862  0.05236537730421291  0.05278893349843719
  0.05321248969266148  0.05363604588688577  0.05405960208111005  0.05448315827533434
  0.05490671446955862  0.05533027066378292  0.05575382685800720  0.05617738305223149
  0.05660093924645578  0.05702449544068006  0.05744805163490435  0.05787160782912863
  0.05829516402335292  0.05871872021757721  0.05914227641180150  0.05956583260602578
  0.05998938880025007  0.06041294499447435  0.06083650118869864  0.06126005738292293
  0.06168361357714722  0.06210716977137151  0.06255210230703252  0.06327033050422945
  0.06398855870142638  0.06470678689862330  0.06542501509582022  0.06614324329301714
  0.06686147149021407  0.06757969968741100  0.06829792788460792  0.06901615608180485
  0.06973438427900178  0.07045261247619869  0.07117084067339562  0.07188906887059254
  0.07260729706778947  0.07332552526498640  0.07404375346218332  0.07476198165938025
  0.07548020985657716  0.07619843805377409  0.07691666625097102  0.07763489444816794
  0.07835312264536487  0.07907135084256180  0.07978957903975872  0.08050780723695565
  0.08122603543415256  0.08194426363134949  0.08266249182854642  0.08792264534004515
  0.15748169496582756  0.22704074459160997  0.25815089996412666  0.27031766732053408
  0.28248443467694162  0.29465119624080577  0.30681793998331053  0.33245231133789510
  0.38337773551156079  0.42746496872985507  0.47216683641980667  0.54172588604558902
  0.61128493567137143  0.68084398529715373  0.75040303492293603  0.81996208454871833
  0.86236024927119781  0.87848092253194565  0.89460159579269349  0.91072226905344156
  0.92122606217633007  0.92844879550467663  0.93567152883302318  0.94244285047325271
  0.94906115892438137  0.95567946737550991  0.96244156757990507  1.00000000000000000
 -0.00304381381812828  0.00049496663745787  0.00098993327491574  0.00148489991237361
  0.00197986654983148  0.00247483318728935  0.00296979982474722  0.00346476646220509
  0.00395973309966296  0.00445469973712083  0.00494966637457871  0.00544463301203658
  0.00593959964949444  0.00643456628695231  0.00692953292441018  0.00742449956186805
  0.00791946619932592  0.00841443283678379  0.00890939947424165  0.00940436611169953
  0.00989933274915739  0.01039429938661526  0.01088926602407313  0.01138423266153100
  0.01187919929898887  0.01237416593644674  0.01286913257390461  0.01336409921136248
  0.01385906584882034  0.01435403248627821  0.01484899912373608  0.01534396576119395
  0.01583893239865182  0.01633389903610969  0.01682886567356755  0.01732383231102542
  0.01781879894848330  0.01831376558594116  0.01880873222339903  0.01930369886085690
  0.01979866549831477  0.02029363213577264  0.02078859877323051  0.02142208108380114
  0.02206932615810116  0.02271657123240118  0.02336381630670120  0.02401106138100122
  0.02465830645530125  0.02530555152960127  0.02595279660390129  0.02660004167820131
  0.02724728675250133  0.02789453182680135  0.02854177690110138  0.02918902197540140
  0.02983626704970142  0.03048351212400144  0.03113075719830146  0.03177800227260148
  0.03242524734690150  0.03307249242120153  0.03371973749550155  0.03436698256980157
  0.03501422764410159  0.03566147271840162  0.03630871779270164  0.03695596286700166
  0.03760320794130168  0.03825045301560170  0.03889769808990173  0.03954494316420175
  0.04019218823850177  0.04083943331280179  0.04148667838710181  0.08382314872855809
  0.09228134367247773  0.10073953861639738  0.10884168056851752  0.11670128167962468
  0.12456088279073184  0.18424454344379632  0.24699496317888936  0.30974538291398240
  0.37249580264907545  0.43524622238416849  0.49799664211926148  0.56074706185435452
  0.62349748158944751  0.68624790132454061  0.74899832105963360  0.81174874079472670
  0.87449916052981969  0.89942467610041288  0.89942467610042287  1.00000000000000000
  0.03868823846181242  0.08049703261621199  0.09539675772299691  0.10839510110510434
  0.12139344448721165  0.12560491144248748  0.12644211589755239  0.12727932035261727
  0.12811652480768215  0.12895372926274706  0.12979093371781195  0.13062813817287686
  0.13146534262794174  0.13230254708300662  0.13313975153807153  0.13397695599313642
  0.13481416044820130  0.13565136490326621  0.13648856935833109  0.13732577381339600
  0.13816297826846088  0.13900018272352577  0.13983738717859068  0.14067459163365556
  0.14151179608872044  0.14234900054378535  0.14318620499885024  0.14402340945391515
  0.14486061390898003  0.14569781836404491  0.14653419098960582  0.14737040296668619
  0.14820661494376658  0.14904282692084694  0.14987903889792731  0.15071525087500770
  0.15155146285208806  0.15238767482916846  0.15322388680624882  0.15406009878332919
  0.15489631076040958  0.15573252273748994  0.15656873471457033  0.15740494669165070
  0.15824115866873109  0.15907737064581146  0.15991358262289185  0.16074979459997221
  0.16158600657705258  0.16242221855413297  0.16325843053121333  0.16409464250829373
  0.16493085448537409  0.16576706646245448  0.16660327843953485  0.16743948420750404
  0.16827568946619209  0.16911189472488017  0.16994809998356825  0.17078430524225630
  0.17162051050094437  0.17245671575963245  0.17329292101832050  0.17412912627700858
  0.17496533153569663  0.17580153679438471  0.17663774205307278  0.17747394731176083
  0.17831015257044891  0.17914635782913699  0.17998256308782504  0.18081876834651311
  0.18165497360520116  0.18249117886388924  0.18332738412257732  0.18416358938126537
  0.18499979463995345  0.18583599989864152  0.18667220515732957  0.18757835572505435
  0.19536887039178202  0.20315938505850972  0.21409148545718046  0.23789731232215194
  0.30208497280811714  0.34891232878171208  0.42125540336152223  0.49359847794133238
  0.56594155252114253  0.63828462710095257  0.71062770168076272  0.78297077626057299
  0.85531385084038314  0.92765692542019329  0.97698367039362588  1.00000000000000000
  0.02012359698613491  0.05586018537655100  0.10050943353955571  0.16918645690209644
  0.23786348026463713  0.30654050362717783  0.32442294312613185  0.33747881893829257
  0.35053469475045335  0.36359057056261407  0.38366070095736154  0.45233772431990221
  0.52101474768244294  0.58969177104498371  0.62846512566409107  0.63559677427208694
  0.64272842288008281  0.64986007148807878  0.65699172009607476  0.66412336870407074
  0.67125501731206660  0.67838666592006258  0.68551831452805845  0.73709360143101843
  0.80577062479355921  0.87444764815609988  0.89632174179659285  0.89703101416504039
  0.89774028653348792  0.89844955890193534  0.89915883127038287  0.89986810363883030
  0.90057737600727783  0.90128664837572536  0.90199592074417279  0.90270519311262032
  0.90341446548106785  0.90412373784951527  0.90483301021796281  0.90554228258641023
  0.90625155495485776  0.90696082732330530  0.90767009969175272  0.90837937206020025
  0.90908864442864779  0.90979791679709521  0.91050718916554274  0.91121646153399016
  0.91192573390243770  0.91263500627088523  0.91334427863933265  0.91405355100778019
  0.91476282337622772  0.91547209574467514  0.91618136811312267  0.91682853982388268
  0.91734115402236016  0.91785376822083764  0.91836638241931501  0.91887899661779249
  0.91939161081626997  0.91990422501474745  0.92041683921322481  0.92092945341170229
  0.92144206761017977  0.92195468180865725  0.92246729600713462  0.92297991020561210
  0.92349252440408958  0.92400513860256706  0.92451775280104442  0.92503036699952190
  0.92554298119799938  0.92605559539647686  0.92656820959495423  0.92708082379343171
  0.92759343799190919  0.92810605219038655  0.92861866638886403  0.92913128058734151
  0.92964389478581899  0.93015650898429636  0.93066912318277384  0.93118173738125132
  0.93169435157972880  0.93220696577820616  0.93271957997668364  0.93323219417516112
  0.93374480837363860  0.93425742257211597  0.93477003677059345  0.93528265096907093
  0.93579526516754841  0.93630787936602577  0.93635398546854642  1.00000000000000000
   5.8250352392250070E-011  -1.0000000000000000     
 F F F F F F F F F F F F F F F F F F F F F F F F F F F F F F F F F F F F F F F F F F F F F F F F F F F F F F F F F F F F F F F F
  <DiscreteSampler_grid>
  grouped_processes
  1 # 1 for a reference and 2 for a running grid.
  10 # Attribute 'min_bin_probing_points' of the grid.
  1 # Attribute 'grid_mode' of the grid. 1=='default',2=='initialization'
  0.0000000000000000 # Attribute 'small_contrib_threshold' of the grid.
  0.5000000000000000 # Attribute 'damping_power' of the grid.
 # binID   n_entries weight   weight_sqr   abs_weight
    10   10   1.074592115330775E+005   1.133948142380385E+011   1.074592115330775E+005
  </DiscreteSampler_grid>
