  0.00987811046632977  0.01617509562331709  0.02573487841037316  0.03651922322503397
  0.04659671439715467  0.05704090876339631  0.06696549395984279  0.07688843645451365
  0.08740929807382734  0.09932888168667110  0.11073021951463088  0.12169302765377832
  0.13230170041076070  0.14358314791219373  0.15337934661635202  0.16237997670798537
  0.17163463383173039  0.18171771019408761  0.19264778705385646  0.20364055796155864
  0.21504720841439809  0.22649627395715843  0.23686410750784698  0.24607157226856385
  0.25508813364414434  0.26444376991115254  0.27398148385192983  0.28365694011735848
  0.29342695327979573  0.30442669705061964  0.31448251571631708  0.32374879055034050
  0.33293123092149696  0.34259700861892578  0.35273447758241416  0.36317300330456764
  0.37394897006372446  0.38537705372831310  0.39678436701429715  0.40776828797961517
  0.41921405535670569  0.42949026884044356  0.43943897634641527  0.44940007123914649
  0.45906976030873448  0.46965299076056827  0.47985943872214465  0.49126333991712068
  0.50254503791431127  0.51429560138274799  0.52539804514152344  0.53605722569810843
  0.54670918129049595  0.55706901405220954  0.56775247313167887  0.57956596400672344
  0.59242668343895521  0.60553538677214325  0.61775343789659820  0.62901171872047346
  0.64034558062439917  0.65049595889778655  0.65988552475036821  0.66962630873628992
  0.67882570969771860  0.68767587532752095  0.69674806707234360  0.70607622848226148
  0.71580852849940724  0.72579733296491622  0.73638929171653655  0.74651051517560463
  0.75599565283937797  0.76510987718119494  0.77530676554038314  0.78754906941049108
  0.80096590134186718  0.81356864062146894  0.82368304322755315  0.83291666068386516
  0.84150026702086411  0.84947695241988586  0.85712599459266914  0.86484543618945453
  0.87311145797889844  0.88232803407370963  0.89266459405806109  0.90440348678217219
  0.91685661793033413  0.92855140017669724  0.93885080397583465  0.94818118443698329
  0.95727740647491477  0.96741644756881529  0.97887501998062332  1.00000000000000000
  0.00110061076283585  0.00159510869780115  0.00190686537130860  0.00218235571527555
  0.00240971738420075  0.00261701432677804  0.00280091308427599  0.00298699907188704
  0.00317657796312378  0.00337017643033583  0.00357242375430877  0.00377636937222461
  0.00397226160346778  0.00415428664181737  0.00434365154290909  0.00453807258413633
  0.00473347885165574  0.00493044487159209  0.00514651199141541  0.00538087940746338
  0.00562305325272366  0.00587301075488958  0.00612322897446182  0.00637198320880837
  0.00662538868103910  0.00688308896250000  0.00715030969111145  0.00743428580102311
  0.00773612197974097  0.00805165475708887  0.00837523422602750  0.00871294954477885
  0.00906892973412408  0.00943256258485957  0.00981317138884547  0.01019972229517571
  0.01059663860905828  0.01098942892738066  0.01140544074239631  0.01183069777499364
  0.01228779055505428  0.01276450263242522  0.01326713336971445  0.01380525321033114
  0.01436025652378053  0.01495532565057778  0.01559759220768540  0.01623139149300779
  0.01683582945062703  0.01742602727835723  0.01796287983985194  0.01844684767147433
  0.01897705391902549  0.01949872546578745  0.02004918063073678  0.02058492325125789
  0.02118980566908769  0.02181155323003373  0.02247595794446929  0.02322108723826495
  0.02404656054510372  0.02490320243297294  0.02582200078868590  0.02667257006340986
  0.02745243952559431  0.02825038453490229  0.02915873130012886  0.03021662174203883
  0.03138177594570500  0.03255876849055267  0.03370390698745100  0.03489913814422979
  0.03610462723125921  0.03727031151332490  0.03841897172500432  0.03959981914444448
  0.04092411025326252  0.04250543696193319  0.04433093820324659  0.04645877970720028
  0.04887891062159231  0.05134733497964399  0.05370156906208872  0.05619895741105863
  0.05870807518893917  0.06166903376093423  0.06669075161243330  0.07386026634860790
  0.08780420680972156  0.09599696383191458  0.09969842261164241  0.10413236425249488
  0.10989974786113915  0.14834304109417024  0.39460018223204169  1.00000000000000000
 -0.00000194253919628  0.00000600457410396  0.00001820831553458  0.00003182609754236
  0.00004533911586244  0.00005784098496432  0.00006931648406642  0.00008058422738692
  0.00009029752985157  0.00010009911796502  0.00010953894744451  0.00011941032582000
  0.00012995102877202  0.00014137742865232  0.00015462777034347  0.00016866181850075
  0.00018299208619451  0.00019789057250338  0.00021304396478765  0.00022828056004116
  0.00024370313557566  0.00025964694240755  0.00027601999930307  0.00029343860774738
  0.00031279919166842  0.00033365413159280  0.00035569074178684  0.00037865986379421
  0.00040288826456998  0.00042946034366716  0.00045781837855768  0.00048559277639516
  0.00051328287361485  0.00054279378928614  0.00057323469390790  0.00060782685809377
  0.00064275647465631  0.00067798723495344  0.00071635140839017  0.00075822617658704
  0.00080262839606613  0.00084846694499084  0.00089522560333909  0.00094459379667507
  0.00099262548403140  0.00104410957362694  0.00109845114728692  0.00115518069433248
  0.00121766802676600  0.00128525040521461  0.00136304245135029  0.00145170387388220
  0.00154454825578180  0.00164493651073049  0.00175567885870110  0.00187008921419131
  0.00198782330947393  0.00211809432062223  0.00225673799129272  0.00239435931337271
  0.00254071911785247  0.00270719037436267  0.00287632812474120  0.00305641233152464
  0.00325706235233143  0.00346073436496619  0.00366478562359594  0.00388495190016058
  0.00411903385985184  0.00435573460278882  0.00462938503438076  0.00495970775944602
  0.00532514656250146  0.00570613504236569  0.00611566051980699  0.00655317351403723
  0.00702613388070278  0.00760127964213909  0.00827117871476427  0.00901945039482521
  0.00988109852807199  0.01083329739770969  0.01186443287234635  0.01304823611325750
  0.01456601006724130  0.01666388497451521  0.01946462818219886  0.02619586704552118
  0.03757983613110526  0.04179766721667789  0.05533691650627141  0.09387753208330324
  0.10750939897096323  0.13718267226545242  0.68294150897248085  1.00000000000000000
 -0.00280501264725651  0.01114760167480309  0.02214133713696846  0.03229534885128033
  0.04206963135705763  0.05204213594307427  0.06249793227644487  0.07325117625768640
  0.08460406036866487  0.09647128910247665  0.10797145718200704  0.11812669225212946
  0.12784783761986043  0.13787831416852364  0.14827601537995680  0.15849941711650159
  0.16856884710556891  0.17981897139572092  0.19105810953845401  0.20194476173376583
  0.21226256941159954  0.22350541772767510  0.23384224225250502  0.24406827026605379
  0.25357970240613503  0.26309900756120813  0.27313461415763562  0.28385217563908122
  0.29437594064020278  0.30377942909374939  0.31309761057387775  0.32301219327431802
  0.33387453540168277  0.34445537343211680  0.35473648496402455  0.36598214923373201
  0.37729943387439763  0.38811003720065484  0.39868730952133286  0.40928605963616416
  0.41987198275307375  0.43052917943674984  0.44095821876900654  0.45316403813864303
  0.46485612176566898  0.47722227558281249  0.48904753537658541  0.50079179788357420
  0.51273692294807027  0.52393266028309249  0.53363665090982926  0.54256246511877237
  0.55186325239813039  0.56180151971530901  0.57207998379591440  0.58273919347949676
  0.59248302995679680  0.60229211988559550  0.61228615287780330  0.62334717361790015
  0.63443945671840574  0.64556124383155322  0.65768267021694271  0.66918813445465208
  0.67998684241093521  0.69042897414239179  0.70042507791246555  0.70998910036385376
  0.71884831851402564  0.72717609238016356  0.73599041980840085  0.74491900659167432
  0.75468480646560998  0.76526992817370398  0.77936323511635752  0.79320357776717343
  0.80575315905352762  0.81762637121116155  0.82883029367207683  0.83904898022471430
  0.84826460076731203  0.85731950446878846  0.86671554426021857  0.87617188731636841
  0.88537046657414520  0.89452297482025089  0.90449594269463229  0.91477149569361538
  0.92421407151685564  0.93417419733627693  0.94491003679221086  0.95651796821461110
  0.96773070372979153  0.97862653446926895  0.98915887735453845  1.00000000000000000
 -0.00195424192471849  0.00839220504561404  0.01759426701254861  0.02760176734141258
  0.03824468383517537  0.04804413966725578  0.05715298760231027  0.06588664581037885
  0.07514981982820675  0.08516764803764970  0.09544529343264030  0.10557596927871148
  0.11561708558120307  0.12528925807876445  0.13575756846179876  0.14607787234154024
  0.15819071947248839  0.16875265367763126  0.17835378121997134  0.18731942467462498
  0.19619966374553205  0.20483714980207998  0.21472311833141386  0.22417425055861365
  0.23414502019811281  0.24511825866967912  0.25745575586571073  0.27051597799061677
  0.28256180553858679  0.29411485257495046  0.30538201130136777  0.31683487833298579
  0.32801928775065586  0.33913263718273223  0.35061899778840139  0.36210725705493846
  0.37330191971499443  0.38389983379715586  0.39392320552055909  0.40383222889255943
  0.41370985392344267  0.42433489540868624  0.43452471138148513  0.44605421875955936
  0.45784722880685186  0.46976806919286573  0.48132156800510806  0.49238125541337630
  0.50277814256861353  0.51229402513548172  0.52131832844598003  0.53032753682353040
  0.53974048973453581  0.54906252917868847  0.55815700479391417  0.56699645930295339
  0.57615188170901777  0.58561800465277392  0.59552458948065423  0.60592300303133384
  0.61611685508699121  0.62686501490986413  0.63798706506765246  0.64996065769853684
  0.66202723099987126  0.67361243442481356  0.68455566022078984  0.69520988954181229
  0.70563471991292093  0.71590953098055299  0.72665693005342569  0.73734563024132871
  0.74793776998438388  0.75809127466105708  0.76814521838648808  0.77830991800808413
  0.78857887845747909  0.79981856682389285  0.81188282981410054  0.82371182104854768
  0.83460756550783721  0.84456229078101408  0.85423060282991004  0.86447759840482519
  0.87446264882556834  0.88399604629323780  0.89324083096820717  0.90337499903037843
  0.91380526647006965  0.92375214426232521  0.93406311351559113  0.94539605446301789
  0.95750491702731810  0.97043956128862496  0.98453233818615027  1.00000000000000000
 -0.00110704656995968  0.00544806984637884  0.01080951823261780  0.01581903197011690
  0.02103555892957466  0.02664270447133862  0.03230113013133677  0.03799119965904826
  0.04354141958052667  0.04974447851587997  0.05588522556229357  0.06217657727703257
  0.06819170833499925  0.07414508248235696  0.08003396586924963  0.08584861210427486
  0.09138215011155532  0.09688587138867084  0.10268260215312890  0.10945849048628425
  0.11692151959891509  0.12461769850120456  0.13208932325437220  0.13918413788165820
  0.14630779517752254  0.15373455668571354  0.16137248806442545  0.16915610139128254
  0.17748480852512571  0.18635380522583361  0.19498328352904493  0.20281243961718579
  0.21058395902803961  0.21789828156657415  0.22573020389332485  0.23379956612525846
  0.24215845266613747  0.25069925925438885  0.25993686753561035  0.26919514391874866
  0.27860614028098851  0.28806901746089492  0.29730803031681319  0.30619557272300446
  0.31495072094551624  0.32396780291334559  0.33336177505290682  0.34288725476685494
  0.35246748057938881  0.36196801585770227  0.37176660635934050  0.38176101199372148
  0.39174745113537501  0.40154070332741537  0.41114895613707531  0.42046438860148305
  0.42951023332469479  0.43852016841963143  0.44723737589815504  0.45665050612720781
  0.46715451555229964  0.47873600408391692  0.49083889507052647  0.50311861672580260
  0.51539227573012036  0.52770620592202311  0.54011766988708421  0.55244097449262219
  0.56506223954748536  0.57780285910436990  0.58983744232009028  0.60104076760424330
  0.61217085992933473  0.62389022933495741  0.63633176131069735  0.64825541969029488
  0.66094172429997677  0.67362846057095438  0.68713596588788373  0.70214945452482913
  0.71731411380393184  0.73215682288455108  0.74680081055296221  0.76092470226664055
  0.77492403608126392  0.79019310796986275  0.80664895146280235  0.82423420188348673
  0.84147015901249944  0.85893314118025954  0.87801999645335715  0.89902744805677370
  0.92206193797457781  0.94628181145580170  0.97289386699156277  1.00000000000000000
 -0.00291489941906504  0.01147891648333298  0.02209539324166314  0.03129382079009314
  0.04013418014915113  0.04968531346260446  0.05913206688673509  0.06826889805496590
  0.07751924466578956  0.08711379729599793  0.09776723907703908  0.10795538994846039
  0.11774924300834753  0.12761184648034332  0.13785601986514218  0.14878696473132944
  0.16052280901653621  0.17294430247539275  0.18491945724112577  0.19572878041176958
  0.20605898388195873  0.21668065461379488  0.22707517088460949  0.23732638743173465
  0.24760741153803825  0.25786347112202274  0.26813197440212888  0.27852691597254181
  0.28954166690830313  0.30072314201078726  0.31094045966606465  0.32131890693773568
  0.33240450124521292  0.34322936335132120  0.35473579798834154  0.36664744587162795
  0.37806374180732971  0.38873647976908882  0.39915661053355073  0.41057612360772971
  0.42138592052691709  0.43253923379751064  0.44295885360937981  0.45347987698976655
  0.46396406049589023  0.47473175470799206  0.48486792860467592  0.49502180376073979
  0.50568165374696350  0.51657967199390697  0.52735962387043811  0.53816409763119044
  0.54904020389735930  0.55974648045022435  0.57010326552674362  0.58013855054528984
  0.58973740073353098  0.59938954875124317  0.60988736044800174  0.62101378802910445
  0.63213971650138878  0.64282917583199384  0.65353615297647705  0.66449796940705785
  0.67530706621638181  0.68602760444130562  0.69704909501093837  0.70865589129667028
  0.72151704403413541  0.73481569366713317  0.74809021008099563  0.76089128670305328
  0.77255715866941677  0.78340930107231177  0.79363995494895268  0.80325870199561855
  0.81292267250140271  0.82291730315388856  0.83315316981154752  0.84374011860195519
  0.85437882672699861  0.86535455140809880  0.87648056831397969  0.88670747875346878
  0.89735077722613876  0.90763709968410666  0.91780620242591393  0.92781795557415481
  0.93770699728837392  0.94710080083310588  0.95677094223087511  0.96585233930127889
  0.97435116305892289  0.98247586285769173  0.99064571448182381  1.00000000000000000
 -0.00227181594337252  0.00947604654495803  0.01878176437086924  0.02778514203677062
  0.03707920369339197  0.04686129284414881  0.05701130610943232  0.06722272527596411
  0.07822792712600010  0.08966284997470160  0.10111486326163485  0.11183284463061265
  0.12199141625780388  0.13228837672639582  0.14324998296846028  0.15489584207784449
  0.16634419653449928  0.17757335661524620  0.18869628459495877  0.20004456460904529
  0.21131634184181325  0.22178554034807169  0.23178240909474687  0.24207880070638951
  0.25228634150774137  0.26236512859336741  0.27284188509256330  0.28367436594847911
  0.29369845175068587  0.30345720864328118  0.31339538556859947  0.32413916773826262
  0.33461462344364806  0.34418279077078912  0.35384376510387350  0.36303207787071423
  0.37255921171950945  0.38222690028708178  0.39191457246727246  0.40134271131437482
  0.41057907681178119  0.42065002077035757  0.43197546895394423  0.44305567454049283
  0.45371234026479357  0.46311736874620013  0.47164973073825206  0.48031700869094124
  0.48917200285131723  0.49864380930957014  0.50780625266170742  0.51643037135095193
  0.52583125057804425  0.53538695539893666  0.54632166081091071  0.55876035663129786
  0.57146266093163733  0.58522272866869030  0.59562297202451109  0.60609464666924462
  0.61619244168343279  0.62609765689380437  0.63596704194897169  0.64623871181238546
  0.65780027998830315  0.67119273344270758  0.68397970698908994  0.69648676066125936
  0.70821963174530322  0.72110326630679111  0.73318177493164505  0.74414624842032939
  0.75510916847731646  0.76692285885649991  0.77894581583192490  0.79040544330012963
  0.80081810671059916  0.81040382229926733  0.82002963046679933  0.83013698016219972
  0.84058259053577644  0.85047478597703940  0.86103024968886588  0.87219770685839881
  0.88300746786853623  0.89342331206679815  0.90330275724549958  0.91365395975551000
  0.92357429053123996  0.93394993523501957  0.94442229580400239  0.95477881386925478
  0.96551888420974896  0.97680976248078255  0.98835313373750111  1.00000000000000000
 -0.00773332818025677  0.36371411966988870  0.47625758093070369  0.54172287409332320
  0.58905969537887304  0.62631926868629528  0.65631554005651571  0.68122388758711927
  0.70291009689248829  0.72276804967300234  0.73960274509379598  0.75362935527923869
  0.76628769494951721  0.77802155911655624  0.78908996935940801  0.79933101748863988
  0.80897885949031312  0.81775035534476181  0.82593283391448657  0.83394430769356587
  0.84124812727314180  0.84818901649361966  0.85474294717941479  0.86067860363373228
  0.86630711518100456  0.87154939624547734  0.87651809578646822  0.88091348693102478
  0.88543006764272503  0.88992836091877914  0.89410459537978015  0.89786927734612265
  0.90147176246689387  0.90510070113071006  0.90887493938685282  0.91255893950724376
  0.91582566788512443  0.91876199093476707  0.92149315390284769  0.92413955883103360
  0.92672727225058305  0.92931817795705707  0.93185627412852179  0.93431135301444979
  0.93654172148397452  0.93852597300232043  0.94043786524383410  0.94229228823125222
  0.94418208812244986  0.94598631497900165  0.94777291016404297  0.94948003893683508
  0.95117598408594450  0.95275719009744009  0.95425587020882030  0.95574630684098316
  0.95725614580318630  0.95870316396575705  0.96010369037932686  0.96150269213770012
  0.96283860131052612  0.96412960541787363  0.96542066168119633  0.96670662538051233
  0.96796948242889302  0.96919725983133054  0.97041777844271682  0.97161982316688522
  0.97279241536042094  0.97401833671908511  0.97521789109200319  0.97633824239989020
  0.97742792003110479  0.97848818562538820  0.97952077518181102  0.98053940028021636
  0.98149591282660742  0.98240194482564358  0.98329156456467448  0.98418106247727521
  0.98506090662700796  0.98594489427147070  0.98680919056083061  0.98766216193883616
  0.98852347962763809  0.98942661869985193  0.99031364606517625  0.99119424486453733
  0.99207155242385237  0.99291842276552866  0.99376980513455782  0.99463559536211665
  0.99553562366032844  0.99662283659315265  0.99801393540118388  1.00000000000000000
   2.8883806304586720E-014  -1.0000000000000000     
 F F F F F F F F F F F F F F F F F F F F F F F F F F F F F F F F F F F F F F F F F F F F F F F F F F F F F F F F F F F F F F F F
  <DiscreteSampler_grid>
  grouped_processes
  1 # 1 for a reference and 2 for a running grid.
  10 # Attribute 'min_bin_probing_points' of the grid.
  1 # Attribute 'grid_mode' of the grid. 1=='default',2=='initialization'
  0.0000000000000000 # Attribute 'small_contrib_threshold' of the grid.
  0.5000000000000000 # Attribute 'damping_power' of the grid.
 # binID   n_entries weight   weight_sqr   abs_weight
    10   10   2.003875767811668E-003   1.586131442512283E-005   2.003875767811668E-003
  </DiscreteSampler_grid>
