  0.00901496594161160  0.01720261860382504  0.02934179057012297  0.04216924281148550
  0.05358598143313657  0.06450045006317535  0.07481579880473098  0.08554958459837382
  0.09567308455996264  0.10505033681689561  0.11368798799679121  0.12189833766616044
  0.13038373949326468  0.13986931208119976  0.15191251663756475  0.16616934448383522
  0.18052791334533314  0.19412712735367826  0.20709475887873552  0.21817458244158677
  0.22814424024481086  0.23685235947735428  0.24531105938768388  0.25473082283033083
  0.26486417269332035  0.27566614397170364  0.28672511481497043  0.29823379026543939
  0.31021918739268228  0.32228963801823907  0.33389233831406684  0.34503043954902279
  0.35627665915494594  0.36686895971351297  0.37724392700085080  0.38736545957246360
  0.39846344243068471  0.41066956250917175  0.42365652017759620  0.43551155109558548
  0.44646136220538324  0.45766748956922831  0.46808627503638894  0.47996062072630163
  0.49392898233337007  0.50681249793425787  0.51991628230223019  0.52699985548513506
  0.53423477948343645  0.54172289583636180  0.54965630999640447  0.55689958403032547
  0.56318787400559689  0.56894176555641807  0.57444295243022236  0.58061628093858564
  0.58869049294809084  0.59869934537182523  0.60999397357911966  0.62169968110310758
  0.63183209638100124  0.63973518831322085  0.64727547971416188  0.65455863258176394
  0.66182982151906056  0.66921591419173554  0.67683941779259393  0.68556159545374240
  0.69612554158519568  0.70742645952810024  0.71879023616573556  0.73111908032578299
  0.74458300949474399  0.75782535024250686  0.76948065383397457  0.77980106911859082
  0.78950273684414307  0.79944188158955076  0.80965217416261170  0.82038453489213403
  0.83136765407112279  0.84149914929185332  0.85156132012003849  0.86183882180706617
  0.87256193588206954  0.88376140097389766  0.89394509267936506  0.90498208951634274
  0.91740844067936544  0.92977170319785374  0.94242822078239319  0.95407694774893193
  0.96611111079975431  0.97688821689072891  0.98837628952292900  1.00000000000000000
  0.00000273166786011  0.00000546523174132  0.00000940382919657  0.00001612462171134
  0.00002388245357853  0.00003106135111992  0.00003748445792064  0.00004375813945800
  0.00005018781771400  0.00005719307414723  0.00006357129230717  0.00006930852714281
  0.00007552961779677  0.00008312465588107  0.00009207310950304  0.00009963861613729
  0.00010655595375332  0.00011379481512408  0.00012203520959288  0.00013136903784130
  0.00014196157060630  0.00015324453580796  0.00016483336605510  0.00017702691361079
  0.00019040129523883  0.00020442849676583  0.00021847095292659  0.00023234128405812
  0.00024660722890950  0.00026241574007156  0.00027843190676746  0.00029533177451506
  0.00031270257489634  0.00033041911371344  0.00034880481880690  0.00036868914324208
  0.00039021126293965  0.00041142511889495  0.00043341196908567  0.00045573214733516
  0.00047878731481914  0.00050330214544266  0.00052874777161906  0.00055399098047649
  0.00057811394047291  0.00060158220956103  0.00062595064496936  0.00065184526506522
  0.00067987712733949  0.00070585577452271  0.00073344726042257  0.00076016770783788
  0.00079456200623532  0.00083184976662820  0.00087021956895106  0.00090780355985738
  0.00094593582849502  0.00099383799271187  0.00104214394404628  0.00109352767167832
  0.00114905829643696  0.00121032923166139  0.00127932573307286  0.00135317082361553
  0.00143109578293147  0.00151698782054328  0.00161204899207218  0.00171771245437218
  0.00182938305146323  0.00193605358953119  0.00204299087067577  0.00215825166723575
  0.00229003721932743  0.00244261326990991  0.00261262433467550  0.00280877053988451
  0.00311010278030220  0.00330238050339055  0.00352924194383448  0.00377518781822679
  0.00401440622073677  0.00425528977530801  0.00457337349242672  0.00499892517391946
  0.00559709582318431  0.00632224259475433  0.00705388693262570  0.00787751293079538
  0.00887572231349644  0.01003525677658458  0.01185195221516182  0.01438674610566293
  0.01947338503000041  0.04218922336255142  0.19836282108718276  1.00000000000000000
  0.00000663891847959  0.00001679318497713  0.00003265681563297  0.00004735100611965
  0.00007420620146688  0.00011108367209439  0.00015215085538461  0.00020642527485722
  0.00026518956413299  0.00032007863735786  0.00037158335163598  0.00042523465272713
  0.00048079158011731  0.00054319511734849  0.00061747536733473  0.00069917261214400
  0.00078903624412449  0.00088414127953974  0.00097177151614125  0.00104853331618447
  0.00112162379685351  0.00119662745614083  0.00127229766131378  0.00134872142953916
  0.00142868017077098  0.00150394916109133  0.00159395852342591  0.00171043308859619
  0.00183353765989861  0.00196244701993042  0.00209215251537999  0.00223499221897571
  0.00238265016285866  0.00252523873637188  0.00267708716733947  0.00283270850250603
  0.00299294800061549  0.00315727298163222  0.00332758314072923  0.00351218282028412
  0.00371983667745921  0.00395322185064923  0.00422726644321989  0.00448843180663971
  0.00477074969598611  0.00504383402238658  0.00529644890188965  0.00558333782111435
  0.00587421943652262  0.00615878066590976  0.00650762760241568  0.00687044149965255
  0.00729384341841544  0.00772720313736877  0.00815171791894830  0.00860349725090982
  0.00910226042853804  0.00965969976504023  0.01022725755027089  0.01077925074015958
  0.01133677258785001  0.01189242258082655  0.01248339865516537  0.01322095106812975
  0.01404192269284030  0.01496739174040546  0.01594406456184557  0.01691295964684736
  0.01759480737352468  0.01838555135928209  0.01929354584309254  0.02043267135795199
  0.02165054882567854  0.02275135331447972  0.02421058724723569  0.02595634611038019
  0.02774472448885049  0.02895363393061444  0.03016427975717165  0.03146515602631376
  0.03273691944975922  0.03486610954981437  0.04190426013590887  0.04535591081390422
  0.04927091732184966  0.05252104886766491  0.05546437691432320  0.05883449264565800
  0.06235581155784187  0.06599189135574765  0.07234245607207741  0.07874925937985963
  0.08642540731353776  0.15440554057728201  0.23944625931483399  1.00000000000000000
 -0.00303936686478849  0.01257214266072285  0.02544210525575892  0.03680255965163012
  0.04713343209094337  0.05868029796828742  0.07037596390023589  0.08309414548251688
  0.09443240356917111  0.10595365932660371  0.11820882953516110  0.13118570045374647
  0.14326631004870422  0.15463929652062358  0.16674831337687757  0.17780908685021873
  0.18826636489365189  0.19845369565980361  0.20879744612457274  0.21970999016553983
  0.23161261023863852  0.24453654110904965  0.25772080912484802  0.27043954151877203
  0.28253252845419263  0.29421099341177764  0.30576379007011251  0.31695915462771901
  0.32936790574349611  0.33931886053474236  0.35016438570460562  0.36058131372796137
  0.37210629735757328  0.38256655709136844  0.39360048916555990  0.40570218068761732
  0.41664557387923223  0.42437132737174427  0.43146686926823796  0.43890550717452170
  0.44661176223831106  0.45368744723799431  0.46077681018951183  0.46815571837356207
  0.47599650098234153  0.48446739968593450  0.49345001657703713  0.50195786843029910
  0.51051032009902819  0.51945141688476038  0.52779931057006624  0.53544045404306251
  0.54315400661377677  0.55154264044724211  0.56013816575796693  0.56994131274542215
  0.58041139132168562  0.59152519574614804  0.60238528473574882  0.61119708657029725
  0.61962733354986266  0.62882818617419123  0.63859363875519992  0.64827268414402328
  0.65858299113991126  0.66999152906993908  0.68248567125164283  0.69407718857463740
  0.70571254564379204  0.71717070178395270  0.72887500164378494  0.74031937950402027
  0.75106464539311846  0.76216957626139781  0.77476386267345743  0.78800250119024295
  0.80082236921655414  0.81253037266858474  0.82302443408385717  0.83325481471200813
  0.84179873953286655  0.85142404661686322  0.86128447687198406  0.87051520424293405
  0.87873648945858818  0.88655543028282768  0.89508058631359100  0.90449334559951056
  0.91444972458676310  0.92577223911789441  0.93855729955272182  0.95135558520366903
  0.96339553164728919  0.97624912593837576  0.98769478139282074  1.00000000000000000
 -0.00167404178312775  0.01094334255865522  0.02084289954773013  0.03044931346651016
  0.03990740412935482  0.04904287431452439  0.05831922132781151  0.06781122624553196
  0.07802319475744895  0.08830366602684384  0.09889923504315762  0.11079046820713843
  0.12280328629065566  0.13406487308862472  0.14490062284554323  0.15595905800156246
  0.16718220309776477  0.17760060490526844  0.18786163405395995  0.19870491805620433
  0.20914769982194145  0.21814723019623719  0.22653897189347880  0.23429668713669782
  0.24306877400105162  0.25235373616430934  0.26192148979371810  0.27272194263388971
  0.28476438664673842  0.29717768404485023  0.30895782716952336  0.32034132067557319
  0.33188773341438133  0.34332085732803042  0.35585073020049957  0.36813337358560189
  0.37940857038864156  0.39016443431659786  0.40170359593373223  0.41367343270683249
  0.42518971928800259  0.43474398340084036  0.44385671795644055  0.45244211800356382
  0.46132358445271049  0.47008700139210452  0.47982644904728616  0.49001377243736638
  0.50056283188273176  0.51124960539380004  0.52228535661148390  0.53388182521495386
  0.54571116286424548  0.55725822439230044  0.56842729597547803  0.57922876419915859
  0.59033658646406284  0.60125854000464241  0.61130472033351113  0.62153286356504556
  0.63283721629182277  0.64497551547069676  0.65634488578516015  0.66733691983702381
  0.67912115172136178  0.69192644250501723  0.70367844625059295  0.71475750083345369
  0.72537539409866381  0.73559519691982223  0.74612489976501994  0.75722460943213654
  0.76853261161856423  0.77979673747836875  0.79182222689048909  0.80705813714385333
  0.82514232485311234  0.83764156094152131  0.84665405134102512  0.85685876994173993
  0.86597174317595582  0.87485982347607183  0.88350213238760855  0.89234085714958733
  0.90161373100753794  0.91122966976894526  0.92030867357133406  0.92967060908001364
  0.93930935603563726  0.94885620564101880  0.95842738489783286  0.96796808147261748
  0.97689734592597677  0.98469645517720650  0.99219585244731290  1.00000000000000000
 -0.00256812692746901  0.00885341917300482  0.01946474599428622  0.03035828149203339
  0.04237820999757883  0.05508135723280298  0.06882603683944720  0.08164035029905971
  0.09289815496535296  0.10354399531523825  0.11421469197706244  0.12483548200212616
  0.13481047311620403  0.14535886919102339  0.15662882932197300  0.16775779231748078
  0.17858007412168223  0.18969540352427380  0.20172069772112838  0.21208949858960024
  0.21967436971118359  0.22661672433549743  0.23311882396185341  0.24048340721744713
  0.24827712288486314  0.25655333107912714  0.26477624787620968  0.27336371756086553
  0.28209700778662034  0.29097265313924597  0.30201800841024351  0.31427912604755937
  0.32574164417441592  0.33638971919456906  0.34656368612828592  0.35640563563245792
  0.36645248516640966  0.37635826211554696  0.38688153199340797  0.39799061662085450
  0.40901071177041726  0.42041007204954500  0.43105910051193408  0.44056229609913888
  0.44983455793849192  0.45987082025474119  0.47068682136311130  0.48067835684312260
  0.49031877378039951  0.50117121798316888  0.51389795497828861  0.52730050722832000
  0.54056393070548503  0.55426290327674266  0.56820579826347406  0.58106729097695364
  0.59248693015347953  0.60480651307695643  0.61667211063743421  0.62806959429085718
  0.64142115314357095  0.65400548838297456  0.66566891886034130  0.67643053396431418
  0.68837428504630460  0.70005776964115463  0.71231922481196774  0.72449880817121626
  0.73401597875901903  0.74158170117120126  0.74885582494197744  0.75604694416509777
  0.76355624473097616  0.77238131601575999  0.78176147228646797  0.79148257577462511
  0.80416149688359262  0.81715715843075520  0.82763361128285906  0.83710511431077239
  0.84673860750763541  0.85782035690469949  0.86956479393556974  0.88025528992829438
  0.88985122773723924  0.89938991880275077  0.90919300976813866  0.92019150129021599
  0.93194002728833392  0.94313336421433447  0.95377832273502205  0.96246244727371832
  0.97179809156091190  0.98130398951691855  0.99076247475434676  1.00000000000000000
  0.00073702482526915  0.00176628461141844  0.00316771535672452  0.00447255800228313
  0.00564502070182994  0.00668701229790595  0.00772300409531344  0.00877235308203614
  0.00983424732995665  0.01089555984929269  0.01196247199406494  0.01301800416407675
  0.01405777671995333  0.01507926139089507  0.01611720737124924  0.01720791384984531
  0.01837453611031754  0.01960076641024132  0.02081301345622940  0.02202808474768746
  0.02324621291018642  0.02449940778149777  0.02580636500140211  0.02717702647009836
  0.02861315288295267  0.03008843179268516  0.03146611966708026  0.03283227742309283
  0.03420958810303642  0.03562121925007448  0.03722896312850187  0.03896693885579872
  0.04084538939860045  0.04297942424923169  0.04507653780397016  0.04669947693352643
  0.04811387119564434  0.04948301195882180  0.05085430819426160  0.05212609588105125
  0.05341369661624550  0.05512562070526107  0.05724191820510837  0.05950661377650548
  0.06155296473084151  0.06314480101364409  0.06439450716960418  0.06554992103587776
  0.06674956365869816  0.06795279117387655  0.06908599519767947  0.07033144430949181
  0.07173318768972224  0.07342748427479961  0.07462695069140521  0.07562097075077795
  0.07650850662341475  0.07756285679395564  0.07904440837243404  0.08075140896677155
  0.08225358072340659  0.08351584465639919  0.08457860462444977  0.08573425287527002
  0.08763407685951112  0.08947934292119566  0.09082634221654175  0.09226142969088576
  0.09434469623427580  0.09615369091267378  0.09798846632846520  0.10014030761623137
  0.10200923035365189  0.10481156768946580  0.10707553524291887  0.10836851076940186
  0.10960513663443348  0.11046523494567867  0.11177304143514392  0.11303760240837391
  0.11461085904228718  0.11654576247630424  0.11883337327387475  0.12054266554649345
  0.12212880959303940  0.12468001167715448  0.12855055012975464  0.13371573272766538
  0.13761918739251128  0.14061628565504325  0.16151356769282016  0.19760730014550668
  0.21662612641589049  0.21732815418273616  0.21832979486910770  1.00000000000000000
 -0.00248370725450723  0.01096459575042494  0.02363946291112722  0.03703912305492238
  0.04996593526252020  0.06272305025727631  0.07614811648593631  0.08973255444434769
  0.10204507677277988  0.11412144014565546  0.12520954788633681  0.13480488549875599
  0.14338079903613904  0.15215987634308284  0.16176783118391358  0.17182544411928560
  0.18229032334398637  0.19227895527781913  0.20293072839103260  0.21336850595796014
  0.22389674688672215  0.23363349170473971  0.24306206273490610  0.25243269283967235
  0.26216067367092499  0.27318826786185280  0.28492986532899334  0.29575840124097985
  0.30569941737216877  0.31469915613727562  0.32272215093100259  0.33197104487488394
  0.33944538193669238  0.34751975478078417  0.35619846352394263  0.36474608993264440
  0.37334721773760987  0.38199607200023078  0.39042446361341326  0.39891004073383146
  0.40848387498916783  0.41862388421834829  0.42910446073702202  0.43965189200575455
  0.45037727906925457  0.46092611972952302  0.47064917423389063  0.48061439489556512
  0.49056423815595046  0.50043442870512012  0.51073248150371109  0.52207604885542047
  0.53425924445130590  0.54509422808551011  0.55564898014040376  0.56664769577350682
  0.57843637730857589  0.59130511233527094  0.60174956987784378  0.61277065299021682
  0.62354094408407990  0.63369829892936569  0.64639790842307554  0.65939085295726552
  0.67321910417594710  0.68484327832612080  0.69537874983574743  0.70542400641527248
  0.71494359154422038  0.72519446306186164  0.73571193389635570  0.74481619841276803
  0.75322375631466565  0.76092548863991016  0.76959351870758930  0.77985700647277634
  0.79030231778151883  0.80021124840169933  0.81022159561368001  0.82083291760743804
  0.83213011550131299  0.84394035067295181  0.85432042213400405  0.86211740140978566
  0.86906723700215893  0.87632751956558630  0.88417583833612667  0.89329771539602676
  0.90272792310057692  0.91223573248743373  0.92413812717026100  0.93799767773865972
  0.95178459544217453  0.96731150131645549  0.98451518265810278  1.00000000000000000
  0.00469200323206082  0.22147595082990817  0.31995802194948486  0.38907847815631641
  0.44103013299832133  0.48348115029878225  0.51980865872512760  0.55053359586284600
  0.57714083149855067  0.60239206272936019  0.62605558165186004  0.64769067090695454
  0.66772014177586581  0.68533929235903979  0.70082890090499894  0.71537021676920809
  0.72918616726811292  0.74243961603979192  0.75445121940990190  0.76574098418672853
  0.77677922472148597  0.78731212133069350  0.79648931589064664  0.80477488623334537
  0.81282713350304647  0.82074339890384473  0.82838451953228209  0.83578661982645508
  0.84288876499664867  0.84966904829056844  0.85599018325161846  0.86207511957328942
  0.86789370507684238  0.87355090370145816  0.87907744695392553  0.88431361813116138
  0.88939666670513484  0.89427562703364638  0.89865544140126907  0.90260586820895761
  0.90660614589608723  0.91066780237721778  0.91453822756709191  0.91820840266192161
  0.92141308782056952  0.92452152081048733  0.92748020687627630  0.93044777192737449
  0.93328812434966313  0.93595365100371286  0.93840680586785852  0.94064087326030121
  0.94289686487770186  0.94503339492611738  0.94707231487661114  0.94905104147166874
  0.95094486781896626  0.95273287895828473  0.95442939980685404  0.95606131035730524
  0.95771118998751592  0.95920431761893854  0.96067683538655757  0.96223439464818972
  0.96381188530703432  0.96527001614318764  0.96669819495654341  0.96809583830665846
  0.96942283816396402  0.97075761745808853  0.97209534986711743  0.97342689887312572
  0.97473787943610846  0.97593620297903727  0.97710770561596438  0.97828631083753204
  0.97950135581585107  0.98057391675207128  0.98159676883723346  0.98262192336294052
  0.98365711117868471  0.98468652832665005  0.98568065081034351  0.98668760536482947
  0.98765654157987037  0.98856152227607630  0.98944737168626640  0.99035277303201696
  0.99129583351316541  0.99228016083408133  0.99318533084627625  0.99413703215085958
  0.99514420793256386  0.99622646551635363  0.99763627762387486  1.00000000000000000
   1.7576077789320441E-014  -1.0000000000000000     
 F F F F F F F F F F F F F F F F F F F F F F F F F F F F F F F F F F F F F F F F F F F F F F F F F F F F F F F F F F F F F F F F
  <DiscreteSampler_grid>
  grouped_processes
  1 # 1 for a reference and 2 for a running grid.
  10 # Attribute 'min_bin_probing_points' of the grid.
  1 # Attribute 'grid_mode' of the grid. 1=='default',2=='initialization'
  0.0000000000000000 # Attribute 'small_contrib_threshold' of the grid.
  0.5000000000000000 # Attribute 'damping_power' of the grid.
 # binID   n_entries weight   weight_sqr   abs_weight
    10   10   1.686094069696247E-003   9.647412273571557E-006   1.686094069696247E-003
  </DiscreteSampler_grid>
