  0.00938712783591448  0.01639596295867899  0.02623623730583539  0.03691485893267552
  0.04661886346964208  0.05588890935139096  0.06571030212773103  0.07662951269493454
  0.08833860015303727  0.09919781314044547  0.10915600944656255  0.11843712750852552
  0.12747275433861258  0.13630236323895095  0.14513641299078914  0.15396593774094477
  0.16314591095799957  0.17219244473592812  0.18150685701332495  0.19096385933244692
  0.20023018057863154  0.20959384948601686  0.21932423266482462  0.22977512824587701
  0.24165858050774602  0.25333942380814145  0.26428270461320452  0.27496522164626752
  0.28591833670924216  0.29748301528702675  0.30970259464523342  0.32222872382773388
  0.33433168104335759  0.34568450590086636  0.35647419506708755  0.36676208509562874
  0.37651717768850823  0.38580617153672475  0.39508249320802380  0.40450153671280942
  0.41399049241258917  0.42367417696780674  0.43301203060412546  0.44279490352902479
  0.45236512273990487  0.46196665132633269  0.47166588131898901  0.48187668631078523
  0.49242771392784307  0.50332118828927375  0.51394210793728834  0.52511943682640327
  0.53707770518506781  0.54905976008939261  0.56089313349834047  0.57286192259405622
  0.58468554332755984  0.59617023946451864  0.60756939321319847  0.61873091104093025
  0.62950556864240559  0.64015279372843048  0.65090695455683156  0.66193417622300532
  0.67309485827568982  0.68386662408284460  0.69438003615178889  0.70516453201791574
  0.71676470970274853  0.72842744728988962  0.73965096287347154  0.75079901060153120
  0.76202881950894774  0.77298702062368807  0.78373550097821376  0.79467257102514510
  0.80584489742883303  0.81714117402848152  0.82806906574007200  0.83856370254979573
  0.84982669778383513  0.86136042466039253  0.87356986563298478  0.88480067396166773
  0.89602414483101134  0.90590604848649081  0.91531941722762955  0.92493260424478907
  0.93397515539077347  0.94291659540177852  0.95183231448504402  0.96119751619846361
  0.97207922740398189  0.98197449759452171  0.99104147753752969  1.00000000000000000
  0.00002658936059254  0.00004197962957946  0.00005614247867712  0.00007169515617473
  0.00008812620131293  0.00010603617222698  0.00012792345358896  0.00015186112733514
  0.00017693774955604  0.00020347828882593  0.00023017294868978  0.00025802612136396
  0.00028909766612329  0.00032363376202520  0.00035953323140197  0.00039782140359353
  0.00043824408487178  0.00048023776354407  0.00052345282489681  0.00056721832421709
  0.00061065024804072  0.00065599982787558  0.00070398094800367  0.00075404856823733
  0.00080728182096337  0.00086447287369046  0.00092593269600131  0.00099000865785927
  0.00105638537793381  0.00113191820251635  0.00120685483046730  0.00128024757354448
  0.00135359003795016  0.00142794027016096  0.00150451280467227  0.00158473976209854
  0.00166669657110706  0.00174761278934398  0.00184011030699927  0.00193449498975418
  0.00203307911233760  0.00213198041971805  0.00223033837617659  0.00233366997768241
  0.00244260461521335  0.00255602261807828  0.00268022329760103  0.00280772265023602
  0.00295211293976500  0.00309808163702986  0.00324330745740357  0.00338998045735038
  0.00353927052048369  0.00369044640664360  0.00384617753936767  0.00401629886363658
  0.00419234618917576  0.00438491271065704  0.00459048087972208  0.00481227885234739
  0.00505228079809374  0.00530757582802687  0.00557363906823776  0.00585092739023512
  0.00615490694308965  0.00648866259077884  0.00682529868407014  0.00718330245037534
  0.00757144388869172  0.00798242822968882  0.00846037345855993  0.00897870561307139
  0.00950005927180135  0.01004645145601298  0.01062556482526869  0.01123158889333611
  0.01188018326110176  0.01256914332093971  0.01328806735826306  0.01403954331807165
  0.01483808316826965  0.01576652123846245  0.01681783609180779  0.01804995871048874
  0.01955179117671691  0.02157781749199020  0.02397277989211486  0.02696520159754494
  0.03048232977829980  0.03463878240547971  0.04027163160173577  0.05122751017217084
  0.07126827625454332  0.11873517132745494  0.34161101648434461  1.00000000000000000
 -0.00000306704573003  0.00001971442182947  0.00004991517374389  0.00007693216101315
  0.00010254229438412  0.00012904043947719  0.00015670134522450  0.00018614270233175
  0.00021775852276881  0.00025064799147903  0.00028560408656917  0.00032193746534189
  0.00036015505193689  0.00040285517512092  0.00044776634298343  0.00049306345700219
  0.00054016011947390  0.00058718283257877  0.00064040400241340  0.00069580856819328
  0.00075242693238890  0.00080888151350063  0.00086493031022139  0.00092164761721215
  0.00098274978439218  0.00105126378779961  0.00112478517028733  0.00119953112123190
  0.00127179846251666  0.00134601645552082  0.00142180407864427  0.00149982944595039
  0.00157727381628416  0.00166426153300944  0.00175705789668036  0.00185687739770505
  0.00196253865576416  0.00206917431281932  0.00217375116816476  0.00227897064384884
  0.00238454936941182  0.00249981720658719  0.00261994011230008  0.00274433098668471
  0.00287348497588356  0.00300274587879931  0.00313293704533842  0.00327264402031539
  0.00341152140766996  0.00355361567021756  0.00370298379597237  0.00386555839940684
  0.00403872042712623  0.00422192776511547  0.00441477264172405  0.00461470494622734
  0.00481692993260430  0.00499128985246522  0.00518205145209538  0.00539363143311279
  0.00562720350247176  0.00587988864442934  0.00613748008143140  0.00639525174555960
  0.00667481145875829  0.00698792303598167  0.00730206225633165  0.00764680601493271
  0.00803226657587484  0.00845172686907596  0.00888357319620686  0.00943643638909464
  0.01001743041284532  0.01062200309195889  0.01128260445714866  0.01198274699987441
  0.01274597287433143  0.01361388809852344  0.01463438083236025  0.01593015009323851
  0.01753593837502451  0.01918027608382702  0.02060458879825767  0.02216820517288024
  0.02391503400785278  0.02607457076957737  0.02902320389621596  0.03265660010342287
  0.03653853232695332  0.04163978976083195  0.04862220256932888  0.05708072006987025
  0.07069820839135163  0.10346853560110829  0.19078704170245481  1.00000000000000000
 -0.00241865337253938  0.01048718447528843  0.02034843264718143  0.02980532304129796
  0.03938071936958237  0.04920748405483674  0.05926909209138075  0.06968250397730189
  0.08067086238125608  0.09132802796233179  0.10235135892196090  0.11342416134803170
  0.12475960792666811  0.13594917487576313  0.14738488317015869  0.15831045190619364
  0.16866529379028788  0.17843617932392947  0.18789196451838747  0.19739514127555055
  0.20723601349776560  0.21714869551803323  0.22679916412207801  0.23624928472666451
  0.24545646647436078  0.25479768798128599  0.26438382632158902  0.27330147841545011
  0.28262077346362413  0.29222165338837391  0.30284409112883870  0.31406672380507011
  0.32465853384628418  0.33582987302468920  0.34617219138406291  0.35632816827465918
  0.36686355476265320  0.37843937305823372  0.39032704923149047  0.40093942149981077
  0.41121299101207937  0.42063591087298396  0.42969395595860582  0.43946202870785600
  0.44954274126724958  0.45924685833262840  0.46822600729408204  0.47674977474855185
  0.48555007037680620  0.49505800336169131  0.50500331461704728  0.51589194597008414
  0.52739769649451240  0.53938976431714503  0.55055700494530480  0.56167761365326596
  0.57334408962334671  0.58493987443932494  0.59621267256926602  0.60782531017022112
  0.62082138674805454  0.63238774684767440  0.64316037961846895  0.65338349829428322
  0.66364474357951453  0.67420649607157501  0.68489900121428937  0.69659495984692044
  0.70807328883604959  0.71876665321967304  0.72881494290757332  0.73822435225386696
  0.74782827804944418  0.75827766421322029  0.76931169192058857  0.78073617110856608
  0.79151397352526287  0.80234319415892563  0.81290243210078794  0.82308472533522936
  0.83338930811984324  0.84376061393285939  0.85376042516548512  0.86389254062067689
  0.87366256566038081  0.88344515883660446  0.89429011429702276  0.90589411730226910
  0.91815271251075536  0.93022305240421510  0.94232250010106944  0.95474711157524894
  0.96697718189144044  0.97872620944510724  0.98950343352512271  1.00000000000000000
 -0.00188453810117610  0.00749970803161420  0.01670771111936738  0.02612795660290524
  0.03647687842827295  0.04827069554966679  0.06035510528994822  0.07119080255686067
  0.08109354565888607  0.09142694035630067  0.10199419099442211  0.11250134527439316
  0.12293187424068319  0.13334383716513543  0.14395598988636168  0.15407491835868534
  0.16444490350488219  0.17360394323650952  0.18259093210046815  0.19155786011464299
  0.20109880646271586  0.21082104443118224  0.22010341370220030  0.22955158270147702
  0.23982848540461293  0.25028364932511132  0.26028249043840262  0.26991794213901693
  0.27998886366130443  0.29018398686089475  0.29998242893874727  0.30992213420607534
  0.32037883549470847  0.33123554150802709  0.34188365230133483  0.35238722177812942
  0.36260095537611536  0.37284163096923273  0.38350991270946766  0.39478620506560524
  0.40649297337550161  0.41824240278779778  0.42983855686792655  0.44050490775627416
  0.44972031222795794  0.45910206969777961  0.46847909138299410  0.47834778471934131
  0.48814858163747582  0.49783681312028055  0.50776146952169676  0.51779070323179732
  0.52760691611470223  0.53766271510985153  0.54790282069848661  0.55743824641058948
  0.56652786941694655  0.57583361004013001  0.58546539443347334  0.59535051489627622
  0.60506048441980154  0.61490769052294258  0.62498273627993894  0.63569022877642933
  0.64617360946359392  0.65729034064024117  0.66885036089670635  0.68047604073829815
  0.69181106558461214  0.70301286620760628  0.71424872791159588  0.72511496894423622
  0.73581427021889922  0.74663344644573260  0.75789280259282499  0.76883768083665660
  0.77949997197334076  0.78998275295603304  0.80058134242190493  0.81144754673491404
  0.82245682036872725  0.83321165150030152  0.84349238045538832  0.85411766324706762
  0.86538791002663018  0.87718791234629756  0.88928075686542551  0.90157510785319295
  0.91492603388052041  0.92783323304497212  0.93995049739811287  0.95161886041381993
  0.96286023179510638  0.97415048587874375  0.98649980098329526  1.00000000000000000
 -0.00280869671529015  0.00950122079379655  0.02003127636718870  0.02933842803740403
  0.03872794988120554  0.04835122681558369  0.05878966601371303  0.06917605189918596
  0.07949587708037086  0.09011350170337475  0.10013157751773856  0.11007547658828679
  0.12055841807815536  0.13076124783361054  0.14054240000689516  0.15014156006847545
  0.16001864724970949  0.16997918133202139  0.17945456625210857  0.18940864648746858
  0.19999231221746974  0.21211920544261692  0.22522804439019758  0.23744849916808999
  0.24900141316239158  0.26106791253255385  0.27300655803453733  0.28436090982754531
  0.29592836164546416  0.30812735524482632  0.31914021102410739  0.32873603591240447
  0.33799150774770892  0.34749613173033983  0.35723038474291624  0.36704628372301873
  0.37701346819165660  0.38770642730210331  0.39834613022432380  0.40915466541306239
  0.42028124339091988  0.43134395260306141  0.44239289023783640  0.45264411307543995
  0.46380439346752578  0.47575247711989349  0.48674822958971115  0.49690341836109775
  0.50618159633702797  0.51550997881287042  0.52461589366885542  0.53312193735492142
  0.54225967035142097  0.55187663640514995  0.56179871148484695  0.57210515080235858
  0.58285428085415458  0.59372489877819312  0.60402413106766206  0.61395158096924163
  0.62389594675490356  0.63414856009024234  0.64475375824690184  0.65569853921570254
  0.66696783367899726  0.67829151141671740  0.68964545163435786  0.70083238903350864
  0.71209322680298048  0.72336660245385231  0.73452749337498724  0.74493184255370060
  0.75521755638600951  0.76534797735215010  0.77605199966020710  0.78657553490556209
  0.79658290912333718  0.80622957286980224  0.81591792573396282  0.82656503202314180
  0.83736889616236720  0.84830163539957604  0.85981019711874762  0.86981163076769685
  0.87954901576569577  0.88904583273549420  0.89946099880306796  0.91072607399317274
  0.92190627628106514  0.93269853602102604  0.94324035256622452  0.95356303629310124
  0.96411539733681817  0.97525468839400375  0.98702589281802056  1.00000000000000000
  0.01061932107143500  0.01389336375119321  0.01678325973110473  0.01904623729184959
  0.02101232237342626  0.02288304791085673  0.02465487440588487  0.02635924363246887
  0.02801706671353868  0.02964464548331493  0.03128303939449002  0.03285304891499324
  0.03439592732782634  0.03591289678911681  0.03736259604451840  0.03884803316904568
  0.04035236378122241  0.04180737899513540  0.04320567086814980  0.04461882333316246
  0.04607352104477435  0.04751789036657553  0.04899663987763866  0.05048962930779385
  0.05195399152887176  0.05338953220776722  0.05483803488930904  0.05627583658361041
  0.05783986800860545  0.05948139705762027  0.06123629786991470  0.06302794560587564
  0.06477440912353721  0.06645071769576411  0.06808732697572292  0.06969784250745921
  0.07129551341139236  0.07287821739236190  0.07448160315697484  0.07617093913793245
  0.07783881680499391  0.07959874069548648  0.08144264974813729  0.08330521734954835
  0.08523022361810739  0.08720864383315116  0.08918970105185789  0.09119638614036071
  0.09325834507300911  0.09531174129589014  0.09738494318746579  0.09949035905014407
  0.10162973243119426  0.10378049382586760  0.10604585575075309  0.10836914124157393
  0.11066341727879461  0.11301061653207378  0.11540735238663430  0.11781748830306686
  0.12023175515248380  0.12265665606738220  0.12497934166140368  0.12744368764376043
  0.12995743767675033  0.13259175779123114  0.13530457407892063  0.13811031940813270
  0.14118416014076987  0.14459534684565545  0.14838647711592684  0.15205604412499812
  0.15527147642565176  0.15828945626149427  0.16118394918826029  0.16463757041969809
  0.16887964085404594  0.17404296349530871  0.17924091462362143  0.18415402329490685
  0.18913251968868075  0.19418750453480019  0.19974980995383182  0.20466294456282164
  0.21002282311551118  0.21725423868033084  0.22649003783644417  0.23532201293694024
  0.24399454531237452  0.25349705727119348  0.26750316968660065  0.28426239070767517
  0.30700197612054347  0.34421000591459394  0.81510777718967065  1.00000000000000000
 -0.00238734981639659  0.00959711505151647  0.01950576456328421  0.03059657670431435
  0.04233616657344882  0.05458606811554760  0.06675885020592526  0.07872593430061396
  0.09069968104882817  0.10293453812257634  0.11487084332008955  0.12622078453916277
  0.13656361484660501  0.14677030340658453  0.15682706405971278  0.16673772401571665
  0.17603825939074116  0.18542348369219872  0.19538094035927647  0.20566514909723857
  0.21580843241395814  0.22595767608090134  0.23628643359064638  0.24672157015525065
  0.25720323409238371  0.26745330372105663  0.27717456844323785  0.28651012405633691
  0.29603275607956214  0.30602079851742470  0.31619556131352622  0.32614203439512623
  0.33590758399701953  0.34558470568754973  0.35504017569578600  0.36397187709626710
  0.37294810051380650  0.38222666199527677  0.39156465319657713  0.40073357345046101
  0.40991888778393643  0.41972382855407536  0.43013127964564762  0.44000628716085649
  0.44897153688104274  0.45780357157885504  0.46708105513122367  0.47672969367759571
  0.48613450082535459  0.49495731771653800  0.50425659356688091  0.51440985462452193
  0.52476940155280183  0.53537524773249190  0.54634977881509872  0.55769928295445803
  0.56910481785899392  0.57972799599017777  0.59039762335492274  0.60074808410667591
  0.61082675988178514  0.62010493236088515  0.62968540646747528  0.63940678915537752
  0.64961686098680782  0.65952596426244947  0.66909558938522118  0.67939848536803438
  0.68942250604814581  0.69951206881343764  0.70935210026245765  0.71875197301513694
  0.72819310676495197  0.73766117285716726  0.74800559550764312  0.75934663482551978
  0.77084245986800248  0.78197883883779440  0.79319166438433353  0.80456849027189092
  0.81622303203770963  0.82809201208832872  0.83984776741913536  0.85165647236856457
  0.86430141048878961  0.87668938525906048  0.88840578256560176  0.90004683679930375
  0.91202169889377571  0.92451577865579959  0.93652327340267649  0.94987442185237847
  0.96283623843273980  0.97620336222769455  0.98821574431633352  1.00000000000000000
  0.00131027613351974  0.31787624146269350  0.41243011998904311  0.47236896901146075
  0.51696028628166346  0.55187957487127914  0.58083503338675124  0.60410556721512243
  0.62462522747916449  0.64304360577101516  0.65867534240600301  0.67307980984332094
  0.68659056509812944  0.69916223792917187  0.71076468192499187  0.72134168503061491
  0.73097288296934659  0.73983291064785428  0.74819514001131582  0.75582279420943632
  0.76272125149075076  0.76954338916632037  0.77619355739216100  0.78256040189598852
  0.78873347721157894  0.79445978753715396  0.79965351337166646  0.80467535410327229
  0.80962987088954441  0.81444726053853467  0.81911163720243474  0.82364369370869450
  0.82817787991334435  0.83247467077847304  0.83656960061816354  0.84037045893379325
  0.84397286295052099  0.84748230374635769  0.85096279721336165  0.85442217650999908
  0.85782991444361512  0.86112969971962749  0.86420702855760334  0.86723372203255755
  0.87042568951760013  0.87346208387698665  0.87648966360078695  0.87938362748005072
  0.88212205164711333  0.88478276661291499  0.88733494585779193  0.88969456037555417
  0.89201463691357730  0.89438372738190919  0.89670637156548005  0.89904435773114633
  0.90142517147326584  0.90377031566134880  0.90598237320373753  0.90804862762689720
  0.91001798481926754  0.91202937636713177  0.91409233795554212  0.91620099638354946
  0.91832350441761257  0.92037049582431885  0.92244273609646121  0.92450531686642079
  0.92653588050196145  0.92852030783928574  0.93047431411391235  0.93250010663709360
  0.93450187942870078  0.93650497430684987  0.93847885266787989  0.94039194283930894
  0.94223944840339779  0.94399210176549331  0.94567560428458264  0.94734543059165655
  0.94907324989387054  0.95083701663902198  0.95260944570268169  0.95440809232909884
  0.95619424799490382  0.95819729583247848  0.96034710282947722  0.96262857674261681
  0.96500755159335105  0.96745427793849326  0.96997639787852741  0.97271575106444375
  0.97576982696498826  0.97998122420983103  0.98713890727877995  1.00000000000000000
   8.6950528005246440E-009  -1.0000000000000000     
 F F F F F F F F F F F F F F F F F F F F F F F F F F F F F F F F F F F F F F F F F F F F F F F F F F F F F F F F F F F F F F F F
  <DiscreteSampler_grid>
  grouped_processes
  1 # 1 for a reference and 2 for a running grid.
  10 # Attribute 'min_bin_probing_points' of the grid.
  1 # Attribute 'grid_mode' of the grid. 1=='default',2=='initialization'
  0.0000000000000000 # Attribute 'small_contrib_threshold' of the grid.
  0.5000000000000000 # Attribute 'damping_power' of the grid.
 # binID   n_entries weight   weight_sqr   abs_weight
    10   10   1.730863738285834E+004   2.126631922405195E+009   1.730863738285834E+004
  </DiscreteSampler_grid>
