  0.01001285700505254  0.01478187188225108  0.02317996718849618  0.03295068911627924
  0.04251091337889388  0.05164407489688998  0.06119970966993993  0.07168032256457320
  0.08264224238798006  0.09350548655666148  0.10413730203770449  0.11414101433354287
  0.12394352186823172  0.13287079262887103  0.14169217453099753  0.15117284470673320
  0.16243000935975510  0.17153204384017370  0.18079628690993382  0.19005506250248089
  0.20102264286303859  0.21202483188018884  0.22237689741058847  0.23332537107715920
  0.24520678792579970  0.25681784928526935  0.26801132741977013  0.27789785097335007
  0.28668995950700615  0.29531325741903430  0.30393732478354268  0.31293966711563576
  0.32236741571713307  0.33193425573418334  0.34307493644828979  0.35528588743550771
  0.36766641975798703  0.38011629288922344  0.39263350883640669  0.40463608725791034
  0.41555092437487573  0.42583187323198207  0.43550441236040699  0.44499060755169295
  0.45416740177662107  0.46342781181181308  0.47270448055430148  0.48214246403279182
  0.49194935947743357  0.50240731651699555  0.51279636988991395  0.52358445760175298
  0.53433511734234362  0.54567119010327092  0.55671830181781679  0.56765922804044366
  0.57851465890363929  0.58976035056728271  0.60051017753665825  0.61053385398204163
  0.62053028462036064  0.63111602383999321  0.64239373396234278  0.65493153940605553
  0.66773356392421357  0.67968907731732175  0.69085048931497550  0.70269110333737106
  0.71427197069733872  0.72524510085466509  0.73567024994572838  0.74582934214629704
  0.75562020181002965  0.76542399385941318  0.77591298197659331  0.78685989253051558
  0.79701426372380313  0.80640670949988580  0.81561330007035249  0.82509303828089120
  0.83530023205042259  0.84542110112727553  0.85610531010670343  0.86730405821691225
  0.87885499828871549  0.89051471528836246  0.90191734639819421  0.91253404297424967
  0.92195871879849611  0.93104757969046337  0.94007651176167517  0.94944184902883644
  0.95918754600719036  0.96956151670673152  0.98083414490994136  1.00000000000000000
  0.00002157232020630  0.00004121045075409  0.00006257044549885  0.00008743194834149
  0.00011405562239338  0.00014101454398419  0.00017042482226204  0.00020444900560049
  0.00024065850442212  0.00027920501318309  0.00031929979006927  0.00036186688224217
  0.00040744696412552  0.00045681032606211  0.00051110754444427  0.00056802055412108
  0.00062857624281926  0.00069639550998728  0.00076930806416547  0.00083831547762626
  0.00090102233532766  0.00096213494103457  0.00102469040074668  0.00109021518515673
  0.00115954555489257  0.00123758149151187  0.00132253172746464  0.00141268906878319
  0.00150541386052806  0.00159915786369917  0.00170780974595937  0.00180696698229513
  0.00191014815269090  0.00201981110563942  0.00212419686250177  0.00223110184546229
  0.00234105581946071  0.00245744026870806  0.00258772383520637  0.00272822532838061
  0.00286700695885309  0.00301224304106544  0.00315985260289575  0.00332128456423807
  0.00347661489464345  0.00362448402104741  0.00378077914424446  0.00394482143581953
  0.00411037734388436  0.00427815043583465  0.00446104987098762  0.00464396290203506
  0.00487097151406370  0.00511820053046958  0.00537955940756437  0.00564419605451547
  0.00590811782056007  0.00618332585715222  0.00647270719715382  0.00676910391192442
  0.00707912384919442  0.00740111076662154  0.00773560834006828  0.00809181027070963
  0.00848305086253952  0.00889895521372056  0.00931081664856487  0.00975184784645510
  0.01023065786245890  0.01078186207241048  0.01141344731464520  0.01208049276303068
  0.01283875878499863  0.01366837925415232  0.01464998592035038  0.01567332122918827
  0.01678738766831036  0.01789962685783199  0.01907204604226944  0.02035751791301120
  0.02185121651903150  0.02354178920954760  0.02543781055685954  0.02763712403559848
  0.03028812663089643  0.03366484316508501  0.03787307266673341  0.04317768598021326
  0.04905594242886579  0.05579511318259885  0.06508808501374508  0.08137340943409667
  0.10728524824619544  0.17136867382499416  0.46781753918286439  1.00000000000000000
 -0.00000925734721888  0.00004022324886462  0.00007043849907120  0.00009810711405497
  0.00012933858460211  0.00016431074971601  0.00020124567318181  0.00024327742799835
  0.00028739476177729  0.00033091820961501  0.00037565157868348  0.00041918905470162
  0.00046223227658717  0.00050868574247005  0.00055948914064737  0.00060938448050255
  0.00066327086236405  0.00071859713918454  0.00077278359572087  0.00082913111468411
  0.00088822164376629  0.00095016060389820  0.00102211887020555  0.00110418210785869
  0.00118611692529550  0.00126437562290651  0.00134225291295398  0.00142426095736779
  0.00151056851665382  0.00160153150031121  0.00170277491136736  0.00181177683160485
  0.00191772969995506  0.00201423356840010  0.00211826891862706  0.00223130429402744
  0.00234783309941131  0.00246342218980887  0.00257675009442428  0.00269142895976906
  0.00281497896857857  0.00294825051483622  0.00308121829760753  0.00321074125814056
  0.00335009621745058  0.00349911566028421  0.00367797889209265  0.00386924351231047
  0.00407562803633098  0.00430485002002949  0.00456858244610176  0.00482662127453546
  0.00509239804526927  0.00535874964519523  0.00562351478760786  0.00590843910755157
  0.00625237139353860  0.00661438501061157  0.00701117738611277  0.00745268771277154
  0.00795362982784734  0.00846179335662145  0.00893791847926074  0.00939828975881476
  0.00987215878688617  0.01036592119666992  0.01089783731329233  0.01143642524381650
  0.01194440125404355  0.01248588821227514  0.01306604666415009  0.01365865514083442
  0.01425211850174701  0.01484608032654964  0.01557192183963719  0.01656452853581660
  0.01770217978672383  0.01900439174550041  0.02050331550736854  0.02229963544128557
  0.02421470043564361  0.02639714948537958  0.02882648745619290  0.03165772577250064
  0.03482207221134175  0.03843805381899692  0.04276026678931552  0.04763752690209915
  0.05416393092377661  0.06368970052048784  0.07850601999153115  0.09570798895960647
  0.12532587077804833  0.22230647817685684  0.35860265438283390  1.00000000000000000
 -0.00231112803345268  0.00955899285565271  0.01933169862117060  0.02987851409846322
  0.04062059167167024  0.05104750647079228  0.06129784815950592  0.07069253806167454
  0.07941223600082922  0.08813981468158992  0.09635524444859717  0.10433614188949379
  0.11272356617261123  0.12225761427812581  0.13408664877924648  0.14714255829282327
  0.15454952867713731  0.16331521947469799  0.17319833619704209  0.18301713397005465
  0.19121550200170800  0.19920606882454064  0.20671219839879701  0.21881880540844503
  0.23081936755110302  0.24233264768001325  0.25404035858422763  0.26530217355054592
  0.27841077324361707  0.29140352495561633  0.30265886602407660  0.31345279874615484
  0.32459242070322802  0.33672645852021355  0.35019869208453525  0.36488905804776101
  0.38020797198304668  0.39434780544271625  0.40684518270747788  0.41802061568716931
  0.42898747221403360  0.43910080574755811  0.45013314502730017  0.46321262375008737
  0.47725751497046709  0.49147118604106060  0.50399238755842102  0.51574599035534474
  0.52754771349656970  0.53892271578922080  0.54913466636381525  0.55859530974519767
  0.56871573112379459  0.57984493287049499  0.59023532672171364  0.60026010194034640
  0.61090666415508799  0.62240540434691249  0.63384778515435780  0.64481567232524417
  0.65476778105886868  0.66415162446479759  0.67333704608365652  0.68307115013155684
  0.69300766964073912  0.70253464880942684  0.71235868587343532  0.72259245550766693
  0.73360304704332813  0.74763280709014168  0.76059807578204730  0.77247839327745460
  0.78221595715055059  0.79181309862114035  0.80136659658241505  0.81146541138105921
  0.81989921568766966  0.82729542488584740  0.83497744263226403  0.84441073687542512
  0.85480040781521782  0.86523972703850360  0.87554807492881281  0.88919682427921498
  0.90164246062290820  0.91156614608840059  0.92074927029460973  0.92931659540709977
  0.93860395756611881  0.94775166677231815  0.95622973544164458  0.96444822284502829
  0.97261051747255978  0.98113164895552984  0.99042202169430604  1.00000000000000000
 -0.00270120251354077  0.01235494074979248  0.02278520281798728  0.03080048332430172
  0.03873758707599064  0.04669430398968873  0.05440335067575708  0.06196139226179583
  0.06984134958019408  0.07851945022665341  0.08836548569055051  0.09898966755161100
  0.10945434488774922  0.12031090686315839  0.13137399940750480  0.14275731560444338
  0.15374963423321600  0.16420315620688808  0.17394107526667738  0.18390907122847772
  0.19530272523137510  0.20895954796625824  0.22259175767103143  0.23576145890835021
  0.24697929842482361  0.25708926972966623  0.26713356131562299  0.27652593112029017
  0.28682577116754243  0.29616156226769863  0.30602257551559198  0.31697620011494554
  0.32852882678688444  0.33964171872467963  0.35055126260373110  0.36166325447088132
  0.37428681779338224  0.38778095014334973  0.40187620136577834  0.41476875005929559
  0.42636581541364349  0.43775604228000636  0.44925110885872832  0.46174727207902871
  0.47390442370012759  0.48464577897670458  0.49454603897348720  0.50427244979412855
  0.51387495069144984  0.52353375483309517  0.53341675045937265  0.54394657132237667
  0.55542458753866908  0.56713934514184383  0.57850790000646324  0.59149179528770135
  0.60356987875221013  0.61418686722877902  0.62414792599222280  0.63476565630114057
  0.64493011101246922  0.65372961954834818  0.66299262377109991  0.67226580304345385
  0.68184038447278128  0.69115573177112932  0.70062016627816892  0.71057973622059134
  0.72343494003231235  0.73562061956663194  0.74670403432108789  0.75670150155107840
  0.76700898368520587  0.77762821642984237  0.78918156273920648  0.80115063265686759
  0.81206569611443635  0.82088404925551228  0.82978354980267333  0.83981828387759028
  0.85075424023252733  0.86141825835453545  0.87119804066635009  0.88143826984547247
  0.89196052443569895  0.90282348067650764  0.91363862938189866  0.92446787120578844
  0.93515504411287953  0.94523378994047580  0.95492015397638630  0.96451043283307902
  0.97421555735740561  0.98341031870931805  0.99164296784083739  1.00000000000000000
 -0.00262799291519102  0.00961811490861404  0.02082816812903059  0.03182319506853323
  0.04305995962539817  0.05449047240204531  0.06639587962582617  0.07820131235488161
  0.09017399583928348  0.10161461025892136  0.11290039834745685  0.12496361491207097
  0.13836093483610706  0.15050886859979254  0.15889507419351648  0.16768845364976828
  0.17640946550637604  0.18485397500636336  0.19291525456342479  0.20060643687290408
  0.20927658534220953  0.22005702879672165  0.23186717077157479  0.24363618816662025
  0.25550576510217643  0.26796732123837602  0.27901001097500777  0.28920748172737920
  0.29929864426719310  0.30942448943546425  0.31971866895160944  0.32963031880402349
  0.33951166164681490  0.34986681098200623  0.36040830116795614  0.37124965642249191
  0.38206478240527619  0.39295657644941662  0.40472247364563030  0.41636711094568640
  0.42707193508716967  0.43768714420004434  0.44912799817812638  0.46088743928087134
  0.47222123782844339  0.48261456108639450  0.49267249879211983  0.50252861885052802
  0.51266310344908361  0.52332997626064692  0.53433875233860550  0.54500082599895139
  0.55549729812061122  0.56558039003480975  0.57611458789789305  0.58641280075478075
  0.59676349482352076  0.60810457736800960  0.62028313329786000  0.63206660801748138
  0.64383917696258242  0.65341321317529488  0.66326130300891750  0.67342611540086939
  0.68265963464923540  0.69090465408195245  0.69876919179848973  0.70706626072810652
  0.71656481248817350  0.72649515875925585  0.73639889184330221  0.74650173634968731
  0.75613203585098643  0.76471039014286879  0.77362805269676393  0.78335420782727605
  0.79316140618022557  0.80341729229820169  0.81399735087443426  0.82605546820584097
  0.83886046485682064  0.85049069791835430  0.86112165538883811  0.87233236846351847
  0.88351677352700164  0.89407513706309083  0.90391227621012460  0.91473723389103689
  0.92622907719149616  0.93788644746051963  0.94837537483699874  0.95887692776050204
  0.96863889941682835  0.97902587017518261  0.98913086666143391  1.00000000000000000
  0.01023575427863160  0.01518499776633936  0.02104492455218756  0.02574424715467031
  0.02997704099139794  0.03383957332726892  0.03736450765151043  0.04076223041858047
  0.04384192475283694  0.04659535439655776  0.04950266549023073  0.05249780391245341
  0.05546212089013366  0.05830397531638597  0.06106043537253641  0.06377168918775880
  0.06644259856798107  0.06912302837960853  0.07191897191116974  0.07483774705564185
  0.07776344894224894  0.08061927427761392  0.08345656275998613  0.08618623676923856
  0.08861716769776845  0.09099762481698094  0.09340769300486070  0.09593131095204657
  0.09866317306730650  0.10157638545298872  0.10452772571438326  0.10743750456399985
  0.11035040394922097  0.11326873778556228  0.11617435214794598  0.11908760185676028
  0.12193831750502217  0.12471495360071504  0.12716843707223163  0.12958958537566997
  0.13215304789700114  0.13480747814688201  0.13751074081470682  0.14023125463749742
  0.14309458380667012  0.14592971609423760  0.14867960453449588  0.15144855474761107
  0.15451801728099102  0.15771072405348641  0.16083491185196061  0.16344025438635604
  0.16602190988541038  0.16862328064196078  0.17147465560017469  0.17437563186103969
  0.17722154500750786  0.18006869679558926  0.18306847151090702  0.18604091215227186
  0.19000765278266749  0.19456427615171829  0.19952808580302434  0.20459152426791818
  0.21031463628423641  0.21633345668685106  0.22224148291411600  0.22759956242050797
  0.23327282561048235  0.23847676898441944  0.24328125525310301  0.24809211058663347
  0.25262948974370436  0.25773681875500648  0.26447824364019956  0.27093477210095041
  0.27785430792910060  0.28452039174268706  0.29156759026095874  0.29886062127396118
  0.30708374598513283  0.31653085092498673  0.32744326720668099  0.33860771280789481
  0.35046357170245096  0.36381583680634727  0.37697487626745235  0.38918534346156153
  0.40103890566292311  0.41418810710579368  0.43106161823302791  0.45714001919575536
  0.50101380601622414  0.57591595105038174  0.80234123019550363  1.00000000000000000
 -0.00245637768785842  0.01167903038309196  0.02453514477717235  0.03791312740666134
  0.05089814010606289  0.06364939218138839  0.07603405277046556  0.08781161503937503
  0.09859656659101473  0.10905833709691909  0.11915774030789150  0.12965081552356589
  0.14103749387271994  0.15329223621703975  0.16505108757004339  0.17575085046892638
  0.18597967734691020  0.19623373105779909  0.20588349537134393  0.21769202014959571
  0.22943218430447743  0.24097071536577408  0.25247153398436228  0.26424123252466608
  0.27708232397506283  0.28918434520397851  0.29934512433440713  0.30826236588222150
  0.31738809870703849  0.32719469421217584  0.33692260832544502  0.34606062540388521
  0.35546747776309745  0.36561192627036676  0.37497152171391185  0.38322305530103112
  0.39075962647540180  0.39849465275930018  0.40575100081018389  0.41301747160231372
  0.41949823042935425  0.42640548193815425  0.43327952763810035  0.44116451680905749
  0.44910376902063254  0.45749908457938870  0.46694307766412885  0.47694615983823097
  0.48692820112099638  0.49674238784819247  0.50670533624818326  0.51691653999069964
  0.52525126886725060  0.53318050071569323  0.54154643806224778  0.55009202473546126
  0.55863821608698416  0.56685203404341777  0.57475979325576876  0.58293734343163794
  0.59532251456504914  0.60810040712401425  0.61920537107961882  0.62947706581171925
  0.63966271264733321  0.64992042919726367  0.66021324193708764  0.67062613174279107
  0.68115771319122753  0.69166022487558465  0.70309431636374964  0.71346786347810431
  0.72416435393992762  0.73632309046159905  0.74911356682018115  0.76210953142560711
  0.77534229718424652  0.78858322687727045  0.79992252759240690  0.81070949922428903
  0.82188137347044943  0.83316855618405739  0.84335635264448494  0.85443234617577102
  0.86708526902580907  0.87917937204763774  0.88891477135742769  0.89926899151682682
  0.91087932303917141  0.92454495444216622  0.93896886420278303  0.95134309617195534
  0.96338699897278046  0.97492950660998856  0.98775979011518322  1.00000000000000000
  0.00560338777002407  0.36023397826131864  0.47014602712083164  0.53941930283384532
  0.59094631297415601  0.63100786520998819  0.66234753683277747  0.68814756100004759
  0.71116397545061583  0.73087645847700844  0.74771114838822650  0.76279942637264053
  0.77617146318102159  0.78791419670956175  0.79859864262927194  0.80851651858525297
  0.81756320137947580  0.82600910457721921  0.83401340571728266  0.84160643351862319
  0.84888418823474376  0.85559781643467936  0.86163011948214041  0.86709156151603817
  0.87199283452975118  0.87649513054854244  0.88071941960017464  0.88476513787837407
  0.88869865109309443  0.89241125067805349  0.89580849466168266  0.89902769199019783
  0.90215058469108977  0.90539359194885882  0.90870536016935732  0.91215260184117775
  0.91541248187529989  0.91824625938879512  0.92070557718231194  0.92299295888507960
  0.92526960182023565  0.92756846473862853  0.92982819456987298  0.93202113073224668
  0.93401204513912006  0.93593427262542828  0.93778240027271942  0.93945957019051851
  0.94100571956787848  0.94270852215427092  0.94431710262576352  0.94595346778973832
  0.94748693031702536  0.94905155187989121  0.95067947299429090  0.95228852952788712
  0.95379978204937543  0.95523277345655477  0.95658596366097670  0.95785823670991499
  0.95904982554016038  0.96015092066648322  0.96122771820853536  0.96230910496354549
  0.96339450226779189  0.96445893730614374  0.96550347018730986  0.96654691521696978
  0.96752046087478794  0.96846529951520866  0.96938171579466026  0.97029260891348135
  0.97125413740636790  0.97228324551634016  0.97335254327795873  0.97443006410371014
  0.97549478973971882  0.97650787490023028  0.97747944041253676  0.97842334745740644
  0.97924645289222134  0.98008831648916728  0.98092150162217784  0.98174942073388016
  0.98258436477091748  0.98344771076847692  0.98443880293545161  0.98551075961751000
  0.98664089491255969  0.98780439717811974  0.98899096483688120  0.99022601014070766
  0.99162274578464549  0.99325858886121277  0.99574136089549281  1.00000000000000000
   1.4687111855153520E-006  -1.0000000000000000     
 F F F F F F F F F F F F F F F F F F F F F F F F F F F F F F F F F F F F F F F F F F F F F F F F F F F F F F F F F F F F F F F F
  <DiscreteSampler_grid>
  grouped_processes
  1 # 1 for a reference and 2 for a running grid.
  10 # Attribute 'min_bin_probing_points' of the grid.
  1 # Attribute 'grid_mode' of the grid. 1=='default',2=='initialization'
  0.0000000000000000 # Attribute 'small_contrib_threshold' of the grid.
  0.5000000000000000 # Attribute 'damping_power' of the grid.
 # binID   n_entries weight   weight_sqr   abs_weight
    10   10   9.066361011069029E+005   2.801251230365435E+012   9.066361011069029E+005
  </DiscreteSampler_grid>
