0.82502E-01 0.24130E-04 0.00000E+01 20151170 0 0 1179898 0.14298E+08 0.00000E+01 0.82502E-01 0.00000E+01 0.00000E+01 0
1 0.083345 0.00092567 1.5707 1.5891 0.083345
2 0.082922 0.00050285 1.2128 0.85153 0.082922
3 0.08286 0.00028737 0.98094 0.5452 0.08286
4 0.083224 0.00098079 1.6666 1.6788 0.083224
5 0.082802 0.00052176 1.2603 0.99902 0.082802
6 0.082236 0.00029381 1.0105 0.56649 0.082236
7 0.080949 0.00093555 1.6345 1.7876 0.080949
8 0.082813 0.00051138 1.235 0.91807 0.082813
9 0.082427 0.00029309 1.0057 0.60411 0.082427
10 0.082673 0.00093537 1.6001 1.5981 0.082673
11 0.082754 0.00050446 1.2192 0.93188 0.082754
12 0.08221 0.00028701 0.98746 0.6122 0.08221
13 0.082984 0.0009064 1.5447 1.449 0.082984
14 0.082293 0.00048255 1.1727 0.90405 0.082293
15 0.08289 0.00028345 0.96721 0.59216 0.08289
16 0.082425 0.00090799 1.5579 1.5141 0.082425
17 0.082659 0.0004932 1.1933 0.92989 0.082659
18 0.082504 0.00028106 0.96353 0.53153 0.082504
19 0.083264 0.00095054 1.6145 2.3549 0.083264
20 0.082082 0.00050332 1.2264 0.83519 0.082082
21 0.082735 0.00029179 0.99754 0.61031 0.082735
22 0.082491 0.00089448 1.5335 1.5601 0.082491
23 0.082094 0.00048171 1.1736 0.86081 0.082094
24 0.082124 0.00027937 0.96219 0.54534 0.082124
25 0.082756 0.00094588 1.6164 1.7186 0.082756
26 0.081575 0.00049697 1.2184 0.86841 0.081575
27 0.082794 0.00028864 0.98606 0.56176 0.082794
28 0.08154 0.00093555 1.6226 1.7065 0.08154
29 0.082222 0.00050278 1.223 0.9038 0.082222
30 0.082535 0.00029233 1.0018 0.58121 0.082535
31 0.0833 0.00093316 1.5843 1.338 0.0833
32 0.082943 0.0004956 1.195 0.8437 0.082943
33 0.082964 0.00028614 0.97552 0.54201 0.082964
34 0.082458 0.00092911 1.5935 1.5917 0.082458
35 0.082742 0.00049631 1.1997 0.86064 0.082742
36 0.082304 0.00028379 0.97527 0.55565 0.082304
37 0.08393 0.00094197 1.5872 1.4734 0.08393
38 0.082513 0.00049565 1.2014 0.81617 0.082513
39 0.082288 0.00028443 0.97767 0.52618 0.082288
40 0.082004 0.00095182 1.6415 1.5269 0.082004
41 0.082575 0.00052056 1.2608 0.87642 0.082575
42 0.082232 0.00029463 1.0134 0.59166 0.082232
43 0.08316 0.00096326 1.6381 1.7493 0.08316
44 0.082967 0.00050042 1.2063 0.88175 0.082967
45 0.082847 0.00028923 0.98744 0.56334 0.082847
46 0.082431 0.00094063 1.6138 1.7992 0.082431
47 0.082285 0.00050072 1.217 0.93716 0.082285
48 0.082361 0.00028893 0.99224 0.53855 0.082361
49 0.081719 0.00093567 1.6192 1.5844 0.081719
50 0.082687 0.00049995 1.2093 0.9253 0.082687
51 0.082939 0.00028795 0.98198 0.56278 0.082939
52 0.081991 0.00095262 1.6431 1.6138 0.081991
53 0.082354 0.00050798 1.2337 0.9866 0.082354
54 0.082302 0.00029187 1.0031 0.5852 0.082302
55 0.080665 0.00094238 1.6522 1.8578 0.080665
56 0.081587 0.00052193 1.2794 1.4979 0.081587
57 0.082661 0.00029919 1.0237 0.78123 0.082661
58 0.081102 0.00092686 1.6162 1.6797 0.081102
59 0.082298 0.00049504 1.203 0.84032 0.082298
60 0.082836 0.00028527 0.97406 0.53168 0.082836
61 0.084088 0.00095516 1.6064 1.7191 0.084088
62 0.081525 0.00049538 1.2153 0.82096 0.081525
63 0.082374 0.00028839 0.99024 0.52561 0.082374
64 0.082158 0.00093751 1.6138 1.5431 0.082158
65 0.08254 0.00050198 1.2163 1.0703 0.08254
66 0.082253 0.00028671 0.98589 0.58526 0.082253
67 0.081303 0.00090209 1.5691 1.4143 0.081303
68 0.083093 0.00049413 1.1893 0.93442 0.083093
69 0.082808 0.000285 0.97345 0.59164 0.082808
70 0.082233 0.00093282 1.6042 1.3963 0.082233
71 0.082523 0.00050147 1.2153 0.9338 0.082523
72 0.082478 0.00028897 0.99098 0.63173 0.082477
73 0.08267 0.00096811 1.6561 2.8681 0.08267
74 0.082617 0.00051236 1.2403 1.379 0.082617
75 0.082536 0.00029089 0.99687 0.52898 0.082536
76 0.08199 0.00094368 1.6277 1.3874 0.08199
77 0.082866 0.00051011 1.2312 0.9825 0.082866
78 0.082392 0.00029038 0.99684 0.59233 0.082392
79 0.081243 0.00092831 1.6159 1.8427 0.081243
80 0.08234 0.00051076 1.2406 1.2392 0.08234
81 0.082107 0.00029028 0.99996 0.60456 0.082107
82 0.083119 0.00090776 1.5445 1.6623 0.083119
83 0.081718 0.00048306 1.1823 1.0249 0.081718
84 0.082755 0.00027827 0.95106 0.64985 0.082755
85 0.082991 0.00095452 1.6265 1.6487 0.082991
86 0.082764 0.00050918 1.2304 1.0269 0.082764
87 0.082386 0.00028933 0.99332 0.52243 0.082386
88 0.082726 0.00090014 1.5388 1.4833 0.082726
89 0.082293 0.00048672 1.1829 0.97622 0.082293
90 0.083023 0.00028228 0.96169 0.62275 0.083023
91 0.082165 0.00089301 1.537 1.638 0.082165
92 0.081143 0.00047931 1.1814 1.1701 0.081143
93 0.082502 0.00028363 0.97238 0.56683 0.082502
94 0.082791 0.00094559 1.6152 1.4795 0.082791
95 0.082845 0.00051082 1.2332 0.95284 0.082845
96 0.082507 0.000291 0.99758 0.60503 0.082507
97 0.081629 0.00095045 1.6466 1.6973 0.081629
98 0.082655 0.0005162 1.2491 1.2354 0.082655
99 0.082874 0.00029734 1.0148 0.60415 0.082874
100 0.083826 0.00093441 1.5764 1.3984 0.083826
101 0.083343 0.00049646 1.1914 1.1956 0.083343
102 0.082512 0.00028363 0.97227 0.58634 0.082512
103 0.082298 0.00091238 1.5678 1.2827 0.082298
104 0.0829 0.00049362 1.1909 0.89785 0.0829
105 0.08239 0.00028281 0.97089 0.61896 0.08239
106 0.082667 0.00097482 1.6677 2.2995 0.082667
107 0.082245 0.0005145 1.2512 0.90507 0.082245
108 0.082588 0.00029676 1.0163 0.59246 0.082588
109 0.082948 0.00091675 1.563 1.4121 0.082948
110 0.083315 0.00049757 1.1944 0.82595 0.083315
111 0.082308 0.00028436 0.97716 0.55691 0.082308
112 0.082001 0.00094832 1.6355 1.4541 0.082001
113 0.081538 0.00049911 1.2242 0.80684 0.081538
114 0.082576 0.00029133 0.99789 0.56401 0.082576
115 0.082127 0.00095973 1.6526 1.6109 0.082127
116 0.082865 0.00051528 1.2437 1.0678 0.082865
117 0.081983 0.00029209 1.0077 0.61684 0.081983
118 0.082267 0.00092447 1.5892 1.5486 0.082267
119 0.083123 0.00049465 1.1902 0.81459 0.083123
120 0.082603 0.00028336 0.97027 0.52642 0.082603
121 0.082254 0.00096476 1.6587 2.0168 0.082254
122 0.082838 0.00051508 1.2436 1.011 0.082838
123 0.082184 0.00029018 0.99869 0.57393 0.082184
124 0.081094 0.00092532 1.6137 1.6846 0.081094
125 0.081967 0.00049904 1.2176 0.87682 0.081967
126 0.082367 0.00028806 0.98919 0.55574 0.082367
127 0.082199 0.00093327 1.6057 1.7007 0.082199
128 0.081995 0.00050155 1.2234 0.89745 0.081995
129 0.082602 0.00029176 0.99904 0.59399 0.082602
130 0.083383 0.00091752 1.5562 1.5929 0.083383
131 0.082361 0.00049049 1.1911 0.98799 0.082361
132 0.082694 0.00028879 0.98778 0.53986 0.082694
133 0.083402 0.00090284 1.5309 1.3654 0.083402
134 0.081868 0.00048929 1.1953 1.0665 0.081868
135 0.08247 0.00028566 0.97971 0.70921 0.08247
136 0.082813 0.0009871 1.6857 2.1978 0.082813
137 0.082248 0.00050635 1.2313 0.85104 0.082248
138 0.082859 0.00029423 1.0044 0.5727 0.082859
139 0.081618 0.00091278 1.5816 1.8409 0.081618
140 0.082215 0.00049606 1.2067 0.83897 0.082215
141 0.082611 0.0002855 0.97751 0.55404 0.082611
142 0.083006 0.0009466 1.6128 1.767 0.083006
143 0.082899 0.00049927 1.2045 0.92307 0.082899
144 0.082017 0.00028319 0.9766 0.56285 0.082017
145 0.081576 0.00088324 1.5312 1.3102 0.081576
146 0.082885 0.00048541 1.1713 0.85083 0.082885
147 0.082563 0.00027858 0.95434 0.54486 0.082563
148 0.083352 0.00092339 1.5667 1.6492 0.083352
149 0.082012 0.00048706 1.1878 0.88096 0.082012
150 0.082488 0.00028539 0.97857 0.56058 0.082488
151 0.083526 0.00097753 1.6551 1.834 0.083526
152 0.082432 0.00051081 1.2394 0.8826 0.082432
153 0.082468 0.00029512 1.0122 0.58484 0.082468
154 0.082544 0.00093284 1.5982 1.8434 0.082544
155 0.083604 0.00051349 1.2284 0.90585 0.083604
156 0.08238 0.00028596 0.98183 0.57499 0.08238
157 0.081743 0.00094904 1.6419 1.542 0.081743
158 0.082901 0.00051645 1.2459 0.96038 0.082901
159 0.082423 0.00029284 1.0049 0.57926 0.082423
160 0.083186 0.0009554 1.6242 1.6094 0.083186
161 0.082355 0.00050323 1.2221 1.2633 0.082355
162 0.082225 0.00028651 0.98556 0.67911 0.082225
163 0.082795 0.00093796 1.6021 1.7882 0.082795
164 0.08241 0.00050347 1.2219 0.89822 0.08241
165 0.082808 0.00028506 0.97366 0.53017 0.082808
166 0.083598 0.00094628 1.6008 2.0627 0.083598
167 0.082103 0.00049726 1.2113 0.86702 0.082103
168 0.081998 0.0002852 0.98378 0.56083 0.081998
169 0.080872 0.00089787 1.5701 1.495 0.080872
170 0.082287 0.00049939 1.2138 0.97617 0.082287
171 0.082621 0.00028642 0.98052 0.65977 0.082621
172 0.08325 0.00091531 1.5549 1.5866 0.08325
173 0.0811 0.00048741 1.202 0.82109 0.0811
174 0.082561 0.00028452 0.97472 0.58331 0.082561
175 0.081298 0.00094427 1.6426 1.5083 0.081298
176 0.082797 0.00051833 1.2521 1.0145 0.082797
177 0.082355 0.00029539 1.0145 0.60012 0.082355
178 0.083705 0.00095722 1.6172 1.709 0.083705
179 0.082622 0.00050403 1.2201 0.86585 0.082622
180 0.082413 0.0002891 0.9922 0.56949 0.082413
181 0.082288 0.00093293 1.6033 1.4637 0.082288
182 0.082395 0.00049876 1.2106 0.86458 0.082395
183 0.082794 0.00028739 0.98179 0.62347 0.082794
184 0.081564 0.0009232 1.6007 1.4223 0.081564
185 0.08263 0.00051073 1.2362 0.89475 0.08263
186 0.082171 0.00028891 0.99449 0.57523 0.08217
187 0.081461 0.00092824 1.6115 1.7855 0.081461
188 0.082692 0.00050423 1.2195 0.92401 0.082692
189 0.082213 0.0002903 0.99874 0.5417 0.082213
190 0.083109 0.00094738 1.6121 1.8642 0.083109
191 0.083521 0.00050018 1.1977 0.87893 0.083521
192 0.082981 0.00028529 0.97241 0.54385 0.082981
193 0.082199 0.0009451 1.626 1.5228 0.082199
194 0.08209 0.0004966 1.2099 0.8233 0.08209
195 0.082069 0.00028859 0.99461 0.56758 0.082069
196 0.08214 0.00095398 1.6425 1.6151 0.08214
197 0.083128 0.00051242 1.2328 0.8299 0.083128
198 0.082826 0.0002924 0.99851 0.55471 0.082826
199 0.083382 0.00091001 1.5434 1.3315 0.083382
200 0.08247 0.00048786 1.1831 0.83115 0.08247
201 0.082454 0.00028496 0.97752 0.51306 0.082453
202 0.084013 0.00092278 1.5533 1.6203 0.084013
203 0.082226 0.00048368 1.1765 0.84738 0.082226
204 0.082385 0.00028102 0.96479 0.59033 0.082385
205 0.082186 0.00092536 1.5923 1.3075 0.082186
206 0.082459 0.0005 1.2127 0.93564 0.082459
207 0.082451 0.00028772 0.98699 0.55698 0.082451
208 0.082812 0.00091556 1.5635 1.5129 0.082812
209 0.083169 0.00049856 1.1989 0.88479 0.083169
210 0.082551 0.00028719 0.98399 1.4009 0.082551
211 0.081893 0.00091161 1.5743 1.4763 0.081893
212 0.082723 0.00050122 1.2118 0.80831 0.082723
213 0.082771 0.00028901 0.98759 0.65169 0.082771
214 0.082555 0.00091615 1.5694 1.4484 0.082555
215 0.082039 0.0004943 1.205 0.92875 0.082039
216 0.082351 0.0002881 0.9895 0.59725 0.082351
217 0.082648 0.00093112 1.5933 1.3766 0.082648
218 0.081805 0.00048639 1.1892 0.79099 0.081805
219 0.082562 0.00028637 0.98105 0.52557 0.082562
220 0.082233 0.00092782 1.5956 1.7473 0.082233
221 0.082969 0.00051005 1.2295 0.82968 0.082969
222 0.081927 0.0002879 0.99396 0.55006 0.081927
223 0.082657 0.00092496 1.5826 1.3941 0.082657
224 0.082188 0.00049451 1.2034 0.90106 0.082188
225 0.082579 0.00028799 0.9864 0.54814 0.082579
226 0.082613 0.00091719 1.5701 1.6125 0.082613
227 0.082694 0.00049606 1.1997 0.96475 0.082694
228 0.082375 0.00028462 0.97728 0.56228 0.082375
229 0.08166 0.00093258 1.6151 1.4451 0.08166
230 0.081849 0.00050467 1.2332 0.90993 0.081849
231 0.08293 0.00029606 1.0097 0.65368 0.08293
232 0.082179 0.00088656 1.5257 1.5674 0.082179
233 0.081923 0.00048119 1.1747 0.7783 0.081923
234 0.082652 0.00028131 0.96266 0.59498 0.082652
235 0.082268 0.00091334 1.5701 1.4935 0.082268
236 0.082292 0.00048643 1.1822 0.86933 0.082292
237 0.082403 0.00028169 0.96686 0.54943 0.082403
238 0.084001 0.00093029 1.5662 1.4723 0.084001
239 0.082631 0.00048973 1.1854 0.97746 0.082631
240 0.082568 0.00028383 0.97228 0.86391 0.082568
241 0.082035 0.00090932 1.5676 1.6665 0.082035
242 0.081723 0.00048003 1.1748 1.0177 0.081723
243 0.082191 0.00027774 0.9558 0.53516 0.082191
244 0.081947 0.00089479 1.5442 1.2872 0.081947
245 0.083395 0.00049087 1.1772 0.89802 0.083395
246 0.082443 0.00028216 0.96804 0.54699 0.082443
247 0.082091 0.00097328 1.6767 2.3141 0.082091
248 0.082776 0.00051503 1.2444 0.89848 0.082776
249 0.082611 0.00029208 1.0 0.56303 0.082611
250 0.082308 0.00094185 1.6183 1.9059 0.082308
251 0.082386 0.00050426 1.2241 0.88952 0.082386
252 0.082338 0.00028736 0.98712 0.60416 0.082338
253 0.081106 0.00088008 1.5346 1.2137 0.081106
254 0.082343 0.00048882 1.1873 0.86891 0.082343
255 0.082711 0.00028245 0.96589 0.56531 0.082711
256 0.081432 0.00092584 1.6079 1.6655 0.081432
257 0.082158 0.00049578 1.2069 0.83424 0.082158
258 0.082421 0.00028627 0.98239 0.5382 0.082421
259 0.08352 0.00091461 1.5487 1.4265 0.08352
260 0.082405 0.00048633 1.1803 0.80949 0.082405
261 0.082197 0.00027861 0.95869 0.63462 0.082197
262 0.08267 0.00095653 1.6363 1.6184 0.08267
263 0.08234 0.00050556 1.228 0.94893 0.08234
264 0.083144 0.00029016 0.98706 0.5709 0.083144
265 0.081545 0.00090712 1.5732 1.4598 0.081545
266 0.082096 0.00049322 1.2016 0.91646 0.082096
267 0.082944 0.00028834 0.98326 0.61591 0.082944
268 0.080936 0.00093967 1.6419 1.381 0.080935
269 0.08374 0.00052307 1.2493 0.96903 0.08374
270 0.082525 0.00029112 0.99778 0.71707 0.082525
271 0.081416 0.00091814 1.5948 1.556 0.081416
272 0.081934 0.00049307 1.2036 0.78623 0.081934
273 0.082472 0.00028714 0.98476 0.6249 0.082472
274 0.08284 0.00095382 1.6283 1.7329 0.08284
275 0.082095 0.00050184 1.2226 0.92385 0.082095
276 0.083172 0.00029179 0.9923 0.54177 0.083172
277 0.082067 0.00093745 1.6155 1.7347 0.082067
278 0.081817 0.00049945 1.2209 0.83795 0.081817
279 0.082162 0.00029096 1.0016 0.5978 0.082162
280 0.082957 0.00090949 1.5504 1.2915 0.082957
281 0.082614 0.0004915 1.1899 0.806 0.082614
282 0.082871 0.00028496 0.97259 0.99314 0.082871
283 0.082099 0.00090227 1.5542 1.3234 0.082099
284 0.082614 0.00049036 1.1871 0.76559 0.082614
285 0.08252 0.0002824 0.96795 0.71931 0.08252
286 0.082098 0.00093661 1.6134 1.7082 0.082098
287 0.083081 0.00049936 1.2021 0.84801 0.083081
288 0.082605 0.00028821 0.98686 0.6027 0.082604
289 0.082081 0.00092259 1.5896 1.9697 0.082081
290 0.08349 0.00051023 1.2223 0.81804 0.08349
291 0.08215 0.00029031 0.99954 0.65355 0.08215
292 0.082083 0.00090399 1.5575 1.4953 0.082083
293 0.082212 0.0004964 1.2076 0.78547 0.082212
294 0.082167 0.00028441 0.97902 0.60154 0.082167
295 0.08191 0.00091908 1.5868 1.5609 0.08191
296 0.083368 0.00049693 1.1921 1.1333 0.083368
297 0.082741 0.000285 0.97424 0.5455 0.082741
298 0.082198 0.00090847 1.563 1.474 0.082198
299 0.082228 0.00049655 1.2077 0.871 0.082228
300 0.082841 0.00028886 0.98624 0.60094 0.082841
301 0.083879 0.00096794 1.632 1.5902 0.083879
302 0.081601 0.00049988 1.2252 0.85899 0.081601
303 0.082294 0.0002892 0.99397 0.58307 0.082294
304 0.083135 0.00096123 1.6351 1.8668 0.083135
305 0.08231 0.00051363 1.248 0.9774 0.08231
306 0.082834 0.00029308 1.0007 0.5529 0.082834
307 0.081978 0.00089259 1.5398 1.4223 0.081978
308 0.082613 0.00049065 1.1878 0.80401 0.082613
309 0.083157 0.00028697 0.97607 0.55994 0.083157
310 0.082488 0.00091172 1.5631 1.6361 0.082488
311 0.082716 0.00049445 1.1955 0.93513 0.082716
312 0.082675 0.0002848 0.97433 0.58789 0.082675
313 0.082398 0.00089551 1.537 1.4711 0.082398
314 0.082076 0.00048303 1.177 0.94085 0.082076
315 0.082223 0.00028059 0.9652 0.59128 0.082223
316 0.081278 0.00090524 1.5751 1.6326 0.081278
317 0.081341 0.00049291 1.212 0.78931 0.081341
318 0.082774 0.0002867 0.97967 0.59129 0.082774
319 0.080577 0.00090744 1.5926 1.591 0.080577
320 0.0822 0.00050072 1.2183 1.018 0.0822
321 0.082459 0.0002916 1.0002 0.55807 0.082459
322 0.083659 0.00094945 1.605 1.5523 0.083659
323 0.082728 0.00048887 1.1819 0.81121 0.082728
324 0.082385 0.00028243 0.96964 0.5651 0.082385
325 0.08408 0.00094274 1.5857 1.9432 0.08408
326 0.083132 0.00048373 1.1638 1.0009 0.083132
327 0.082285 0.00027773 0.95466 0.61299 0.082285
328 0.082194 0.00090827 1.5627 1.3233 0.082194
329 0.081739 0.00049373 1.2081 0.98471 0.081739
330 0.081891 0.00028587 0.98735 0.64372 0.081891
331 0.083626 0.00090076 1.5233 1.5524 0.083626
332 0.082541 0.00048478 1.1746 0.79879 0.082541
333 0.08255 0.00028383 0.9725 0.54224 0.08255
334 0.083522 0.00092382 1.5642 1.3704 0.083522
335 0.082505 0.00049398 1.1975 0.80707 0.082505
336 0.082144 0.00028442 0.97933 0.59423 0.082144
337 0.081919 0.00093371 1.6119 1.7216 0.081919
338 0.082452 0.00050646 1.2285 1.1132 0.082452
339 0.082527 0.00029248 1.0024 0.62972 0.082527
340 0.082343 0.00094135 1.6167 1.7453 0.082343
341 0.08235 0.00049829 1.2102 0.91164 0.08235
342 0.082987 0.00028742 0.97962 0.59828 0.082987
343 0.083323 0.00091979 1.5611 1.3172 0.083323
344 0.082968 0.00050479 1.2168 0.87753 0.082968
345 0.082481 0.0002867 0.98316 0.52132 0.082481
346 0.082816 0.0009314 1.5905 1.3168 0.082816
347 0.082737 0.00050712 1.2259 0.98808 0.082737
348 0.08284 0.00029192 0.99671 0.65043 0.08284
349 0.08282 0.00094322 1.6106 1.9327 0.08282
350 0.082573 0.00049792 1.206 0.91907 0.082573
351 0.082382 0.00028644 0.98343 0.63125 0.082382
352 0.083469 0.00091767 1.5548 1.5027 0.083469
353 0.082968 0.00049407 1.191 1.1417 0.082968
354 0.082733 0.00028408 0.97118 0.65769 0.082733
355 0.082651 0.00092992 1.5912 1.3663 0.082651
356 0.083275 0.00050401 1.2105 0.92715 0.083275
357 0.082116 0.00028293 0.97455 0.84876 0.082116
358 0.082277 0.00093679 1.6102 1.4948 0.082277
359 0.082395 0.00050596 1.2281 1.2768 0.082395
360 0.082823 0.00029252 0.99896 0.64726 0.082823
361 0.08167 0.00093787 1.624 1.6002 0.08167
362 0.081941 0.00050867 1.2416 1.0035 0.081941
363 0.082799 0.00029389 1.0039 0.55253 0.082799
364 0.082799 0.00094663 1.6168 1.5654 0.082799
365 0.082666 0.00050101 1.2121 0.93077 0.082666
366 0.082493 0.00028763 0.9862 0.55492 0.082493
367 0.08229 0.00091107 1.5658 1.656 0.08229
368 0.082172 0.00048457 1.1794 0.78848 0.082172
369 0.082262 0.0002814 0.96755 0.56291 0.082262
370 0.082149 0.00093652 1.6123 1.8266 0.082149
371 0.083031 0.00050402 1.2141 0.89321 0.083031
372 0.081994 0.00028604 0.98671 0.61109 0.081994
373 0.081341 0.0009393 1.6331 1.693 0.081341
374 0.081943 0.00050875 1.2417 0.8629 0.081943
375 0.082661 0.00029492 1.0091 0.66058 0.08266
376 0.082393 0.00089061 1.5287 1.7135 0.082393
377 0.081622 0.00047567 1.1655 0.78337 0.081622
378 0.082467 0.00028067 0.96262 0.63275 0.082467
379 0.084216 0.00093748 1.5743 1.5593 0.084216
380 0.083087 0.00048527 1.1681 0.90312 0.083087
381 0.082795 0.0002813 0.96097 0.62787 0.082795
382 0.081702 0.00089281 1.5454 1.4229 0.081702
383 0.082612 0.00049666 1.2024 0.91892 0.082612
384 0.082503 0.00028545 0.97859 0.56856 0.082503
385 0.081404 0.00096399 1.6747 1.835 0.081404
386 0.083509 0.00052045 1.2464 0.86657 0.083509
387 0.082523 0.00029485 1.0106 0.65982 0.082523
388 0.082219 0.00091496 1.5738 1.6344 0.082219
389 0.082876 0.00049494 1.1944 0.87615 0.082876
390 0.082528 0.00028477 0.97598 0.5502 0.082528
<lo_statistics>
<cumulated_time> 1148.6445250000002 </cumulated_time>
</lo_statistics>