  0.00951993773510866  0.01586374557115757  0.02422290799958736  0.03423586480041656
  0.04498914312749452  0.05640766319971954  0.06772025885021883  0.07842238984425673
  0.08784284178362486  0.09642562198430296  0.10551891554756666  0.11614524750325854
  0.12871403322166364  0.14133043482901503  0.15263233241110755  0.16258226236288262
  0.17098214914680640  0.17787150571294494  0.18710894541456097  0.19653741776795050
  0.20529915336796914  0.21360308586212609  0.22189230931835124  0.23052692479727435
  0.24011900271792280  0.25052352674282002  0.26222739196236294  0.27414425504655843
  0.28511322300958991  0.29555729231178957  0.30618760054298777  0.31809237290497300
  0.33052039427725172  0.34210443746068181  0.35256429796170219  0.36254905240478513
  0.37285017006323629  0.38378318062143935  0.39505215814472405  0.40651626449325684
  0.41852084600751760  0.43041901127649268  0.44223216065830318  0.45227899343840555
  0.46168118718012691  0.47078310642380228  0.48123351502147560  0.49298952437027593
  0.50579637253923304  0.51579478745150897  0.52685267122307444  0.53808378609700946
  0.54930527156172393  0.56037161384022560  0.57022544360828009  0.57921994593258486
  0.58871520384369536  0.59925807940904929  0.60992215514560377  0.61907040275735037
  0.62822374816508719  0.63747264606678899  0.64729079686267188  0.65686936044161581
  0.66743163152339269  0.68007638909953927  0.69361695538789891  0.70669216100281140
  0.71885484682366163  0.73052630240755712  0.74198150891610337  0.75240079293037188
  0.76223848016146412  0.77223994082127911  0.78258162495642036  0.79302502050893386
  0.80355542813110925  0.81476630762060709  0.82687343496711685  0.83944295280114745
  0.85122290647146348  0.86075480073639743  0.86946034215877088  0.87889345242720995
  0.88872001967088365  0.89826996427259065  0.90726324324208563  0.91576902698941431
  0.92691746165565980  0.93743043120707370  0.94897586522291522  0.96064996372817635
  0.97188967841861595  0.98153652587024420  0.99116041284520462  1.00000000000000000
 -0.00000368221488048  0.00001109426066878  0.00002693494960848  0.00004150799052968
  0.00005428548122012  0.00006581468719456  0.00007629625250435  0.00008534435711783
  0.00009333473482680  0.00010103862444866  0.00010898227818398  0.00011771498998519
  0.00012714426902104  0.00013709934718558  0.00014719044599689  0.00015750407443844
  0.00016847278166337  0.00018045260510116  0.00019313074797556  0.00020551218950742
  0.00021731319153717  0.00022817759928136  0.00023961344891379  0.00025114076848434
  0.00026237950185371  0.00027347905487999  0.00028521262230985  0.00029914182646572
  0.00031559418730784  0.00033154702351748  0.00034546327349740  0.00035940886283578
  0.00037339958274822  0.00038899539569635  0.00040432140235805  0.00042078654358815
  0.00043598282879255  0.00045447615049445  0.00047608305069233  0.00049763255123681
  0.00051814328439950  0.00053839676763283  0.00055984608750332  0.00058309888480759
  0.00060699136855671  0.00063402938107057  0.00066071783897183  0.00069002608918792
  0.00072138454502095  0.00075473527223022  0.00079120601611284  0.00083177653006728
  0.00087261378719559  0.00091684381050219  0.00096056073604791  0.00100503798190245
  0.00105198760408956  0.00110299280221786  0.00116073041120547  0.00122190314233253
  0.00128699747256999  0.00135385577071134  0.00142021695309152  0.00149018980994110
  0.00156032370032881  0.00163389578439884  0.00171196060926396  0.00179829009404683
  0.00189683430715370  0.00200736239245644  0.00212520749102956  0.00225818749213860
  0.00241003155942751  0.00258634172604414  0.00279602894774807  0.00301288410852873
  0.00325802825434930  0.00352368227756248  0.00382816709014781  0.00418430596184364
  0.00449800998103272  0.00483295395332531  0.00523391536901379  0.00565297823237238
  0.00628782299099257  0.00696690965142563  0.00771074478732805  0.00852691499878311
  0.00955182232655349  0.01108112767660600  0.01292966766613510  0.01607525466102204
  0.02264220372132847  0.03187972332138549  0.16748865164657595  1.00000000000000000
  0.00000248762045870  0.00000991027010301  0.00001843014470036  0.00002936879092617
  0.00004762296452499  0.00007103742185208  0.00010158396024388  0.00013651291241214
  0.00017442408998403  0.00021774285803878  0.00027033967928229  0.00032310778598446
  0.00038167621367418  0.00043789808318514  0.00049916302336934  0.00055978489822331
  0.00061971869710483  0.00069065140870314  0.00076429503024646  0.00084211724368299
  0.00092524116032153  0.00101351083860367  0.00110831409175574  0.00121031328701286
  0.00131817880515888  0.00143288913326458  0.00154799835679574  0.00166266579530084
  0.00178258226897309  0.00189817433583615  0.00201322697487715  0.00213178348134794
  0.00225360992438446  0.00237155279410075  0.00249498107895131  0.00262941386526921
  0.00277328443098114  0.00293543269025766  0.00311485479718103  0.00331331103995476
  0.00351945742399448  0.00373741889742820  0.00395631481109666  0.00416554567757453
  0.00437400391129902  0.00458125803579031  0.00480948890338282  0.00506527780325534
  0.00533967255844920  0.00560207915685185  0.00583881921370407  0.00606730744664596
  0.00631675038755683  0.00657399638013306  0.00683648600241607  0.00711628136627454
  0.00745079825711930  0.00779699805064780  0.00811841733814846  0.00842054477051885
  0.00878527468290612  0.00918939820366618  0.00960780336655040  0.01006340962582338
  0.01056071758931916  0.01111338650881225  0.01158207702532537  0.01198561763658571
  0.01235234506171543  0.01275273741983798  0.01317824511808680  0.01361596318180596
  0.01403063302617990  0.01444555720877972  0.01487170621395377  0.01535888859967659
  0.01589213862191381  0.01645822580430764  0.01707675426621570  0.01769857662866137
  0.01849837182261127  0.01962080182354158  0.02085897985418149  0.02202109781803443
  0.02311113860118415  0.02430774109203368  0.02546096175965104  0.02662773673742065
  0.02827056468893103  0.03052948871249242  0.03386594708016373  0.03782263015606290
  0.04301753836324518  0.04876346898723617  0.04978801520165037  1.00000000000000000
 -0.00180467790408934  0.00765329322082687  0.01530349323341092  0.02312816460342471
  0.03121556521679474  0.04049569150581569  0.05316727808472627  0.06660207899467130
  0.07790273477462903  0.08924812762703978  0.10128064399724113  0.11319772388803459
  0.12464230387986876  0.13667215750876990  0.14957371411123169  0.16210344796721501
  0.17340932288720864  0.18384136605396473  0.19439933954826646  0.20583019953926526
  0.21810672174770257  0.23016406008099707  0.24145476100531310  0.25278954558591993
  0.26476516815723156  0.27804091108678297  0.29082611199542729  0.30196432491176478
  0.31201265438594716  0.32219486336192021  0.33342695871851824  0.34583259194069449
  0.35726757580933632  0.36769237132412663  0.37788166471420087  0.38730863184683417
  0.39730369316714453  0.40799856664454764  0.41829208061943079  0.42797784338694222
  0.43821394940181524  0.44825679675316055  0.45985451643966513  0.47144522352199120
  0.48404723494565483  0.49661986002490399  0.50728494772867139  0.51691344566279174
  0.52561474268697972  0.53374480950368119  0.54309211475621355  0.55241623499183590
  0.56081824680349512  0.56961929847436199  0.57893333719645867  0.58785261548134593
  0.59624488125141195  0.60489511936812224  0.61447573986447301  0.62489604860517001
  0.63442546328402905  0.64303090307097577  0.65185259196795742  0.66116017062774857
  0.67181155239926216  0.68249470709019622  0.69273746013647608  0.70254050448434979
  0.71388451452078694  0.72397169333421629  0.73378910678736908  0.74286835300633036
  0.75341225160589476  0.76652480303258053  0.77771602213894808  0.78688095468516484
  0.79628556823647767  0.80605131370979621  0.81700549986525683  0.82860935032219885
  0.84163771179373825  0.85509715156241994  0.86749395683394293  0.87813101576502872
  0.88816143064966735  0.89899774743670624  0.91056938615079008  0.92259046710655979
  0.93389909142984007  0.94418915176464302  0.95394495021025849  0.96335736003826644
  0.97255486347891784  0.98144581424863042  0.99050618236218935  1.00000000000000000
 -0.00195203490919771  0.01072466317553073  0.02127942174234059  0.03094876232624123
  0.04108419629802323  0.05145835404512527  0.06180278657336225  0.07168886687859195
  0.08155633312968320  0.09348262769521808  0.10668374436404734  0.11862235996228991
  0.12976117445108126  0.14126148087577386  0.15275929244022166  0.16348057450938713
  0.17379069409006831  0.18412124471400923  0.19466864537865450  0.20580564966062279
  0.21692936770997051  0.22757286761509229  0.23770762958943573  0.24763041978858735
  0.25820182859286112  0.27022679526115334  0.28042402818258272  0.29043090141334943
  0.30096334061534941  0.31123392074934308  0.32187280806371865  0.33208863954438267
  0.34125477843870411  0.34979564827184617  0.35822959759471057  0.36731199768346023
  0.37760589379247156  0.38815279816222920  0.39872666300477427  0.40886100018925681
  0.41839452727435933  0.42791046238902958  0.43769591235512134  0.44840941038450188
  0.45926778501770998  0.47087169466951767  0.48227372760961518  0.49355345076078927
  0.50470075602465259  0.51610867327461885  0.52728046427956399  0.53823658111177197
  0.54916840260043687  0.55990123128055025  0.56973650905783291  0.57849432570196324
  0.58744845536237889  0.59624629032374998  0.60640798246284133  0.61680628832477014
  0.62736020560342509  0.64115831044003313  0.65357274623902128  0.66378331419450165
  0.67272742290910370  0.68141551982011861  0.69087682151330854  0.70169839146103341
  0.71254217170853595  0.72398093560085464  0.73710870353318880  0.75178029934103907
  0.76563702020692725  0.77840468433624610  0.79059596061785598  0.80222433727052656
  0.81358203174405663  0.82461529697584068  0.83553600394256033  0.84647249052466300
  0.85685622226876557  0.86598269404787709  0.87431979837706297  0.88220770553116712
  0.89013323695137714  0.89868781130618247  0.90761849881083290  0.91686847554417095
  0.92652525336481351  0.93668009882748660  0.94722502900407957  0.95792814927223757
  0.96832207753367039  0.97776860062563475  0.98897809311091345  1.00000000000000000
 -0.00245476561122051  0.00929068748355076  0.01969135261316426  0.02960294532726472
  0.03950234136798831  0.04993649569328448  0.06053855901871309  0.07139292759542587
  0.08193301464417778  0.09217179420072946  0.10209148150385401  0.11199456893372206
  0.12299292585167727  0.13360567755550476  0.14389721496478577  0.15429202832825747
  0.16435401508480882  0.17434792076573510  0.18538681397426793  0.19688189324152028
  0.20730400871353960  0.21700848962961564  0.22609505952050335  0.23651257504113726
  0.24706866599631605  0.25762152644547465  0.26866939876928447  0.28073232718402708
  0.29265980061449515  0.30396664015571639  0.31616705280309249  0.32922736453743429
  0.34223618152641916  0.35504573849735144  0.36739368831644159  0.37906796247258512
  0.39087700915429119  0.40355826013763696  0.41658556618818898  0.42970984298133397
  0.44302677152884617  0.45945494504685480  0.47265078526915483  0.48576038549434858
  0.49809594100776006  0.50926432995684512  0.51925397272874030  0.52882120509683506
  0.53805891826610919  0.54800995451008117  0.55770526881205718  0.56748995355646692
  0.57683018375692308  0.58654754622688166  0.59657573511479967  0.60583435187762613
  0.61450845616216576  0.62357018975275913  0.63235829994612225  0.64124945692837321
  0.65099199793066276  0.66064590167787851  0.67037715526825736  0.67953778219200667
  0.68884547006895680  0.69918638011101508  0.71056700385744220  0.72162484110927116
  0.73097183579158442  0.73888316741664872  0.74740305596365364  0.75643458984859668
  0.76487232971047514  0.77314814514989427  0.78179006427229092  0.79105175675426354
  0.80149124302215435  0.81235177986722162  0.82304305801141642  0.83371754649167684
  0.84472832898615791  0.85631293499873096  0.86823461701535964  0.87986727932309128
  0.89143864229822734  0.90308662013096030  0.91557274775343811  0.92765216990801291
  0.93795142129922093  0.94710649950281611  0.95575756676835699  0.96426949622283320
  0.97316339300081078  0.98207902477850961  0.99104083968765089  1.00000000000000000
  0.00087360351392140  0.00196201191400900  0.00283605389064514  0.00354457321650218
  0.00419203708951922  0.00479642458394620  0.00537413341175772  0.00593853393035057
  0.00650321099179757  0.00708615623312386  0.00768369394123636  0.00828591193623316
  0.00887872533431617  0.00949162905469092  0.01007328537104167  0.01064411389667410
  0.01121927523209479  0.01181058628633734  0.01240165079228746  0.01303437941146740
  0.01365700776015841  0.01429968331091667  0.01498010765175870  0.01566628517123290
  0.01633876225695376  0.01701889906042713  0.01770800649803443  0.01842037415275087
  0.01912606846943228  0.01983528722348215  0.02046961025259716  0.02109318528521221
  0.02172478874726207  0.02238974124584978  0.02307029365297733  0.02390178124061606
  0.02470865777834484  0.02553674826636353  0.02630446497994233  0.02702235562948350
  0.02782842139668435  0.02871991662139036  0.02971309617591509  0.03073111562557928
  0.03165923763438418  0.03251525692163074  0.03328613857587975  0.03400749312324133
  0.03476694590530367  0.03560808177208839  0.03642557191990305  0.03749038145594786
  0.03859420180287401  0.03969488404888442  0.04054326685827126  0.04138574779182302
  0.04222135619909553  0.04320256036223839  0.04430351789809100  0.04560152259495396
  0.04644187857735173  0.04700924605588421  0.04760409327064925  0.04822582533430976
  0.04880575074508776  0.04942964348147257  0.05046245406340134  0.05202932107750886
  0.05355120149047090  0.05496000359410946  0.05671295242149227  0.05887270337256321
  0.06046408791158907  0.06188463263052740  0.06327334677701670  0.06475786141381942
  0.06633628058669373  0.06815424030433891  0.07075524766530733  0.07400030302515716
  0.07629278537992704  0.07823849377273533  0.08016810653157072  0.08248497564505446
  0.08757433667487816  0.09287726733229072  0.09914883278666374  0.10722665269119694
  0.11505558163428355  0.12064891702018025  0.12596793340264689  0.13158959127227571
  0.14520903560153509  0.25175617709781484  0.34293129258165372  1.00000000000000000
 -0.00236852711094486  0.00839337883444088  0.01874532001215155  0.02994783073357645
  0.04019906321503372  0.04969405926562698  0.05819984239518373  0.06667333388434780
  0.07566699214599062  0.08537894906721191  0.09642286537097280  0.10597005678781282
  0.11372112943846215  0.12088996885047462  0.12838898939328186  0.13624211534177083
  0.14435458198218890  0.15267373630658965  0.16061559410706661  0.16986059885796737
  0.18047298249412397  0.19054713709121215  0.19988219489337530  0.20857815925717804
  0.21719143839173530  0.22667151393685470  0.23673517270593025  0.24789889362900888
  0.25915852063952677  0.27115861084771387  0.28267083575524704  0.29423104487842416
  0.30404984441637783  0.31393819483953750  0.32442081725399829  0.33578449551596806
  0.34786092787501077  0.36182440814112521  0.37640870315101449  0.39034243963315657
  0.40245229538837368  0.41347389084451164  0.42525023965284015  0.43713221481936770
  0.44831891771080834  0.45941311224835207  0.47227329280743680  0.48585503998997148
  0.49907285104775634  0.51171002648983621  0.52532933798739945  0.54003164252921243
  0.55511850869642410  0.56972373147266064  0.58357127978775503  0.59526445220332602
  0.60712241080710994  0.62037243948019438  0.63321997346986791  0.64457200097106471
  0.65570327960388219  0.66681499398282174  0.67741696973132326  0.68845289164349499
  0.69973020574553679  0.71065582324951138  0.72139221995314473  0.73156866999229742
  0.74095781208401246  0.74961163190718283  0.75843909593414349  0.76779270078921757
  0.77828008812491567  0.78958091793855212  0.80076608346897449  0.81140660982676704
  0.82065762342666682  0.82854776190564972  0.83527340410998441  0.84146313616700208
  0.84796061874394058  0.85594560048321588  0.86497864171297145  0.87304467419648901
  0.88212834330318501  0.89109275455533588  0.89985615624139981  0.90833559282072651
  0.91768249232647070  0.92878428603068874  0.93995096962514879  0.94958212047797574
  0.95979988291685425  0.97220074957660174  0.98631935142572646  1.00000000000000000
  0.00762852776779272  0.20570173914191348  0.30281285952037063  0.37450185885886389
  0.43079138360033753  0.47475603436507224  0.51133993266133748  0.54232706183748769
  0.57035279413057527  0.59598936239305678  0.62044888579920121  0.64043622161081470
  0.65874344936592444  0.67584596554400034  0.69186371983980643  0.70649386925165503
  0.72078674259570530  0.73509292825521355  0.74712126713846894  0.75809449844397059
  0.76881030051369659  0.77917228204867506  0.78891028715455169  0.79774166854048500
  0.80591733190749149  0.81376248475962976  0.82166027148491427  0.82944224090248031
  0.83699086785526899  0.84421926547245785  0.85122618354729951  0.85779154701350524
  0.86397785191572130  0.87004159566954764  0.87575049632636381  0.88097390868470549
  0.88614237167241972  0.89131061636004272  0.89603926872172857  0.90022446477696683
  0.90408241032361725  0.90792219589883905  0.91177228375640240  0.91557561106589125
  0.91908292200774400  0.92217666996784431  0.92530048907279250  0.92828845084493894
  0.93113550262745703  0.93387747427905365  0.93647410104564410  0.93865841285904739
  0.94071082553441465  0.94270960095021028  0.94468660198674970  0.94671593592211678
  0.94870873655185572  0.95065365747605879  0.95247747416134998  0.95433115578227679
  0.95606458927270066  0.95779131159117437  0.95942150919394975  0.96092524873331708
  0.96234667686792830  0.96377555734539377  0.96527700867436639  0.96678311014224083
  0.96824090907413241  0.96963834384078584  0.97099556257461817  0.97235302367858800
  0.97366030941126103  0.97497469941750170  0.97627306312081796  0.97752241937937201
  0.97873449011088642  0.97990250240736776  0.98106055347501009  0.98226540097847737
  0.98331489156609420  0.98435435930387938  0.98536082504730582  0.98629843240447057
  0.98717759264182492  0.98801313776126787  0.98883336684317502  0.98964591061409679
  0.99045705057192457  0.99134245857698111  0.99229075851677284  0.99330732427926161
  0.99445754338052006  0.99579706014639702  0.99761726757869973  1.00000000000000000
   1.8425155202022669E-014  -1.0000000000000000     
 F F F F F F F F F F F F F F F F F F F F F F F F F F F F F F F F F F F F F F F F F F F F F F F F F F F F F F F F F F F F F F F F
  <DiscreteSampler_grid>
  grouped_processes
  1 # 1 for a reference and 2 for a running grid.
  10 # Attribute 'min_bin_probing_points' of the grid.
  1 # Attribute 'grid_mode' of the grid. 1=='default',2=='initialization'
  0.0000000000000000 # Attribute 'small_contrib_threshold' of the grid.
  0.5000000000000000 # Attribute 'damping_power' of the grid.
 # binID   n_entries weight   weight_sqr   abs_weight
    10   10   7.161862010437827E-004   1.437190238289262E-006   7.161862010437827E-004
  </DiscreteSampler_grid>
