  0.02187728504324080  0.10107834029126692  0.11159776116877128  0.12059467031899516
  0.12959960007151683  0.13861222508393731  0.14762485009635781  0.15663747510877840
  0.16565010012119896  0.23705708280510174  0.31639647580052516  0.39573586879594858
  0.43116839344957736  0.45086683334331396  0.46035622465156956  0.46361390931626689
  0.46687159398096423  0.47012927864566156  0.47338696331035884  0.47664464797505618
  0.47990236609906906  0.48316019892869877  0.48641803175832843  0.48967586458795814
  0.49293369741758780  0.49619153024721752  0.49944936307684717  0.50270719590647683
  0.50596502873610649  0.50922286156573626  0.51248069439536592  0.51573852722499558
  0.51899636005462524  0.52120750102479285  0.52206541536842610  0.52292332971205924
  0.52378124405569249  0.52463915839932573  0.52549707274295887  0.52635498708659212
  0.52721290143022526  0.52807081577385850  0.52892873011749164  0.52978664446112489
  0.53064455880475803  0.53150247314839127  0.53236038749202441  0.53321830183565766
  0.53407621617929080  0.53493413052292405  0.53579204486655718  0.53664995921019043
  0.53750787355382357  0.53836578789745682  0.53922370224108995  0.54008161658472320
  0.54093953092835634  0.54176704509958085  0.54242553275645600  0.54308402041333104
  0.54374250807020619  0.54440099572708123  0.54505948338395638  0.54571797104083142
  0.54637645869770657  0.54703494635458161  0.54769343401145676  0.54835192166833180
  0.54901040932520695  0.54966889698208199  0.55032738463895714  0.55098587229583218
  0.55164435995270733  0.55230284760958237  0.55296133526645752  0.55361982292333256
  0.55427831058020771  0.55493679823708275  0.55559528589395790  0.55625377355083294
  0.55691226120770809  0.55757074886458313  0.55822923652145828  0.55888772417833332
  0.55954621183520847  0.56020469949208351  0.56086318714895866  0.56152167480583370
  0.56218016246270885  0.60330303502288907  0.68264242801831254  0.76198182101373602
  0.81784953029519358  0.81784953029520358  0.81784953029521357  1.00000000000000000
  0.00002453193847953  0.00002598345178974  0.00002912192344053  0.00004679001301141
  0.00006363797321149  0.00007714047096004  0.00011795603832350  0.00020355650708019
  0.00035166012051642  0.00060666732955448  0.00104543329568794  0.00180719139614778
  0.00311947631030538  0.00537742520301813  0.00928484822621481  0.01393918239980692
  0.01550070399948117  0.01652725016084573  0.01716072754356618  0.01727949577010478
  0.01739826399664338  0.01751703222318198  0.01763580044972058  0.01775456867625918
  0.01787333690279778  0.01799210512933638  0.01811087335587499  0.01822964158241358
  0.01834840980895219  0.01846717803549079  0.01858594626202939  0.01870471448856799
  0.01882348271510659  0.01894225094164519  0.01906101916818379  0.01917978739472239
  0.01929855562126099  0.01941732384779959  0.01955065106342321  0.01968552059940250
  0.01982039013538180  0.01995525967136109  0.02009012920734039  0.02022499874331968
  0.02035986827929898  0.02049473781527827  0.02062960735125757  0.02076447688723686
  0.02089934642321616  0.02103421595919546  0.02116908549517475  0.02130395503115405
  0.02143882456713334  0.02157369410311264  0.02170856363909193  0.02184343317507123
  0.02197830271105052  0.02212008727934659  0.02227337154379495  0.02242665580824331
  0.02257994007269166  0.02273322433714002  0.02288650860158838  0.02303979286603674
  0.02319307713048509  0.02334636139493345  0.02349964565938181  0.02365292992383016
  0.02380621418827852  0.02395949845272687  0.02411278271717523  0.02426606698162359
  0.02441935124607194  0.02457263551052030  0.02472591977496866  0.02487920403941701
  0.02503248830386537  0.02560092254243094  0.02623495402145796  0.02686898550048498
  0.02750301697951200  0.02813704845853902  0.02876415804554949  0.02938453223698267
  0.03000490642841585  0.03062528061984903  0.03124565481128222  0.03186602900271540
  0.03790398876077286  0.06544665771777018  0.07391117190475643  0.07391117190476644
  0.07391117190477645  0.07391117190478645  0.07391117190479646  1.00000000000000000
  0.00003036033595560  0.00009486239195117  0.00014161839796962  0.00023030888319392
  0.00024904559498813  0.00026333753544105  0.00027911456533973  0.00029523499610140
  0.00031277635321502  0.00033805700155060  0.00038235775275043  0.00049891673788518
  0.00050197240918851  0.00050502808049184  0.00050808375179517  0.00051113942309851
  0.00051419509440184  0.00051725076570517  0.00052030643700851  0.00052336210831184
  0.00052641777961517  0.00052947345091851  0.00053252912222184  0.00053558479352517
  0.00053864046482850  0.00054169613613184  0.00054475180743517  0.00054780747873850
  0.00055086315004184  0.00055391882134517  0.00055721313984738  0.00056061423093674
  0.00056401532202611  0.00056741641311548  0.00057081750420484  0.00057421859529421
  0.00057761968638358  0.00058102077747294  0.00058442186856231  0.00058782295965168
  0.00059122405074104  0.00059462514183041  0.00059802623291977  0.00060142732400914
  0.00060482841509851  0.00060822950618787  0.00061163059727724  0.00061503168836661
  0.00061852846397494  0.00062231402186055  0.00062609957974616  0.00062988513763177
  0.00063367069551738  0.00063745625340299  0.00064124181128861  0.00064502736917422
  0.00064881292705983  0.00065259848494544  0.00065638404283105  0.00066016960071666
  0.00066395515860227  0.00066774071648788  0.00067152627437349  0.00067531183225910
  0.00067909739014472  0.00068288294803033  0.00068666850591594  0.00101904909580310
  0.00165690280290395  0.00253142697185580  0.00281799939789548  0.00313701344069030
  0.00372330000954559  0.00605705201398656  0.00902186798049573  0.00922246381860846
  0.00942305965672120  0.00962365549483393  0.00982425133294667  0.01002382978011386
  0.01021621203170114  0.01040859428328841  0.01060097653487569  0.01079335878646297
  0.01098574103805024  0.01256519738146897  0.02044881227680135  0.02877086416509254
  0.02877086416510254  0.02877086416511253  0.02877086416512253  0.02877086416513253
  0.02877086416514253  0.02877086416515253  0.02877086416516253  1.00000000000000000
  0.02395712931950886  0.03908287003013769  0.04990629831151747  0.05984339666523100
  0.06980498016463449  0.07977549812790656  0.08974601609117870  0.09971653405445088
  0.12060168308190465  0.15028541274462601  0.20478692209870161  0.28985013732096115
  0.37491335254322050  0.41206028533834871  0.43357957296117738  0.45509886058400606
  0.53061105786329499  0.54255028193836941  0.54356589586871451  0.54458150979905962
  0.54559712372940461  0.54661273765974971  0.54762835159009482  0.54864396552043992
  0.54965957945078503  0.55067519338113013  0.55169080731147513  0.55270642124182023
  0.55372203517216534  0.55473764910251044  0.55575326303285555  0.55676887696320065
  0.55778449089354565  0.55880010482389075  0.55981571875423586  0.56083133268458096
  0.56184694661492607  0.56286256054527117  0.56387817447561617  0.56489378840596127
  0.56590940233630638  0.56692501626665148  0.56794063019699659  0.56895624412734169
  0.56997185805768669  0.57098747198803179  0.57200308591837690  0.57301869984872200
  0.57403431377906711  0.57504992770941221  0.57606554163975721  0.57708115557010231
  0.57809676950044742  0.57911238343079252  0.58012799736113763  0.58114361129148273
  0.58215922522182773  0.58317483915217283  0.58419045308251794  0.58520606701286304
  0.58622168094320815  0.58723729487355325  0.58825290880389836  0.58926852273424346
  0.59028413666458857  0.59129975059493367  0.59231536452527878  0.59333097845562388
  0.59434659238596887  0.59536220631631398  0.59637782024665908  0.59739343417700419
  0.59840904810734930  0.59942466203769440  0.60044027596803951  0.60145588989838461
  0.60247150382872972  0.60348711775907482  0.63231394833048971  0.71737716355274905
  0.80244037877500851  0.85561648697207071  0.85931587940404741  0.86301527183602411
  0.86671466426800081  0.87041405669997740  0.87411344913195410  0.87742368782035796
  0.88061127310602771  0.88379885839169747  0.88698644367736723  0.89017402896303699
  0.89336161424870686  0.91433002224486848  0.91600495974222818  1.00000000000000000
  0.04089784224828092  0.07162216104094017  0.13791029593692156  0.19725501919788652
  0.21956952780098041  0.24188403640407430  0.30606132720171242  0.31348089823480041
  0.31453913047109955  0.31559736270739869  0.31665559494369783  0.31771382717999697
  0.31877205941629616  0.31983029165259530  0.32088852388889444  0.32194675612519358
  0.32300498836149272  0.32406322059779191  0.32512145283409105  0.32617968507039019
  0.32723791730668933  0.32829614954298847  0.32935438177928761  0.33041261401558680
  0.33147084625188594  0.33252907848818508  0.33358731072448422  0.33464554296078342
  0.33570377519708255  0.33676200743338169  0.33782023966968089  0.33887847190598003
  0.33993670414227917  0.34099493637857836  0.34205316861487750  0.34311140085117670
  0.34416963308747583  0.34522786532377497  0.34628609756007417  0.34734432979637331
  0.34840256203267250  0.34946079426897164  0.35051902650527078  0.35157725874156998
  0.35263549097786911  0.35369372321416825  0.35475195545046745  0.35581018768676659
  0.35686841992306573  0.35792665215936487  0.35898488439566401  0.36004311663196320
  0.36110134886826234  0.36215958110456148  0.36321781334086062  0.36427604557715976
  0.36533427781345890  0.36639251004975809  0.36745074228605723  0.36850897452235637
  0.36956720675865551  0.37062543899495465  0.37168367123125384  0.37274190346755298
  0.37380013570385212  0.37485836794015126  0.45131427973000832  0.53942055875450801
  0.62511027223730364  0.62895526639927302  0.63280026056124250  0.63664525472321187
  0.64049024888518136  0.64433524304715073  0.64818023720912021  0.65202523137108970
  0.65587022553305918  0.65971521969502867  0.66356021385699815  0.66740520801896763
  0.67125020218093701  0.67509519634290649  0.67894019050487586  0.68278518466684535
  0.68663017882881472  0.75567472553402293  0.81940547630465466  0.83885548536547971
  0.85830549442630499  0.88748211033377078  0.94197292416953460  0.95231971781390468
  0.96086055076525401  0.96689505858112934  0.97150266567866006  1.00000000000000000
  0.06414973338445026  0.14758154484273056  0.18305531598094268  0.21100092169430279
  0.21477173554662099  0.21854254939893919  0.22231336325125739  0.22608417710357556
  0.22985499095589376  0.23362580480821191  0.23739661866053005  0.24116743251284820
  0.24493824636516637  0.24870906021748451  0.25247987406980266  0.25625068792212080
  0.26002150177443895  0.26379231562675709  0.26756312947907523  0.28230372476008997
  0.30071391491176536  0.31086074881527226  0.32100758271877916  0.33115441662228606
  0.34130125052579302  0.35144808442930003  0.41741802710927350  0.50381804119434603
  0.58341603542709009  0.58445390770739614  0.58549177998770208  0.58652965226800813
  0.58756752454831407  0.58860539682862012  0.58964326910892606  0.59068114138923211
  0.59171901366953805  0.59275688594984410  0.59379475823015004  0.59483263051045610
  0.59587050279076204  0.59690837507106809  0.59794624735137403  0.59898411963168008
  0.60002199191198602  0.60105986419229207  0.60209773647259801  0.60313560875290406
  0.60417348103321000  0.60521135331351594  0.60624922559382199  0.60728709787412793
  0.60832497015443399  0.60936284243473993  0.61040071471504587  0.61143858699535192
  0.61247645927565786  0.61351433155596391  0.61455220383626985  0.61559007611657579
  0.61662794839688184  0.61766582067718778  0.61870369295749383  0.61974156523779977
  0.62077943751810571  0.62181730979841177  0.62285518207871771  0.62389305435902365
  0.62493092663932970  0.62596879891963564  0.62700667119994169  0.62804454348024763
  0.62908241576055357  0.63012028804085962  0.63115816032116556  0.63219603260147161
  0.63323390488177755  0.63427177716208349  0.63530964944238955  0.63634752172269549
  0.63738539400300154  0.63842326628330748  0.63946113856361342  0.64049901084391947
  0.64153688312422541  0.64257475540453146  0.64361262768483740  0.64465049996514334
  0.64568837224544939  0.72016573536958672  0.80656574945465931  0.86273203989289160
  0.87744552080303950  0.88288987080256143  0.88288987080257142  1.00000000000000000
  0.00713828961941902  0.00927340656341143  0.01140852350740384  0.01354364045139626
  0.01567875739538867  0.01781387433938109  0.01994899128337350  0.02301273238527393
  0.02673304358253244  0.03045335477979096  0.03417366597704948  0.03789397717430799
  0.04161428837156651  0.07313644300980443  0.14565210219431085  0.21816776137881738
  0.29068342056332391  0.36319907974783039  0.43571473893233681  0.46473939390322888
  0.47404935445937324  0.48335931501551749  0.49266927557166174  0.50197923612780604
  0.51128919668395023  0.52059915724009442  0.59152498545958687  0.66404064464409340
  0.73655630382859982  0.75062166578624467  0.75138481131218549  0.75214795683812619
  0.75291110236406689  0.75367424789000759  0.75443739341594840  0.75520053894188910
  0.75596368446782980  0.75672682999377061  0.75748997551971131  0.75825312104565201
  0.75901626657159282  0.75977941209753352  0.76054255762347422  0.76130570314941493
  0.76206884867535574  0.76283199420129644  0.76359513972723714  0.76435828525317795
  0.76512143077911865  0.76588457630505935  0.76664772183100016  0.76741086735694086
  0.76817401288288156  0.76893715840882226  0.76970030393476307  0.77046344946070378
  0.77109040468850754  0.77158926556878127  0.77208812644905500  0.77258698732932873
  0.77308584820960236  0.77358470908987609  0.77408356997014982  0.77458243085042355
  0.77508129173069729  0.77558015261097102  0.77607901349124475  0.77657787437151848
  0.77707673525179222  0.77757559613206595  0.77807445701233968  0.77857331789261341
  0.77907217877288704  0.77957103965316077  0.78006990053343450  0.78056876141370823
  0.78106762229398197  0.78156648317425570  0.78206534405452943  0.78256420493480316
  0.78306306581507690  0.78356192669535063  0.78406078757562436  0.78455964845589798
  0.78505850933617172  0.78555737021644545  0.78605623109671918  0.78655509197699292
  0.78705395285726665  0.78755281373754038  0.78805167461781411  0.78855053549808785
  0.78861391941706338  0.78861391941707337  0.78861391941708336  1.00000000000000000
  0.02318465312321979  0.50058775041716552  0.50117550083433093  0.50176325125149646
  0.50235100166866187  0.50293875208582739  0.50352650250299280  0.50411425292015832
  0.50470200333732373  0.50528975375448926  0.50587750417165478  0.50646525458882019
  0.50705300500598571  0.50764075542315112  0.50822850584031665  0.50881625625748217
  0.50940400667464758  0.50999175709181310  0.51057950750897851  0.51116725792614404
  0.51175500834330945  0.51234275876047497  0.51293050917764049  0.51351825959480590
  0.51410601001197143  0.51469376042913684  0.51528151084630236  0.51586926126346777
  0.51645701168063329  0.51704476209779882  0.51763251251496423  0.51822026293212975
  0.51880801334929516  0.51939576376646068  0.51998351418362621  0.52057126460079162
  0.52125765496673127  0.52202341868270463  0.52278918239867800  0.52355494611465137
  0.52432070983062473  0.52508647354659810  0.52585223726257158  0.52661800097854494
  0.52738376469451831  0.52814952841049168  0.52891529212646504  0.52968105584243841
  0.53044681955841178  0.53121258327438514  0.53197834699035851  0.53274411070633187
  0.53350987442230524  0.53427563813827861  0.53504140185425197  0.53580716557022534
  0.53657292928619871  0.53733869300217219  0.53810445671814555  0.53887022043411892
  0.53963598415009228  0.54040174786606565  0.54116751158203902  0.56632649771327714
  0.63715542685265991  0.68086829791103587  0.70521347184246586  0.73030707587007859
  0.80113600500946136  0.87196493414884413  0.87778348683263485  0.88069158768522826
  0.88359968853782178  0.88650778939041519  0.88941589024300871  0.89232399109560212
  0.89523209194819553  0.89813997804311008  0.90104780816530217  0.90395563828749437
  0.90686346840968646  0.90977129853187866  0.91267912865407075  0.91558695877626295
  0.91848024913460857  0.92136495215810499  0.92424965518160140  0.92713435820509782
  0.93001906122859423  0.93290376425209076  0.93578846727558718  0.93977617426206006
  0.94537304862965910  0.95096992299725813  0.95327431360880532  1.00000000000000000
  0.22030955155690513  0.22729242300141134  0.24138534085850644  0.25964248634497467
  0.27955689091771024  0.32310132178617107  0.40331044560086426  0.48351956941555752
  0.52190525990771131  0.54947528551270286  0.60424048384799323  0.61335192763148427
  0.62246337141497532  0.63157481519846637  0.64068625898195730  0.64979770276544846
  0.65890914654893951  0.67858541780242720  0.75879454161712034  0.77363255423561772
  0.77692611389749033  0.78021967355936284  0.78351323322123545  0.78680679288310795
  0.79010035254498057  0.79339391220685318  0.79668747186872568  0.79998103153059819
  0.80327459119247080  0.80656815085434330  0.80986171051621580  0.81315527017808842
  0.81644882983996092  0.81974238950183342  0.82303594916370593  0.82632950882557854
  0.82962306848745104  0.83291662814932355  0.90339430101004004  0.93799853013878065
  0.93886585541404666  0.93973318068931266  0.94060050596457856  0.94146783123984457
  0.94233515651511046  0.94320248179037647  0.94406980706564247  0.94493713234090837
  0.94580445761617438  0.94667178289144038  0.94753910816670628  0.94840643344197229
  0.94927375871723829  0.95014108399250419  0.95100840926777019  0.95187573454303609
  0.95274305981830210  0.95361038509356810  0.95447771036883400  0.95534503564410000
  0.95621236091936601  0.95707968619463191  0.95794701146989791  0.95863357465733401
  0.95917495728078372  0.95971633990423344  0.96025772252768316  0.96079910515113287
  0.96134048777458259  0.96188187039803230  0.96242325302148202  0.96296463564493184
  0.96350601826838156  0.96404740089183127  0.96458878351528099  0.96513016613873071
  0.96567154876218042  0.96621293138563014  0.96675431400907996  0.96729569663252968
  0.96783707925597939  0.96837846187942911  0.96891984450287882  0.96946122712632854
  0.97000260974977826  0.97054399237322797  0.97108537499667780  0.97162675762012751
  0.97216814024357723  0.97270952286702694  0.97325090549047666  0.97379228811392637
  0.97433367073737609  0.97487505336082581  0.97527581850687661  1.00000000000000000
   1.3883312479194953E-009  -1.0000000000000000     
 F F F F F F F F F F F F F F F F F F F F F F F F F F F F F F F F F F F F F F F F F F F F F F F F F F F F F F F F F F F F F F F F
  <DiscreteSampler_grid>
  grouped_processes
  1 # 1 for a reference and 2 for a running grid.
  10 # Attribute 'min_bin_probing_points' of the grid.
  1 # Attribute 'grid_mode' of the grid. 1=='default',2=='initialization'
  0.0000000000000000 # Attribute 'small_contrib_threshold' of the grid.
  0.5000000000000000 # Attribute 'damping_power' of the grid.
 # binID   n_entries weight   weight_sqr   abs_weight
    10   10   6.850316287375911E+004   3.264990043959835E+010   6.850316287375911E+004
  </DiscreteSampler_grid>
