  0.00968457822604046  0.01547306346021458  0.02450088047865374  0.03448722018182581
  0.04544594454327976  0.05661299179690493  0.06824821299995795  0.08017024905399243
  0.09188806135027475  0.10300723234693479  0.11205485875602311  0.12048397387914059
  0.12898566676351780  0.13835414587008890  0.14702680248145392  0.15562666099200659
  0.16568525440076237  0.17847810579138790  0.19214180127122210  0.20407271139202207
  0.21497147214158471  0.22543711259698815  0.23429984104718352  0.24283117556422062
  0.25137376726433563  0.26078807540185200  0.27080405873236735  0.28081416063775949
  0.29065349621118974  0.30190333878439674  0.31278094394722000  0.32393786847530143
  0.33581126978941511  0.34867900184784073  0.36119750858932242  0.37220601164023370
  0.38308506111328589  0.39431104882782431  0.40597468234228590  0.41764590592311507
  0.42882169062097752  0.43962681763241007  0.44941028495747387  0.46062897580528689
  0.47289490454257516  0.48521136316136237  0.49677928633572033  0.50793490069314129
  0.51938760457194477  0.53133375031869035  0.54403909680947438  0.55648924203230887
  0.56814491856287475  0.57902618798250305  0.58969203189984087  0.60038479039171322
  0.61059729563077447  0.62148908380167045  0.63188945430122190  0.64266773599257954
  0.65381089873728782  0.66400945628726837  0.67468442187822897  0.68524274568496213
  0.69502749161742050  0.70494184968188578  0.71454491902346606  0.72288634469199142
  0.73114633613733815  0.74037969050633967  0.75025592227566118  0.76219833008359306
  0.77173504964910900  0.77993700165600177  0.78784064979768598  0.79541308822506629
  0.80256002202299859  0.80946514227801691  0.81683500248533247  0.82565556338211776
  0.83478644525255297  0.84400947143198368  0.85415468280550655  0.86682846219442988
  0.87920975357035624  0.89043827999734526  0.89991846947467058  0.90921820726071667
  0.91950866377943319  0.92977282751048773  0.93944237998848756  0.94856933375585673
  0.95840842720823938  0.96975111486273813  0.98097588803794611  1.00000000000000000
  0.00000250515687225  0.00000755356712240  0.00001542154227706  0.00002433731409671
  0.00003323889263909  0.00004296672187232  0.00005172563058927  0.00006021957062374
  0.00006949051311674  0.00007919484832482  0.00008921734533037  0.00009935873755686
  0.00010823787686326  0.00011695231802415  0.00012589356119481  0.00013548268445741
  0.00014671468010836  0.00015818137833797  0.00016946802342426  0.00018193971547201
  0.00019364280807364  0.00020658097991694  0.00021885156468009  0.00023078703330270
  0.00024316216858172  0.00025654623763395  0.00027095637001969  0.00028680372303503
  0.00030463011313086  0.00032348265368114  0.00034309523066516  0.00036397892618021
  0.00038695190636357  0.00041232592054430  0.00044001174108322  0.00046791621410624
  0.00049753620957485  0.00052678708590638  0.00055517741788322  0.00058539603460763
  0.00062036757892205  0.00065827729918457  0.00069672757188607  0.00073674235276794
  0.00077553587126054  0.00081115368907550  0.00084875192436426  0.00089222434107643
  0.00093722193124761  0.00098218511440273  0.00102536565545240  0.00107337221734963
  0.00113365644694414  0.00120072469930897  0.00127102703731610  0.00134258838340700
  0.00141671533413200  0.00150020433480101  0.00159758574623928  0.00167796381907623
  0.00175322531228506  0.00183033307038331  0.00191605497557674  0.00201528005146800
  0.00212127368419079  0.00221173432707191  0.00237550231805380  0.00252444720958547
  0.00267746549867102  0.00283490023468096  0.00300925133413999  0.00317520558992408
  0.00332899234723135  0.00348667938523760  0.00365638048330690  0.00383450519473588
  0.00406946573612042  0.00434530578512239  0.00468260272705142  0.00504529352968254
  0.00547675926817039  0.00595885669348568  0.00646915895328346  0.00705765070681053
  0.00774543893427926  0.00856224319981296  0.00955641177270086  0.01091720964323053
  0.01287753582362033  0.01505689367231316  0.01774766831841326  0.02328246951397530
  0.03158519747319992  0.04559234400565348  0.07478204653141329  1.00000000000000000
  0.00000603093201838  0.00001030027347279  0.00001496873749995  0.00002125896252837
  0.00003103861111785  0.00004401924127377  0.00006093047400619  0.00007795690504034
  0.00009771967054382  0.00012010999664853  0.00014668243928654  0.00017793685085370
  0.00020928008505485  0.00024215513160272  0.00027832810722997  0.00031642935537765
  0.00035769650415061  0.00039919598653355  0.00044263481891721  0.00049129749078995
  0.00054492755044091  0.00059913910457433  0.00065656268798061  0.00071614029401050
  0.00078376589816804  0.00085719664604014  0.00093809461000683  0.00101895979280950
  0.00109779949785439  0.00117482866387524  0.00124924418394376  0.00132276516591918
  0.00139866705298607  0.00147670454453845  0.00155183520085392  0.00163719529789948
  0.00172173558024647  0.00180960777458328  0.00191818259156911  0.00203468355243557
  0.00216086932753924  0.00229699639009522  0.00242516640030607  0.00254376156544176
  0.00267284839176352  0.00279990537205542  0.00294222467320244  0.00310124969514440
  0.00327049507925596  0.00344475204585782  0.00362604570272232  0.00381233297939630
  0.00402513153879201  0.00428811001493493  0.00459998672266540  0.00492325622106230
  0.00524083583710454  0.00555440401436911  0.00587524856612458  0.00622390323852995
  0.00654712053697984  0.00689851454688853  0.00720467552764274  0.00748405443984938
  0.00777725315886883  0.00810827833864447  0.00855668022575785  0.00900367078467612
  0.00941965955508262  0.00984312221326866  0.01032747194129793  0.01090981625652518
  0.01153196634457244  0.01233169273709312  0.01314123211351077  0.01388465425399157
  0.01475716865586578  0.01596284154360600  0.01752110605419125  0.01897498635295292
  0.02001500948799195  0.02117236685446806  0.02235759999576244  0.02348158397231572
  0.02458835980053910  0.02576110630373143  0.02704145624238724  0.02845770553868320
  0.03050162868697207  0.03311762905615525  0.03664108291314783  0.04009073453835280
  0.04295097739269638  0.05291012343093082  0.06850609926995038  1.00000000000000000
 -0.00230337057205774  0.01491731516049410  0.02612324505968206  0.03569318570936129
  0.04538518757112301  0.05484295961819519  0.06409246040287669  0.07365008611423893
  0.08331146689778328  0.09512491970012564  0.10730757649196307  0.11855917052190616
  0.12987933948360678  0.14108484111435157  0.15394637802158392  0.16722830493105978
  0.17995623601956534  0.19159974654940881  0.20237724533009652  0.21267184651961921
  0.22307069919206138  0.23349977500398028  0.24308665451385325  0.25267086065892169
  0.26276493417475660  0.27229865296502215  0.28070241785785671  0.28911714132506416
  0.29821781094496963  0.30761733150940873  0.31683896791303368  0.32519323966914221
  0.33334034809673518  0.34282730390695698  0.35301607056440226  0.36305712450410299
  0.37390226621189143  0.38408471864659460  0.39424325965440243  0.40467281773051011
  0.41445126993256726  0.42502553582721958  0.43638287562989558  0.44785699480382951
  0.45992246263160913  0.47139881410755974  0.48316202450826806  0.49561550857675057
  0.50830684418683236  0.51980565518621291  0.52982621944481734  0.54033272894842854
  0.55187096538299452  0.56365689412091791  0.57479484037875517  0.58601937278813221
  0.59692157904337750  0.60815647989692645  0.61949215716211870  0.63091143121091486
  0.64108567130200711  0.65021743314913738  0.66046694780660875  0.67275064175873933
  0.68462924890929111  0.69663136948004800  0.70680281956344626  0.71707660255960259
  0.72736099132273269  0.73812326776346482  0.74961804795716414  0.76208696727795511
  0.77530083825169949  0.78698588215526111  0.79904166446815406  0.81118696157095316
  0.82291604209371039  0.83396061101008001  0.84531003073693489  0.85649064668129871
  0.86685231306525523  0.87737789745329431  0.88539966964557903  0.89315711286395116
  0.89959466995025361  0.90620166168242300  0.91337956254195107  0.92179721438777584
  0.92992756548943445  0.93801752001236161  0.94769005671380568  0.95930647248802237
  0.96972854948133846  0.98008401178285010  0.98931530675698343  1.00000000000000000
 -0.00133275526180953  0.00756578953179650  0.01587166447654552  0.02527654655772735
  0.03541323935784265  0.04563303503363872  0.05607115169754968  0.06767016065866560
  0.08009791616208138  0.09236992427377853  0.10430529712543427  0.11592873881443454
  0.12701528447471469  0.13631709062400510  0.14619202909740706  0.15544385087585988
  0.16355316991252700  0.17413254914422899  0.18493363007869112  0.19520205031081839
  0.20619114796412699  0.21755081789283684  0.22998573240475037  0.24295764409361056
  0.25619948988283298  0.27039762031253045  0.28388599450760105  0.29661516703889151
  0.30877488037526685  0.31891214673328577  0.32810500544761773  0.33741343419043301
  0.34802895167925546  0.35916256065347862  0.36963087054900939  0.37939324167777944
  0.38959841105786053  0.39942913276420261  0.40980969947022966  0.42039380605249860
  0.43119503751896587  0.44133234854979264  0.45113964600901579  0.46127529175969056
  0.47212786541572849  0.48291500634811696  0.49327375114088029  0.50309345423664809
  0.51345236879668732  0.52419125085589313  0.53373790858363090  0.54286869849358876
  0.55150456921707125  0.56023077717726510  0.56929475404263297  0.57961097131549288
  0.59093543280240657  0.60211797302630854  0.61334336251974741  0.62541339439895394
  0.63899228695988775  0.65189769880167647  0.66455033739996083  0.67703996781973452
  0.68990818428290934  0.70228524272773096  0.71286685653744419  0.72252774321338997
  0.73173747327904293  0.74098521087557656  0.75042991597226749  0.75950925396385804
  0.76870690048307033  0.77854400289261327  0.78871807522991777  0.80098122369880953
  0.81422277253032527  0.82547551454965518  0.83616739381899607  0.84633274784476664
  0.85699336448646224  0.86828546860926503  0.87912957315358708  0.88961777526806818
  0.90057439670957118  0.91292898935684919  0.92338098355573306  0.93350493455473615
  0.94182996484023140  0.95008197899179103  0.95872759274418951  0.96817366091089807
  0.97691710004417043  0.98514756324308272  0.99260179045547225  1.00000000000000000
 -0.00214175792515361  0.00972716498745073  0.02049756745850858  0.03139149399993764
  0.04080125393464247  0.05069902532694366  0.06087093309917966  0.07124133158371869
  0.08127111588104929  0.08999034372317703  0.09802325680909876  0.10590537166121489
  0.11348283831347591  0.12072810815613216  0.12887527028906753  0.13757221797470531
  0.14682621967466444  0.15957479314578737  0.17133913674067222  0.18031443530561123
  0.18879447277008110  0.19808593851429593  0.20835950499674588  0.21788739444865238
  0.22740060793594571  0.23744505069185029  0.24774857036909217  0.25786591359889721
  0.26752122597619854  0.27862944369771891  0.29046132651973822  0.30238945363487924
  0.31433998371210281  0.32519177300780877  0.33523679413137580  0.34513917795393856
  0.35636204797645432  0.36764228539025334  0.37926081222896763  0.39137222740462535
  0.40265620745188985  0.41348241119125834  0.42383610063619948  0.43351488401807775
  0.44281954433750120  0.45254225576607809  0.46272266133167450  0.47316928411949599
  0.48354435195375706  0.49420678382876426  0.50649142731520536  0.52120378186830718
  0.53372652772286255  0.54484742942159159  0.55513358394552192  0.56498587831667124
  0.57589726459221913  0.58819062637659536  0.60079175032677723  0.61258710555467466
  0.62314326797911979  0.63305551783508773  0.64289772116855237  0.65327088723878113
  0.66453284446076066  0.67461189667857790  0.68463571490817088  0.69382453345297646
  0.70323984745022550  0.71368762476410652  0.72524679816387161  0.73753888317129934
  0.74868618384294583  0.75959373027886401  0.77089180745620989  0.78260942810452960
  0.79413842760368702  0.80573121249564450  0.81787842422526080  0.83021700872458271
  0.84171336269444486  0.85154541550022567  0.86136002292041014  0.87147755842379682
  0.88236284232034312  0.89292128267241477  0.90367102159425439  0.91479312945277769
  0.92542205048056392  0.93666737710864079  0.94729469659845178  0.95784660890662676
  0.96937266935029043  0.98025240956779103  0.99011264636813623  1.00000000000000000
  0.00083704273091599  0.00176334076042168  0.00309705281902521  0.00410305916830508
  0.00498511446579689  0.00582625440291476  0.00665109839287600  0.00745482979329618
  0.00823589274062813  0.00902557115687215  0.00983743990736530  0.01069424385187921
  0.01160730915296822  0.01253978878561103  0.01345346622717236  0.01432795316156001
  0.01516453325158349  0.01600286472547482  0.01683170480329969  0.01766516295283940
  0.01852999851820049  0.01944226809454719  0.02037527198628733  0.02129803705962881
  0.02215523486626235  0.02292620157891316  0.02366131954813449  0.02439746097123795
  0.02515065330919873  0.02596670779540554  0.02684689405462308  0.02774058494167285
  0.02860188122743146  0.02937266377288572  0.03008529820874234  0.03082493657560093
  0.03157907062646264  0.03234060825245239  0.03319422404632124  0.03412562978216448
  0.03504558022870154  0.03595822403628791  0.03688768647033947  0.03784275553055030
  0.03878522038386514  0.03979015613579960  0.04080162647519180  0.04182240284524997
  0.04295000858686806  0.04408662037882458  0.04516447361015655  0.04621336763633927
  0.04730077365315528  0.04850534973161257  0.04974862647774890  0.05086579514699910
  0.05188916545290882  0.05275340001501958  0.05371470132402837  0.05464161375534679
  0.05553941083767036  0.05651444984335414  0.05756646046150311  0.05875888424562341
  0.06020518367590556  0.06165395348339639  0.06309986645907006  0.06452104471218779
  0.06604371246811730  0.06765287831378883  0.06900924472431552  0.07031325639774226
  0.07164425893630431  0.07315753328208867  0.07499993334208255  0.07689267017702416
  0.07875829122984408  0.08071194537155034  0.08255857779320841  0.08409432162570085
  0.08556087521129285  0.08702283062451868  0.08872538769252439  0.09056326670187909
  0.09240831509647038  0.09458278904823361  0.09921741070981017  0.10273936896849205
  0.12167554741904738  0.14642926350886737  0.17896642401483992  0.20892911194474240
  0.22838878429977350  0.24013205072938248  0.27884460592945365  1.00000000000000000
 -0.00168719487925810  0.00887736623926462  0.01802295305779369  0.02776864114486475
  0.03798380338708628  0.04825404558843573  0.05883251022886921  0.07102207234483396
  0.08539736110718195  0.09712392622995938  0.10813675884725800  0.11806697793423447
  0.12798605821385078  0.13793250334621934  0.14879555804491071  0.15955434577970770
  0.16976795067173001  0.17920132804913380  0.18830105253669482  0.19616717742181036
  0.20407117193141583  0.21220119147576044  0.22061504456737213  0.22849669378282711
  0.23614077795155256  0.24412818950989049  0.25298559030394085  0.26246157791921526
  0.27155014108858344  0.28042308554791490  0.28878809992369325  0.29683316325448023
  0.30487518878999303  0.31388309869751968  0.32338699112319358  0.33257163315486749
  0.34073292187634485  0.34851917352537998  0.35696623140011635  0.36686363158656937
  0.37801832611452607  0.38984164513439962  0.40291551325969788  0.41712412538343263
  0.43155749049478559  0.44488218127298851  0.45676513129968516  0.46817899428202003
  0.48010551552553293  0.49322613088270362  0.50720089102394217  0.52119581329009657
  0.53604822985030143  0.55397086973841270  0.56913422551078641  0.58227831737251712
  0.59410075086957415  0.60527160679623082  0.61823855515859472  0.63108461880443345
  0.64372205938913407  0.65562575635513831  0.66756240522366816  0.67952550809230505
  0.69028748262406725  0.69904445222966061  0.70809898249847414  0.71794957147621308
  0.72816297262832153  0.73659699486605956  0.74487279704980702  0.75287998825695790
  0.76210392897037982  0.77201684278259963  0.78324298654490832  0.79366636235783627
  0.80472951224556855  0.81573501347295285  0.82612016146563561  0.83504226423657990
  0.84324177301052250  0.85106087399290009  0.85881165999743780  0.86692936301107493
  0.87528877947623662  0.88427082917094346  0.89351900861729561  0.90409357801418666
  0.91541459045219986  0.92613376074096343  0.93664422487715049  0.94755691217214300
  0.95868566499935515  0.97091107376455610  0.98439132990762457  1.00000000000000000
 -0.00805685354254929  0.38910232767192510  0.50329051193530927  0.57019294298948409
  0.61799034683139009  0.65398086542039047  0.68353177212137295  0.70735032845795731
  0.72820800443183320  0.74570970294875827  0.76119863545325150  0.77530259562553272
  0.78851515039842623  0.80045487738622190  0.81163806623292312  0.82192721914814315
  0.83098776828115328  0.83853462424528236  0.84530749612932288  0.85220166668340691
  0.85849189581739527  0.86429695232490455  0.86985668716230169  0.87517361745212385
  0.88004479810896474  0.88473824528785761  0.88932349523987309  0.89386313680329454
  0.89813061036606678  0.90201390691757144  0.90570002028028362  0.90931311170399098
  0.91292234029039632  0.91642058195498810  0.91948019598111519  0.92217230842954867
  0.92475303073208537  0.92707639481239423  0.92936591699826443  0.93168553113659236
  0.93411834777833125  0.93643548706887614  0.93848383936527058  0.94033738151335000
  0.94211545743069580  0.94382029161541336  0.94548110576286737  0.94714184692045822
  0.94880375189849986  0.95050643048246231  0.95226899086428629  0.95413969771434115
  0.95598081288859893  0.95770346348627922  0.95921934356457472  0.96053776183628636
  0.96176374452108127  0.96292529526071002  0.96404573130287041  0.96512681890403107
  0.96624669808884533  0.96743757232356575  0.96864132799169711  0.96979474563992785
  0.97079950574970086  0.97173764727289580  0.97267520086874093  0.97364429540676545
  0.97463440108856236  0.97568500541560599  0.97670318245650389  0.97769307094224689
  0.97866920290513970  0.97964403283480472  0.98063255446113184  0.98159643246820016
  0.98251150304246382  0.98338543439566539  0.98421547321506098  0.98501806942274317
  0.98583182672941561  0.98668011603631500  0.98754575129347022  0.98843862913305347
  0.98930011210546187  0.99013375776282508  0.99095750664417226  0.99176956047370812
  0.99256599151958236  0.99336597966374662  0.99418166028717914  0.99504609700849511
  0.99596253268021273  0.99702005550881967  0.99830761253589972  1.00000000000000000
   3.5040391641954367E-013  -1.0000000000000000     
 F F F F F F F F F F F F F F F F F F F F F F F F F F F F F F F F F F F F F F F F F F F F F F F F F F F F F F F F F F F F F F F F
  <DiscreteSampler_grid>
  grouped_processes
  1 # 1 for a reference and 2 for a running grid.
  10 # Attribute 'min_bin_probing_points' of the grid.
  1 # Attribute 'grid_mode' of the grid. 1=='default',2=='initialization'
  0.0000000000000000 # Attribute 'small_contrib_threshold' of the grid.
  0.5000000000000000 # Attribute 'damping_power' of the grid.
 # binID   n_entries weight   weight_sqr   abs_weight
    10   10   4.683600361357411E-002   1.749492381857876E-002   4.683600361357411E-002
  </DiscreteSampler_grid>
