  0.00882854769530052  0.02120709147372750  0.03759485004124118  0.05068082181414967
  0.06067211677155913  0.07142598112839597  0.08248492302465935  0.09427770158058404
  0.10718540106734703  0.12089420809721378  0.13347673311615024  0.14504119387235881
  0.15420280358693625  0.16126035880328810  0.16697091194016886  0.17302782604930539
  0.17976128101082681  0.18748898412006570  0.19737295912985994  0.21067130656685543
  0.22396552821160065  0.23454269806915201  0.24333657675719533  0.25076747717623893
  0.25705457829761358  0.26403354950492197  0.27019788175488418  0.27607258909394744
  0.28167177266324644  0.28708656192614973  0.29278706353955802  0.29868134946885000
  0.30428853197374683  0.31008587275594929  0.31876431828893032  0.33098838126058094
  0.34370985091116846  0.35548568169370015  0.36687774322420313  0.37903093655251857
  0.39184683062330139  0.40443422897017633  0.41558565588727436  0.42598018262047471
  0.43635784135917438  0.44685310941460310  0.45757844150869920  0.46719302975980104
  0.47568223289965678  0.48487411158015636  0.49411372983398538  0.50316390205312111
  0.51228329346216250  0.52369168707869196  0.53777189300347994  0.54903901184179749
  0.55830391261002144  0.56843086579463609  0.57933835980867610  0.59317700275233365
  0.61102723424866989  0.62611682613253572  0.64086004802417607  0.65476576170820167
  0.66929301372037941  0.68480969494339816  0.69941811232138562  0.71220603546162919
  0.72509465097491743  0.73325236333250532  0.74126885421189859  0.74911797579640915
  0.75693078464435004  0.76591900202886110  0.77667142305742132  0.78548320170695007
  0.79550890685040043  0.80669723693765927  0.81775874011715111  0.82852505711590185
  0.83921345294229410  0.84984893976624176  0.86071263435951884  0.87195699255099035
  0.87960410188364779  0.88576394409599502  0.89358220421427648  0.90186381839003305
  0.91049020728639296  0.92051147217702534  0.92977980948954786  0.93832773590939400
  0.95127453961965369  0.96709375734640091  0.98272999302869812  1.00000000000000000
 -0.00000333736132077  0.00000780796172003  0.00002000207076076  0.00003330199832346
  0.00004471334282376  0.00005595971277816  0.00006670019583279  0.00007741617702408
  0.00008866099317012  0.00009861059228330  0.00010947051532756  0.00012043174460327
  0.00013174949487426  0.00014317182298990  0.00015427246231352  0.00016616344109684
  0.00017833416757488  0.00019007057591100  0.00020131405125264  0.00021270486035535
  0.00022521179077323  0.00023950903239726  0.00025516541514126  0.00027219515382890
  0.00029269037287506  0.00031521002926782  0.00033286524334479  0.00034956554341002
  0.00036438671885896  0.00037696963900760  0.00039090338300951  0.00040471670283835
  0.00041830424060277  0.00043152141385465  0.00044455204898746  0.00045900283073384
  0.00047336663583307  0.00048736366874073  0.00050365778747254  0.00052562907248990
  0.00055592975727038  0.00058948521832824  0.00062822201794723  0.00066560845812104
  0.00069950811588338  0.00072694618894564  0.00075268131308343  0.00077861114762901
  0.00080659637934567  0.00083780366412322  0.00087053056416799  0.00089524561880564
  0.00092108388468338  0.00095085568556612  0.00100152133869977  0.00103743189521573
  0.00108073743241632  0.00113348323920970  0.00119435058585689  0.00127434170889520
  0.00135702446270136  0.00142927527056841  0.00150011276693208  0.00158131008834794
  0.00166471628301319  0.00176141587477188  0.00188615794480651  0.00203044164835889
  0.00217837181144865  0.00232078552667915  0.00246453251568816  0.00263063672019515
  0.00283315719461138  0.00307421896771491  0.00340702079471110  0.00378910252140825
  0.00420369240846781  0.00459955254629480  0.00498464854728752  0.00540784972910487
  0.00582384954726616  0.00633933890334869  0.00706951484164659  0.00776084715733489
  0.00858781585965331  0.00952636626511503  0.01101785082457958  0.01257300017060967
  0.01402676217482480  0.01609549642358304  0.01836843154239482  0.02139598438458118
  0.02822726280901893  0.08019935437466054  0.72988017204012967  1.00000000000000000
  0.00000265218232644  0.00001044122911288  0.00001447593763450  0.00001861236400120
  0.00003028262169138  0.00005225060029171  0.00007544018366328  0.00010824809391417
  0.00015847237391295  0.00021712350992242  0.00028027849780454  0.00035702175449859
  0.00045542189713338  0.00055195291733232  0.00064192436138980  0.00072824961952267
  0.00077986156458180  0.00083244915299762  0.00089296938569320  0.00096269700478787
  0.00104715811366245  0.00112029968542647  0.00120872541241722  0.00131936328960661
  0.00143817246566782  0.00157217175353831  0.00170746493619918  0.00183587895610649
  0.00194603137660435  0.00206674226565516  0.00219335755389527  0.00231648511424488
  0.00242946808274544  0.00254703344102448  0.00267469047568698  0.00282870467129643
  0.00298272490565951  0.00317267722589285  0.00336552256316912  0.00357853727225336
  0.00381496657657297  0.00407084931031319  0.00436331999699081  0.00468820576950752
  0.00494655941359917  0.00519774853717014  0.00545124700111235  0.00572433598194170
  0.00598739002297479  0.00622750601939604  0.00646351676278438  0.00671755393977462
  0.00700423619337530  0.00733495744694401  0.00767341132094958  0.00795734341703311
  0.00818393503879068  0.00845365942226465  0.00877686137150863  0.00911679964951561
  0.00949472830969755  0.00982547556810497  0.01019015358474446  0.01058634175952250
  0.01109317134140413  0.01163525909431143  0.01226276000383028  0.01286704948716563
  0.01344904974748284  0.01400936466633819  0.01458235305367113  0.01523130136760246
  0.01590495311201640  0.01667595789317169  0.01754128758897745  0.01867122257867309
  0.01989336322175068  0.02133543057557636  0.02298562260658697  0.02466367822975181
  0.02595615139892007  0.02697488675692702  0.02794678778302446  0.02904142949407552
  0.03021503675277455  0.03107411860184043  0.03185128872224317  0.03254621115537237
  0.03379008394498506  0.03661205593241169  0.04096070896177190  0.04726985636854037
  0.05368281131128905  0.05596095765423623  0.05626709351622665  1.00000000000000000
 -0.00285900883080535  0.01215726898527000  0.02430451601831232  0.03833408596307220
  0.04952431603645582  0.05885055838817392  0.06917697801377791  0.08050164801360782
  0.09317144988319816  0.10523504911287325  0.11866965879584512  0.13217682869414149
  0.14396680626838476  0.15571618111009050  0.16784277787266030  0.17895210350296095
  0.19597781459218858  0.20917070313472402  0.21943171416357515  0.22781081253153362
  0.23627813244663148  0.24480307124223594  0.25622761999932997  0.26946765124316413
  0.28348671910450057  0.29930858262467774  0.31404831321564158  0.32724861699951352
  0.34103180996353571  0.35167489292261667  0.36179049071674685  0.37076973765312365
  0.37974869882204304  0.38920524315137200  0.39904794255324733  0.40884495089919243
  0.41989028959333152  0.43257040380657380  0.44572537722973438  0.45649352140771082
  0.46330013971597400  0.46917061416285027  0.47572337904631734  0.48243640017372119
  0.48864998568448464  0.49443760315715002  0.50096272769537797  0.50751459390828013
  0.51333550771026559  0.51951142543248718  0.52790422922109914  0.53537446402155575
  0.54184998077972224  0.54851954289765359  0.55589693552449482  0.56472512523266138
  0.57880176625968049  0.59329400650132935  0.60685101442170541  0.62090780552711333
  0.63563653329188219  0.64997001260349230  0.66264707660950672  0.67233554036173526
  0.68077080878657037  0.68991208519614522  0.69815739589006842  0.70628107105528570
  0.71516847488135693  0.72427809406559396  0.73228537164472352  0.74252007696805622
  0.75336393549727232  0.76589708402586587  0.77919476864685766  0.79167750070045306
  0.80420811874476461  0.81462922066278132  0.82535471093443891  0.83702562389853163
  0.84906114899180085  0.86148985512185694  0.87306119128537241  0.88360569292306179
  0.89362016385614440  0.90399225789676663  0.91462501274540309  0.92609728294473970
  0.93708927662052199  0.94628225774531638  0.95349177252752282  0.96165592336775330
  0.96952367597547384  0.97966667113515549  0.99004838327667866  1.00000000000000000
 -0.00399277443385339  0.01172426819101565  0.02604163186383278  0.04027238305386162
  0.05545044592963109  0.07211115212658632  0.08572094990763132  0.09663024565995237
  0.10648376957572785  0.11655215049606797  0.12743824621837535  0.13848845796162551
  0.14996495964293341  0.16248021474078087  0.17530480860274189  0.18982964577874642
  0.20318106473914649  0.21277259349362346  0.21972683366061715  0.22656621324703785
  0.23267790527904145  0.23804798369889815  0.24345548969945938  0.24991969956543983
  0.25597974283566005  0.26082819735184815  0.26497574802063084  0.27017095978935923
  0.28158454406147665  0.29250912957592873  0.30205021425745282  0.31096082222522664
  0.32047951555937321  0.33129380053828511  0.34302959606491756  0.35578733456271827
  0.36821760701775930  0.37783973411203281  0.38716526142579766  0.39613192046238282
  0.40712756589826959  0.41844202915523421  0.42833326028617896  0.43664123118922810
  0.44559141506325495  0.45507245273863728  0.46509757506630439  0.47644894238644497
  0.48847213668802797  0.50071170845592938  0.51400807619118427  0.52939973425298981
  0.54645531190594587  0.56247165375706232  0.57540930586271355  0.58443543381447949
  0.59165214045051595  0.59807795038905331  0.60625471764906147  0.61640439986038065
  0.62775819566374813  0.63762938391090906  0.64688715091606819  0.65806420578052660
  0.66908865878171842  0.68075271317852093  0.69332390304045677  0.70639352269039801
  0.71772748834967948  0.72773398462133687  0.73942614559953901  0.75116655242106534
  0.76179844355709248  0.77210935011048243  0.78272929292626336  0.79458909770452257
  0.80821384011222441  0.82342058989827716  0.83707150485656934  0.84857169527548237
  0.86019255176023790  0.87253680820083457  0.88263291677795230  0.89121767068074365
  0.89896438004186141  0.90616672626923112  0.91372857530163298  0.92089712370549126
  0.92747028723561376  0.93437807443485132  0.94360840068857910  0.95372044184062366
  0.96455045991148758  0.97771168494209870  0.98870932742039730  1.00000000000000000
 -0.00312514508175648  0.01507893927123315  0.03004897858115148  0.04509440028112921
  0.05778560027727433  0.06844915992742623  0.07901214290325442  0.09018937148550245
  0.10101156401484609  0.11144372926773261  0.12267851797173128  0.13558852961095078
  0.14967084811411951  0.16283399868860904  0.17517358280813772  0.18761795939206632
  0.19871626307322895  0.20756621476998585  0.21594248623389514  0.22531714797792218
  0.23566310748202257  0.24792646514236177  0.26099439713454076  0.27377481490469802
  0.28554111369090834  0.29517799040566328  0.30489074316559894  0.31552509389053240
  0.32638410641905446  0.33638890068402033  0.34538626497696778  0.35536151855138209
  0.36302981444450771  0.36900545615383140  0.37469205292988828  0.38046421630952054
  0.38812378278609355  0.39836227020265885  0.40716493457032638  0.41457762635062567
  0.42108336089376569  0.42832756111078157  0.43643034600457825  0.44482645349194838
  0.45223586144174716  0.45852392373472317  0.46434998971581687  0.46911085063396663
  0.47365293186040613  0.47941722099138984  0.48805982274606552  0.49964132822094137
  0.51248427277672948  0.52456538763893867  0.53676469387325698  0.54933224708338058
  0.56152793914982191  0.57379522868565103  0.58784710805048201  0.60158818277974346
  0.61637616038534204  0.63151742959519797  0.64463418002747064  0.65572115921955743
  0.66540674723296400  0.67454567592722281  0.68287094875429732  0.69072438922603185
  0.69878371238844650  0.70862352073739676  0.71876649787645919  0.72801952606458453
  0.73684907337737915  0.74643719810713594  0.75684784861997445  0.76714923849311589
  0.77763049720970334  0.78839962646392758  0.79747940238279025  0.80762631916350880
  0.81872278436381718  0.83200737734649322  0.84626178412975539  0.86032141612439483
  0.87465543219951236  0.88989947887022214  0.90387701110798224  0.91598493524352764
  0.92744042218524847  0.93856427927767871  0.94989484801872393  0.96156845991799789
  0.97257163906570798  0.98231687993513461  0.99179024800971527  1.00000000000000000
  0.00074205111545926  0.00212609609908164  0.00388388160459148  0.00537762654180394
  0.00673276540339104  0.00797757858021825  0.00908632844344842  0.01023956402877852
  0.01141851989134905  0.01262841407128954  0.01386640387970940  0.01509040973864253
  0.01640771935038907  0.01776364727756943  0.01917045272896754  0.02059590800693739
  0.02187168003598808  0.02298369773129673  0.02409351656096640  0.02526769305687870
  0.02649075956043919  0.02771438347687600  0.02896294196253568  0.03016705037172317
  0.03122948129680568  0.03229022313716704  0.03337270893193625  0.03461561432572578
  0.03604021197826066  0.03749431435359678  0.03880622314748261  0.03995376525181115
  0.04105132804592071  0.04205593144724069  0.04295138522963070  0.04388647877556502
  0.04500418322342802  0.04623615580628644  0.04760007674109792  0.04883683351780579
  0.04994256943827044  0.05100338948690916  0.05201738205171067  0.05311797204041228
  0.05427312749974115  0.05541245847368163  0.05637008538334259  0.05727138660943785
  0.05827633615900904  0.05955949718833500  0.06103760574071796  0.06226108807869014
  0.06337648556895743  0.06443562838876729  0.06556867403051189  0.06674830368787299
  0.06794761469701761  0.06897309723947581  0.07010210565806525  0.07156805493641108
  0.07301524428083637  0.07422390652113355  0.07530639208400286  0.07640986579435738
  0.07781268913963214  0.07942140164483572  0.08103312232923289  0.08223455565060561
  0.08342464504136882  0.08477195542160054  0.08642506147885466  0.08805033664878974
  0.08951406483781270  0.09096219410829665  0.09272016630663846  0.09496351127425079
  0.09704045977855329  0.09917102823025127  0.10154711243309718  0.10305658768956343
  0.10689264256423173  0.11117145263427844  0.11696088317596567  0.12294711501683638
  0.12843261765640923  0.13381851270580944  0.13862088146808169  0.14343970683367299
  0.14972367453514035  0.15784630718944878  0.17502640871063241  0.19848352564363567
  0.24926060259130811  0.32909800131466332  0.52024728474088244  1.00000000000000000
 -0.00286136168000954  0.01430295177562414  0.02511065761046767  0.03500795768299712
  0.04532453307010574  0.05751539696136598  0.06924844493311097  0.07956636343441724
  0.09066530992904480  0.10244930110724476  0.11463115956674705  0.12709504623848220
  0.13881305426718829  0.15009202219346557  0.16152105327821881  0.17246307183542942
  0.18521450348230348  0.19780613138420225  0.21138865359916079  0.22580113385453948
  0.23768069799937688  0.24878819333604146  0.25958943643102694  0.26939917650298340
  0.27852886483795763  0.28614880440340412  0.29350631331590565  0.30111753721348905
  0.31154529371226425  0.32428154782347335  0.33686624778728591  0.34650052808268950
  0.35449618141822775  0.36281768970818146  0.37083582215768784  0.37783256900214818
  0.38659836912915996  0.39560986467206882  0.40756339500338046  0.42066171127240753
  0.43308687270000118  0.45245556203351800  0.46555037365414020  0.47674549821191614
  0.48831447490293423  0.50242604330408436  0.51419645421227322  0.52399274446961874
  0.53382895071694625  0.54310507560350918  0.55453305499621630  0.56477757641248416
  0.57206359211215707  0.57821824888557671  0.58479244726163548  0.59204693238626827
  0.59890736907249653  0.60509108196261996  0.61055717772766582  0.61659250196578319
  0.62343910496981425  0.63464354651558363  0.64708644860015907  0.65604242205185093
  0.66524056424526090  0.67352515869962604  0.68162787722826823  0.68964769295245798
  0.69792083149860062  0.70644909323843352  0.71608154596779761  0.72628266004553554
  0.73718291325251761  0.74858191977775757  0.75880680078937923  0.76680595954833730
  0.77431688836074786  0.78175107455378168  0.78959044435322745  0.79769466886650653
  0.80606550841068991  0.81419723527734622  0.82331945828509390  0.83342852488604002
  0.84411024804418389  0.85517403080958321  0.86747924480048100  0.88137962409262038
  0.89681862110307720  0.91440770518511894  0.93322404681339877  0.94842668427532240
  0.96160205525208298  0.97414941119704967  0.98688001424800387  1.00000000000000000
 -0.00539747042769386  0.24930500093409133  0.35908320783215641  0.43784111999347242
  0.50225622866103048  0.55165806351774305  0.59043075131726674  0.62641885878832182
  0.66002191684127764  0.68747127357158555  0.71406374737078704  0.73760064195451802
  0.75810547373443393  0.77370092237214594  0.78890880210783298  0.80579090321862301
  0.82037523487801178  0.83332153356830585  0.84387562117481885  0.85352850429937899
  0.86222606638569277  0.87041570966555371  0.87758995958718666  0.88425072420376272
  0.89032523871452740  0.89586863880378731  0.90124664336847082  0.90646234946654580
  0.91140892197076084  0.91635967276441299  0.92039457575368200  0.92503703470506937
  0.92933837043109957  0.93356749808130546  0.93741501712308661  0.94095345501440919
  0.94398045630138350  0.94669623152142290  0.94908613443639966  0.95121385650057633
  0.95309264728142462  0.95483279694201650  0.95656096742882113  0.95825921269139624
  0.95958239594766526  0.96098247872532727  0.96273809314947278  0.96439740471845070
  0.96586294392153804  0.96722322628103852  0.96848803060402344  0.96977295390537499
  0.97117273066497689  0.97255181019914383  0.97395912893304004  0.97525399611376840
  0.97630377165145010  0.97729280294516996  0.97808364071933707  0.97886007974099631
  0.97960382111658995  0.98030433367775960  0.98103448961885220  0.98175308832910357
  0.98246128691238555  0.98314015570643176  0.98377798125533211  0.98443554509853526
  0.98510455563686128  0.98578428384002614  0.98647709912932235  0.98716381543617426
  0.98787278255686273  0.98860073698654793  0.98926207653694820  0.98983331744068881
  0.99037861270030114  0.99090659090988042  0.99141729048440819  0.99190275211368795
  0.99238539251120061  0.99286823162593230  0.99336168745911091  0.99384459118633406
  0.99430072387088708  0.99475288446515830  0.99519018754235478  0.99562398267566765
  0.99601584725269943  0.99640771182973109  0.99686174899229563  0.99733276614404720
  0.99787521202395035  0.99849550817169563  0.99921543193465356  1.00000000000000000
   3.1221447073866279E-015  -1.0000000000000000     
 F F F F F F F F F F F F F F F F F F F F F F F F F F F F F F F F F F F F F F F F F F F F F F F F F F F F F F F F F F F F F F F F
  <DiscreteSampler_grid>
  grouped_processes
  1 # 1 for a reference and 2 for a running grid.
  10 # Attribute 'min_bin_probing_points' of the grid.
  1 # Attribute 'grid_mode' of the grid. 1=='default',2=='initialization'
  0.0000000000000000 # Attribute 'small_contrib_threshold' of the grid.
  0.5000000000000000 # Attribute 'damping_power' of the grid.
 # binID   n_entries weight   weight_sqr   abs_weight
    10   10   2.616782881751915E-005   1.317348073639323E-009   2.616782881751915E-005
  </DiscreteSampler_grid>
