  0.00918500376267118  0.01694256745715672  0.02595169533921738  0.03692984690760143
  0.04763449502695895  0.05894093152243356  0.06910805750109993  0.07824477257970053
  0.08738051296555474  0.09704089411064346  0.10706501121745987  0.11736921534472117
  0.12811199566952083  0.13933063569305645  0.14988923814841271  0.15936572597625967
  0.16897115044217867  0.17815211161102978  0.18798552362154489  0.19804818663416437
  0.20882360852891901  0.21992110747233723  0.23158432563325188  0.24361290732583063
  0.25522215355689898  0.26600573392281823  0.27661597674670008  0.28717179291255174
  0.29823979949770968  0.30982238979407883  0.32144157269722973  0.33321341295019358
  0.34510158492933246  0.35648019615131227  0.36755352378230915  0.37838720991308772
  0.38888972436974861  0.39979819574692577  0.41039707797436364  0.42094099998136980
  0.43142792256943985  0.44224803736996665  0.45263568678648491  0.46283344882774907
  0.47217898522803359  0.48184842273866624  0.49156520449867658  0.50133827345091542
  0.51167390689997161  0.52236390222469997  0.53408532983998991  0.54576089376696846
  0.55715382132157631  0.56918285409450009  0.58102668877361463  0.59255473051810703
  0.60352230058847889  0.61420545792117032  0.62447658345741508  0.63469545671377126
  0.64495062338928610  0.65483372002082152  0.66452859629553440  0.67476573541588381
  0.68574680193537951  0.69614967140298256  0.70597724354328562  0.71555616749803952
  0.72479191391627273  0.73393935248645636  0.74335305985721367  0.75345593230165486
  0.76421597475957470  0.77482019235058786  0.78518220612652723  0.79541833711979848
  0.80540400799782108  0.81515236380992784  0.82445218208612103  0.83413437565126680
  0.84372702183662607  0.85324013906104168  0.86241797003261267  0.87162833280316232
  0.88123559678051699  0.89095392411007301  0.90042861609167402  0.91006737159356277
  0.91989929327253162  0.93004791548499388  0.94050979947860913  0.95037289744202513
  0.96037214281616357  0.97035823491817996  0.98069609219765064  1.00000000000000000
 -0.00000546710109326  0.00002852322927733  0.00005927598080989  0.00008731899019647
  0.00011438022795710  0.00014183496735900  0.00017242747169152  0.00020338724588314
  0.00023563884773958  0.00027144172348232  0.00031682382024197  0.00036453095094128
  0.00041533216946246  0.00046462234310256  0.00051517165737782  0.00056900348421495
  0.00062455993323455  0.00068286546814739  0.00074073416534715  0.00080022097321444
  0.00086005406691444  0.00092630323075148  0.00099283487804109  0.00106117056771268
  0.00112823226286981  0.00119453996336542  0.00126396423464265  0.00133882121715419
  0.00142289735317782  0.00151477924779657  0.00160992663475660  0.00170621654968136
  0.00180334312105860  0.00191173834037000  0.00202101731185280  0.00213048242592134
  0.00224532211069023  0.00237290743107972  0.00250938006739722  0.00264639549642397
  0.00278388172539034  0.00291900637830203  0.00306252133958699  0.00320804532004785
  0.00335815525153966  0.00351571130169821  0.00368432910309463  0.00385966578361885
  0.00403774259067720  0.00422081239880243  0.00441380352886086  0.00461949511638111
  0.00483109863204662  0.00504649557760214  0.00527973096834735  0.00552855107868868
  0.00578926418823710  0.00606317530233290  0.00635201612977135  0.00665830936498971
  0.00698438039241061  0.00733165485302328  0.00770268814986196  0.00809782498521032
  0.00852181966291755  0.00894296290622050  0.00939924127448080  0.00988937898103040
  0.01040767350431502  0.01100931857398101  0.01164700338065314  0.01231271911676777
  0.01298424044882657  0.01366760300893652  0.01440589177312895  0.01524394462416983
  0.01627227727863002  0.01733820248622761  0.01859848176583343  0.01997420490213770
  0.02144321848348306  0.02297287635207229  0.02468875646828271  0.02680728196542321
  0.02903806522911948  0.03152645228557201  0.03447285824512006  0.03836228070341329
  0.04400116261828921  0.05120252658648865  0.06015776066801323  0.07236032830926900
  0.09197050843142204  0.14483074880130042  0.45873673045708951  1.00000000000000000
 -0.00000240104326947  0.00004554272107125  0.00008836596234250  0.00014221735182442
  0.00021161851115405  0.00029722442580950  0.00039499240155210  0.00049859510923588
  0.00061501596971248  0.00074253459468461  0.00087619877278919  0.00101452577503054
  0.00115450603374349  0.00129549554512947  0.00144082481358089  0.00159401259427500
  0.00176573182060926  0.00195038271143095  0.00213741134066446  0.00232321005491046
  0.00250756676392699  0.00269085300376527  0.00287718684910472  0.00307284703160142
  0.00328137444001282  0.00349664016071731  0.00370090653292883  0.00392538005887152
  0.00414654224972383  0.00438469712776698  0.00463396905210396  0.00488299364270504
  0.00514655611180564  0.00541124961725392  0.00567749660946186  0.00595525673879308
  0.00624204228329734  0.00653504177166623  0.00683753037112215  0.00714960391142576
  0.00747026262747018  0.00780998658729738  0.00818062387407766  0.00857435954892359
  0.00898320963917831  0.00940273815552578  0.00982709116788135  0.01025537250459247
  0.01069236721950716  0.01112335412895519  0.01156532892308389  0.01201639083507802
  0.01247589614423201  0.01295016434449558  0.01348364549678517  0.01405560670839664
  0.01464959059942256  0.01528256837229951  0.01595230440206409  0.01664158364515070
  0.01738615977198012  0.01820093977183149  0.01905364482334223  0.01985212415662484
  0.02067709314802121  0.02151278042233409  0.02239179593931323  0.02335993632099205
  0.02440778457455840  0.02555315855893698  0.02676623400696827  0.02794380381326741
  0.02913952966134013  0.03036824886623715  0.03167200003358467  0.03305488246461857
  0.03464531949819322  0.03626330342250939  0.03827095505814828  0.04048807165913949
  0.04303609208641584  0.04644641477266602  0.05012692737484290  0.05404931957345629
  0.05825012281427611  0.06308722401816105  0.06888104973111028  0.07607186438604628
  0.08609899351066429  0.09567251264647521  0.10414708079098238  0.11345516817198645
  0.12417357909013334  0.13990751753586567  0.47354528704566901  1.00000000000000000
 -0.00238508519818305  0.01071545825203545  0.02199320980740054  0.03428103941050042
  0.04595633146903687  0.05725229177331290  0.06758803721149327  0.07731655367119313
  0.08746827391998492  0.09779766800993785  0.10789039140929030  0.11758675907695772
  0.12738312498289020  0.13790698074783875  0.14844244856393460  0.15860395064564131
  0.16911154940454332  0.18008495165545238  0.19200719127861091  0.20372495924552333
  0.21533280872905913  0.22700731694461115  0.23765025464230979  0.24813971135955798
  0.25886353723501626  0.27025840516067373  0.28170293150782938  0.29294662214630945
  0.30277340935156327  0.31258274524468793  0.32258908249505081  0.33271714070247915
  0.34282448198816151  0.35299831280688221  0.36435314004864122  0.37622491623502397
  0.38823918351008230  0.39944666321712008  0.40938062553843846  0.41924163758298238
  0.42902251969825594  0.43935499048611482  0.44976333860263606  0.45970384275288517
  0.46957992575644636  0.47990509925984132  0.49060184257544592  0.50066790450229670
  0.51078013593704252  0.52140165040060216  0.53387550916549009  0.54599705036696544
  0.55667609041563848  0.56687643876215288  0.57693827898630123  0.58707813197307546
  0.59716534691532452  0.60757815729162268  0.61832986570755899  0.62946242293972920
  0.64105164662426972  0.65276649037594825  0.66438364305529185  0.67503529363594184
  0.68521493220297791  0.69505672103324134  0.70432754568669453  0.71364304023271052
  0.72262788813014922  0.73195645202933479  0.74191218400531345  0.75153040744680821
  0.76145027963112089  0.77193521939012888  0.78212059194881134  0.79246941575960306
  0.80245795690177535  0.81272707527202248  0.82253498147416448  0.83196646888523829
  0.84164706813663670  0.85146536499723324  0.86175874965320398  0.87193424980643131
  0.88382495257647065  0.89593246991861974  0.90868096707047741  0.92066258476993990
  0.93238519393961183  0.94317076560274760  0.95362341343705104  0.96335159016806138
  0.97260753793814092  0.98136462450903150  0.99055183047520867  1.00000000000000000
 -0.00252305335900612  0.01115728694136823  0.02195231256318490  0.03335561417498176
  0.04377051387362416  0.05307255079907794  0.06240185277079686  0.07321402580318620
  0.08449385237283902  0.09486204596219137  0.10484620752012444  0.11564511155506502
  0.12636033990959919  0.13778645592449970  0.14870882479758238  0.16147143482452320
  0.17391663645834743  0.18643393063977307  0.19728269426586933  0.20763725527359442
  0.21738359855353129  0.22740455523821054  0.23766514850553222  0.24866529275458649
  0.25970519562691713  0.27098320288967320  0.28188968608592674  0.29322982277624154
  0.30365205721170996  0.31475909381207029  0.32591417415630203  0.33717764223442104
  0.34873111915962818  0.36013529130551347  0.37138941576051876  0.38267625061580413
  0.39377893849225870  0.40494960017337955  0.41576577847506518  0.42685971256595240
  0.43824070831326561  0.44927695798466472  0.46054375174202056  0.47193185106689739
  0.48291233401357425  0.49424014160487656  0.50505636149407163  0.51624878552556441
  0.52631550348612832  0.53650694560969681  0.54636017440973539  0.55633185540234686
  0.56655331352976246  0.57728867353331315  0.58761728343650410  0.59714828519961383
  0.60688413350633896  0.61667631819314073  0.62667155247866946  0.63611187072491926
  0.64609453733389322  0.65594217581769576  0.66584068700748611  0.67494966033403947
  0.68404868054313606  0.69312699652930032  0.70265645625008266  0.71269313663185352
  0.72293750378779964  0.73360725097113866  0.74404349767127287  0.75421663299851682
  0.76429763879454193  0.77449483366874039  0.78503945764798622  0.79539305476874356
  0.80534556047233163  0.81560607711095368  0.82577921679340416  0.83565519798355070
  0.84503192245768932  0.85498508759758884  0.86579711673671556  0.87769651339818844
  0.88897585422947578  0.89971449226194400  0.90987696272801544  0.91965418722308867
  0.92845404770227258  0.93715889399757413  0.94625702429312109  0.95507781644206735
  0.96492005943426018  0.97487222500351856  0.98632559231587691  1.00000000000000000
 -0.00199241590141073  0.01071608317851944  0.02204281381963831  0.03363890596510843
  0.04500534939442376  0.05549792362724414  0.06593915302954552  0.07663421728006381
  0.08786605428429244  0.09817613375647163  0.10786429727703756  0.11697085157380997
  0.12614520595246922  0.13608719227805771  0.14598908925828416  0.15650870933291275
  0.16698778438810843  0.17753623565501145  0.18827732587322765  0.19828456650882584
  0.20838100270300591  0.21888109667183014  0.22922798175187925  0.23986360314209990
  0.25019743116645965  0.26128360543150042  0.27249321451375597  0.28345051805063504
  0.29433879229733523  0.30529231982677285  0.31629680867354593  0.32741715195373322
  0.33838883108634571  0.34948941525072330  0.36085565981128209  0.37215190854877839
  0.38360595387283625  0.39470624627970607  0.40629618250412930  0.41744726496997669
  0.42875116172234373  0.43951299959550277  0.44997925971288366  0.46040268414591445
  0.47122966393910648  0.48215175496454199  0.49238974558959042  0.50224889831069697
  0.51220558959724427  0.52222184778173031  0.53178380353254295  0.54136670108441531
  0.55151837110522595  0.56229504939153807  0.57367984523376980  0.58503681622801862
  0.59599037583955605  0.60644794666188695  0.61659266325042472  0.62706196316136387
  0.63840258435460251  0.65035129266867964  0.66202942133435305  0.67325541934975264
  0.68414177734225379  0.69490904305145695  0.70536678998205748  0.71545696583041074
  0.72503683353739834  0.73436647561936108  0.74358743053186172  0.75298819871186295
  0.76256504266933156  0.77287120531114462  0.78301890166642518  0.79240649447022460
  0.80162949510580739  0.81105237842101330  0.82094215773600876  0.83075785208895325
  0.84065232633560971  0.85073970539610488  0.86115585986701537  0.87222169843581521
  0.88330890296527953  0.89492855107941471  0.90594980838507089  0.91714730095390196
  0.92789065496460355  0.93863354940458033  0.94896936819569255  0.95938972485643148
  0.96989297206395664  0.98000082946174094  0.99000471125623457  1.00000000000000000
  0.01131088535685442  0.01449500574594159  0.01756972212270218  0.01999102457162485
  0.02238025334290146  0.02460234992703353  0.02666161006971986  0.02864031987373545
  0.03057499869052789  0.03247148367711656  0.03430973927994752  0.03617584444116224
  0.03806216443852254  0.03992154528457984  0.04171024519674062  0.04341308809744632
  0.04495570263407885  0.04650613956013555  0.04807669412875774  0.04964881160189606
  0.05122150230213687  0.05283548548599929  0.05452019230060915  0.05618932939938485
  0.05789247485821801  0.05962356338066957  0.06137925920442756  0.06314738212329023
  0.06492153665131195  0.06671062660578125  0.06853137388304974  0.07035342222916166
  0.07212359330369232  0.07391516821614863  0.07570145713601611  0.07753581006853766
  0.07944557412068226  0.08142956189580523  0.08348139655081484  0.08552526004550716
  0.08762010928802691  0.08965615194717022  0.09170056160807480  0.09379653842145683
  0.09584502565614335  0.09794528191833955  0.10001865913817876  0.10208281390986931
  0.10392864830640774  0.10600313975776891  0.10819479048540560  0.11062370924462844
  0.11322496672705995  0.11586661148059554  0.11829903945513548  0.12071301051752287
  0.12323097766729270  0.12567872772211025  0.12809215897138232  0.13058731774043858
  0.13310488989151190  0.13565727822236420  0.13806123313756904  0.14044691957750743
  0.14286209864148863  0.14543329853247353  0.14833800716850437  0.15168859992804012
  0.15542100679400514  0.15926064711828181  0.16277481149273904  0.16604920763483910
  0.16921936406011517  0.17255011884561933  0.17629561848960915  0.18043892486829211
  0.18469538914157699  0.18906700899358922  0.19383531119603536  0.19811538123111860
  0.20273723996587148  0.20720662843097382  0.21364931782157287  0.22027119947332169
  0.22659477556261245  0.23286363640483679  0.23935379198764670  0.24609718765564509
  0.25354511277110853  0.26201192440542254  0.27125568659924365  0.28330030611965984
  0.30847656239007576  0.33771133510266060  0.44250070029545185  1.00000000000000000
 -0.00296114831840331  0.01193545020824594  0.02561331861740468  0.04086512977487357
  0.05584108100183906  0.07051812054881705  0.08549474007960443  0.09878641806866448
  0.11163983518146281  0.12357074017129947  0.13567251938035454  0.14717105867802113
  0.15779031185273365  0.16779508115924602  0.17745720743821175  0.18733039900333789
  0.19666264669696060  0.20521487975409752  0.21303013675051130  0.22092389488611922
  0.22943139045079877  0.23827589984040509  0.24692418418249040  0.25532513881700536
  0.26382044064296412  0.27238315976224714  0.28155143557064677  0.29068231431013047
  0.29991120397114202  0.30913519010662488  0.31870635642924927  0.32857735979852659
  0.33814515221965546  0.34743406009491618  0.35657958481818114  0.36509334245567687
  0.37450751405753829  0.38405444502927311  0.39380902669470741  0.40403081669871371
  0.41399669899983893  0.42476400687909566  0.43607778477838421  0.44720351194776370
  0.45882791538028894  0.47030791747962819  0.48185496693418300  0.49361059976089317
  0.50608051612353788  0.51772752861628557  0.52820040140865776  0.53852372088470102
  0.54986618059291426  0.56137512532591605  0.57290833884413261  0.58403658790347790
  0.59569932636854606  0.60629685114110754  0.61566841311670328  0.62484057185410546
  0.63412120079654444  0.64359163171053269  0.65292804405034599  0.66166766397958765
  0.67070953624273466  0.67995398235996640  0.68883238740215136  0.69745110244934039
  0.70599655856777588  0.71433204912889292  0.72249583278950114  0.73022062875456439
  0.73803920728719496  0.74610083199885158  0.75413132901842084  0.76314098564833144
  0.77138466162590269  0.78009549304311898  0.78856398422461937  0.79820800226696142
  0.80778218616296593  0.81796898753445424  0.82795484283930387  0.83930523690808512
  0.85150596888977759  0.86399439165947745  0.87516368952025247  0.88659371422974376
  0.89835380626042904  0.91193097168269488  0.92550986936926793  0.93907370540630386
  0.95323651982285318  0.96825866812519901  0.98460237355648395  1.00000000000000000
 -0.00075540717159498  0.30186702333445636  0.39602058873765444  0.45375098638830219
  0.49410322949848301  0.52562182951233027  0.55124560838564807  0.57422442260056994
  0.59430646442943946  0.61210410739807497  0.62827737592691513  0.64307852568519208
  0.65665754971610713  0.66928500133897795  0.68042465974424138  0.69064553177208021
  0.70002488321466649  0.70895468405173800  0.71718204293549637  0.72490167482761236
  0.73217775247410144  0.73880748891986536  0.74544894595012634  0.75194595666113284
  0.75815407906256360  0.76406123561255179  0.76944914017679178  0.77450129682950786
  0.77929045599880165  0.78417333554258106  0.78922849246065807  0.79400957083182044
  0.79880471521251706  0.80347746060887515  0.80802165437869589  0.81254215717960654
  0.81659458054012402  0.82050649685248211  0.82435101922694742  0.82810712562240596
  0.83186555560591013  0.83557244708578071  0.83913181404951609  0.84266175602202165
  0.84619229824657416  0.84973445759893029  0.85321074396170637  0.85648261845784845
  0.85966300949511776  0.86274466232751079  0.86568245648048625  0.86854760536564757
  0.87141374583051756  0.87418186873204318  0.87683041064192868  0.87935170312997990
  0.88187033095973999  0.88433415309758789  0.88680143678934609  0.88931451855524823
  0.89180855068275544  0.89424900921529005  0.89668815454929829  0.89907592252723212
  0.90144720504252540  0.90396449401212886  0.90659378337462848  0.90923078775505695
  0.91177607960515572  0.91421976656275283  0.91657642692196906  0.91893106172544170
  0.92127551793195628  0.92360704150684192  0.92593397737647576  0.92825101399560694
  0.93052831746930442  0.93277211313171438  0.93502467562114888  0.93732614400542691
  0.93966404908039547  0.94217649131559078  0.94463006423927520  0.94710065056296633
  0.94957163778434617  0.95205939749983326  0.95460548827145753  0.95722770117988198
  0.96003908770284740  0.96306584922206151  0.96632147427633319  0.96973659965477210
  0.97355949342970871  0.97829242262364136  0.98527065717742091  1.00000000000000000
   8.8418470782984473E-014  -1.0000000000000000     
 F F F F F F F F F F F F F F F F F F F F F F F F F F F F F F F F F F F F F F F F F F F F F F F F F F F F F F F F F F F F F F F F
  <DiscreteSampler_grid>
  grouped_processes
  1 # 1 for a reference and 2 for a running grid.
  10 # Attribute 'min_bin_probing_points' of the grid.
  1 # Attribute 'grid_mode' of the grid. 1=='default',2=='initialization'
  0.0000000000000000 # Attribute 'small_contrib_threshold' of the grid.
  0.5000000000000000 # Attribute 'damping_power' of the grid.
 # binID   n_entries weight   weight_sqr   abs_weight
    10   10   3.215991084802793E+000   6.934626503100873E+001   3.215991084802793E+000
  </DiscreteSampler_grid>
