  0.00930093539403341  0.01664131569905632  0.02609169285053297  0.03809109040982636
  0.04982781281620809  0.06228404373990523  0.07596986571395779  0.08873051862948272
  0.10052225999274182  0.11155143058574724  0.12236525070665050  0.13329537040093314
  0.14417814921481545  0.15517064889181301  0.16721541429966724  0.17983438877890781
  0.19163029728987346  0.20257937337124829  0.21272487558331007  0.22305459855059742
  0.23286273777896421  0.24267900608633958  0.25172721989803809  0.25942009524720416
  0.26677450841416400  0.27487283026972087  0.28432142732161464  0.29364951619786384
  0.30274396097341988  0.31288149130305432  0.32462159645773214  0.33619214694483768
  0.34576859805555960  0.35556567934869909  0.36694150178529250  0.37973998510618284
  0.39170849485059672  0.40296572591430074  0.41416518209973519  0.42484950387334353
  0.43653010906924722  0.44859842480428830  0.46052780857345849  0.47276495784010014
  0.48583578385123882  0.50000964109211177  0.51420050646915039  0.52799253635615284
  0.54073799152839430  0.54992075001397067  0.55795087556349421  0.56571913840759758
  0.57301829517811986  0.58123984081691449  0.58932948054954337  0.59679570040326457
  0.60372678154761272  0.61225246908316100  0.62088486620209393  0.62956324631922123
  0.63717944865022336  0.64320295724140852  0.64936138738258331  0.65630898514403280
  0.66622806135338275  0.67746687560077923  0.68718939165999360  0.69722628020916622
  0.70578038293269652  0.71444493058873315  0.72344851874743799  0.73291476738188055
  0.74215569162606765  0.75131387685018913  0.76131505719849990  0.77187934826510440
  0.78291254970010404  0.79422690911001070  0.80582078399224621  0.81767926252108747
  0.82938327204947304  0.84076047128608411  0.85164860369187256  0.86199278940790214
  0.87171284209931166  0.88081004976217903  0.88993988760070664  0.89940574912376436
  0.91088949783045337  0.92410837795389633  0.93688691732571294  0.94903705745139277
  0.96001123042006720  0.97154544326893377  0.98382494462238212  1.00000000000000000
 -0.00000144107831460  0.00000391852859436  0.00001301599435058  0.00002425470410867
  0.00003579586238312  0.00004553881331578  0.00005475596235379  0.00006357160370301
  0.00007336758491470  0.00008240914674963  0.00009096480166226  0.00009949295989971
  0.00010727250779939  0.00011562868210254  0.00012472167633915  0.00013468594978706
  0.00014631362100364  0.00015814215224511  0.00016892306193562  0.00017968964736325
  0.00019092772001966  0.00020224930368987  0.00021433720303578  0.00022667413840395
  0.00023909767289661  0.00025207887532801  0.00026526642440895  0.00027823827689299
  0.00029241302688915  0.00030682598143999  0.00032224934554246  0.00033877825877269
  0.00035665185908822  0.00037727694524257  0.00039915805060360  0.00042053725052069
  0.00044211394683851  0.00046375279575288  0.00048598281837129  0.00050914481410774
  0.00053315483506549  0.00055924777047522  0.00058992085031361  0.00062362196757155
  0.00065923578908861  0.00069759857247365  0.00073615974086404  0.00077552615718862
  0.00081664707579852  0.00085965537993244  0.00090464593060381  0.00095405264970141
  0.00100121606972991  0.00104715146857688  0.00109403364046423  0.00114333766509600
  0.00120079336860278  0.00126521610867605  0.00132424634907956  0.00137788441781190
  0.00143356947475465  0.00149939896378096  0.00157184294536158  0.00165111054670653
  0.00172455854719931  0.00180416176842501  0.00190969059963106  0.00203462206476194
  0.00216882837380152  0.00230534370026509  0.00245069788748238  0.00261660613240246
  0.00277937376666626  0.00292924958501203  0.00307887094318670  0.00325684545713521
  0.00342670091874466  0.00357262086611852  0.00372899883203078  0.00392683975228724
  0.00416818660243708  0.00457979105895962  0.00504794790543583  0.00558155390918851
  0.00611350127258891  0.00660128291273222  0.00707910260911570  0.00762763480695410
  0.00836540617522110  0.00951033604401040  0.01113153918658405  0.01333233568628384
  0.01795028459434408  0.02878171210093274  0.32875374984735722  1.00000000000000000
 -0.00000043255209522  0.00000949353495792  0.00001716059175922  0.00003190984092661
  0.00004733355789846  0.00006659466187565  0.00008925741474630  0.00011510554867190
  0.00014541388651343  0.00017415144051339  0.00020467404084773  0.00024191396651944
  0.00029177351606285  0.00034807555734389  0.00040463518713457  0.00046421143848699
  0.00052961777318476  0.00059845949758236  0.00066813802489260  0.00074009618082002
  0.00081789148456465  0.00090440831372202  0.00099198896559849  0.00107207289271356
  0.00114844846082113  0.00122782606295353  0.00131157508621879  0.00140180720573625
  0.00149731105403007  0.00159644408086196  0.00170030457742239  0.00180941670155001
  0.00192134003005113  0.00203977254141412  0.00215946938954338  0.00227397779263082
  0.00238395644804660  0.00250248283693250  0.00263923817185075  0.00278718593489157
  0.00294598501679262  0.00311853266578499  0.00330238627536973  0.00349225116884822
  0.00369159148360980  0.00388941083618674  0.00408562459957397  0.00427320980677891
  0.00445962395622434  0.00464626655290373  0.00484047752328708  0.00504732393113416
  0.00528176279055274  0.00556529965055657  0.00589228211516347  0.00624203805570194
  0.00662063438368828  0.00700977946690858  0.00747958116881261  0.00795656638235063
  0.00842103353533814  0.00884601158191565  0.00925269727806602  0.00972614942800658
  0.01034139962192309  0.01088940248073139  0.01143316175017722  0.01199547577174741
  0.01258777648768224  0.01321115861634624  0.01375771551308158  0.01434574839619224
  0.01496360492415128  0.01555802920178373  0.01624845605102026  0.01699164240679982
  0.01787430279943406  0.01881445798329360  0.01973933028771564  0.02067536471046661
  0.02178440586861935  0.02325703546460804  0.02462097494274966  0.02608120713865747
  0.02792461415993593  0.03033832047237696  0.03333923766558813  0.03655206221477700
  0.03978049371363193  0.04302637170917256  0.04776104810686362  0.05417878688621772
  0.06491607045740155  0.07605136603049507  0.08026767028138426  1.00000000000000000
 -0.00243583641296926  0.00811864474742991  0.01751780601069310  0.02725003353137971
  0.03719001718776881  0.04795846477029891  0.05953175585687041  0.07120302703854250
  0.08291591664917154  0.09454685491639864  0.10588256533382596  0.11700909418186434
  0.12832627497808430  0.14020373079496470  0.15170788643079047  0.16266222291055260
  0.17257627525036381  0.18143836310977252  0.19021237401677055  0.19942569060057480
  0.20972528090876361  0.22020434611294246  0.23165206084033982  0.24363361973702821
  0.25455626712672669  0.26437838385409335  0.27372801185068985  0.28349764712647335
  0.29349339860148527  0.30330945811784038  0.31280558042463452  0.32205981275559648
  0.33119668478325870  0.34094572899817438  0.34958865300759356  0.35906183667430652
  0.36873237664537289  0.37986349996666979  0.39022162119598125  0.40062344895212099
  0.41172295728445046  0.42164056284023399  0.43185315400770052  0.44239298596684129
  0.45476810738992990  0.46671467487780505  0.47716533731667982  0.48781575197764426
  0.49868790490260312  0.51069646397362534  0.52148310407030085  0.53131906276083429
  0.54131571678169188  0.55209681283277001  0.56421256046616486  0.57717441042780737
  0.58967961003867098  0.60116413924341494  0.61223800484552815  0.62346792308495902
  0.63695832552538956  0.65128696068428615  0.66539561751323839  0.67510293052180492
  0.68437706746233873  0.69366786621393606  0.70313167360431139  0.71225047824165544
  0.72088463885836307  0.73017197166544190  0.74142750889952724  0.75329285051259831
  0.76495378664364599  0.77626387004763009  0.78713602327069043  0.79807642099287734
  0.80825172197452133  0.82125126712314900  0.83399226739127752  0.84759280805675097
  0.85932946341129723  0.86917121963062505  0.87940236319775189  0.89019634203946030
  0.90241166095759573  0.91500403694514987  0.92552471933361846  0.93456458040592749
  0.94275775269109918  0.95102441651694092  0.95956149749937625  0.96866822635533789
  0.97729672275584756  0.98502739314386789  0.99292969181282997  1.00000000000000000
 -0.00250748488646509  0.00941370895841758  0.02122135517068754  0.03293675588408338
  0.04341720992799177  0.05227263081775257  0.06116210519164225  0.07031877813965201
  0.08035880000878702  0.09149066708797317  0.10275258912018513  0.11432954289841263
  0.12649905496756172  0.13592738752261488  0.14574828131393391  0.15544354429945187
  0.16359960591204437  0.17150010647839820  0.17945294118795385  0.18819643998902391
  0.19893232910505607  0.21045687137155392  0.22262113172255951  0.23428083112111744
  0.24461278722268762  0.25470573076538039  0.26481895799693056  0.27469341408019338
  0.28395283748505173  0.29362383376785689  0.30281529926482109  0.31173184274077792
  0.32137322991048262  0.33197163783163125  0.34385831421435326  0.35576015791381349
  0.36388274351589905  0.37145367991840883  0.37879698904264736  0.38589146691831289
  0.39356150373704751  0.40158278938752023  0.40976173942577310  0.41988238860810317
  0.43225070840324986  0.44507184192466659  0.45768097580982298  0.46949938044314737
  0.48020620896678889  0.48929125052433042  0.49681350123572610  0.50443502703297327
  0.51221320246909174  0.52126569208139917  0.53282238003861282  0.54381515786909085
  0.55230404597487526  0.56042469032179876  0.56945803947223517  0.57845149748139379
  0.58671393271655292  0.59444421113013124  0.60233216078030372  0.61149052819755356
  0.62261613061592969  0.63408619830935575  0.64590552283391933  0.65814689229631007
  0.67117438356280967  0.68429990541784880  0.69725117408659032  0.70953137914287767
  0.72076856567464365  0.73159761509866372  0.74176616469442724  0.75193535860328919
  0.76453880599475832  0.77700696618142551  0.78987956153525918  0.80331536087890032
  0.81504542876325825  0.82607855958051668  0.83706655868678370  0.84853190289358416
  0.86053759304740429  0.87094743258987617  0.88113003145231694  0.89159233783235270
  0.90386077686729460  0.91857138741428479  0.93358671970633544  0.94785211862779717
  0.96078233470052921  0.97429821102970915  0.98666029109805853  1.00000000000000000
 -0.00303820029018617  0.01149891057761469  0.02250652816388235  0.03383459019816541
  0.04484950218852576  0.05617702630190113  0.06754229137517302  0.07883412410226374
  0.09040005106551585  0.10235827781941727  0.11460420497225896  0.12740500384601419
  0.14026515134174877  0.15326105762926129  0.16752603700394880  0.18050642946007120
  0.19270970568287357  0.20448227276993236  0.21465435722145251  0.22503643919294367
  0.23485443156432356  0.24554614050088225  0.25613980305423301  0.26604849951095777
  0.27521024152240914  0.28454794725698351  0.29453184943632732  0.30494953578458106
  0.31566648776893652  0.32655894341264319  0.33756733592100696  0.34825243066988920
  0.35812347828746738  0.36797060307668755  0.37800905235848781  0.38877473206990498
  0.40061025886633739  0.41322830388857185  0.42617184412954978  0.43843347490794615
  0.44934356790419155  0.45932680557471139  0.46978393533649621  0.48025104253313000
  0.49085902658630964  0.50155086678356797  0.51287611947588541  0.52533338484385961
  0.53807100492220161  0.54873917454117438  0.55857652880855424  0.56922278545488270
  0.58055996662770071  0.59154120025070400  0.60329392212671928  0.61750151243420881
  0.63217967826038080  0.64520592652790010  0.65296289366534821  0.66058892471634001
  0.66821576623451795  0.67633288263765945  0.68513121666452881  0.69447438112534299
  0.70436551854384022  0.71502766745635460  0.72642010036182791  0.73666791103695717
  0.74651307367802067  0.75711386160059646  0.76785550552375037  0.77696115614331429
  0.78546212048846575  0.79406294998326388  0.80292892302518948  0.81061154687299242
  0.81825824970946204  0.82590959483256343  0.83560796338275911  0.84600416373185727
  0.85469266746413253  0.86244099901913207  0.86992378210203858  0.87870488527978752
  0.88876144719356642  0.89866983744497031  0.90835350790223857  0.91906472889815927
  0.93115963196418883  0.94185664085474952  0.95151218899175882  0.96132756670168085
  0.97182974568031211  0.98164990007261188  0.99105979634341990  1.00000000000000000
  0.00088350757383328  0.00160710432067368  0.00285761010655253  0.00390109695173224
  0.00484753716631473  0.00573842963391703  0.00659145836626351  0.00739719460161392
  0.00819252972181359  0.00897604082725620  0.00975263640933775  0.01055421312072831
  0.01136522606224418  0.01221347592703591  0.01308362263418101  0.01398400055247538
  0.01495756624435397  0.01591084923782563  0.01686727760633723  0.01780904869798580
  0.01872716085586636  0.01961549590046138  0.02047990232768752  0.02130574146572957
  0.02205254569767182  0.02280624122159517  0.02355338837676077  0.02434270439703239
  0.02523228466122475  0.02613960807784659  0.02703354313931098  0.02788181799516132
  0.02894477571941175  0.03004211353125498  0.03109501328515289  0.03210571688602194
  0.03306634771158763  0.03397342347747644  0.03486912143520322  0.03572554009091628
  0.03651882995562797  0.03731874733430804  0.03819386359673777  0.03928038711778541
  0.04040010801689385  0.04143289996214783  0.04241949721071580  0.04339652716713004
  0.04441422113466170  0.04545883525477644  0.04661430941544364  0.04768396481896004
  0.04894153814869612  0.05012661492462836  0.05141060757876819  0.05276008634956159
  0.05411385835028033  0.05533454872130926  0.05668774162402678  0.05814281886339768
  0.05975423523498145  0.06145237619104404  0.06317537980376889  0.06506451290941885
  0.06702798813108798  0.06906384617259803  0.07101798327430725  0.07271751635807429
  0.07424030206008585  0.07601604880593345  0.07835843696010700  0.08124664060179070
  0.08212335772993883  0.08313067804129574  0.08461127884842075  0.08647538739576911
  0.08874638041495415  0.09153352347575744  0.09445770243284864  0.09796180347681890
  0.10093141654548278  0.10552530674139063  0.11062984728078015  0.11463658125510927
  0.11860781348280630  0.12252719121214974  0.12710360096451093  0.13202119201747572
  0.14103800350686718  0.15017522717836693  0.16177734240506120  0.17312688003977275
  0.18645115797787801  0.20340973779172830  0.41879961373484320  1.00000000000000000
 -0.00151025236253246  0.00804375551298265  0.01675029023105898  0.02575066974875367
  0.03561084346758690  0.04830074756364225  0.06058136049279070  0.07166943567946103
  0.08129122424015672  0.09075055217204031  0.10040617774506996  0.11111084693517516
  0.12204459094492565  0.13192108317421367  0.14101494522132202  0.15095441850269256
  0.16186980806257062  0.17282229034077509  0.18314416832659222  0.19201005937669446
  0.19980608372945766  0.20758554103583063  0.21556016447048035  0.22418948862294594
  0.23295028053475150  0.24126919732912816  0.24975059375839115  0.25943168586694504
  0.27046723890438379  0.28163096671530924  0.29173727812783096  0.30143362310491073
  0.31105212984109898  0.32189269847822888  0.33402580917767644  0.34615224955034929
  0.35785674260484651  0.36811152750385134  0.37784860463585518  0.38699074354007790
  0.39617601715286233  0.40486771477661532  0.41308350186565046  0.42112120642250783
  0.42942131939550787  0.43914317300162975  0.45174977495283830  0.46534347076025523
  0.47856386008560536  0.49332525170543989  0.50977275877741945  0.52841395377632272
  0.54522845623966842  0.55900773008028626  0.57156855785142135  0.58441536895510082
  0.59671995506391140  0.60715082402933718  0.61874413670105410  0.63065423152631173
  0.64407966909677561  0.65848257098081431  0.67175184617339745  0.68293687096771116
  0.69343442738022854  0.70362118656073191  0.71311163551328460  0.72226817277149324
  0.73099274156544081  0.73937353840689468  0.74866645164121992  0.75745882783280793
  0.76657917827133681  0.77664231523028149  0.78738357340950837  0.79782065708792949
  0.80772303580899496  0.81616653195099864  0.82519387152041701  0.83425165750150065
  0.84346569734667420  0.85285498930831860  0.86220325474045090  0.87203783221934084
  0.88164725056331539  0.89185063852723634  0.90340369302428603  0.91604005194796922
  0.92843167619492539  0.93931802764599537  0.94938259986140860  0.95841423185856800
  0.96691570199292265  0.97520636079556944  0.98719135008928771  1.00000000000000000
  0.00674131478361121  0.21154711276358629  0.30895801896258018  0.37672221634761954
  0.42928320580411261  0.47227463865087876  0.50866241692416236  0.54120682438401890
  0.57099787974982763  0.59715661854454893  0.62051936345904579  0.64215859584352675
  0.66227620139531829  0.68013507090902658  0.69619525815312300  0.71111954006466238
  0.72439807416247726  0.73702147592181344  0.74901348064334061  0.76061335202493330
  0.77184646319278494  0.78213264905822422  0.79135831521387123  0.79980061953902026
  0.80806849933155345  0.81579337456041445  0.82254399905314468  0.82916446196644755
  0.83586330865008984  0.84264426346734744  0.84912915709489178  0.85505728110639223
  0.86087469502255753  0.86672978385279420  0.87210422722222136  0.87662408584749407
  0.88065327409581917  0.88467623086459124  0.88868695913705054  0.89272621190195511
  0.89665329895907808  0.90061273591794566  0.90455947420634353  0.90838329098725756
  0.91181791788489119  0.91504028563011219  0.91810752688450548  0.92113622919457294
  0.92394031337154325  0.92661654782047187  0.92923921055610670  0.93183995850665413
  0.93470242163232087  0.93739665402179428  0.93978609340817121  0.94209514744816669
  0.94431867753312115  0.94649922530691721  0.94868305691514920  0.95081916854222803
  0.95283650309967716  0.95482752080209099  0.95703660756987086  0.95902922654008071
  0.96086763379920836  0.96267177919133484  0.96431961598819960  0.96592390919374371
  0.96741419922512562  0.96885532624831239  0.97029073251327413  0.97169185046715212
  0.97301780651693393  0.97426046426148816  0.97543342122858678  0.97659647092171087
  0.97775190180743410  0.97886613088283270  0.97992470649441499  0.98090755814444830
  0.98202271115861850  0.98316960831928524  0.98431625444600590  0.98545213307684731
  0.98648540403673213  0.98750458553712628  0.98853287690300828  0.98953796068979671
  0.99049578233795410  0.99143308083658088  0.99237634859653612  0.99336891953741002
  0.99447000700778321  0.99580304935131481  0.99756981785726195  1.00000000000000000
   1.7402311685363236E-014  -1.0000000000000000     
 F F F F F F F F F F F F F F F F F F F F F F F F F F F F F F F F F F F F F F F F F F F F F F F F F F F F F F F F F F F F F F F F
  <DiscreteSampler_grid>
  grouped_processes
  1 # 1 for a reference and 2 for a running grid.
  10 # Attribute 'min_bin_probing_points' of the grid.
  1 # Attribute 'grid_mode' of the grid. 1=='default',2=='initialization'
  0.0000000000000000 # Attribute 'small_contrib_threshold' of the grid.
  0.5000000000000000 # Attribute 'damping_power' of the grid.
 # binID   n_entries weight   weight_sqr   abs_weight
    10   10   3.944226275184270E-003   1.309167264913894E-004   3.944226275184270E-003
  </DiscreteSampler_grid>
