  0.03589103486847300  0.03852434543858266  0.04115765600869233  0.05006121503387825
  0.06046720941367153  0.08697918537344881  0.09295714760184294  0.09893510983023708
  0.10491307205863119  0.11089103428702526  0.11686899651541932  0.12284695874381339
  0.12882492097220746  0.13480288320060152  0.14078084542899558  0.16239286958294596
  0.26935670385337557  0.27453269071540976  0.27828383238903259  0.28203497406265543
  0.28578611573627827  0.28953725740990105  0.29328839908352389  0.29703954075714667
  0.30079068243076940  0.30454182410439218  0.30829296577801496  0.31204410745163774
  0.31579524912526052  0.31954639079888331  0.32329753247250609  0.32704867414612887
  0.33079981581975165  0.36805389581545661  0.47501773008588632  0.58198156435631587
  0.62582008641382558  0.62719187530152798  0.62856366418923049  0.62993545307693288
  0.63130724196463528  0.63267903085233779  0.63405081974004018  0.63542260862774258
  0.63679439751544509  0.63816618640314748  0.63953797529084988  0.64090976417855239
  0.64228155306625478  0.64365334195395718  0.64502513084165969  0.64639691972936208
  0.64776870861706448  0.64914049750476699  0.65051228639246939  0.65188407528017189
  0.65325586416787429  0.65462765305557680  0.65599944194327919  0.65737123083098170
  0.65874301971868410  0.66011480860638660  0.66148659749408900  0.66285838638179140
  0.66423017526949391  0.66560196415719630  0.66697097173633768  0.66833033621042925
  0.66968970068452083  0.67104906515861229  0.67240842963270386  0.67376779410679544
  0.67512715858088701  0.67648652305497858  0.67784588752907016  0.67920525200316173
  0.68056461647725319  0.68192398095134477  0.68328334542543634  0.68464270989952791
  0.68600207437361949  0.68736143884771106  0.69421236286646126  0.70168657878226171
  0.70916079469806215  0.71663501061386270  0.72410922652966325  0.76375325163881647
  0.87071708590924624  0.94068693523528635  0.94917073328703372  0.95765453133878120
  0.96032933565526024  0.96249893067951864  0.96424595393784329  1.00000000000000000
  0.00011432888687573  0.00020341331015237  0.00020691867891026  0.00021042404766815
  0.00021392941642604  0.00021743478518394  0.00022094015394183  0.00022444552269972
  0.00022827432251179  0.00023298235533218  0.00023769038815256  0.00024239842097294
  0.00024710645379332  0.00025181448661371  0.00025652251943409  0.00038981898201852
  0.00062838490693965  0.00063311093504511  0.00063783696315057  0.00064256299125603
  0.00064728901936150  0.00065201504746696  0.00065674107557242  0.00066146710367788
  0.00066619313178334  0.00067091915988880  0.00067564518799426  0.00068037121609973
  0.00068509724420519  0.00068982327231065  0.00069454930041611  0.00069927532852157
  0.00070400135662703  0.00070872738473249  0.00071354704818985  0.00071891375403589
  0.00072428045988193  0.00072964716572797  0.00073501387157401  0.00074038057742005
  0.00074574728326609  0.00075111398911213  0.00075648069495817  0.00076184740080421
  0.00076721410665025  0.00077258081249629  0.00077794751834233  0.00078331422418837
  0.00078868093003441  0.00079404763588045  0.00079941434172649  0.00080478104757253
  0.00081025082521925  0.00081634506143521  0.00082243929765116  0.00082853353386712
  0.00083462777008307  0.00084072200629903  0.00084681624251498  0.00085291047873094
  0.00085900471494689  0.00086509895116285  0.00087119318737880  0.00087728742359475
  0.00088338165981071  0.00088947589602666  0.00089557013224262  0.00090166436845857
  0.00090775860467453  0.00091385284089048  0.00099475962983606  0.00174314502143783
  0.00306494016383376  0.00537314422974595  0.00943991436738514  0.01069704720528331
  0.01118029543520686  0.01166354366513041  0.01202667285350315  0.01238444704109245
  0.01274222122868176  0.01309999541627106  0.01345606357492117  0.01381061939570928
  0.01416517521649739  0.01451973103728550  0.01487428685807361  0.01948828635041293
  0.03426837764487820  0.04457476107413091  0.04457476107414091  0.04457476107415091
  0.04457476107416090  0.04457476107417090  0.04457476107418090  1.00000000000000000
  0.00007924710396618  0.00008307634875598  0.00008690559354578  0.00009140312532366
  0.00009648737850016  0.00012078607744456  0.00014174492215046  0.00014668443479733
  0.00015162394744419  0.00015691223206907  0.00016241011805921  0.00016790800404935
  0.00017369734114874  0.00017981672022954  0.00018593609931034  0.00023022623444193
  0.00030288937499594  0.00032108880605506  0.00034092501430027  0.00036118174896253
  0.00038368943455894  0.00044636951725285  0.00050767398764738  0.00051887797696677
  0.00053008196628615  0.00054128595560553  0.00055248994492491  0.00056469216185869
  0.00057716267470408  0.00058963318754947  0.00060210370039486  0.00061457421324025
  0.00062811392393993  0.00064199413090854  0.00065587433787714  0.00066975454484575
  0.00068363475181435  0.00107101187932997  0.00196667929546259  0.00249765430624978
  0.00251807313119536  0.00253849195614094  0.00255891078108653  0.00257932960603211
  0.00259974843097769  0.00262016725592327  0.00264058608086886  0.00266100490581444
  0.00268142373076002  0.00270184255570560  0.00272226138065118  0.00274268020559677
  0.00276309903054235  0.00278549214424032  0.00280821915794169  0.00283094617164307
  0.00285367318534445  0.00287640019904582  0.00289912721274720  0.00292185422644858
  0.00294458124014995  0.00296730825385133  0.00299003526755270  0.00301276228125408
  0.00303548929495546  0.00305821630865683  0.00308119312896654  0.00310648925414314
  0.00313178537931974  0.00315708150449634  0.00318237762967294  0.00320767375484955
  0.00323296988002615  0.00325826600520275  0.00328356213037935  0.00330885825555595
  0.00333415438073255  0.00335945050590915  0.00338474663108575  0.00341004275626235
  0.00347881207288305  0.00363229924351039  0.00378578641413774  0.00393855621672695
  0.00409116355248801  0.00424377088824908  0.00775760452983344  0.01424035676788584
  0.02611831112061675  0.02653968035402610  0.02653968035403610  0.02653968035404610
  0.02653968035405610  0.02653968035406610  0.02653968035407610  1.00000000000000000
  0.03091442187627161  0.03136572162380142  0.03181702137133123  0.03226832111886104
  0.03271962086639085  0.03317092061392066  0.03362222036145047  0.03407352010898028
  0.03452481985651009  0.03497611960403990  0.03542741935156971  0.03587871909909952
  0.03633001884662933  0.03678131859415915  0.03723261834168895  0.03768391808921876
  0.03813521783674857  0.03858651758427838  0.03903781733180819  0.03948911707933801
  0.03994041682686781  0.04039171657439762  0.04084301632192743  0.04129431606945724
  0.04186475668853579  0.04299710550413381  0.04412945431973185  0.04526180313532988
  0.04639415195092790  0.04752650076652593  0.04865884958212395  0.04979119839772198
  0.05092354721332001  0.05205589602891804  0.05318824484451606  0.05432059366011409
  0.05545294247571212  0.05658529129131015  0.05771764010690818  0.05884998892250620
  0.05998233773810423  0.06111468655370226  0.06224703536930028  0.13778058109349711
  0.23471645770197833  0.33165233431045932  0.41705963689574777  0.42025493717152673
  0.42345023744730576  0.42664553772308478  0.42984083799886375  0.43303613827464277
  0.43623143855042179  0.43942673882620076  0.44262203910197978  0.44581733937775880
  0.44901263965353783  0.45220793992931679  0.45540324020509582  0.45859854048087484
  0.46179384075665386  0.46498914103243288  0.46818444130821196  0.47137974158399099
  0.47457504185977001  0.47777034213554909  0.48429782326000870  0.49341166825009630
  0.50168820183478424  0.50778043274824602  0.51387266366170792  0.51996489457516970
  0.52547578245460269  0.53089002391175677  0.53630426536891074  0.54172086791778318
  0.54738170430857136  0.55304254069935954  0.55870337709014772  0.56493531891293858
  0.57233036356126721  0.57972540820959584  0.63297573150604924  0.72991160811453049
  0.81326417754181701  0.81842718843401441  0.82359019932621180  0.82875321021840920
  0.83384370233649052  0.83836436793470748  0.84288503353292443  0.84740569913114139
  0.85192636472935834  0.90306412339150766  0.92293787399927785  1.00000000000000000
  0.13233971198399858  0.14671344072051551  0.14759354810769776  0.14847365549488001
  0.14935376288206226  0.15023387026924451  0.15111397765642676  0.15199408504360898
  0.15287419243079123  0.15375429981797348  0.15463440720515573  0.15551451459233798
  0.15639462197952023  0.15727472936670248  0.15815483675388473  0.15903494414106698
  0.15991505152824922  0.16079515891543145  0.16167526630261370  0.16255537368979595
  0.16343548107697820  0.16431558846416044  0.16519569585134269  0.16607580323852494
  0.16703365308921000  0.16815031413391224  0.16926697517861447  0.17038363622331670
  0.17150029726801894  0.17261695831272117  0.17373361935742340  0.17485028040212564
  0.17596694144682787  0.17708360249153010  0.17820026353623233  0.17931692458093457
  0.18043358562563677  0.18155024667033900  0.18266690771504124  0.18378356875974347
  0.18490022980444570  0.18601689084914794  0.18713355189385017  0.19098647512080572
  0.19617594966951121  0.20136542421821668  0.20655489876692218  0.21174437331562768
  0.21693384786433323  0.22212332241303875  0.22731279696174431  0.29171525300466850
  0.38902722851146432  0.40435010466472532  0.41350734316124899  0.42067702308267085
  0.42679978244352701  0.43292254180438322  0.43904530116523943  0.44516806052609564
  0.45129081988695186  0.45741357924780801  0.46387946893380982  0.47040601501005530
  0.47693256108630078  0.54316772626535992  0.56507455949200069  0.56828738878645457
  0.57150021808090845  0.57471304737536233  0.57792587666981610  0.58113870596426997
  0.58435153525872385  0.58756436455317784  0.59077719384763172  0.59399002314208560
  0.59720285243653948  0.60041568173099347  0.60362851102544735  0.60684134031990122
  0.61005416961435510  0.61326699890880898  0.61647982820326275  0.61969265749771663
  0.62290548679217050  0.65887218481178245  0.75618416031857827  0.79638823786466384
  0.80381940987737688  0.81125058189008992  0.81659242710883084  0.82151199043557899
  0.82643155376232713  0.82784492174784341  0.82784492174785340  1.00000000000000000
  0.02775710423787437  0.19399234831898540  0.20048469663797083  0.20697704495695624
  0.21408331119530849  0.22135169581767319  0.22862008044003790  0.32549196354477955
  0.39626573702687573  0.39759757502942117  0.39892941303196655  0.40026125103451199
  0.40159308903705743  0.40292492703960286  0.40425676504214830  0.40558860304469374
  0.40692044104723918  0.40825227904978462  0.40958411705233000  0.41091595505487544
  0.41224779305742087  0.41357963105996631  0.41491146906251175  0.41624330706505719
  0.41757514506760263  0.41890698307014801  0.42023882107269345  0.42157065907523883
  0.42290249707778427  0.42423433508032971  0.42556617308287509  0.42689801108542053
  0.42822984908796591  0.42956168709051135  0.43089352509305678  0.43222536309560217
  0.43355720109814760  0.43488903910069299  0.43622087710323842  0.43755271510578386
  0.43888455310832925  0.44021639111087468  0.44154822911342012  0.44288006711596550
  0.44421190511851094  0.44554374312105632  0.44687558112360176  0.44820741912614720
  0.44953925712869258  0.45087109513123802  0.45220293313378346  0.45353477113632884
  0.45486660913887428  0.45619844714141966  0.45753028514396510  0.49968799305312273
  0.50822628132159930  0.51647727862886950  0.52472827593613969  0.53297927324340988
  0.54123027055068018  0.54502281042807521  0.54856637361964034  0.55210993681120535
  0.55565350000277036  0.55919706319433549  0.56274755164499002  0.56639309905208379
  0.57003864645917768  0.57368419386627156  0.57732974127336534  0.58097528868045922
  0.58462083608755311  0.58826638349464699  0.59191193090174088  0.59555747830883476
  0.59920302571592865  0.60284857312302254  0.67066505273166399  0.73360351211689334
  0.74372548615652767  0.75384746019616200  0.76396943423579633  0.77409140827543066
  0.78421338231506521  0.81912825375064213  0.89736526340335732  0.90317749116686996
  0.90898971893038261  0.91480194669389525  0.92013541115701725  0.92524271786800949
  0.93035002457900162  0.93545733128999387  0.95196569363276162  1.00000000000000000
  0.00793945480756992  0.00845181479611739  0.00896417478466485  0.00947653477321231
  0.00998889476175977  0.01050125475030723  0.01101361473885469  0.01152597472740215
  0.01203833471594961  0.01255069470449707  0.01306305469304453  0.01357541468159199
  0.01408777467013945  0.01460013465868691  0.01511249464723437  0.01562485463578183
  0.01613721462432929  0.01664957461287675  0.01716193460142421  0.01767429458997167
  0.01818665457851913  0.01869901456706659  0.01921137455561405  0.01972373454416151
  0.02023609453270897  0.02074845452125643  0.02173118616188699  0.02280731276178348
  0.02388343936167997  0.02495956596157646  0.02603569256147295  0.02711181916136943
  0.02818794576126592  0.02926407236116241  0.03034019896105890  0.03141632556095539
  0.03249245216085188  0.03356857876074836  0.03464470536064485  0.03572083196054134
  0.03679695856043783  0.03787308516033432  0.03894921176023081  0.04002533836012730
  0.04110146496002378  0.08757168005927866  0.18425830980209959  0.28094493954492045
  0.29860447397390144  0.30640757949591241  0.31421068501792337  0.32201379053993429
  0.32981689606194525  0.33762000158395628  0.34542310710596730  0.35322621262797832
  0.43759419415989131  0.44295040102486155  0.44830660788983184  0.45366281475480208
  0.45901902161977232  0.46437522848474261  0.46973143534971296  0.47508764221468325
  0.48044384907965354  0.48580005594462378  0.49115626280959401  0.49651246967456431
  0.53373208713589815  0.63041871687871898  0.68919549758226317  0.69333463436428966
  0.69747377114631626  0.70161290792834274  0.70575204471036934  0.70989118149239583
  0.71403031827442243  0.71816945505644902  0.72230859183847562  0.72644772862050211
  0.73058686540252871  0.73472600218455530  0.73886513896658179  0.74300427574860828
  0.74714341253063488  0.77995923475123441  0.87664586449405535  0.93979457546990586
  0.94598601632828250  0.95217745718665914  0.95834558437595785  0.96047836156527233
  0.96261113875458681  0.96474391594390130  0.96641713778177896  1.00000000000000000
  0.01617008050282790  0.15273276089189139  0.15963218845044949  0.16653161600900762
  0.17419258820227684  0.18186876461986135  0.21427435316056326  0.31262152255628800
  0.31798230173581304  0.32334308091533809  0.32870386009486313  0.33406463927438818
  0.33942541845391333  0.34478619763343843  0.35014697681296353  0.35550775599248863
  0.36086853517201367  0.36622931435153872  0.37159009353106376  0.37745345393053703
  0.38419526987647695  0.39093708582241687  0.39767890176835685  0.40442071771429683
  0.41116253366023681  0.41790434960617684  0.42464616555211676  0.43138798149805668
  0.43781005698124986  0.44112913539331061  0.44444821380537136  0.44776729221743211
  0.45108637062949286  0.45440544904155367  0.45772452745361442  0.46104360586567517
  0.46436268427773597  0.46768176268979678  0.47100084110185758  0.47431991951391839
  0.47763899792597919  0.48095807633803994  0.48427715475010069  0.48759623316216144
  0.49091531157422225  0.49423438998628300  0.49755346839834375  0.52642131125324199
  0.62692526445469743  0.72742921765615287  0.81395249768938238  0.82341145859545883
  0.83287041950153529  0.83445035425650804  0.83562485425148803  0.83679935424646790
  0.83797385424144788  0.83914835423642786  0.84032285423140785  0.84149735422638772
  0.84267185422136770  0.84384635421634768  0.84502085421132767  0.84619535420630754
  0.84736985420128752  0.84854435419626750  0.84971885419124749  0.85089335418622736
  0.85206785418120734  0.85324235417618732  0.85435033942107708  0.85521258731616501
  0.85607483521125294  0.85693708310634098  0.85779933100142891  0.85866157889651684
  0.85952382679160477  0.86038607468669281  0.86124832258178075  0.86211057047686868
  0.86297281837195661  0.86383506626704465  0.86469731416213258  0.86555956205722051
  0.86642180995230844  0.86728405784739648  0.86814630574248441  0.86900855363757235
  0.86987080153266028  0.87073304942774832  0.87159529732283625  0.87245754521792418
  0.87331979311301211  0.87397188345591226  0.87397188345592225  1.00000000000000000
  0.15560876925786346  0.16039747214105082  0.16518617502423819  0.17349629439621339
  0.18338231908430885  0.24701035065250670  0.25550460946605369  0.26117544701440149
  0.26684628456274923  0.27239053787791712  0.27763505198711080  0.28287956609630455
  0.28812408020549823  0.29336859431469192  0.29861310842388555  0.30385762253307919
  0.30910213664227287  0.31533653660882033  0.32339234047665438  0.33144814434448844
  0.35815191591690371  0.36524666757594004  0.37234141923497638  0.37943617089401271
  0.38653092255304905  0.39362567421208539  0.40072042587112178  0.40781517753015822
  0.41490992918919462  0.45877864570317733  0.46007369481406779  0.46136874392495819
  0.46266379303584865  0.46395884214673905  0.46525389125762950  0.46654894036851990
  0.46784398947941030  0.46913903859030076  0.47043408770119116  0.47172913681208162
  0.47302418592297202  0.47431923503386247  0.47561428414475287  0.47690933325564333
  0.47820438236653373  0.47949943147742419  0.48079448058831459  0.48208952969920499
  0.48338457881009539  0.48467962792098584  0.48597467703187625  0.48726972614276665
  0.48856477525365705  0.48985982436454745  0.49115487347543790  0.49244992258632830
  0.49374497169721870  0.49504002080810910  0.49633506991899956  0.49763011902988996
  0.49892516814078036  0.50022021725167076  0.50151526636256116  0.50281031547345156
  0.50410536458434196  0.50540041369523248  0.50669546280612288  0.50799051191701328
  0.50928556102790368  0.51058061013879408  0.51187565924968448  0.51317070836057488
  0.51446575747146528  0.51576080658235568  0.51705585569324619  0.51835090480413659
  0.51964595391502699  0.52931283441839894  0.60511208971930863  0.60866529391831714
  0.61221849811732576  0.61577170231633427  0.61932490651534278  0.62287811071435140
  0.62621093674061401  0.62921705752599943  0.63222317831138486  0.63522929909677039
  0.63823541988215582  0.64124154066754124  0.64424766145292678  0.69402614391893058
  0.79601742927928265  0.88992327849070230  0.88992327849071229  1.00000000000000000
   7.3848291347693484E-012  -1.0000000000000000     
 F F F F F F F F F F F F F F F F F F F F F F F F F F F F F F F F F F F F F F F F F F F F F F F F F F F F F F F F F F F F F F F F
  <DiscreteSampler_grid>
  grouped_processes
  1 # 1 for a reference and 2 for a running grid.
  10 # Attribute 'min_bin_probing_points' of the grid.
  1 # Attribute 'grid_mode' of the grid. 1=='default',2=='initialization'
  0.0000000000000000 # Attribute 'small_contrib_threshold' of the grid.
  0.5000000000000000 # Attribute 'damping_power' of the grid.
 # binID   n_entries weight   weight_sqr   abs_weight
    10   10   1.220384576416054E+005   1.036768262299226E+011   1.220384576416054E+005
  </DiscreteSampler_grid>
