  0.00884905134145002  0.01774118809810830  0.02970300463972743  0.04140409454072885
  0.05228009848170138  0.06329155567095084  0.07343720983629855  0.08268016553984056
  0.09113738799251367  0.10043062565908253  0.11001358566101584  0.11887244124321496
  0.12760201975474139  0.13717289539929969  0.14731595629442318  0.15817267693179787
  0.16917829723206157  0.18028084347381229  0.19050794150031181  0.20003602396735562
  0.20906642340298751  0.21812437895034920  0.22904999429983489  0.24051960930662000
  0.25108754908828235  0.25990649740960092  0.26812339108764294  0.27758940019053702
  0.28779814080888788  0.29943247791453187  0.31197657924745736  0.32526066207665921
  0.33790181042684031  0.35002290284537174  0.35951125876548756  0.36737289711744575
  0.37552225517969129  0.38412681069097704  0.39350269677307204  0.40318594412199732
  0.41262377303325881  0.42356901659223262  0.43548030226853152  0.44735105331396774
  0.45892495139570361  0.46959336776416410  0.48043102381483843  0.49150689529328029
  0.50252765044054604  0.51307611164869871  0.52352777758657199  0.53449807643790725
  0.54527189416373611  0.55616748950416450  0.56843019823731455  0.58169723767209702
  0.59331710446522345  0.60337104139668041  0.61303854147221293  0.62320405569841175
  0.63430176623355616  0.64507944966242348  0.65561041389721131  0.66543547989188945
  0.67467949046231390  0.68397239659754339  0.69367516655262318  0.70479442258595759
  0.71726281587113594  0.72975523768434636  0.74137897084478455  0.75289154724185170
  0.76518153814973233  0.77715060781454526  0.78700725883749345  0.79585108406690863
  0.80481047774191672  0.81489569611699408  0.82594067652090120  0.83755417381072472
  0.85002662377746230  0.86308713642499157  0.87576189119973180  0.88778480827827844
  0.89877481864630060  0.91141652848441135  0.92102034538514754  0.92860914880399548
  0.93819838940650291  0.94875278515253070  0.95835430956490519  0.96677043609870728
  0.97475342666642151  0.98634100834176786  0.99039546413898505  1.00000000000000000
 -0.00000250889434028  0.00000721600204994  0.00001900649049041  0.00003070647291356
  0.00004187657484006  0.00005266091829629  0.00006317851331173  0.00007459890365834
  0.00008487576287205  0.00009459826838175  0.00010346081714225  0.00011209491634935
  0.00012089617494880  0.00012974362381546  0.00013871821464926  0.00014826529803310
  0.00015907570849217  0.00017105195281820  0.00018363200702338  0.00019646455073863
  0.00021140224489346  0.00022586669202470  0.00024113087659513  0.00025635967539925
  0.00027070560440498  0.00028458377273524  0.00029931481562587  0.00031603993355218
  0.00033282544262985  0.00034965901171685  0.00036697231971816  0.00038555555359793
  0.00040456235887180  0.00042323000306483  0.00044217234862891  0.00046212124674909
  0.00048258479516662  0.00050305075555083  0.00052305926692437  0.00054235884231448
  0.00056283468842938  0.00058548445720368  0.00060854249727662  0.00063206891627181
  0.00065515578584526  0.00067814229576334  0.00070332855735361  0.00073032357095637
  0.00075953375382669  0.00079211096607404  0.00082725473288016  0.00086352387453486
  0.00090174180849393  0.00094159278393884  0.00098547958499956  0.00103227838049737
  0.00108297508363987  0.00113692200529987  0.00119492498951951  0.00126180079635894
  0.00133277597280043  0.00140346532462285  0.00148125400519014  0.00156406833445982
  0.00165165483864194  0.00173975319813600  0.00183585889926231  0.00194929699859453
  0.00207354385723709  0.00220810131707527  0.00237017303606118  0.00255438784636654
  0.00274595142429200  0.00296699735954374  0.00319199484100777  0.00343295306455004
  0.00370418999453383  0.00400991878855588  0.00432987680769691  0.00469210185443200
  0.00505039439431110  0.00541207212409892  0.00579040171192719  0.00620764759261673
  0.00664761869266374  0.00714310523533115  0.00791692319869966  0.00910170171484154
  0.01060152013827118  0.01229577286212557  0.01452405824474723  0.01903065980233256
  0.02644273733685664  0.05369267199480360  0.13153677738439956  1.00000000000000000
  0.00000011978200162  0.00001254391716357  0.00002591573787128  0.00004281276058349
  0.00006548890204178  0.00009649940234412  0.00013387940277730  0.00017421294028964
  0.00021503725633584  0.00025475263696698  0.00029881065519429  0.00035444526677084
  0.00041953850538640  0.00047980894086827  0.00054116189729679  0.00060564324754698
  0.00067665145766645  0.00075314451103740  0.00083461457552876  0.00091920910092900
  0.00101338431060591  0.00112041359503609  0.00122701970686268  0.00132186536338684
  0.00141622369718028  0.00151217360074555  0.00161456732517973  0.00172104224380566
  0.00182420447921773  0.00192605852919073  0.00202575647057986  0.00213290270734294
  0.00225189613508332  0.00237975777648183  0.00252045209656562  0.00266506342647476
  0.00281340856673403  0.00299086151932847  0.00320090545919421  0.00340665521508841
  0.00362282890812356  0.00382298723951290  0.00400187529905163  0.00416765385396639
  0.00434917082126187  0.00454832630957598  0.00476947947194707  0.00499511304159279
  0.00521857663318887  0.00544715682722770  0.00568044409378264  0.00591495693710050
  0.00614298696797003  0.00638784378272734  0.00665342562981136  0.00692417288731074
  0.00718641934553409  0.00745417929223307  0.00772556905207346  0.00803104674188172
  0.00834934088585549  0.00870993824248944  0.00913754403391353  0.00958421210515316
  0.01000891656275262  0.01042213473232944  0.01087195888809098  0.01139716233089830
  0.01200555123871990  0.01252557869813233  0.01296214193535921  0.01342604464534971
  0.01392292069915559  0.01449854281336150  0.01511648008318628  0.01579757261508785
  0.01666314691752259  0.01766612368138066  0.01868910673193009  0.01963961769738686
  0.02077021232613145  0.02205247223280378  0.02325253859077656  0.02445896208629612
  0.02572792554376527  0.02697106724299382  0.02854212008942336  0.03101140954765339
  0.03462228772141560  0.03914291744395001  0.04438251263550796  0.04924528780319622
  0.05781932385501694  0.07040165294294620  0.08697635397974976  1.00000000000000000
 -0.00294334838974008  0.00906341559241939  0.02028153616650730  0.03081458459899448
  0.04130442021890410  0.05205304293613501  0.06315848363701371  0.07518198216843325
  0.08755754405578625  0.09944181785954966  0.11068676544615506  0.12132369980532363
  0.13180173541104789  0.14221380717155332  0.15149457084911352  0.16003584464078902
  0.16928897031875051  0.17937100254127528  0.18938126054068702  0.19988676630803690
  0.21096594361476115  0.22226691769688747  0.23313462779979055  0.24349686292797110
  0.25359538449843272  0.26383827619089911  0.27474569264134285  0.28623533478975760
  0.29774476610868778  0.30836306283272547  0.31864786972925518  0.32826723760150422
  0.33768266906954275  0.34678716214265642  0.35663766812827868  0.36773244125369359
  0.37824062917183177  0.38783955546876764  0.39715575961272731  0.40679186902527265
  0.41673215427678628  0.42646512135228837  0.43635851156999511  0.44739246462178389
  0.45961640219473882  0.47268496516739461  0.48493989101495999  0.49555983718478591
  0.50463016843134445  0.51280940884855530  0.52181271956879083  0.53153518137601319
  0.54066098960693310  0.54995555410930563  0.55987675418373517  0.57179276895664299
  0.58425932841143824  0.59636187199070778  0.60822590096127360  0.61973737141179841
  0.63097445102764538  0.64278946635685408  0.65516681002516608  0.66879064483157136
  0.68052185502626128  0.69236930931520957  0.70463499523743300  0.71862057643404298
  0.73201602611560757  0.74363181504012987  0.75381364286922337  0.76473658125114519
  0.77426998842648931  0.78303061042288225  0.79120951844713960  0.79992478966159675
  0.80922534662622170  0.81824006306536834  0.82719258867192869  0.83643442421018754
  0.84548259460206376  0.85419496837777431  0.86370827746332846  0.87440275171426851
  0.88719980151239419  0.90058384224669097  0.91288196073667438  0.92462110727598790
  0.93576156307947578  0.94598365090298242  0.95572176226530792  0.96535691016297320
  0.97467455645711176  0.98321192352958398  0.99157217718326651  1.00000000000000000
 -0.00193555062420305  0.00931135150012367  0.01764334392241865  0.02650573760092048
  0.03549994764937855  0.04530540221574832  0.05379123374436148  0.06288676857499212
  0.07357794002431223  0.08515147823567401  0.09642896322055330  0.10778482739309954
  0.11918587160483410  0.13026858561435201  0.14089465054308348  0.15288152411655381
  0.16510550408298488  0.17775734357033013  0.19007421170152863  0.20363164089568617
  0.21707696415660063  0.22940698694933795  0.24084138386680753  0.25211411500804093
  0.26459443913372893  0.27622413022544207  0.28813268020708399  0.29766243346865578
  0.30707465412790180  0.31661099031686118  0.32600765420211725  0.33506749335825392
  0.34368919947627891  0.35213423941423921  0.36158987823813477  0.37241052358475529
  0.38393268921515189  0.39536850698530046  0.40739563544713214  0.41972668810609715
  0.43141503765359340  0.44219405538223250  0.45223491039063474  0.46228418390025960
  0.47305550441304167  0.48381710107055576  0.49436683780675206  0.50529213303701170
  0.51684620142650628  0.52915189966871867  0.54179904233753073  0.55352495991515005
  0.56407892871012499  0.57368004348201851  0.58395957936734877  0.59447859989997498
  0.60519000361522812  0.61602303574973349  0.62768571676540696  0.64068788411443411
  0.65329182986441892  0.66492880849824709  0.67550848033801214  0.68537083489877904
  0.69475884577452818  0.70396508823884518  0.71467990162812522  0.72483115562317002
  0.73459254446488209  0.74390712355068223  0.75270286386329965  0.76118148701846311
  0.77030746501216707  0.78037930523153753  0.79088184887737667  0.80045993892251577
  0.81015243890013289  0.82082662853222821  0.83196484835665840  0.84299160579652499
  0.85400961498277506  0.86503435743537871  0.87611262954865599  0.88567073502659233
  0.89631025541551312  0.90717702551526502  0.91748690213425665  0.92711253464883459
  0.93709316723059177  0.94753786353170477  0.95693502140847408  0.96532714310099277
  0.97333898424850529  0.98169506885894775  0.99047301328804205  1.00000000000000000
 -0.00184604316425259  0.00884561590174056  0.01828948814224966  0.02800056799302173
  0.03788312862031128  0.04857363027752109  0.06022589436119357  0.07281492595285154
  0.08479548486391882  0.09573580444735393  0.10558194454344100  0.11568394280888962
  0.12458242648485675  0.13252565061760632  0.14043218170975627  0.14942454775196126
  0.15953183508026567  0.16996976024341240  0.18018321621996308  0.19036765765435956
  0.20082156844959917  0.21161699002351453  0.22250198416496381  0.23322199934435375
  0.24411606783875947  0.25595466142304291  0.26959610541306350  0.28289275888877896
  0.29528017797953443  0.30718253836989456  0.31918778596779951  0.33191592458278824
  0.34553074232713044  0.35904580475705478  0.37174099788438986  0.38467790244286698
  0.39700323537190813  0.40845150847509565  0.41922998511356485  0.42943665295595607
  0.43926306357327483  0.44855604831327295  0.45798209368350107  0.46691106926261694
  0.47570565502681172  0.48465129101370757  0.49404228020921714  0.50359145471691835
  0.51300267547504108  0.52255730848173776  0.53232952927119104  0.54255257687245950
  0.55285166624051285  0.56265729886564442  0.57163463843378937  0.58038594798442122
  0.58930932228936572  0.59949854945266201  0.61081236909285985  0.62320580572323003
  0.63629915386287750  0.65013593986484852  0.66406127573054796  0.67589284174216702
  0.68709701991755789  0.69686432020496558  0.70514439998093148  0.71304676445014181
  0.72133774737345391  0.73054658920803828  0.74078327262686394  0.75097260569023283
  0.76037337125286919  0.76968010763808392  0.77897823769708674  0.78842716003309488
  0.79785509354000195  0.80692802352702009  0.81782602326268805  0.82999538098502612
  0.84220961340845080  0.85472037965936920  0.86764544593255710  0.87997643957280314
  0.89112428446409164  0.90164290163466743  0.91302983465274734  0.92557176070970359
  0.93684776648598977  0.94629258541977435  0.95522225807714289  0.96489141048872218
  0.97478709156512666  0.98381880138992261  0.99192472805814724  1.00000000000000000
  0.00080977000229817  0.00199036563847821  0.00281408360438007  0.00353719879903232
  0.00421448709106914  0.00484640284586941  0.00544626731421783  0.00604072691214903
  0.00662016138293580  0.00719934286003629  0.00778039563401840  0.00835114851926010
  0.00890791990615197  0.00947087124367056  0.01004934262267579  0.01062430852924655
  0.01119746271982930  0.01177880893595108  0.01236178948523056  0.01291678457702228
  0.01347160038142897  0.01407042949432389  0.01466745322136677  0.01529440298577046
  0.01595925572080144  0.01666205866895570  0.01740704432979475  0.01817477991399288
  0.01886776975025558  0.01954918893081137  0.02023112162106169  0.02088704285294493
  0.02151249584754414  0.02213123784615372  0.02271735210311187  0.02329482237907548
  0.02388761439897053  0.02453965400271096  0.02527143340838950  0.02606210146189353
  0.02689288470744504  0.02769116933756514  0.02850000871303668  0.02942169341001362
  0.03043377418297437  0.03145616279260611  0.03253835003176571  0.03349508481297508
  0.03441988182762070  0.03531157303423395  0.03617644913773183  0.03706433488633624
  0.03798872156178264  0.03899058016705905  0.04005975274347966  0.04127043473181322
  0.04245445836691561  0.04340194690176900  0.04429460912912022  0.04526352585078053
  0.04626982592767415  0.04800207941541091  0.04965597918768336  0.05110482189027050
  0.05239195077853331  0.05362585355586977  0.05488074150023948  0.05608649194354682
  0.05725275091170381  0.05843066185145526  0.05976569839851778  0.06113012743144854
  0.06252362294080047  0.06392925710390354  0.06552175641610558  0.06683578096395562
  0.06823633789989171  0.06967789865038496  0.07141211335659793  0.07411397856656096
  0.07681336378538370  0.07937566565716918  0.08175772787539730  0.08549100527511902
  0.08977960267766739  0.09531426429664995  0.10327336757759849  0.11217018449060145
  0.12037430672295457  0.14121198882591973  0.15410362281446480  0.16665597760786166
  0.17998724094973820  0.20201883188794306  0.61684815175603780  1.00000000000000000
 -0.00172954662647961  0.00914801702924276  0.01878630856943728  0.02902635378109768
  0.03906311617584679  0.05025667931996537  0.06286102890225015  0.07558381695916166
  0.08808928092117056  0.10106525369973916  0.11416940319181144  0.12746472732234407
  0.13969793578700579  0.14996507327090128  0.15873280339408960  0.16763595403169895
  0.17719101826920142  0.18671122935271808  0.19528164135477691  0.20278395558687431
  0.21046282864413257  0.21858037811992567  0.22713097341960542  0.23666673774029245
  0.24743108716169282  0.25857645087110875  0.26904853553749353  0.27864757111492466
  0.28771879076698598  0.29650522637771726  0.30612412850244169  0.31537100031011445
  0.32478157963257581  0.33448505485616192  0.34485960742987515  0.35622450818828011
  0.36824400290528625  0.38119197693052814  0.39509302864904172  0.40998199515622585
  0.42522924965995018  0.44013386059291937  0.45680386458453948  0.47436669082811012
  0.49410623568918927  0.51246890859625382  0.52796950486110950  0.53993180267578833
  0.55045774364998257  0.55993050283896750  0.56932031628114432  0.57834419176830854
  0.58897322466594015  0.60051941873188908  0.61202099645464769  0.62362334531108998
  0.63471989450297084  0.64506186954499911  0.65572784940295936  0.66634601430085805
  0.67700664458300541  0.68737994051206108  0.69776588319229460  0.70803704111806698
  0.71782048501787366  0.72740653051128423  0.73690108180425518  0.74758977517689140
  0.75611929619473839  0.76419616900544229  0.77155458781745045  0.77891795841234046
  0.78624720988531449  0.79366605594732020  0.80073538365501584  0.80781379592133817
  0.81540985630423546  0.82368384632248826  0.83257093989211040  0.84223996572027870
  0.85224445402158189  0.86358690912643032  0.87453120978330201  0.88470128308266271
  0.89450681098162943  0.90306940231218891  0.91117159665498759  0.91954866758303200
  0.92834504316246069  0.93747308666083262  0.94713887388097873  0.95633841252900298
  0.96651389045967329  0.97656597005527823  0.98774695416436198  1.00000000000000000
 -0.00035842613745269  0.21565448716488853  0.31333227703925598  0.38285624590568285
  0.43323485083700591  0.47463716141391465  0.51036431481958888  0.54192831303260225
  0.57056959259637929  0.59634462154418066  0.61889116372311148  0.63853841584832205
  0.65651525491387763  0.67322530107552192  0.68919258023652963  0.70447858942362196
  0.71914862726870832  0.73269423339530249  0.74542145756266120  0.75704979445311460
  0.76721018702372590  0.77663851886208546  0.78589359661273650  0.79552137097961717
  0.80422132374924493  0.81185208454789326  0.81921706414607465  0.82722106175441834
  0.83524540267873237  0.84243872827029986  0.84900283868818793  0.85508418556585830
  0.86083671437417553  0.86639494439039400  0.87177770026466628  0.87677020615756851
  0.88130013410351804  0.88566735705136945  0.89003902698148951  0.89437292569825588
  0.89835633472311949  0.90209444218361856  0.90555924616807815  0.90872618251341564
  0.91197810204656971  0.91512304920360676  0.91831858484224138  0.92109153021358403
  0.92410340650807266  0.92684677407596106  0.92956401004907030  0.93217593223842743
  0.93469345411829596  0.93710723243679994  0.93926071564585256  0.94126222685580752
  0.94317445804934263  0.94511237194532338  0.94704189467954281  0.94894929281687834
  0.95083919852609355  0.95261437003846650  0.95433811621552211  0.95603454347652517
  0.95766600587650552  0.95926795236481577  0.96089633951531028  0.96230373081580778
  0.96390292205580930  0.96554081629124699  0.96718166859255017  0.96874710494264227
  0.97026455105185649  0.97179689939664404  0.97319723187938145  0.97453621315216954
  0.97584198977673497  0.97713165320841677  0.97835692190056267  0.97955382751205622
  0.98072597137447504  0.98188889949771341  0.98306501116780320  0.98422660737189160
  0.98536294028983051  0.98651190800672051  0.98762349962422658  0.98872532502721477
  0.98982725372556790  0.99100254470849791  0.99218134466066976  0.99335973729851768
  0.99454213284679993  0.99596186899287509  0.99762455099900804  1.00000000000000000
   3.1187178939004856E-013  -1.0000000000000000     
 F F F F F F F F F F F F F F F F F F F F F F F F F F F F F F F F F F F F F F F F F F F F F F F F F F F F F F F F F F F F F F F F
  <DiscreteSampler_grid>
  grouped_processes
  1 # 1 for a reference and 2 for a running grid.
  10 # Attribute 'min_bin_probing_points' of the grid.
  1 # Attribute 'grid_mode' of the grid. 1=='default',2=='initialization'
  0.0000000000000000 # Attribute 'small_contrib_threshold' of the grid.
  0.5000000000000000 # Attribute 'damping_power' of the grid.
 # binID   n_entries weight   weight_sqr   abs_weight
    10   10   2.110227640701732E-002   1.693275894278647E-003   2.110227640701732E-002
  </DiscreteSampler_grid>
