  0.00913142541221051  0.01882165435753160  0.03073598264620586  0.04222777858339483
  0.05227698104880982  0.06220665448719629  0.07210076230629117  0.08221406913639190
  0.09295937832786477  0.10398699891396337  0.11503509639479376  0.12590764751642888
  0.13674573223463243  0.14750045697075267  0.15832683645587095  0.16901868682422849
  0.17945420708855692  0.18966277177167129  0.19952247659461156  0.20925965157145876
  0.21904485323486891  0.22932438656866583  0.23995725711889038  0.25096832951374276
  0.26194636099475099  0.27290159954766346  0.28338145924064706  0.29349847247899863
  0.30356439642473798  0.31356374824602751  0.32355816351936717  0.33365328381678822
  0.34432723824680650  0.35488545107024222  0.36490314145055558  0.37531867975134137
  0.38698963990140695  0.39917629415791767  0.41087721954293943  0.42220093028232036
  0.43355239397535383  0.44462801146673930  0.45528248225861567  0.46591387976943133
  0.47644283611515870  0.48698987220953588  0.49722637868088981  0.50702694149729455
  0.51690728935787766  0.52727724346791482  0.53796128163874146  0.54786947644975681
  0.55737436722428735  0.56710174603631824  0.57689250720108509  0.58647140105959328
  0.59579381438291046  0.60552108634015400  0.61604194857025285  0.62671589999599531
  0.63691606212505381  0.64747356558932734  0.65846492099432652  0.66996461310124711
  0.68114378249358376  0.69169407147078643  0.70224888323267742  0.71301861255158272
  0.72369106191075960  0.73372838481552594  0.74334076543320149  0.75386667755578629
  0.76549601303730641  0.77705098356659041  0.78795397684690305  0.79817359344875283
  0.80779916676921604  0.81728027918615653  0.82722925056035768  0.83762610274036375
  0.84823636981282913  0.85864307132120676  0.86871787715533599  0.87866900973019835
  0.88917828691333689  0.89952124132621292  0.90959487238672865  0.91996520725036401
  0.93056861869797813  0.94152397541288402  0.95220538748119188  0.96277130616315543
  0.97269778984405186  0.98276956148404215  0.99104868816689573  1.00000000000000000
  0.01133930976942383  0.01410485309298936  0.01569715736761403  0.01693242564398485
  0.01798044694086114  0.01890423148386549  0.01975846886982635  0.02057510759486822
  0.02134179399980636  0.02210211499103863  0.02288653350787383  0.02370328360457040
  0.02454691831286687  0.02538130298345612  0.02619174449646462  0.02697867207890276
  0.02774272778763632  0.02848283334152967  0.02920453104156847  0.02992179950706871
  0.03064550091951112  0.03138097870747496  0.03212456391085194  0.03286643096228356
  0.03362229122519107  0.03438419369958894  0.03514580357872429  0.03590979705939341
  0.03668198580395194  0.03749166140669511  0.03831849279837430  0.03913010404803343
  0.03994680239610660  0.04075987288937225  0.04159080081016692  0.04244789617032510
  0.04332128492928618  0.04422368706456203  0.04516704200253818  0.04609853376324787
  0.04701359871741327  0.04797327865241494  0.04892678135953851  0.04984177680357882
  0.05073595688217605  0.05163081516140852  0.05255409228772094  0.05347533446716011
  0.05447937923492878  0.05553423308158003  0.05660639562024839  0.05774259919972541
  0.05890865184846813  0.06016553349958421  0.06151944841660167  0.06286489095084628
  0.06425071940749474  0.06571762256249367  0.06725208607389589  0.06885340118567095
  0.07049989308624041  0.07213984589557845  0.07389060887519243  0.07564894300597154
  0.07745569995442633  0.08011423443052307  0.08247219203491483  0.08489006902879652
  0.08736385630943888  0.08994995448619228  0.09267240071762244  0.09550441533694932
  0.09875639629816034  0.10223223425648879  0.10570565006716665  0.10938547535131547
  0.11283125526497574  0.11603041709289758  0.11951140274012942  0.12332587369327846
  0.12721478145350923  0.13112560437323587  0.13610479648966031  0.14190310092428121
  0.14997634469731408  0.15666772558427788  0.16186872227399959  0.16774518228154617
  0.17408024078031445  0.18579024911885952  0.20125522597866941  0.21715669332443388
  0.23794879715838571  0.27050880239753022  0.60509299042213882  1.00000000000000000
 -0.00000720451112498  0.00004150274869019  0.00008221925752270  0.00011623557886621
  0.00015504665412309  0.00019958514591450  0.00024472049880864  0.00029269952324215
  0.00034851492345469  0.00041264868988156  0.00047903891144284  0.00054453633025324
  0.00061399286114354  0.00068853287809585  0.00076557717519361  0.00084421603425766
  0.00092409335594490  0.00100913872813716  0.00109883776161608  0.00119323640221796
  0.00128878078376658  0.00138644168599174  0.00148854531240342  0.00159591454933509
  0.00170704673489177  0.00182518182721631  0.00194409905864632  0.00206676698057801
  0.00219106126864608  0.00231813674546882  0.00245043391174143  0.00258824548472879
  0.00273335281195110  0.00288601935038377  0.00303888682581867  0.00320167603152003
  0.00337227994846645  0.00355034275488501  0.00373558097794642  0.00393213538971066
  0.00413846797690650  0.00435672194456230  0.00458387489063991  0.00481883967502311
  0.00506777897711254  0.00533942362570755  0.00564254209170510  0.00595095181335157
  0.00626639333236249  0.00656672039172641  0.00685248411012878  0.00714334813545227
  0.00744382900676420  0.00775506510489652  0.00808417153670843  0.00843472893483748
  0.00880878744575349  0.00921721565891935  0.00966521317025265  0.01013656068719863
  0.01062162856597610  0.01111083447922766  0.01159346583512457  0.01210115836329067
  0.01264653968011058  0.01324789734225861  0.01391269170260591  0.01461526327576708
  0.01536214191203528  0.01614086828196197  0.01694103158763250  0.01781292180973823
  0.01874613360117821  0.01978640841833692  0.02096799446719568  0.02237446334779104
  0.02409677026233975  0.02597760941298409  0.02783177563043000  0.02965724227765763
  0.03149372688995208  0.03343947059473993  0.03550272032257864  0.03765706053170344
  0.04006704895888757  0.04290788901339174  0.04608295443213916  0.04972723260640740
  0.05393468390956502  0.05855423206945566  0.06396403155858271  0.07125487055610381
  0.08761798468593571  0.12606682170980063  0.38246620194764647  1.00000000000000000
 -0.00224800509766609  0.01005686203013838  0.02034355004738951  0.03042819538418636
  0.03990244226347826  0.04929814178375507  0.05897744519712259  0.06846361009424853
  0.07802088361438089  0.08745600945882193  0.09744965172063468  0.10781931634416142
  0.11917005493497920  0.12987808276918286  0.13980138516669674  0.14969084342750844
  0.16002545297126039  0.17056267760037705  0.18064722482603501  0.19105981411294107
  0.20179801103312522  0.21261813889842188  0.22331261264658986  0.23426381203787808
  0.24544252083842663  0.25632250000607787  0.26691534278168033  0.27718178568175955
  0.28710250513850538  0.29718913022671062  0.30708981342558878  0.31717858122514198
  0.32729568822876898  0.33789954265596162  0.34922410018637279  0.36100264999294779
  0.37251553827597528  0.38303520717084905  0.39292476474823096  0.40285300469900254
  0.41266826134828954  0.42242103582606161  0.43299970986296288  0.44512629322427916
  0.45759803783666636  0.46873411236263496  0.47893379171626266  0.48935893148748522
  0.49961031692965940  0.50976837793285190  0.52000048367316842  0.53087249496480038
  0.54182778893076133  0.55216167168915631  0.56187112203087530  0.57119066285190334
  0.58055453222413478  0.59016253507507377  0.59976731724730825  0.60937660410801797
  0.61932487756211074  0.63003151233891008  0.64148227819940529  0.65288950121342659
  0.66391821853149380  0.67470581557783282  0.68568311877825550  0.69703855442348628
  0.70820116403545219  0.71908809036202936  0.73016669084077446  0.74088151555927040
  0.75222260177433387  0.76271905698935194  0.77330373570615030  0.78393591347488978
  0.79488022303276940  0.80609938212359888  0.81671985708857930  0.82713089916104388
  0.83709494505697268  0.84641715016281127  0.85577552042683047  0.86520660055305798
  0.87470590932587766  0.88464302085801894  0.89540324234633650  0.90689015313603094
  0.91788724824394063  0.92803939155595194  0.93839735157467696  0.94966507338975903
  0.96185743271091517  0.97500363357165354  0.98757425634284468  1.00000000000000000
 -0.00256067031684577  0.00841723500336676  0.01830200644831826  0.02809825203884093
  0.03789295719010140  0.04810267777866987  0.05869180958784011  0.06983783628747732
  0.08097405867735029  0.09168381740603383  0.10233577356886991  0.11290438526116517
  0.12357553945347891  0.13433582557063845  0.14517056996712546  0.15581707662054980
  0.16625395042177407  0.17739962803366427  0.18878587711994751  0.20003162210985648
  0.21155516696432428  0.22343605047652185  0.23518405983795626  0.24660720317940354
  0.25692344753821383  0.26693322281595350  0.27685315163315449  0.28638009895922556
  0.29557903430732313  0.30464646470021639  0.31351799545582792  0.32294766351410314
  0.33231084277373690  0.34300314090463324  0.35392176165672123  0.36493943735712919
  0.37535222969122517  0.38534349026338610  0.39485919795463431  0.40449193606794598
  0.41427275371095829  0.42463137208278018  0.43529570361074726  0.44619779744720955
  0.45730183082297182  0.46795189908579976  0.47881462657585100  0.48891330529179328
  0.50013065151837877  0.51089210057572254  0.52149262799811869  0.53199013744262413
  0.54304587208249644  0.55445081956503206  0.56608164535567207  0.57772413672119682
  0.58823167412983979  0.59769181446248831  0.60754495023171795  0.61733074116416253
  0.62745518740560391  0.63731763412629194  0.64744782625444430  0.65820913554311944
  0.66854798736486265  0.67861332319904977  0.68939031670211204  0.70006908723312600
  0.71034543597868050  0.72077455902513798  0.73140590680191664  0.74237507776711387
  0.75335195974920266  0.76451152783326326  0.77529029756180279  0.78532603766832487
  0.79551168836509167  0.80615029994050413  0.81725520180063127  0.82769376586489729
  0.83755299487742119  0.84732961511295524  0.85765654427993010  0.86836500560650687
  0.87885201951013370  0.88935087718594963  0.90030975622239617  0.91167209224154611
  0.92304940143263092  0.93483547953023516  0.94661813037701537  0.95885567379171255
  0.96992263215351004  0.98054862797901732  0.99017787536802948  1.00000000000000000
 -0.00153100029323151  0.00535279789658685  0.01209155533558835  0.01900144748660578
  0.02599097286180111  0.03293521469501038  0.03986705842319545  0.04707868735497744
  0.05444101236093646  0.06192276479643143  0.06925946050571921  0.07656205351536198
  0.08383283925573166  0.09104609259043719  0.09819621355010769  0.10528532728382105
  0.11244180057056456  0.11964617011181410  0.12704191944873292  0.13511718602359346
  0.14326546493892398  0.15153798410401184  0.15938691662392612  0.16712035763212724
  0.17415263163695044  0.18107681816562016  0.18832483359544763  0.19572962795270274
  0.20326842821231181  0.21058379002132632  0.21783195659685897  0.22486840736393027
  0.23238970626916999  0.24037957371564700  0.24860621293875387  0.25690356705376843
  0.26525219935193256  0.27381212035896441  0.28262937660603604  0.29172777658250287
  0.30057604391797083  0.30964545100972912  0.31926720061605218  0.32925643323811360
  0.33949694152833237  0.35002371689583517  0.36076285619368753  0.37149308553091298
  0.38204239418295183  0.39206032213287956  0.40254810729575397  0.41267681936111006
  0.42269915721511353  0.43244922562821270  0.44212012052901883  0.45204812197026734
  0.46231720253188763  0.47231947437014599  0.48199504474859572  0.49199923158136222
  0.50188721252564883  0.51305433942413481  0.52335725752486217  0.53384468053740486
  0.54427227579404991  0.55492000340632863  0.56580022552277320  0.57674297218495119
  0.58751235315565620  0.59830083625967301  0.60912893435900251  0.62029039787029749
  0.63201842509052919  0.64511238623616629  0.65886963643049845  0.67364584258765903
  0.68868852340682030  0.70324499639202653  0.71718496182360769  0.73077694867629206
  0.74463052433666921  0.75866684153996145  0.77287263934187433  0.78720704894096971
  0.80167727706251524  0.81661272587919320  0.83247015933140522  0.84930963397172932
  0.86684370018364165  0.88494301423755484  0.90372081841040197  0.92303471890269528
  0.94330493765337431  0.96335046171254257  0.98206299886240223  1.00000000000000000
 -0.00301466912368970  0.01121168349265800  0.02316653382999160  0.03508062093674323
  0.04650969092293126  0.05782527398960171  0.06897535982523456  0.08019641934315645
  0.09161609261977793  0.10264380170731766  0.11276564506098251  0.12228432459921640
  0.13158982167536226  0.14102088815579056  0.15058792904198609  0.16073172967902741
  0.17179994199885501  0.18395356673300567  0.19623262188509483  0.20820453300711386
  0.21986211358731983  0.23123476642763072  0.24252207740558560  0.25414104898433471
  0.26624321154505037  0.27826419235009359  0.28952546343371294  0.29964369506880661
  0.30951439151624988  0.31952622098465266  0.32925993422446137  0.33864023886358091
  0.34796628223799031  0.35754470060707844  0.36765402349589144  0.37747379643738854
  0.38727620557499287  0.39722701292717860  0.40731870635151141  0.41732465909108490
  0.42713516762021470  0.43679838330258774  0.44690006806764332  0.45762964000833850
  0.46905976617115031  0.48030442834589610  0.49112737589824190  0.50168769259504586
  0.51209123908487242  0.52228969247053458  0.53149213249211280  0.54031874341168895
  0.54934979653829352  0.55840575663210856  0.56888909629889362  0.58013071825925333
  0.59101682399595112  0.60174001884647221  0.61201624585577719  0.62242209255043024
  0.63284516438655736  0.64339671407216825  0.65452243793948528  0.66578208230180580
  0.67647607360288398  0.68632074261101861  0.69537042690337036  0.70441787646665188
  0.71371069568959644  0.72293799295326222  0.73241615825906659  0.74258277219395108
  0.75417748736035262  0.76652445772429356  0.77805629341651084  0.78843461667543602
  0.79814921426004914  0.80818724842741430  0.81886459074246964  0.82972006913780849
  0.84049206597996828  0.85119335448988354  0.86167791896852697  0.87187885601800375
  0.88201038947332178  0.89232672616711628  0.90273806854051386  0.91317640307096970
  0.92361186035828968  0.93449334543545803  0.94561885302190418  0.95639604279049784
  0.96718117053944508  0.97734234372926354  0.98879773617271827  1.00000000000000000
 -0.00192563348648687  0.00913466385942152  0.01822715166230687  0.02851869922524041
  0.03840962075331066  0.04882993272554985  0.05894970127319393  0.06933177396158123
  0.07989891660159323  0.09012370052001933  0.10079274962416192  0.11200665132666773
  0.12314660600524500  0.13401058594263576  0.14454354948471643  0.15489478490605035
  0.16534649585956337  0.17605938391178641  0.18657594562836677  0.19714545403611303
  0.20833259585700975  0.22169727753157417  0.23429121531658531  0.24593847920646533
  0.25781898764925532  0.26918127603154207  0.27992060917911971  0.29073962492562272
  0.30231303109840763  0.31417667991236248  0.32619233411841869  0.33735171008650544
  0.34864812430147579  0.35955555003138712  0.37079742861621479  0.38143582340572724
  0.39239590283447262  0.40361971596983159  0.41448207528387004  0.42517880557969484
  0.43570024071948604  0.44622927205648638  0.45677697222014657  0.46709670615065135
  0.47757155873578905  0.48790685023034480  0.49771260200155698  0.50722229718096257
  0.51711977096083839  0.52821929447460825  0.54022447991692979  0.55226407822118151
  0.56412012225267694  0.57588791501937497  0.58742107462441684  0.59874518282388622
  0.61023871957378650  0.62123349068514833  0.63195462608614739  0.64226814314103764
  0.65238016369628049  0.66229143198847251  0.67196485759077373  0.68136192789561167
  0.69053845297211380  0.69943666386172332  0.70855320836894420  0.71810175967374679
  0.72793218382257763  0.73806172987663787  0.74842545294762597  0.75967118261145428
  0.77112872234957408  0.78214044813680006  0.79270445540593215  0.80281126060279218
  0.81241902104417751  0.82136018662533561  0.83019746897893432  0.83920244021542256
  0.84814588710304972  0.85735725811107732  0.86626096201435032  0.87548357776898245
  0.88566700752348737  0.89609750741800143  0.90576271507459882  0.91528694605516758
  0.92509076221034270  0.93513710871269273  0.94513233269859009  0.95471525282583214
  0.96524617740779128  0.97647646776602870  0.98829676978388614  1.00000000000000000
  0.00682313749903213  0.30042289898419722  0.38615679666595570  0.44183840687387921
  0.48221836183464012  0.51367325030597966  0.53958337141833557  0.56278606888858029
  0.58376829488103843  0.60277513151503270  0.61953577789418035  0.63451018523852254
  0.64810000841488302  0.66055687459146362  0.67205120233661886  0.68261320864204877
  0.69232038073822411  0.70138074820535334  0.70995992499322447  0.71790912169978738
  0.72522183012997654  0.73197171804121275  0.73826701791109273  0.74438689938999303
  0.75048001721870539  0.75645743199276250  0.76242307266878218  0.76815200400291850
  0.77352598757653590  0.77847395014635190  0.78315873170951056  0.78767062043302438
  0.79218632146889967  0.79670360736687340  0.80119612911293225  0.80563389090380877
  0.80993914448335602  0.81401498784429616  0.81790194038786190  0.82169808388759602
  0.82549343895230576  0.82950468016791934  0.83347654837180785  0.83726361555956597
  0.84089507220197002  0.84433459854037796  0.84769046196682107  0.85101616850801287
  0.85428029686795492  0.85743509816220642  0.86050606524473461  0.86359601032500233
  0.86673316042790594  0.86977439663588318  0.87293943140070129  0.87588044052056446
  0.87868032454670497  0.88142581131225350  0.88415111641779831  0.88684673870561714
  0.88949875799786393  0.89211336497960803  0.89480896427528234  0.89735553272612123
  0.89986384625769988  0.90238826904376690  0.90494404413611329  0.90752369719632642
  0.91009939028970255  0.91263536285430924  0.91518042818795087  0.91756240694116953
  0.91984152184795109  0.92205840889318158  0.92428909659062675  0.92655495363119111
  0.92882386773273806  0.93119543857008269  0.93361649345920306  0.93605897133371141
  0.93854385329526224  0.94103034207433611  0.94351716810088349  0.94601415983375114
  0.94853588231470454  0.95115615850911450  0.95372408618938798  0.95631495341905581
  0.95906003333475420  0.96214081463404888  0.96537800031311816  0.96882254799527778
  0.97264327139659867  0.97729672725190675  0.98457680223905564  1.00000000000000000
   1.8637825541618153E-014  -1.0000000000000000     
 F F F F F F F F F F F F F F F F F F F F F F F F F F F F F F F F F F F F F F F F F F F F F F F F F F F F F F F F F F F F F F F F
  <DiscreteSampler_grid>
  grouped_processes
  1 # 1 for a reference and 2 for a running grid.
  10 # Attribute 'min_bin_probing_points' of the grid.
  1 # Attribute 'grid_mode' of the grid. 1=='default',2=='initialization'
  0.0000000000000000 # Attribute 'small_contrib_threshold' of the grid.
  0.5000000000000000 # Attribute 'damping_power' of the grid.
 # binID   n_entries weight   weight_sqr   abs_weight
    10   10   2.238954968266494E-002   2.701390336047586E-003   2.238954968266494E-002
  </DiscreteSampler_grid>
