  0.00951558954924098  0.01598879612111623  0.02455912940627777  0.03573408673398067
  0.04704444787818328  0.05941800562061757  0.07119119616549542  0.08259653651361179
  0.09101181209480938  0.09774577288820976  0.10425008793831099  0.11089096718633118
  0.11779494884014330  0.12627916648677706  0.13456917500434792  0.14368553848563034
  0.15600702802909444  0.17109563828763549  0.18499973000117484  0.19637528658507927
  0.20573402300933580  0.21370837602583365  0.22159509561231377  0.23141051968538504
  0.24104225369629281  0.24850498598723927  0.25463387642305635  0.26073226538934735
  0.26719053735488918  0.27292857714904006  0.27819948908162873  0.28446199854864451
  0.29274005826471483  0.30250131883276121  0.31125976854618870  0.32066797798683666
  0.33115093384013405  0.34270299437351015  0.35628738452090764  0.37094648502300492
  0.38263601247518675  0.39118565168796771  0.39969526656472604  0.40906129799603097
  0.41956558242942849  0.43026859833439601  0.44012015591698345  0.45205379124929823
  0.46417941456642908  0.47743941832120557  0.49308262326341973  0.50933018738667946
  0.52297611191458682  0.53531976558731809  0.54566065827066978  0.55474001163003495
  0.56356464035921117  0.57294254212608575  0.58374116979665314  0.59679026063919183
  0.60962604275512766  0.62128213738805049  0.63320115216377149  0.64604735965694327
  0.65809831190701096  0.67001531803437364  0.68249726464972071  0.69477056174493745
  0.70804998493151727  0.72138418698326279  0.73439499806644326  0.74694005054362866
  0.76032988983226524  0.77355477189484378  0.78248877545726969  0.79155263095695871
  0.80172703011586599  0.81325400161562744  0.82433168290169023  0.83666414470842299
  0.85266327918933515  0.86967056708606671  0.88616007261751450  0.89931026403804271
  0.91153628537936482  0.92003775724419234  0.92730660213287275  0.93485678543923745
  0.94130518723088075  0.94818079211133910  0.95648297698744589  0.96608482896285908
  0.97563929221868417  0.98614285465265217  0.99031944367031111  1.00000000000000000
  0.00000277263058606  0.00000372222147343  0.00000506698425207  0.00000703106630026
  0.00000953606258049  0.00001264890349596  0.00001668578447183  0.00002129530324389
  0.00002633387936110  0.00003135148515326  0.00003580146319935  0.00004011231987666
  0.00004485685603472  0.00004977681844340  0.00005515698189870  0.00006136875770451
  0.00006862052203506  0.00007668971547257  0.00008668221761168  0.00009818718085861
  0.00011012307915686  0.00012061580922703  0.00013097510828136  0.00014227066803423
  0.00015321587372054  0.00016469879665243  0.00017591470886445  0.00018659854025890
  0.00019852485538605  0.00020968156762800  0.00021947781399338  0.00022820419563138
  0.00023934389178323  0.00025204437849906  0.00026540840637052  0.00027941648519989
  0.00029417025891120  0.00031523891239348  0.00033159160251064  0.00035096757446340
  0.00037395949045538  0.00039522809210768  0.00041950453123500  0.00044702413547529
  0.00047715912888708  0.00050839109898153  0.00053964512696530  0.00056953043271308
  0.00059771044716770  0.00062540138017667  0.00065339691504840  0.00068203981028929
  0.00071330691841020  0.00074638448192468  0.00078058114331376  0.00081513194786036
  0.00085111494545660  0.00089234054358499  0.00094208635021380  0.00100245951401084
  0.00106853260855159  0.00115184139300304  0.00125211201813951  0.00136044655933600
  0.00146573995441729  0.00157300826808266  0.00167244845525273  0.00177282208404021
  0.00188799523658976  0.00201443462519076  0.00213703008064642  0.00226351467185071
  0.00238337441976308  0.00251553106399879  0.00267236855706160  0.00283846789094578
  0.00304083677469353  0.00325052567160024  0.00349694976135300  0.00375050862861256
  0.00402820434506602  0.00432872244530104  0.00468327445368491  0.00505861641775932
  0.00554976339956628  0.00636210121544474  0.00754543391523743  0.00915378892412235
  0.01093342447502904  0.01284526788640717  0.01528067638021621  0.01877528090388819
  0.02576918877153348  0.06085215320420299  0.31910291950606617  1.00000000000000000
 -0.00000266356595665  0.00000649731799203  0.00001757188917072  0.00002961537811976
  0.00004037099480018  0.00005132593860807  0.00006142656854558  0.00006983758074982
  0.00007694792589344  0.00008395495436942  0.00008980326118288  0.00009593740681058
  0.00010221474949025  0.00010910588987027  0.00011767961880793  0.00012795758373215
  0.00013929339114960  0.00015120771422720  0.00016450410771845  0.00017623700167360
  0.00018702845664428  0.00019749200054541  0.00020765697863466  0.00021805298630727
  0.00023241667036099  0.00024701295405341  0.00026204948564288  0.00027692210543641
  0.00029108345797380  0.00030518403101051  0.00031967471028441  0.00033461896640816
  0.00035074712223686  0.00036837337027814  0.00038656507778970  0.00040670540282596
  0.00042774133846081  0.00045045967628755  0.00047457353983511  0.00049802080701632
  0.00052038653488858  0.00054512171630020  0.00057234252477327  0.00060700293031622
  0.00064584270154947  0.00068845192823331  0.00073312333449124  0.00077555425626508
  0.00080860954236001  0.00083860418468933  0.00086969544890383  0.00090078135905876
  0.00093402655333310  0.00096829238613995  0.00100208457901428  0.00104137149257544
  0.00109167629881328  0.00114621687378666  0.00120327187499548  0.00126064881145073
  0.00131721654043955  0.00138009041303393  0.00144129626360671  0.00152791599255973
  0.00160960218194093  0.00169262009832451  0.00178384633386013  0.00189670224108258
  0.00201360605575813  0.00213332096296226  0.00227176743660340  0.00245811904848481
  0.00259089132776494  0.00272455171127166  0.00287816700133390  0.00303335498605001
  0.00319082406908523  0.00335998210469340  0.00357321893467198  0.00380382568563240
  0.00413217100025799  0.00452463798128565  0.00495214358610191  0.00542021252207611
  0.00593865273736544  0.00654886347781196  0.00738141028043982  0.00816130981363710
  0.00929773503230107  0.01102713910079373  0.01335845882430393  0.01699542842050280
  0.02280977362959158  0.05669216631042928  0.13727551349186753  1.00000000000000000
 -0.00370587858111804  0.00790529419674758  0.01823317941353782  0.02698742769224073
  0.03782855632305727  0.04999472813823662  0.06352714027728196  0.07825154379167272
  0.09068188146225943  0.10155405362533246  0.11269077472982984  0.12341047815630084
  0.13436954769661469  0.14675909279368801  0.15811622869815767  0.16992954931368984
  0.18320186858268922  0.19524922365938083  0.20698098218541611  0.21758183904024828
  0.22759745798151798  0.23669713658568825  0.24523856126196847  0.25420320142447211
  0.26341228930236488  0.27416842063675512  0.28500318688681958  0.29531933792354570
  0.30348846780605493  0.31063551311253279  0.31750893627726484  0.32503756107084536
  0.33432535370481709  0.34365162051151837  0.35328083973471724  0.36309626923862615
  0.37313062282643800  0.38396036979448422  0.39576767530806861  0.40572920286965108
  0.41575086033116354  0.42557396609542464  0.43744134152643732  0.45020340035132511
  0.46358916749401435  0.47596161390622610  0.48883604028511624  0.50153377188309844
  0.51462083012325288  0.52907142666523399  0.54437795236615638  0.56041248360637796
  0.57691515790616699  0.59138419948037990  0.60401267921404544  0.61624404804971633
  0.62725352425735903  0.63741273178359126  0.64760505206276331  0.65674090125488982
  0.66465192949833185  0.67230074971589948  0.68196571078028556  0.69208333417245393
  0.70032745337916547  0.70736918662207093  0.71445785530740114  0.72220948019695752
  0.73063323661239055  0.73810447920307576  0.74568071606129405  0.75575526976259710
  0.76646726808523391  0.77669389461879212  0.78854611465919300  0.80172797065491286
  0.81318276068801365  0.82375235804358848  0.83469652800692040  0.84590778966502911
  0.85663689589172154  0.86564483217028687  0.87407231821045994  0.88274910415082153
  0.89208231022734630  0.90273384255288425  0.91483679548238184  0.92684351403261156
  0.93707976658391579  0.94725839152748159  0.95742097129415993  0.96809441962465625
  0.97842637209049632  0.98626065787410033  0.99346300174637459  1.00000000000000000
 -0.00252836734416761  0.01139436679677697  0.02094412752188209  0.02950341410836307
  0.03771575215729652  0.04727879433565690  0.05904848048978418  0.06977248952793380
  0.08038815162814866  0.09237423662908562  0.10495961882498252  0.11651773956278734
  0.12620903108193002  0.13414246362064031  0.14205269171260948  0.15095309842655036
  0.16100641022332773  0.16928552260914828  0.17595328191101434  0.18213075574691820
  0.19147177924757736  0.20595877154441117  0.22139377880533523  0.23282487859283760
  0.24281321205560955  0.25240262173745248  0.26231160335294496  0.27276157558086278
  0.28289745048706144  0.29296995657142638  0.30184440153865610  0.30998259138901207
  0.31782335467227046  0.32537920609727944  0.33427493034140326  0.34345290488866043
  0.35356165370052672  0.36701889476067528  0.38101001839767423  0.39064399329235794
  0.39973022378203815  0.40904853254403228  0.41867714581979826  0.42887317742632686
  0.43866766039278399  0.44796674647549745  0.45697374931009227  0.46592189206665541
  0.47538020987079532  0.48721518737114344  0.50003439569752994  0.51232792677314820
  0.52422553762691704  0.53566574827206526  0.54668742520618985  0.55778141523066671
  0.57067097641447428  0.58420415479142318  0.59778203976466282  0.61149502758681362
  0.62530014606116813  0.63903913659931899  0.65221521959562512  0.66403364009201371
  0.67540546083967323  0.68700910249585456  0.69830943332039097  0.70982110676274646
  0.72212398875647255  0.73422314079709305  0.74650693125783130  0.75935354956438572
  0.77136072189805660  0.78286798015132320  0.79409768871667163  0.80289211925555415
  0.81084618878761638  0.81912190876629587  0.82968521874357948  0.84068534116150273
  0.85090389002102085  0.86289954972049254  0.87693910095480931  0.89130069618373886
  0.90427313983064439  0.91581928708768701  0.92662864318143190  0.93711825969137552
  0.94649403970334989  0.95424169502183087  0.96138547971673094  0.96879390229929929
  0.97726973593180344  0.98451884486970331  0.99146215155468331  1.00000000000000000
 -0.00171201029103714  0.00947968600898863  0.02147972343861367  0.03504422107961847
  0.05026543479022577  0.06631452557556018  0.08561659798399170  0.10572247204323171
  0.12104949118514231  0.13297896649184834  0.14417055387929259  0.15413510698762675
  0.16478855604613549  0.17648657190692288  0.18744598777683263  0.19696982022982923
  0.20615992761932922  0.21575487535502003  0.22437189964676191  0.23169279561816783
  0.23928136442432887  0.24659945914381978  0.25343261931964767  0.26035299198011624
  0.26714010606844329  0.27421006118638763  0.28389838271767737  0.29419908605981160
  0.30402489665098104  0.31229390004718682  0.32075516209071353  0.33027651056635648
  0.34023252512760788  0.34901588435757075  0.35752273577051263  0.36608930411998691
  0.37455528150324569  0.38371035511138846  0.39300950369136844  0.40248403858238996
  0.41253283231113413  0.42373273391256860  0.43685844955521702  0.45148167036237680
  0.46599756784214957  0.47780454883448864  0.48949154739618633  0.50047375856003196
  0.51212593273724893  0.52446935611571621  0.53771875577229111  0.54881728610737202
  0.55903956334050309  0.56925033639555267  0.57921060601946206  0.58965368383040373
  0.60001819744793417  0.60956542025380367  0.61920455069613201  0.62924934923771658
  0.64010033991960491  0.65123268745100527  0.66235302261910278  0.67492961332193058
  0.68674592203753748  0.69639412322529892  0.70448311265977626  0.71244107226879205
  0.71982360699592585  0.72713049146151654  0.73656099424302079  0.74872936781583699
  0.76361697329823242  0.77734962197728175  0.78797279739628490  0.79695317859290982
  0.80433193947163917  0.81167309133575571  0.81998834117718578  0.82957738664440939
  0.83949279757261974  0.84661400775731788  0.85397849406876558  0.86146704239795036
  0.87162257408933064  0.88231487056798286  0.89236451643638359  0.90247280806889418
  0.91237638577371849  0.92446274245868343  0.93712805323576198  0.94989854940857088
  0.96243580865130784  0.97447198875118235  0.98748281111585223  1.00000000000000000
  0.00040002893172135  0.00275487244585358  0.00519530946965773  0.00753429131461549
  0.00968153985819392  0.01181552716018285  0.01402269082654383  0.01617962878647636
  0.01821422036966876  0.02019640770150314  0.02226703979548467  0.02448619961499983
  0.02687992065378915  0.02933635926390529  0.03168600551130090  0.03376000812668567
  0.03577571591554057  0.03789396404663743  0.04011914018651629  0.04225264067870024
  0.04393863473658016  0.04565238470836099  0.04704762514886961  0.04851428227578740
  0.05003566958096589  0.05136277226080697  0.05271134845448890  0.05400367464644678
  0.05519645158260196  0.05657825673229343  0.05793178665691132  0.05956004456569895
  0.06139456563509475  0.06302967289234805  0.06442759879531429  0.06581745795021018
  0.06720376072025813  0.06889697355663198  0.07099764414264891  0.07314919407181407
  0.07499179584765840  0.07648297335394706  0.07781183509134133  0.07923680058658319
  0.08091324568183005  0.08278033028017504  0.08446440682284888  0.08598886657145284
  0.08744761158224647  0.08889752990462821  0.09034316568919966  0.09209201689803731
  0.09409995420871477  0.09588729796794154  0.09744759398298897  0.09880044098974269
  0.09984955805002926  0.10083527439464338  0.10179940661889429  0.10274223705307289
  0.10395503733367474  0.10584453647935529  0.10759480721235212  0.10904056978181724
  0.11054476926714259  0.11244382981305777  0.11508379238795416  0.11825643251724441
  0.12050166643514824  0.12210461133475392  0.12369053832098109  0.12529980959808806
  0.12695275318682375  0.12851569123040077  0.12986918732540273  0.13140372887444718
  0.13289603007941336  0.13501166399098918  0.13695502549240510  0.13885739188010368
  0.14062486497410651  0.14313572654035542  0.14514137947434275  0.14703892809158847
  0.14905396225521200  0.15157456841314240  0.15503624482827269  0.15702671336894500
  0.15865156044919904  0.16015126876936256  0.16241178666758774  0.16540204418029533
  0.16862728436905450  0.17237136755373728  0.17250740592985769  1.00000000000000000
 -0.00233667717527860  0.00933510236245016  0.02034152714637497  0.03191620336181909
  0.04286504931052241  0.05312543902860510  0.06130539473313702  0.07046630390371506
  0.07938351775997035  0.09017539576422705  0.10533294546494074  0.12239018895678382
  0.13768169984247611  0.14797178882070147  0.15509160900356034  0.16247022257135854
  0.17143808507699790  0.18227579667414381  0.19299565745677891  0.20093417602640576
  0.20784712193302185  0.21622887469703084  0.22742150143140860  0.24050826883292434
  0.24942521072168236  0.26164624262583513  0.27439142539653733  0.28712299003550257
  0.29990483290894232  0.31395345266792307  0.32770751991892555  0.33899421161130755
  0.34765858089954271  0.35816492543993927  0.36839570062130944  0.37832917764853002
  0.38805430963798632  0.39769358811578998  0.40762826395627150  0.41880119075725319
  0.42924647011028672  0.44013573270897682  0.45254237136290421  0.46561954868240635
  0.47707794562213501  0.48772647015197512  0.49720514958865564  0.50540576006162419
  0.51280520759727866  0.52059072638107340  0.52746799297953240  0.53443213788403809
  0.54193415543950163  0.55017126566820107  0.55762465995139365  0.56526183194717472
  0.57246311074060363  0.57910920046765901  0.58557346382724851  0.59300095801884467
  0.60146487575866159  0.60999834333967917  0.61800830187418565  0.62864147820359895
  0.64054050282303654  0.64978166480587141  0.65801297723023056  0.66565325216384552
  0.67393880901918823  0.68362491828797955  0.69383886872874789  0.70508564052120071
  0.71704325702375171  0.72920955136204368  0.74112002366073904  0.75242771538904374
  0.76268319679500340  0.77152883836763653  0.77999101223843925  0.78969791396541722
  0.79965765865164928  0.80981016475395218  0.82107843562116600  0.83411876875844615
  0.84911938845157597  0.86551090180544310  0.87964576648684467  0.89069253595504627
  0.90132346833238242  0.91119397140110370  0.92106021581188680  0.93232919026071559
  0.94610273451979732  0.96397425986515184  0.98191060175553158  1.00000000000000000
 -0.01953437181600984  0.39981450156327919  0.51959096598550936  0.59405562493324715
  0.64732040922428224  0.68588391355359046  0.71799490208846983  0.74566118152170735
  0.76714216968492421  0.78474910107486595  0.80102443228894493  0.81552278056492322
  0.82809751760959582  0.83928659391412685  0.85035737703786851  0.86050064053581399
  0.86908990570156686  0.87669146368355777  0.88351537110434519  0.88976637994611596
  0.89554368362704717  0.90057225163278931  0.90552104384770493  0.91035863607020318
  0.91487061759144117  0.91900055146711834  0.92276863346913263  0.92643430181356801
  0.92990703940340158  0.93312004761013911  0.93613813551522618  0.93885367374904505
  0.94148471794394784  0.94399826835514977  0.94631098336592456  0.94843403941505089
  0.95049880554111543  0.95253191926791847  0.95442883422678371  0.95630225796945234
  0.95802644637690582  0.95953672853551053  0.96105617186559433  0.96253004997939828
  0.96395190888065518  0.96531981176482617  0.96662006954837854  0.96789904978818375
  0.96916067830556529  0.97038378089530475  0.97164004154628669  0.97287716668664748
  0.97406472538215982  0.97516618957224821  0.97613100602965130  0.97707597635551702
  0.97802107413420858  0.97899603361131882  0.97997098617116385  0.98078969793399851
  0.98169603942904948  0.98250014145689679  0.98324453392303679  0.98394914757032181
  0.98461943785985506  0.98525162153492130  0.98586286779946586  0.98645447096724370
  0.98702361233029590  0.98753866518477529  0.98802622373274940  0.98849352224745168
  0.98892560127898932  0.98936787698010553  0.98982330294027965  0.99033145907225850
  0.99079103627005449  0.99122816337571951  0.99164886689867360  0.99207224017199680
  0.99249864661441367  0.99294343683125497  0.99339843898832225  0.99396732585460046
  0.99445581227655477  0.99489098112695751  0.99527428789917427  0.99565593255673357
  0.99603633933237790  0.99642118579581385  0.99681678098130355  0.99729238661277786
  0.99779418056128633  0.99835790326677021  0.99906660671834835  1.00000000000000000
   2.2496696514173988E-007  -1.0000000000000000     
 F F F F F F F F F F F F F F F F F F F F F F F F F F F F F F F F F F F F F F F F F F F F F F F F F F F F F F F F F F F F F F F F
  <DiscreteSampler_grid>
  grouped_processes
  1 # 1 for a reference and 2 for a running grid.
  10 # Attribute 'min_bin_probing_points' of the grid.
  1 # Attribute 'grid_mode' of the grid. 1=='default',2=='initialization'
  0.0000000000000000 # Attribute 'small_contrib_threshold' of the grid.
  0.5000000000000000 # Attribute 'damping_power' of the grid.
 # binID   n_entries weight   weight_sqr   abs_weight
    10   10   6.690673807954539E+005   4.326388771374721E+012   6.690673807954539E+005
  </DiscreteSampler_grid>
