  0.00901343094040208  0.01881946942772557  0.03054164366229880  0.04240218294061086
  0.05289780339901236  0.06365707227343032  0.07421089931118185  0.08398998758942297
  0.09399909870934992  0.10419786771054015  0.11451455601654556  0.12394184315327776
  0.13318789663912167  0.14268743125278571  0.15300831205085574  0.16363154392898113
  0.17399327133159531  0.18385129698295766  0.19353089759684361  0.20372894859919816
  0.21445769990180594  0.22568637135072192  0.23738267308584782  0.24956842787515768
  0.26106817885725858  0.27277929887487645  0.28383671661255905  0.29526089969339941
  0.30681616362837771  0.31617908077773887  0.32502529466299174  0.33428166916745922
  0.34385853997262250  0.35336928589925465  0.36378079718044110  0.37387055287120669
  0.38441205228478748  0.39465630968572663  0.40355817809852862  0.41259692744076071
  0.42180279949722482  0.43167992539492450  0.44191974914479332  0.45236649682332841
  0.46337127552427948  0.47527537734310832  0.48540526828991098  0.49504950270028386
  0.50561198046306055  0.51684586888444328  0.52881751406271482  0.54071516001521114
  0.55324003907210917  0.56559976821224578  0.57707399013479987  0.58786486268520455
  0.59800082436169999  0.60776129641895538  0.61763171445104359  0.62766029837586523
  0.63795841864464264  0.64870986067038650  0.66018716313240211  0.67213492869913127
  0.68355158703629859  0.69433890634707884  0.70338145238409489  0.71261009385046925
  0.72224405131322611  0.73283693480930601  0.74388832385679504  0.75502712603635991
  0.76627119235117302  0.77709499438787777  0.78772736829764789  0.79685385615318161
  0.80556998111703704  0.81443177309233927  0.82357182145627472  0.83303740405118454
  0.84209663701519211  0.85191169485314455  0.86233401889320860  0.87414787281058692
  0.88664308561601746  0.89934499104696941  0.91227717253366702  0.92542654773689970
  0.93774664244664652  0.94897964873313478  0.95908221332410459  0.96808366741586227
  0.97658815803823007  0.98462123552533676  0.99038338337350784  1.00000000000000000
  0.00003798339983038  0.00008023535269856  0.00011017829327187  0.00014077831780951
  0.00017334977912189  0.00021119261648367  0.00025505979042257  0.00030382695787678
  0.00035475574513770  0.00040643123717431  0.00045858846245099  0.00051099756031052
  0.00056583113544816  0.00062066792435440  0.00068413654975256  0.00075850575057846
  0.00084410045962854  0.00094096439678022  0.00103207100505494  0.00111636286826194
  0.00120038717779728  0.00128797493223611  0.00138205052093502  0.00148185339723005
  0.00159116695295710  0.00170351901001526  0.00181712852393878  0.00194140956809383
  0.00207200962520497  0.00220361899238044  0.00233839308016019  0.00247669887974081
  0.00264165851776002  0.00281241335650101  0.00297952999383624  0.00315041867204521
  0.00332960874689560  0.00351144272026285  0.00369206935636584  0.00387782103331837
  0.00407465444756386  0.00428265068264841  0.00449632876787547  0.00471538921743272
  0.00494268642004566  0.00516099513461295  0.00538463340403922  0.00562456650074714
  0.00587914378049889  0.00618206985849910  0.00648869007976075  0.00678148437588916
  0.00707711488887546  0.00739156130844877  0.00773869009753920  0.00811807470587668
  0.00851550262494253  0.00893729210357487  0.00941551809561539  0.00997795583358610
  0.01061962040294150  0.01122927040725189  0.01182339696544331  0.01242446687566203
  0.01304660239636266  0.01375226065279590  0.01458114910832903  0.01550464504315072
  0.01668756452078919  0.01800940557555989  0.01920857626518732  0.02019329343937211
  0.02121285392108588  0.02232446080510444  0.02357034367371817  0.02497584076546604
  0.02661733985182402  0.02854876574798815  0.03045818584942314  0.03248493729690949
  0.03489981142935483  0.03770563444540353  0.04121786440942054  0.04509084708138730
  0.04916483722676669  0.05336941546773524  0.05824216030768523  0.06478682093668385
  0.07315563029861775  0.08318145467218029  0.09637753729250528  0.11532821990739985
  0.14324523856680518  0.15526508879905149  0.17866769422471063  1.00000000000000000
  0.00001990614180147  0.00006199639861657  0.00011533413091709  0.00017946200498881
  0.00025839545741989  0.00036110128626173  0.00047795269528024  0.00062770200314820
  0.00079134935508547  0.00097504893816232  0.00118112417649033  0.00139320708809836
  0.00161806544262342  0.00186816773594901  0.00214864949377146  0.00242652121830060
  0.00271610679166370  0.00300789177208803  0.00331917058584653  0.00366056087911867
  0.00401572412707099  0.00435196595479760  0.00468855080970408  0.00502890369650234
  0.00539457377610045  0.00578194124574878  0.00618774506581025  0.00664122769461048
  0.00716003684824788  0.00772617588785647  0.00829066958819544  0.00881272942970415
  0.00930078391149015  0.00979099897708108  0.01033748681053096  0.01093647764270976
  0.01156665667353163  0.01218083530310697  0.01276505744903235  0.01336611819462057
  0.01398888737596687  0.01464054965149523  0.01530745888714013  0.01601046146735533
  0.01667319502775742  0.01746726143207592  0.01835534681299059  0.01927989627308582
  0.02031951128148227  0.02146773561375375  0.02268012896976579  0.02397362855719523
  0.02529662773995029  0.02686567645055875  0.02831109602277930  0.02968260188870600
  0.03106334462890950  0.03252120622786724  0.03411844598035620  0.03589533593440657
  0.03771691401776647  0.03949891268036149  0.04129008055365736  0.04340134212617867
  0.04567245154758092  0.04796370534728956  0.05025604237270584  0.05273075762075277
  0.05562568084817107  0.05884481050647083  0.06216783843023121  0.06577833680907084
  0.06921544288416960  0.07423372354437827  0.07946284794677405  0.08486442129567388
  0.09056628241061572  0.09625645767934483  0.10126310990747943  0.10501722498832315
  0.10870472101199538  0.11244775997978801  0.11645309244484758  0.12149467802830340
  0.12733935305172914  0.13263353763899050  0.13672794796109428  0.14106328030902685
  0.14668120451119523  0.15507243562760153  0.16672070992917659  0.17187668435355763
  0.18522499602493772  0.30090348801359068  0.45721903732457303  1.00000000000000000
 -0.00229249555649895  0.00947868848587653  0.02081369727421688  0.03299379818016474
  0.04499881785239922  0.05425087020995204  0.06333068542093015  0.07269371228403020
  0.08176085509223449  0.09099146610804236  0.09971656824894495  0.10905446863349816
  0.11899913777775642  0.12995096406851386  0.14133522190017650  0.15175869769166650
  0.16165353905268581  0.17098150292552605  0.17992988583390265  0.18870700685331346
  0.19738919323541526  0.20631896208623948  0.21560672206189371  0.22517914667771832
  0.23615477763666223  0.24648142904694015  0.25831747712780201  0.26978010142192194
  0.28165024598956551  0.29310717512060136  0.30514616769621283  0.31648344373101545
  0.32699527858243116  0.33824317326543951  0.34989279113894411  0.36042646022776093
  0.37044820242154675  0.38078163929670206  0.39179074991843243  0.40211624367966109
  0.41185436005870807  0.42177501297599990  0.43182390104332957  0.44158560264528074
  0.45052251859235148  0.46026066663049464  0.47081997855305335  0.48106463285807688
  0.49053879928035804  0.50001583827661922  0.51041245893894249  0.52219421977415359
  0.53444706135619147  0.54605186779678538  0.55717044021045514  0.56847654899342737
  0.58052609789881471  0.59272808632278884  0.60471942830702674  0.61682158195774273
  0.62938973988121871  0.64174849626307295  0.65306974573713805  0.66469551409238803
  0.67661079666693391  0.68820461122464816  0.69864502837305065  0.70834599152889210
  0.71810447137357658  0.72752643886615420  0.73627922587567440  0.74487070195928218
  0.75348709861939067  0.76224973367995963  0.77133925117825330  0.78058542530534336
  0.79007506430528718  0.79992156119064595  0.81031976742431189  0.82095470921394498
  0.83077488858848503  0.84023188755124378  0.84936836691742612  0.85901188776294179
  0.86918785606305393  0.88158512705047942  0.89553656340251930  0.91004463111538447
  0.92328301033180160  0.93509001104779010  0.94609380871192372  0.95664004552247583
  0.96726913796704828  0.97816214600459206  0.98915725312153846  1.00000000000000000
 -0.00169901121805793  0.00797461772369165  0.01792598983533775  0.02771386464075077
  0.03783558184266952  0.04783261992301804  0.05741321721445082  0.06707371107157517
  0.07706611425210849  0.08716871038511700  0.09788195854476636  0.10804341918777530
  0.11800288175420995  0.12842517389731395  0.13911158394395740  0.14942924945346006
  0.15923006329253128  0.16900789634704858  0.17957905411806407  0.19177586899818103
  0.20421589978306742  0.21510669727727605  0.22590232687983772  0.23720537355565116
  0.24870674256811146  0.25864403430995758  0.26827657009497702  0.27816922045525938
  0.28760494752859039  0.29585982193178423  0.30378043518858006  0.31228875698023756
  0.32213612328777991  0.33206163159104207  0.34230774740169162  0.35229327554978146
  0.36162047092784344  0.37061552060663000  0.37856818415096127  0.38558393248045342
  0.39253559850143993  0.39976187177001044  0.40764602224967089  0.41600333127046446
  0.42515504157520240  0.43503156412294236  0.44613516581433710  0.45808984295976740
  0.46944789535080755  0.48051065448015401  0.49115561165883392  0.50126697760868755
  0.51136903654333754  0.52248936062095408  0.53477967309614549  0.54764505914106532
  0.56009271505459979  0.57210722882797893  0.58399085412900376  0.59511417073856998
  0.60664233922936284  0.61920337852924989  0.63244503895090221  0.64580061932509869
  0.65795763969861587  0.66990102115515227  0.67968796208206317  0.69016320215343463
  0.70034624733985318  0.71073397862747778  0.72141604184013886  0.73208656737099309
  0.74311757926276190  0.75463184742458334  0.76694279903429363  0.77875523565762805
  0.79027836160994269  0.80000939115819036  0.81011751226709783  0.81944267522570013
  0.82821943637836626  0.83715445859357951  0.84646641494574759  0.85724695154548591
  0.86950654120464954  0.88092652769381063  0.89161832037326549  0.90239622764258309
  0.91383444699290095  0.92603821935163233  0.93915317829212874  0.95299360524761589
  0.96567371236037580  0.97652224411902655  0.98752971545722446  1.00000000000000000
 -0.00191639212602200  0.00860686150019702  0.01831993573306912  0.02852894700303945
  0.03971798745705037  0.05185839207815112  0.06513011187396786  0.07642172121468380
  0.08762131585585289  0.09770868375448213  0.10851792294394819  0.11847869078701624
  0.12810000618944897  0.13779292343257218  0.14741203698339322  0.15810903278540175
  0.16983695902376758  0.18232005230260179  0.19368018087660269  0.20346721957714961
  0.21266127027429529  0.22177848183136714  0.23105193531518639  0.23994174358031028
  0.24853976519739132  0.25735273988140911  0.26642024328248498  0.27558539214320671
  0.28434621310723651  0.29358775087860073  0.30297953170161174  0.31237666862684954
  0.32101431564959854  0.33001939384392737  0.33979089834455578  0.34987864783258721
  0.35995916765592928  0.37004721700721288  0.37922965851320534  0.38880767793163334
  0.39880456162243721  0.40982851863846731  0.42088463005936877  0.43212567390389600
  0.44301230281641379  0.45500013119821736  0.46719797888665171  0.47962100432172788
  0.48962180809441552  0.49952696014053238  0.50964023791499002  0.51986870941353736
  0.53005263966987337  0.53998881776322027  0.55133933523515499  0.56351587956364357
  0.57553506907256291  0.58767437705386050  0.60019625312657743  0.61207802736002825
  0.62383220849242438  0.63574480084328511  0.64855105687478143  0.66146026998057106
  0.67386577980878348  0.68496487741987588  0.69562941044248472  0.70618469263322725
  0.71680817725163071  0.72735431957545371  0.73788154711294318  0.74857799485607657
  0.75993227037860644  0.77189430587264762  0.78316902241202724  0.79453030278805281
  0.80623097434375390  0.81730862107800928  0.82833488713664871  0.83901398429829555
  0.84967212077936205  0.85957950614080092  0.86860882464987510  0.87819469934605765
  0.88818325138962728  0.89849917645834854  0.90880486973557617  0.91978553186777390
  0.93157670863414788  0.94269633449712764  0.95243197062858109  0.96200091279226596
  0.97097610488814057  0.97997531474776056  0.98924898824966545  1.00000000000000000
  0.00980364142749082  0.01744597015713382  0.02591523553402767  0.03297182340072484
  0.03899910169958870  0.04418476639186721  0.04898220623914989  0.05361066603811838
  0.05811674322803109  0.06246175619274878  0.06657592238939608  0.07024351379567678
  0.07408560373509511  0.07789475848743901  0.08166052182638832  0.08523443668807112
  0.08867248366475657  0.09204437613677431  0.09536228611631341  0.09869764905778092
  0.10211473738781802  0.10555242286757412  0.10904902307200398  0.11243420714287489
  0.11571922177541605  0.11899026993492647  0.12220461967123630  0.12534338869142084
  0.12838911157925401  0.13157185462248866  0.13513862804863522  0.13903506073336666
  0.14285742788010758  0.14652125775182290  0.15019280805003374  0.15387722430946540
  0.15755422270857830  0.16122561555175863  0.16483293990951103  0.16826159981716560
  0.17172587328071562  0.17538834506652032  0.17910040450137077  0.18265845124766816
  0.18604992364959660  0.18963399146574794  0.19332161331518663  0.19712288005787656
  0.20097334480526377  0.20494425155869936  0.20857184007439752  0.21271180228724457
  0.21678481762778765  0.22094953120985827  0.22480045182653599  0.22876989158242794
  0.23356825634563017  0.23844695421850701  0.24323363485432603  0.24800217682374576
  0.25353342718404881  0.25917893934263087  0.26490363701332514  0.27030722760753323
  0.27559271898358889  0.28077599533899017  0.28573817220845937  0.29106161060790142
  0.29659489312854348  0.30303132389901494  0.30979889880776895  0.31717960836148651
  0.32509281405881479  0.33368296265287967  0.34253497995693438  0.34931602811721107
  0.35575313729507951  0.36189028114044447  0.36848023764908400  0.37689750884411011
  0.39001558314300383  0.40274923903024934  0.41341727197713568  0.42532831636982615
  0.44015670629355208  0.45241361659515844  0.46545380702220074  0.47652706924841026
  0.48334317212638117  0.49072943538126201  0.49858547201331077  0.50822467888907674
  0.56197098775798959  0.64413142184833139  0.68316912825787790  1.00000000000000000
 -0.00265637373627192  0.01022957582757563  0.02202098797159444  0.03429760007367444
  0.04607591366048988  0.05761685555828926  0.06823313449859270  0.07806270827130285
  0.08771772693911301  0.09784450890617240  0.10785183783164688  0.11730783970042485
  0.12572272551205238  0.13390932436611983  0.14209987596372789  0.15029989284739048
  0.15935313360281639  0.16827595106183632  0.17844389995291066  0.18724791658992129
  0.19657635028383630  0.20559121405718850  0.21541381188587291  0.22600320937872193
  0.23662795400491177  0.24688468414240169  0.25551372186866234  0.26380906382231734
  0.27292383140362830  0.28236774974059226  0.29170495329586865  0.30100477484959187
  0.31010444748986687  0.32128876660018230  0.33448375685694404  0.34752465529724702
  0.36055732756097381  0.37253524029778062  0.38447240422126105  0.39738760038473703
  0.41070624792329175  0.42437340038087423  0.43708500697581493  0.45079802938839375
  0.46535138955172350  0.47982440303027951  0.49372527167929003  0.50690903263365283
  0.52059652244536170  0.53571431214391207  0.55221028462031663  0.56747403820969511
  0.58145498721576561  0.59511118718738409  0.60866361791469259  0.62104432266324405
  0.63215817190613044  0.64301126538522269  0.65388583360607611  0.66439719522043716
  0.67392111978319325  0.68290019236433941  0.69249864750235068  0.70234593336596529
  0.71215387098115823  0.72167604056945067  0.73154485239339961  0.74172387532867723
  0.75209863852747016  0.76214813166854278  0.77234381529759200  0.78238752351912932
  0.79227948961504646  0.80109918777034295  0.81113258147710743  0.82003877205422904
  0.82925835369460710  0.83817162061236550  0.84674451203299783  0.85499747792098857
  0.86315026765423297  0.87105828515676753  0.87933255197654847  0.88754488926087927
  0.89600938718376877  0.90447213841349006  0.91384673944396544  0.92344544165217779
  0.93248330653121247  0.94115983096427325  0.95043411809094203  0.96015024846813557
  0.97067648889149871  0.98118487456511216  0.99083294848092929  1.00000000000000000
 -0.00042761437190834  0.40247566388614037  0.51162295797425861  0.57573374638172248
  0.62399544075716074  0.66035056330563624  0.69037199720687259  0.71302867974505968
  0.73219862233092470  0.74925181814287745  0.76439527004627239  0.77818838512353061
  0.79078618397461453  0.80148550385876571  0.81088880161791277  0.81918125463120084
  0.82686947772954211  0.83420514521966294  0.84086153105305272  0.84712291486616809
  0.85313840824611931  0.85862715762801611  0.86365488258620793  0.86839751059200154
  0.87293185099746284  0.87719727098793088  0.88122110097506834  0.88515178203775402
  0.88898058279174141  0.89273901153334945  0.89634410933146891  0.89975414654742158
  0.90297489828183652  0.90596454992975362  0.90876136177060440  0.91142589897460635
  0.91399481569583052  0.91634308859346048  0.91862004716244106  0.92078083358761920
  0.92286149068435064  0.92491735317969770  0.92698000136995207  0.92902357970564098
  0.93094835375615370  0.93285210250304818  0.93471164291803743  0.93653959242892704
  0.93820596849924121  0.93971589995419336  0.94114185229952030  0.94250181957026469
  0.94386225825775827  0.94521829962593507  0.94659400016277218  0.94797964172503701
  0.94945854126739837  0.95099140328403853  0.95253342519185225  0.95405968367037763
  0.95552367936951499  0.95686970583793163  0.95810103394253454  0.95924479934182028
  0.96034708127105628  0.96148617639039202  0.96267339733600021  0.96389517088542309
  0.96509328731415800  0.96624207875218471  0.96734763581869609  0.96842009057604295
  0.96945321865301315  0.97045791453321961  0.97146099661834451  0.97248388236658256
  0.97350557620408362  0.97451008664264294  0.97551980491365864  0.97657842005725903
  0.97777171607171176  0.97891416838111911  0.98003367261267615  0.98116311496779307
  0.98230402894869429  0.98337284668892322  0.98445445586516622  0.98550994225149224
  0.98655774810550012  0.98763590189897910  0.98874755184116359  0.99005454857760777
  0.99157623151605379  0.99342155967491808  0.99594998096888521  1.00000000000000000
   3.3362490760033085E-019  -1.0000000000000000     
 F F F F F F F F F F F F F F F F F F F F F F F F F F F F F F F F F F F F F F F F F F F F F F F F F F F F F F F F F F F F F F F F
  <DiscreteSampler_grid>
  grouped_processes
  1 # 1 for a reference and 2 for a running grid.
  10 # Attribute 'min_bin_probing_points' of the grid.
  1 # Attribute 'grid_mode' of the grid. 1=='default',2=='initialization'
  0.0000000000000000 # Attribute 'small_contrib_threshold' of the grid.
  0.5000000000000000 # Attribute 'damping_power' of the grid.
 # binID   n_entries weight   weight_sqr   abs_weight
    10   10   7.660298835666431E-007   5.575929886956972E-012   7.660298835666431E-007
  </DiscreteSampler_grid>
