  0.00974729847438382  0.01504516582161712  0.02422871044094518  0.03522408797109822
  0.04661322073990344  0.05926879916262781  0.07123263297906676  0.08279801887108004
  0.09385298551622415  0.10461907849416163  0.11481497549196949  0.12488455624291943
  0.13509322952833192  0.14580907167724888  0.15669173609085010  0.16722892911133688
  0.17681186645594393  0.18594270907228902  0.19544513106637854  0.20524333378141851
  0.21486212301084093  0.22416576303962768  0.23392266975443307  0.24412269100572589
  0.25462535418858812  0.26583699277053718  0.27753350971387042  0.29011352640135835
  0.30224998197041558  0.31413892224501277  0.32573326541881276  0.33714746730871892
  0.34908012472059846  0.36195383647933205  0.37460008123524546  0.38689206392674108
  0.39870415432759865  0.40997930458719178  0.42100335460507277  0.43162527864314182
  0.44169533850366199  0.45161816232065610  0.46238628169691837  0.47256092514036718
  0.48241628956800225  0.49195124398239209  0.50183908662059351  0.51147467802914515
  0.52098121285614396  0.52998270842194262  0.53944292479091249  0.54891210061690798
  0.55795517999020861  0.56698266348735327  0.57608696442473184  0.58606437839929348
  0.59678944889989838  0.60733355821215140  0.61721672014125784  0.62636299360745873
  0.63503090286515229  0.64422808565965239  0.65419968353126057  0.66487295958484205
  0.67580650945037790  0.68619453529202945  0.69670232619454464  0.70724828568577802
  0.71795718957276411  0.72857569597993976  0.73900398213397678  0.74962855358119962
  0.76072291377537227  0.77199229831710781  0.78319033920752057  0.79417723163070320
  0.80488072170805258  0.81532832290128998  0.82550649423289879  0.83563434976181394
  0.84612500776696531  0.85708867242905595  0.86822625383673535  0.87886333347774004
  0.88959978052163291  0.89986687542557642  0.91019908297435426  0.92078089793652573
  0.93156721706653534  0.94250366181724243  0.95344851418993704  0.96392763647066160
  0.97378046695849907  0.98373314828529435  0.99067979798020511  1.00000000000000000
  0.00002792616793007  0.00003709239110350  0.00004870347553559  0.00006389821282524
  0.00008009111632813  0.00009863780625677  0.00011965504273649  0.00014285339428766
  0.00017062324541906  0.00020202570539543  0.00023317686887288  0.00026403149532036
  0.00029574363978086  0.00032860845616470  0.00036419134696771  0.00040102517183238
  0.00044065579978555  0.00048525167351401  0.00053356971802604  0.00058306491959364
  0.00063342634594035  0.00068443695523474  0.00073761296367173  0.00079423705913347
  0.00085071407603670  0.00090755397841151  0.00096775034077488  0.00103163097405021
  0.00109821501415476  0.00116833527137458  0.00124261650059457  0.00131882400669910
  0.00139515704265959  0.00147234585949227  0.00155304716171768  0.00163702548832562
  0.00172351531038974  0.00181369454523505  0.00190724449939063  0.00200679425546999
  0.00211153186041615  0.00221586713330687  0.00232158778238772  0.00243170579679644
  0.00253715006110489  0.00264785336456171  0.00276005520502841  0.00287659133030251
  0.00300076027999287  0.00312533702944417  0.00325355904492630  0.00339021787520063
  0.00353659035956775  0.00369539069209875  0.00386514375085188  0.00404469945082011
  0.00422231168088321  0.00441906817322731  0.00462292212339128  0.00484822366185737
  0.00510883933364732  0.00539005735700624  0.00567656893136998  0.00596758314480570
  0.00626360671641737  0.00654729475899756  0.00683518865478223  0.00713679776838012
  0.00746942639400526  0.00781618900925104  0.00818081602621519  0.00858825630043103
  0.00899538160876412  0.00947238500472188  0.01001590244778298  0.01061640893173640
  0.01126629137338825  0.01197738079877622  0.01273179494614108  0.01359585700055040
  0.01454219613034467  0.01553933796368458  0.01660487337090436  0.01792050856012981
  0.01936715727979905  0.02124387848792920  0.02329835426127188  0.02591917357378630
  0.02925532127891686  0.03388533293482385  0.04145490307686817  0.05210117253705108
  0.06780209165403422  0.12763779285351329  0.44184380461662298  1.00000000000000000
 -0.00000445025806909  0.00002207539526654  0.00005298794602671  0.00008026028091724
  0.00010482491269690  0.00012886366252171  0.00015375926999314  0.00018252484923732
  0.00021538891127930  0.00025104543395071  0.00028920053938673  0.00032864858595095
  0.00036859808273321  0.00040800236500675  0.00044899903688384  0.00049374335040735
  0.00054381631869032  0.00059815770665929  0.00065601600940949  0.00071672460506776
  0.00077566099361343  0.00083500551860628  0.00089426089439300  0.00095480835415557
  0.00101807816980070  0.00108511253644030  0.00115528614608993  0.00122740339958283
  0.00130172125832981  0.00137903240437037  0.00146025488114850  0.00154996083520296
  0.00164400700949989  0.00174020729638748  0.00183879482977734  0.00194198621383805
  0.00204656981132593  0.00215014078630451  0.00225491449142641  0.00236083184962315
  0.00247027163200318  0.00258565529964653  0.00269169937313020  0.00279927874216940
  0.00291223259174804  0.00302859110149873  0.00315425268768851  0.00328935442312572
  0.00342055202779035  0.00359146968911915  0.00375808143137713  0.00392877660586585
  0.00410347544376057  0.00428102085728528  0.00446430243795488  0.00465581244742112
  0.00484903690293316  0.00504527344969376  0.00525594988230981  0.00550632492720911
  0.00574116685654560  0.00600285750136495  0.00628076186728406  0.00657369800291448
  0.00690280479101426  0.00726563407326605  0.00766322479322089  0.00808064180624104
  0.00849217833186144  0.00889793577423311  0.00931560039490859  0.00974940426507504
  0.01020938248216186  0.01069027048614692  0.01120531248932761  0.01182169128896522
  0.01250361098598083  0.01324262691770176  0.01408100977076975  0.01528522885152458
  0.01664310947060355  0.01820342883035967  0.01984022478213412  0.02167630590715235
  0.02368426270577802  0.02589178260700736  0.02849324370545687  0.03177846078935597
  0.03656337005903360  0.04249539470436066  0.04926040720651733  0.05980122803517836
  0.08029269953422515  0.11368512081141223  0.40918380582048341  1.00000000000000000
 -0.00227547750321436  0.00867708396234724  0.01818060440411174  0.02807641300294948
  0.03835776741324184  0.04948039056789810  0.06101785708868045  0.07273346705598545
  0.08486134115499705  0.09680249133467766  0.10804891439729788  0.11855290426404115
  0.12944183281589361  0.14131508156631017  0.15383813715828532  0.16646209465451675
  0.17846182206688807  0.18944946437627194  0.19943125103646259  0.20968434821281073
  0.21998822570024917  0.23039409574174713  0.24053030629874103  0.25081945073665662
  0.26166677979278863  0.27260281897369132  0.28276232197247220  0.29212237520578871
  0.30116255034184791  0.31035457152650170  0.31930372519728467  0.32788519352174278
  0.33661599328091624  0.34546665570780111  0.35468722936238978  0.36517338791410064
  0.37583654665251015  0.38579164530746107  0.39546747410032373  0.40574348151526107
  0.41574405687617749  0.42546467846987085  0.43517090503502931  0.44522694149825232
  0.45558906367444751  0.46568293677263456  0.47606052367865803  0.48666771705453138
  0.49764367355103434  0.50800033067313755  0.51821390791290445  0.52818667044923773
  0.53889538849532725  0.55009838538515987  0.56082248175191096  0.57180350751193465
  0.58237867108475316  0.59268760865943482  0.60340161619805632  0.61457011022898389
  0.62597515367807899  0.63656596448715430  0.64646250250957416  0.65577666735776385
  0.66503063254332939  0.67429859268349079  0.68378445731287374  0.69334783846805925
  0.70300837504050717  0.71288115540003771  0.72324233583656194  0.73331679199421729
  0.74437374308739102  0.75610093186692406  0.76953732595240054  0.78269460838325777
  0.79433380332214099  0.80494509334866160  0.81530333063594584  0.82603445841845524
  0.83762511369151804  0.85005229626868750  0.86162413423552309  0.87431026218910046
  0.88591021358640953  0.89803239139939184  0.90892696555245356  0.91948187122445568
  0.92931055188058165  0.93986605651056632  0.95022331774561886  0.96059687225681289
  0.97077002088808728  0.98034297765228218  0.99046218024323662  1.00000000000000000
 -0.00218141788242556  0.00925995945989137  0.01953592690958509  0.02978491572697635
  0.04043694768327502  0.04990461140970394  0.05939309012760632  0.06980953036950671
  0.08065740604350004  0.09106082355549666  0.10135398558559632  0.11331609106261302
  0.12513797900132306  0.13626910286966312  0.14711639351075273  0.15845836758118573
  0.16978054912003887  0.18040012624842250  0.19188515070906695  0.20391220896985277
  0.21559449230064695  0.22676536599638933  0.23808847682012912  0.24956419005162123
  0.26038574682156912  0.27078578508366413  0.28184468185848921  0.29286624932696104
  0.30392347269128778  0.31532668242816708  0.32733591483599300  0.33905201110334154
  0.34982900639275644  0.36052308458130733  0.37065818456588417  0.38026989906627851
  0.38947407718553123  0.39893689207646521  0.40875666873923200  0.41895321461575463
  0.42937187386929027  0.44038956182893096  0.45170599154337499  0.46305604673274142
  0.47476586747868454  0.48666522854550937  0.49836959236028378  0.50928010184927652
  0.52014528573513141  0.53147376519892098  0.54202924965572763  0.55175913236851015
  0.56135135049299678  0.57136986916591248  0.58116751401172861  0.59047637017406107
  0.59985681195308116  0.61048817326660443  0.62213425415441559  0.63256905236028882
  0.64197408363980912  0.65137606070176413  0.66086678963961709  0.67032269750924955
  0.67949347737440535  0.68882231912217928  0.69878329492604774  0.70881195735507618
  0.71879746729723881  0.72850256600261809  0.73915565994183563  0.75039225951954169
  0.76241421825564215  0.77368415686309122  0.78429987626498276  0.79396960730182542
  0.80350007779085308  0.81336118735618335  0.82275858930851420  0.83159756393473538
  0.84080021305692021  0.84978625886678361  0.85988405701047810  0.87140812309570204
  0.88301954897817103  0.89430769158458101  0.90546419051067129  0.91652282082400327
  0.92829608051351642  0.93949763899824912  0.94989695946734165  0.95995042016690491
  0.96997471890316622  0.97999111947603967  0.98970167006450005  1.00000000000000000
 -0.00228512344738016  0.00910465957241037  0.01929915320478020  0.02952313468993354
  0.03971518517960386  0.04983012026239835  0.06059313766535802  0.07200966918646269
  0.08329604404451432  0.09385682006584353  0.10406650363089036  0.11399680807775517
  0.12384551086403328  0.13382840705565421  0.14433938593856624  0.15546750967379666
  0.16676513925216729  0.17784729676698610  0.18897815610054491  0.20008579282574113
  0.21122487333559081  0.22268872867969294  0.23375223706812737  0.24436166941384582
  0.25452416739847422  0.26509224453627150  0.27625443019812118  0.28596889556927474
  0.29601083289398322  0.30535881549814575  0.31420382091822202  0.32291594608700169
  0.33216654594028849  0.34210757248570067  0.35222483810933097  0.36232028130098987
  0.37279700427099033  0.38398821199156530  0.39564170388793912  0.40746445710822216
  0.41930265726626315  0.43090957444052974  0.44252255701356580  0.45481607268625662
  0.46603327926488375  0.47768861151565301  0.48757419497366117  0.49731377162362189
  0.50568963554761925  0.51387657694378575  0.52284358725060742  0.53174484967774915
  0.54060109569181336  0.54968660115549961  0.55900231078898799  0.56943515097068309
  0.58037594996886355  0.59168499864321722  0.60270259267239468  0.61301470004750647
  0.62304429160209951  0.63413769796474528  0.64515035428770506  0.65705818807634586
  0.67026411185805557  0.68373968451602152  0.69649610725858857  0.70807250661620924
  0.71842238811487624  0.72867673509352682  0.73939489099000344  0.74956585107182760
  0.75930019544350791  0.76938855989216270  0.78018733523575645  0.79110629869763116
  0.80096663319819605  0.81074589606923031  0.82141162219643904  0.83256059039917718
  0.84352868036881334  0.85458440565753191  0.86606188286943975  0.87705883165644616
  0.88854320817617771  0.89956315975097911  0.91065357953624804  0.92051144239689986
  0.92970848420444008  0.93883373199287490  0.94814626779104272  0.95805498792138832
  0.96816482515258862  0.97839292078123219  0.98909076700081366  1.00000000000000000
  0.01015124737992509  0.01520360624443322  0.01875212310548287  0.02159171656742105
  0.02418436473590701  0.02665110288738204  0.02903596995459077  0.03135148248786239
  0.03356655906033360  0.03573936696497402  0.03791008215304512  0.04019072710861663
  0.04235500851670054  0.04449639625090500  0.04663918154592734  0.04877096844967620
  0.05087058850189009  0.05301572410620588  0.05524750191540258  0.05753767258675357
  0.05985480356364740  0.06217940045214709  0.06448504369351915  0.06679437375381070
  0.06912707762360515  0.07149714128622048  0.07391042586217500  0.07634316581439551
  0.07882105785756939  0.08135578890645098  0.08392048653542211  0.08655566323722715
  0.08933867610613253  0.09210738882423519  0.09487346985012082  0.09760473506894231
  0.10052182058352299  0.10370856362939615  0.10707501695181694  0.11040426354093254
  0.11371009262007957  0.11700233975112710  0.12042354745602075  0.12381588130543826
  0.12719491477484390  0.13081395425234396  0.13460898755696940  0.13889193228580363
  0.14331330946612211  0.14765431313643318  0.15191672878611218  0.15607033781793628
  0.16046283941942205  0.16504065517806493  0.16983919223088187  0.17537418832868354
  0.18004064062916106  0.18455262542689019  0.18830865674276617  0.19208219302641202
  0.19553032730163286  0.19922541898226204  0.20331321166725494  0.20718027687291823
  0.21091475216424463  0.21459262734253604  0.21839557619023514  0.22268422670166196
  0.22727576408813568  0.23198693491500316  0.23701893931124643  0.24199077436433794
  0.24649300056891812  0.25072533554503162  0.25681079034736248  0.26424608155732604
  0.27290934028435782  0.28138008891728061  0.28876733377392549  0.29712356258367284
  0.30638690676772623  0.31687820085378587  0.32810865065379530  0.33719086003085724
  0.34662253670414417  0.35693993787051698  0.36814879553832686  0.38198777419803065
  0.39589687377523869  0.41513569010613299  0.43673449573533279  0.45135625843237709
  0.46882383268897576  0.51726121134028391  0.56538363381255807  1.00000000000000000
 -0.00238033207523429  0.01039946951034881  0.02168178891651213  0.03402149172823579
  0.04682017305377293  0.05986638407846415  0.07220082245820744  0.08400553240926452
  0.09503947691239574  0.10633984957123291  0.11846343769335300  0.13152707239534822
  0.14436120060283655  0.15645732567116899  0.16765755052618797  0.17882073552989736
  0.19096648999957427  0.20486919007723384  0.21587320320506700  0.22588558720174928
  0.23526313196383811  0.24497997818455050  0.25510193393505087  0.26576782945724936
  0.27642455078182565  0.28709972557678903  0.29746862344987762  0.30771881366451215
  0.31826297107717078  0.32943495456755750  0.34070414074048994  0.35157968449855242
  0.36087625958484909  0.36975131628243263  0.37872868285677896  0.38792458040186972
  0.39762070527143428  0.40743653639326471  0.41660313027950358  0.42544016227716985
  0.43446827433240209  0.44328058350964306  0.45231261299159781  0.46160899450881637
  0.47117222155391048  0.48042219762023364  0.48948200410873566  0.49884584861444731
  0.50811242205106133  0.51779199986736346  0.52667327138530828  0.53581797408822929
  0.54501358018376078  0.55427256965425520  0.56351638416266925  0.57221207475636282
  0.58056061666729109  0.58909568544920587  0.59850700200141627  0.60811690844874411
  0.61750590737033306  0.62685139683367896  0.63612905772205020  0.64534462337386722
  0.65510366235240836  0.66627115107704415  0.67801901322270430  0.69016816207686349
  0.70215410156366609  0.71329254194183456  0.72388780767340632  0.73476075697984689
  0.74618494667879631  0.75718182285499269  0.76714440036868103  0.77679855756796146
  0.78654307833471948  0.79660739878880116  0.80697556499264789  0.81704254868665160
  0.82694455278910961  0.83765891769311085  0.84798943683193306  0.85816605719251826
  0.86821453151499228  0.87863308089472181  0.88937696096153562  0.90026864926685712
  0.91146197556811226  0.92310570896182398  0.93575108839376386  0.94962677646816773
  0.96344322924797088  0.97642977809620335  0.98850966894556402  1.00000000000000000
  0.01119226988543597  0.30170118529246059  0.39422259142138788  0.45218368924068902
  0.49495971960044199  0.53088865451456335  0.55911854275774209  0.58256535859396030
  0.60160512812157074  0.61877069926243855  0.63513474988280350  0.65038224231920261
  0.66426082461253000  0.67607255143368672  0.68720844034280515  0.69803901873721164
  0.70882311555335742  0.71869778390539274  0.72768956929537121  0.73577191931862140
  0.74378729335444072  0.75188033533944987  0.75952449604687933  0.76657948665888875
  0.77303440419982405  0.77883480592011889  0.78443604504922138  0.78993384435254932
  0.79535597050477724  0.80054225091669684  0.80542688771790449  0.81002563232727520
  0.81430134712683400  0.81842875420450423  0.82259335161486147  0.82674031301906337
  0.83075562981642559  0.83462762790102218  0.83831805159859785  0.84183080917533437
  0.84527456589384897  0.84874398788838568  0.85222555620587970  0.85561427453462002
  0.85876211061611896  0.86200220065683519  0.86507097663322874  0.86805026543431030
  0.87100410104167258  0.87389804009092553  0.87670882462765909  0.87948611175787805
  0.88231057812306601  0.88523201518453509  0.88812199004469139  0.89099015005364768
  0.89375643279602712  0.89638089604688498  0.89890520085456205  0.90144492037134483
  0.90407955001899953  0.90659778391832280  0.90929921026988303  0.91192051111204053
  0.91444966373720782  0.91690804566609774  0.91929383922067187  0.92152523972378209
  0.92377518416698312  0.92602956556051175  0.92824144998503777  0.93039061775649035
  0.93261818085239856  0.93488131179362843  0.93709492152225038  0.93935469608717370
  0.94159942008076392  0.94375808563819108  0.94589952038537506  0.94805610901819404
  0.95031623926738407  0.95263284226831590  0.95518868481553543  0.95796421491743899
  0.96099531353400403  0.96452394094941962  0.96891362963181704  0.97394155773943536
  0.97786038789545537  0.98091924278162645  0.98366223182492507  0.98624895778793109
  0.98883677026794636  0.99168023468567257  0.99530760218024250  1.00000000000000000
   3.7313908837832864E-009  -1.0000000000000000     
 F F F F F F F F F F F F F F F F F F F F F F F F F F F F F F F F F F F F F F F F F F F F F F F F F F F F F F F F F F F F F F F F
  <DiscreteSampler_grid>
  grouped_processes
  1 # 1 for a reference and 2 for a running grid.
  10 # Attribute 'min_bin_probing_points' of the grid.
  1 # Attribute 'grid_mode' of the grid. 1=='default',2=='initialization'
  0.0000000000000000 # Attribute 'small_contrib_threshold' of the grid.
  0.5000000000000000 # Attribute 'damping_power' of the grid.
 # binID   n_entries weight   weight_sqr   abs_weight
    10   10   9.814581866787777E+004   2.654463819542828E+010   9.814581866787777E+004
  </DiscreteSampler_grid>
