  0.00915370186298870  0.01662990122156333  0.02684001186289403  0.03783927003744453
  0.04835207701043806  0.05918336749198730  0.07053588079533228  0.08184770324040971
  0.09311866049906063  0.10493330381388852  0.11777561164997792  0.13051485932534967
  0.14216838992422717  0.15336891202606415  0.16341217394697957  0.17294210214702241
  0.18306274833809505  0.19488444586935572  0.20755224333572247  0.21942581534287386
  0.22965404322189270  0.23845022286011069  0.24719824813043759  0.25678576743644643
  0.26642381898320833  0.27534205437254855  0.28331788500175331  0.29148348909300964
  0.30026679278687901  0.30955975769854061  0.31943549648727360  0.32957574562037023
  0.33984777308616293  0.34984426986950462  0.36010238939208467  0.37092241643763713
  0.38183931309028452  0.39268763804139128  0.40347371391968323  0.41431423157133562
  0.42496829499349364  0.43550489873777698  0.44691246170844123  0.45821477914611974
  0.46719407420894959  0.47633889527396628  0.48554867845204186  0.49445531279935540
  0.50286238700006936  0.51129439559759260  0.52047119579609225  0.53246486256475800
  0.54407860012618681  0.55558140095666986  0.56798822621232936  0.58130519220981891
  0.59441253684082074  0.60570652549407211  0.61487531582360289  0.62369512578989661
  0.63229162610012679  0.64052819628880975  0.64897014459830837  0.65760045295499947
  0.66643425297247827  0.67627614837606309  0.68648926096564455  0.69676710446695345
  0.70688211819433899  0.71662862616281420  0.72722235292906534  0.73715899957060949
  0.74803150193375678  0.75844318220176632  0.76894454023923364  0.77957273657590287
  0.79024160748819661  0.80149515514251457  0.81272273369879167  0.82440622622343374
  0.83587592181257864  0.84767517935048009  0.85985148751462548  0.87301790487269804
  0.88541915248078495  0.89737388635720461  0.90941808337726204  0.92080773663702586
  0.93151317726484151  0.94212901337134014  0.95305778081490000  0.96481944053457747
  0.97547423671411315  0.98430008667453373  0.99082203946915237  1.00000000000000000
 -0.00000663157184413  0.00003492231751390  0.00007228455712035  0.00010490759489031
  0.00013624614301087  0.00017519680572237  0.00021538152476083  0.00025888322795118
  0.00030519007536795  0.00035862162364194  0.00041359360949354  0.00046242476127710
  0.00050754032509021  0.00055543899631683  0.00060512755331502  0.00065700321841162
  0.00071383189283981  0.00078513595268240  0.00086566090036648  0.00094771800240093
  0.00102740081921629  0.00110763629268146  0.00118970483468138  0.00127520732584123
  0.00136913018277127  0.00146425149961354  0.00157503017583060  0.00168233156736052
  0.00179083997970940  0.00190326303131613  0.00201478321358115  0.00212411614333482
  0.00224212180191912  0.00237980872922436  0.00254144822835517  0.00270709256402202
  0.00289310990351981  0.00308611155695079  0.00328197099634821  0.00348407012510332
  0.00370131289833131  0.00391877564468677  0.00414471731508688  0.00436776673003523
  0.00459755857083148  0.00484855714699916  0.00513184274987755  0.00545516616645857
  0.00581404212913114  0.00617581320206613  0.00653674560736458  0.00691262588647000
  0.00730078768832413  0.00768934716291062  0.00808140453600582  0.00853149690729629
  0.00899803020288167  0.00950076932880654  0.01001557227803094  0.01052172268591050
  0.01100881927697493  0.01150361831378914  0.01204646941143406  0.01268953438712571
  0.01341585589600156  0.01414061902135861  0.01485759324215449  0.01557143452529896
  0.01626553435208527  0.01703302162960845  0.01784320167929563  0.01867704923445952
  0.01962310324640892  0.02065601584960869  0.02181640131023193  0.02329429132947634
  0.02478251776484385  0.02644392589059879  0.02829728302387770  0.03033257151640430
  0.03248601392533288  0.03498751189877795  0.03810419523424824  0.04175453356341215
  0.04576911867982780  0.05014496508946999  0.05464401811433983  0.06014784251609145
  0.06694290666058607  0.07585170377430082  0.08751457698678784  0.10154648044577504
  0.13494072460841663  0.21209818348760973  0.63056269244355556  1.00000000000000000
  0.00001938677330361  0.00007536367942152  0.00014152664882128  0.00023693221577839
  0.00034576804083432  0.00047278259978397  0.00061438444430444  0.00076156817405516
  0.00091673286797465  0.00108155347576901  0.00127103737083565  0.00150057508086517
  0.00176319973377165  0.00202900584689977  0.00228429333442143  0.00252901090477285
  0.00277885012889183  0.00303432228456877  0.00330415490377641  0.00360104637642511
  0.00393349625443453  0.00430393289756365  0.00469892276589358  0.00509891527638140
  0.00549546186762362  0.00588902052689773  0.00630277441839567  0.00676706411889196
  0.00727403209259442  0.00779252212313304  0.00834607984614862  0.00891961648994975
  0.00949517516288824  0.01008691253658465  0.01072219127442803  0.01135862792650173
  0.01195897500847294  0.01254436485659004  0.01316795645606138  0.01386742708056928
  0.01461296895815676  0.01536230937379273  0.01611247494452562  0.01682471769478736
  0.01757284709294564  0.01837228460912085  0.01916809847771972  0.02001108237913029
  0.02091528346185599  0.02183821923010062  0.02285212189529015  0.02402815452774913
  0.02542287165583711  0.02688760459795845  0.02833720108504047  0.02971041371253624
  0.03098312281121112  0.03222279987047875  0.03346662591682303  0.03476303188730034
  0.03614637292096715  0.03766390581264509  0.03928897900933510  0.04098446494658047
  0.04276314428940205  0.04454553719858119  0.04632037431628886  0.04813103627756429
  0.05002653324069593  0.05193547477327495  0.05389340919917036  0.05587089374497574
  0.05801394902537138  0.06019888925636627  0.06324955552075437  0.06642744558172980
  0.07009050902098136  0.07417109606208463  0.07862961953523809  0.08382379567174367
  0.08935282590650162  0.09518987029949284  0.10140498740169784  0.10792855745744262
  0.11458533341400490  0.12145448162426305  0.12972554206319922  0.14036133041724660
  0.15256680752669391  0.16639367751260606  0.18022309473098322  0.19698764740531147
  0.21746097903685399  0.25447353434527359  0.57729216895237911  1.00000000000000000
 -0.00293513552238108  0.01427201472026832  0.02592042987856026  0.03752296555194288
  0.04680822435846774  0.05564754632299370  0.06514044238335910  0.07501621837334430
  0.08464540061730730  0.09350068482543770  0.10165335026077084  0.11097065935768288
  0.12202903631156087  0.13363639584985948  0.14558312556783731  0.15869257795037434
  0.17154010795448038  0.18313487935834305  0.19441932600404221  0.20510006835530006
  0.21515125415073022  0.22509377818048482  0.23475549411838517  0.24410188970575947
  0.25383522902396755  0.26370028701249376  0.27340293190809783  0.28299561845611637
  0.29367662724821442  0.30512459547781146  0.31703044602869945  0.32851230263813525
  0.33960963708270642  0.35064403572470371  0.36150002486196353  0.37258499815315810
  0.38341777125251364  0.39399559130734574  0.40478216141706153  0.41541478598512138
  0.42612766122329104  0.43628971451078680  0.44645828323963821  0.45662249028242047
  0.46673949251540614  0.47641228169226985  0.48584740559419504  0.49482352675688879
  0.50449193038414231  0.51433184543695820  0.52448085746387141  0.53471571838700849
  0.54550308451490148  0.55765690225054731  0.57053077809149844  0.58387726827684583
  0.59681154351811549  0.60808356546463882  0.61864797548536576  0.62869738795214214
  0.63913152104477999  0.64870209002849477  0.65788508299202497  0.66718249740023794
  0.67677745746847950  0.68635930870331407  0.69457758332766184  0.70222801791759715
  0.71066444535171036  0.72024993585243480  0.72989259666778172  0.73887325209714561
  0.74777535974438925  0.75865598321570993  0.77071411054211880  0.78319636736281972
  0.79554816612653956  0.80754171023492127  0.81875085107428480  0.82907467524843803
  0.83917949294227934  0.84950165774834174  0.86007891021436877  0.87044262914294246
  0.88111188165728971  0.89254788289894338  0.90491040679806911  0.91729121871576480
  0.92794212542961374  0.93783233124855891  0.94783807706944168  0.95854442154499075
  0.96912383368491861  0.97966454821743365  0.98985673932892437  1.00000000000000000
 -0.00227654126339703  0.00901483729319708  0.01968277054551242  0.03004082899861432
  0.04101520908276691  0.05154579876702330  0.06162799384514676  0.07130077727661106
  0.08111604145059220  0.09136158080509547  0.10190869738888088  0.11292209672708936
  0.12443434632208332  0.13689862968631381  0.14947468425226856  0.16257420150708479
  0.17461319793747818  0.18568579192177942  0.19594010680199389  0.20615620541893978
  0.21637246310002614  0.22517647034729646  0.23368062884746410  0.24291092478623791
  0.25315570026025785  0.26344642523406053  0.27268699704583665  0.28111138873475011
  0.28942613089206232  0.29797829259783143  0.30699192693907179  0.31628724718816159
  0.32565610334418249  0.33529612348907700  0.34486386426869858  0.35493474162125660
  0.36466485105056190  0.37493416806514068  0.38591763335472512  0.39754409045671080
  0.40949738518264361  0.42089950451463520  0.43155915172732390  0.44229428363909884
  0.45320309663331748  0.46495946899389773  0.47766106215540627  0.49051345275508057
  0.50299176744967289  0.51490342684296897  0.52693120666947857  0.53928625471446567
  0.55099548888504435  0.56272129608596633  0.57415147920559162  0.58558985931716412
  0.59533219370543322  0.60437969610932873  0.61283338225997819  0.62096734858772262
  0.62916967871788587  0.63750381504914611  0.64729839932218269  0.66030030814859697
  0.67283011102319601  0.68359062497068002  0.69401970616153741  0.70420045623559457
  0.71453236201780523  0.72443799971361322  0.73485209242503935  0.74539178737287248
  0.75797198806638011  0.77076314492123543  0.78323623290120303  0.79519204161705537
  0.80677543123344486  0.81761015789996949  0.82743934789220697  0.83736950645527075
  0.84799430170456713  0.85827759085986688  0.86799747828074991  0.87712849731451248
  0.88619848057933148  0.89696863097559065  0.90693675982471589  0.91625182050823983
  0.92461460104834958  0.93347150171953730  0.94288549762481189  0.95267799521582219
  0.96289777120440956  0.97380755263070573  0.98639589570836128  1.00000000000000000
 -0.00295535384952510  0.01034267762381997  0.02134185607975167  0.03289849614883482
  0.04409889918477453  0.05450351204546484  0.06474813379035271  0.07443049595513124
  0.08386905988515519  0.09346969975629320  0.10286278248802372  0.11237773719659679
  0.12079465491173727  0.13027630607214399  0.14095694601932424  0.15385298387751370
  0.16602147020568594  0.17666825971134167  0.18647381151830081  0.19643697209374580
  0.20680812544838045  0.21742603932645524  0.22834491767330942  0.23898999495514242
  0.24955397744881788  0.26101863270483378  0.27424407569135639  0.28873537863626542
  0.30205609233014313  0.31472628177715056  0.32758378318733694  0.34047718086616857
  0.35244948799448939  0.36414993025193709  0.37476962084090915  0.38561450079885479
  0.39624323400607114  0.40467569353727412  0.41329972175127633  0.42220014298514408
  0.43127083310709757  0.44078131127166620  0.45069105048303876  0.46151369452109958
  0.47288711068761963  0.48348111198566379  0.49365769536721299  0.50392164560247799
  0.51479725459366243  0.52627820457766583  0.53823508808573162  0.54843978177034414
  0.55778051604513235  0.56680434970419669  0.57601928017880766  0.58583710925489574
  0.59638665950830116  0.60830468015473882  0.62309331737023488  0.63435906713212109
  0.64468300041992843  0.65431028271373803  0.66403084562369263  0.67386414199488753
  0.68442381562978194  0.69641954138833184  0.70806616634908659  0.71640971567013523
  0.72415990491799986  0.73195582932676073  0.74002265255709332  0.74846251507537864
  0.75742922145948754  0.76624610132319437  0.77519069476848379  0.78478866425155092
  0.79403645724771654  0.80331849676289468  0.81279582877088052  0.82274697401811836
  0.83367483859406344  0.84486714089388837  0.85651333844780442  0.86764362760251090
  0.87774787138719668  0.88753240944046918  0.89771790939245244  0.90887411403481899
  0.92035344291554799  0.93143406420946151  0.94245042930136180  0.95404105722620247
  0.96476978150291037  0.97558093646390553  0.98733699392118457  1.00000000000000000
  0.01072453432793232  0.01556579119249057  0.02191980712967331  0.02721811754083374
  0.03185974754253485  0.03626029869851343  0.04039693551346064  0.04409668308782376
  0.04731693164896245  0.05034680205076417  0.05324331471219092  0.05598918876359367
  0.05871239002310756  0.06150534281125195  0.06418591891538825  0.06686072650417635
  0.06962515126573530  0.07250389943115598  0.07543111401657085  0.07821171293549169
  0.08111814423132466  0.08387371091341664  0.08640058994415210  0.08898341421769403
  0.09143853713787115  0.09379150574657323  0.09622124052808557  0.09876348619493369
  0.10132384793018669  0.10381583657164767  0.10622285034547525  0.10862217658910540
  0.11101521262725449  0.11363105158594003  0.11628153834149602  0.11880810766804058
  0.12138908234770257  0.12396201846355506  0.12657552405074382  0.12931105445805613
  0.13184194867768115  0.13455107588677520  0.13736253986061872  0.14034969635562611
  0.14314928612397682  0.14585678732353621  0.14876736323802206  0.15177122899762258
  0.15478781453257026  0.15778528711371656  0.16074459137265998  0.16378661239947895
  0.16681619625539787  0.16997214998032320  0.17333667074741543  0.17672271028294390
  0.17995754798881861  0.18309519461524593  0.18631926691555353  0.18996671041179850
  0.19399539726582662  0.19811361461074181  0.20216976527963329  0.20614091828788392
  0.21024760214645621  0.21491730995179714  0.21977259921466047  0.22490518508626928
  0.23022024797944649  0.23489443908595350  0.23974048137189422  0.24430210657457102
  0.24905388823600266  0.25411360123141785  0.25911795747446614  0.26422351849370262
  0.26974275432807143  0.27544313128138381  0.28069964143109727  0.28634398177772469
  0.29507158525244709  0.30248063027974381  0.31449598272623430  0.33106675765402466
  0.35087106847628607  0.36753418365222978  0.37900031067325368  0.38917982066367890
  0.40122893072296428  0.41694374557481595  0.43862284273352470  0.46691566054702704
  0.48729907484499713  0.50915324673663009  0.75395127281714858  1.00000000000000000
 -0.00265744000561575  0.01182438371010924  0.02439448603194709  0.03670891337102964
  0.04968369564103972  0.06276673920820004  0.07562629848630846  0.08810731517180179
  0.10135367152550426  0.11442198924886929  0.12667040940546920  0.13768265582851347
  0.14858226846431938  0.16007262147931337  0.17200908455785971  0.18317607965805505
  0.19392203985252657  0.20335044854807291  0.21171883182191087  0.22005706684593462
  0.22838369847901152  0.23689999803330966  0.24628842077559657  0.25582367208682560
  0.26542031733536098  0.27539517083481485  0.28485408606892426  0.29410486308555839
  0.30282622097985978  0.31201494535403779  0.32124484827059197  0.32999748017360098
  0.33860880658716908  0.34721724757070027  0.35636964468054316  0.36478785572522487
  0.37308155791572989  0.38201932584082027  0.39085508205261654  0.40061517358781856
  0.41181947889327281  0.42449398164746316  0.43827111114259037  0.45170524916709393
  0.46296668472181751  0.47370207775185458  0.48480612622205660  0.49670263102658690
  0.50596801614898113  0.51379369862885949  0.52162353214944257  0.53020053892524943
  0.53940249605171520  0.54790230958546371  0.55620022709919759  0.56544974652433255
  0.57560736230539145  0.58582898519466653  0.59645438288503083  0.60804788416141331
  0.62012081343295355  0.63145410654188805  0.64095806931185739  0.64908135378659082
  0.65709279473373927  0.66565179272734487  0.67501405953409355  0.68440564937024473
  0.69355911959797545  0.70270466537658360  0.71224770224433931  0.72230612111015413
  0.73225370532923217  0.74118742213806277  0.74951640230759697  0.75855721852976710
  0.76812229907707374  0.77871246560949248  0.78960214637059734  0.80049481498840847
  0.81249063045014591  0.82397324117048121  0.83550661110699220  0.84684167434763125
  0.85875944806820659  0.87200941353951111  0.88552152708131004  0.89966329973563142
  0.91363315713198767  0.92747093639089495  0.94102900277106705  0.95448354152709214
  0.96685685609157435  0.97862657414503340  0.98949454774200163  1.00000000000000000
 -0.02034333867183894  0.39013330950182107  0.50542338398020037  0.57093794893322403
  0.61700174480484404  0.65427253653900852  0.68439155794502615  0.70863416469637619
  0.72887081488065486  0.74640129620758111  0.76196761023463677  0.77538376363745942
  0.78700213427689580  0.79758683206115766  0.80688192772796918  0.81526220020193885
  0.82283447229915740  0.83022762265963235  0.83713145490287888  0.84356757612735045
  0.84963543520099194  0.85528169317222313  0.86031406214805062  0.86529719530240545
  0.87011301848158062  0.87474895513749518  0.87891692444804492  0.88283450172213795
  0.88663712386621607  0.89037803440751762  0.89407550986628481  0.89769350388871305
  0.90111438292449053  0.90434514719906811  0.90752997262401136  0.91046919206778587
  0.91349081380006680  0.91626834658459611  0.91874354565552074  0.92114036551859990
  0.92348222478546638  0.92581662244159224  0.92823235329453413  0.93059475918602153
  0.93286478254258332  0.93503484883050925  0.93692577152429957  0.93861329227831181
  0.94019013252674155  0.94170113749709317  0.94318026905210772  0.94463967005579030
  0.94602598869625310  0.94734239016625910  0.94870369765556084  0.95010244643308017
  0.95146486982625533  0.95276151374259799  0.95405184284709399  0.95536860425347936
  0.95665140595657527  0.95789811326553909  0.95910890004195815  0.96028531855785682
  0.96143177390426038  0.96258362465140157  0.96372862774698442  0.96487060564629734
  0.96598044902233937  0.96701072088701256  0.96800338607534686  0.96899391709684346
  0.96999092812720389  0.97100068585574906  0.97202468938383269  0.97303507919950138
  0.97398828366141321  0.97493493397016828  0.97587560369942949  0.97679714998924694
  0.97768191073491606  0.97859880329631821  0.97954270556672263  0.98050932558490400
  0.98151577432477199  0.98250659123940443  0.98355726039066427  0.98467604876707837
  0.98579684938494216  0.98699703271045292  0.98826721573989174  0.98965726017532518
  0.99122566722785943  0.99310443090020017  0.99573662336430557  1.00000000000000000
   2.1526327302855601E-016  -1.0000000000000000     
 F F F F F F F F F F F F F F F F F F F F F F F F F F F F F F F F F F F F F F F F F F F F F F F F F F F F F F F F F F F F F F F F
  <DiscreteSampler_grid>
  grouped_processes
  1 # 1 for a reference and 2 for a running grid.
  10 # Attribute 'min_bin_probing_points' of the grid.
  1 # Attribute 'grid_mode' of the grid. 1=='default',2=='initialization'
  0.0000000000000000 # Attribute 'small_contrib_threshold' of the grid.
  0.5000000000000000 # Attribute 'damping_power' of the grid.
 # binID   n_entries weight   weight_sqr   abs_weight
    10   10   3.640570337504294E-006   3.556811245280980E-011   3.640570337504294E-006
  </DiscreteSampler_grid>
