  0.00954807762730022  0.01711313929716593  0.02587364815768038  0.03647469196069465
  0.04771005724475248  0.05824064598114311  0.06837615364920262  0.07815653444436518
  0.08738233064111185  0.09686671757146355  0.10650955025212108  0.11631467706186276
  0.12610746065897566  0.13591392449362000  0.14597019816519455  0.15660651648145482
  0.16776364259382689  0.17941945027674869  0.18957959540820454  0.19915101271220967
  0.20837126858411620  0.21809916827933512  0.22762301185544292  0.23394070561721114
  0.24033263039440159  0.24806993521716469  0.25686447849518501  0.26528703090088207
  0.27216108303145553  0.27844127676268426  0.28550337398368125  0.29465358973107902
  0.30661434160456402  0.31833046079369071  0.33004617799620073  0.34155981015492082
  0.35221199851991347  0.36257343279486781  0.37345172653769226  0.38553296586178271
  0.39715825460230286  0.40796347687654166  0.41857599998368961  0.42815396936400218
  0.43694979026878400  0.44592314946243627  0.45535992924528296  0.46536162229620315
  0.47580396907241040  0.48813944911520607  0.50142357196977128  0.51370516109185338
  0.52502022282956684  0.53597501402774950  0.54660214789907446  0.55753793734391377
  0.56773984605148831  0.57638790909465631  0.58563658416791398  0.59585241176021009
  0.60675102770747635  0.61680888334603190  0.62731550657254997  0.64107535061686960
  0.65487218765044830  0.66933761804471148  0.68270718064487423  0.69552094617364391
  0.70728919536903134  0.71799955483128597  0.72800571264970870  0.73774365254789809
  0.74778607209915204  0.75849384887919158  0.76922585239015562  0.77976904671390013
  0.78963033516285019  0.79950725404584000  0.80979567706934619  0.82003590435018303
  0.83117461003965076  0.84380445124140679  0.85702026966051126  0.87031442910025569
  0.88331488537274494  0.89496221860342418  0.90568057991913831  0.91510867046032474
  0.92402430668003732  0.93294034239242452  0.94292543221414160  0.95314172165386679
  0.96320309802697002  0.97417038347533758  0.98658674005350988  1.00000000000000000
 -0.00000215887263051  0.00000777506594645  0.00001900529692653  0.00002941277770424
  0.00003950773973491  0.00004961525593196  0.00005986807218172  0.00007022548030605
  0.00008080895627046  0.00009116544530013  0.00010166144132994  0.00011314153559980
  0.00012497701113753  0.00013539530621029  0.00014560001503889  0.00015621412071463
  0.00016781287138746  0.00017997714823104  0.00019296480960297  0.00020700998863037
  0.00021863232638952  0.00022934291439571  0.00023934386832754  0.00024924219380194
  0.00025942255385330  0.00027028881826134  0.00028181538111692  0.00029593712575052
  0.00031374474070063  0.00033215659294603  0.00035081297418456  0.00036998810757613
  0.00038994662874647  0.00040973977183360  0.00042905532035310  0.00044802294343216
  0.00046664266038551  0.00048434233881000  0.00050224667638203  0.00052279683043500
  0.00054490447040386  0.00057027794390565  0.00059654401573668  0.00062359999334430
  0.00065308826135031  0.00068664891489622  0.00072178625543123  0.00075718339506505
  0.00079596547590924  0.00083767940600336  0.00087961522037045  0.00092936756023933
  0.00097567377773116  0.00102320468918427  0.00107568753427079  0.00112958116132249
  0.00118461387383838  0.00124298471500089  0.00130608448239661  0.00137860491176084
  0.00145537188077516  0.00153020766010727  0.00160658098044932  0.00168770152958125
  0.00177961260038127  0.00188703185276319  0.00201004495909171  0.00214546158452383
  0.00228409053298962  0.00240691961701297  0.00254201763609531  0.00268316755855885
  0.00286169431187450  0.00304655622165907  0.00326569382040121  0.00352891835416077
  0.00380417960996466  0.00410324698062185  0.00440270729083541  0.00473531869462652
  0.00510202929707775  0.00548403268114920  0.00588436262508027  0.00634764491597939
  0.00689505961738744  0.00755382837016304  0.00854982643673361  0.00981165743569547
  0.01101864085282952  0.01261407499332549  0.01483151305088264  0.01845138164548043
  0.02910362696811614  0.05386343039411498  0.14952801699164764  1.00000000000000000
  0.00000092442034411  0.00001467666680914  0.00003620264150068  0.00006357791641373
  0.00009717998487256  0.00013277768905294  0.00016846227685826  0.00020613187349305
  0.00025051816936297  0.00030185586455697  0.00035673150241414  0.00041313759720724
  0.00046994889264478  0.00053682845955438  0.00061258605550643  0.00069354291999599
  0.00077684674024098  0.00086444090356059  0.00095776749860996  0.00105274079496993
  0.00114714414868612  0.00123577719360950  0.00132600924690337  0.00142344384721234
  0.00151620830105697  0.00160892559793452  0.00170367172123389  0.00180663715948348
  0.00192519259447827  0.00204487928477072  0.00216393097189644  0.00228504230344040
  0.00240760600797239  0.00254389695761361  0.00269963854882296  0.00285588901855344
  0.00299679333200398  0.00313508239561781  0.00327487764053057  0.00341887685913452
  0.00357515180211938  0.00372304509082972  0.00385974072651091  0.00399875562092863
  0.00414656430027245  0.00431562887976574  0.00449285854854515  0.00467752147244432
  0.00485509954928229  0.00503176922766593  0.00521072844591575  0.00539178363654480
  0.00563672843016269  0.00594090303432600  0.00625057426017337  0.00655650255406458
  0.00686775849196598  0.00715813143617124  0.00752047484711295  0.00787889293374617
  0.00822311426909508  0.00855991630640202  0.00890103306376276  0.00925025318896735
  0.00962172255920910  0.01006174657178061  0.01053897274958288  0.01100982092119507
  0.01146610339769239  0.01192735628225117  0.01242519367774758  0.01293245428063641
  0.01357081480017834  0.01435579939246852  0.01525623557972089  0.01628441319044035
  0.01757680547475607  0.01874324964229007  0.01983284944492465  0.02091183139419579
  0.02201176040083050  0.02308918265887366  0.02443673908709701  0.02604507710110096
  0.02799065083883214  0.03072206331812263  0.03358755894194965  0.03649891259145206
  0.03947355325826245  0.04229256929531123  0.04510345913462178  0.04884560961464734
  0.05310021153309744  0.05640491129279520  0.05815970331957093  1.00000000000000000
 -0.00230266347490879  0.00872408022899937  0.01870258321716293  0.02972989753477349
  0.03908595572947255  0.04791062648438137  0.05711683534636458  0.06780946560391840
  0.08087077104450839  0.09563580537970882  0.10950747144184204  0.12338732279882235
  0.13669056315118785  0.15030077910990444  0.16261142159475409  0.17428955250499309
  0.18487425481568234  0.19513471405109797  0.20502387762239405  0.21605980289526305
  0.22752757060568032  0.23899087695179813  0.24976863119302145  0.26098927547959749
  0.27324507575783441  0.28635905902710052  0.29943872999825616  0.31207693491006006
  0.32471311990270579  0.33686611752507201  0.34744926124639686  0.35674475574897357
  0.36658230577868772  0.37716812324497251  0.38808861626867791  0.39862525650231312
  0.40998230963578386  0.42264328220378616  0.43544454673108002  0.44319738463487579
  0.45032834444013964  0.45786128555118538  0.46513814217876259  0.47312203572156503
  0.48136017756008304  0.48920950225057225  0.49559583536016960  0.50208941160064913
  0.51293577207933938  0.52408435968476341  0.53371752630884040  0.54268174659974810
  0.55123473599758799  0.55992080954108869  0.56739710139380317  0.57475489826104043
  0.58196405262325324  0.58973562086067055  0.59996744289473414  0.61108127160345371
  0.62277013205336462  0.63416704213222275  0.64532924861101759  0.65750283767732820
  0.66978150548000193  0.68136236853192778  0.69211728575011844  0.70255558150997155
  0.71352908016700689  0.72504936332371672  0.73667893712192245  0.74836747522856828
  0.76017129822311236  0.77234434487586745  0.78422133877012945  0.79490232417041251
  0.80481962999419654  0.81467865651961680  0.82483992414054386  0.83500773006519324
  0.84518133704058596  0.85557872189949247  0.86671474448060870  0.87851358544816183
  0.88942476035295004  0.89953184476726922  0.90990086613678312  0.91969778612892827
  0.92961608823258413  0.93825488908259069  0.94790463145394666  0.95711780570227489
  0.96809436201201948  0.97834115807763711  0.98950148576579777  1.00000000000000000
 -0.00207492028159859  0.00969029125608811  0.02067570726041516  0.03266168679232868
  0.04550657430975797  0.05883390162912113  0.07257309095280333  0.08623884085965314
  0.09920211980119459  0.11078669291692611  0.12178025349526383  0.13345858311281097
  0.14589693042136889  0.15923185684841357  0.17136213560269009  0.18215683540185712
  0.19201823943707164  0.20170753134131880  0.21148047501861530  0.22238782650038982
  0.23321990775544221  0.24448856543743358  0.25544655726730325  0.26664177597127958
  0.27817743958092683  0.29025714159301946  0.29986208878739751  0.30844794629965272
  0.31611322341430187  0.32335311595185146  0.33212182385388656  0.34255478381557980
  0.35428381723918528  0.36628404357306282  0.37620402705018008  0.38338774251360463
  0.38939564526269499  0.39599259125168057  0.40365129292310492  0.41165155747250837
  0.41900049583901278  0.42664129201762774  0.43483742295961125  0.44335185074674710
  0.45280436632343457  0.46270642280606628  0.47293784103461078  0.48202061545620967
  0.49237181131700192  0.50378232573918869  0.51541900164265220  0.52649846398500244
  0.53727547358909034  0.54711061303657604  0.55770632828087807  0.56804461007419105
  0.57872556321506474  0.58900969952716831  0.59835180759664797  0.60847797964827333
  0.61872937408270501  0.62928323616717363  0.63951565301818170  0.64980938819264733
  0.66063618565124005  0.67117101491754583  0.68177443717065533  0.69355769942320245
  0.70551157496813977  0.71634643625304550  0.72632774021908775  0.73659852071534992
  0.74716508720037433  0.75739984569512786  0.76737886144753020  0.77800895688849847
  0.78874378050454830  0.79917251976916759  0.80923824179076531  0.81919803571003424
  0.82959098209336357  0.84066525987442964  0.85282574430999059  0.86423030990983341
  0.87537563190037293  0.88714081403128575  0.89877806743943567  0.91186908777182318
  0.92492713996270970  0.93836502375428099  0.94846218922243064  0.95912182937464263
  0.97005041974396455  0.98104703159695006  0.99048710853908650  1.00000000000000000
 -0.00359446864142105  0.01486339235965293  0.02758944211506234  0.03773593703217822
  0.04797293460056446  0.05645327686713798  0.06563450400902952  0.07465261350491136
  0.08490879204969717  0.09628982244056501  0.10760436826489687  0.11823893392351054
  0.12891237022769181  0.13992907393067805  0.15126327091875955  0.16290814403426421
  0.17499231597379494  0.18823082930132617  0.20296132810426684  0.21468602681086765
  0.22641156565922765  0.23708743529609433  0.24743265218154181  0.25761971280369117
  0.26805550227011732  0.27875370691649642  0.28945538636056517  0.30032086894950227
  0.31155923497359433  0.32257010522929669  0.33398653657102545  0.34595713400086631
  0.35731788219620531  0.36736033004003393  0.37739842282687108  0.38693129942812871
  0.39681389640546622  0.40827290219304868  0.42048711334359340  0.43336469331308103
  0.44673984302451797  0.45992900299543954  0.47252785152635329  0.48404265070089847
  0.49457235383730846  0.50482022906598989  0.51500893732841713  0.52637893974544936
  0.53725135599278118  0.54685486005503814  0.55613703581388940  0.56424195344450578
  0.57044101829116189  0.57796061610914395  0.58578663854890056  0.59395209697075790
  0.60228210711941621  0.60968869724169183  0.61691290648409758  0.62452839904038748
  0.63326485867355586  0.64228210272065589  0.65107461658067955  0.65984494714635067
  0.66824988150013376  0.67667316123469845  0.68561439775999622  0.69601033555587932
  0.70663970662872200  0.71739356365247264  0.72855568199378673  0.74033789516029003
  0.75324755114487774  0.76615454015115636  0.77762607042022125  0.78756136797419896
  0.79696051793519862  0.80639883329076689  0.81591013184493288  0.82560648177884666
  0.83659589997451567  0.84863923147593190  0.86083003663886104  0.87274693254432856
  0.88457602993464801  0.89637551656907954  0.90770078396417209  0.91836163641443536
  0.92878122218953985  0.93841173474353701  0.94796540901470017  0.95771209549361869
  0.96822774092725417  0.98020651583929197  0.99012290801516412  1.00000000000000000
  0.00098286564725591  0.00145803338248523  0.00244411603986196  0.00328122779243858
  0.00394395013467960  0.00458861066686877  0.00521067457755894  0.00581145889687710
  0.00639954044249090  0.00697555721740835  0.00756009538454950  0.00814837605092774
  0.00873713068890238  0.00933514545063166  0.00994409904249012  0.01058036126376633
  0.01123411224909656  0.01189250459320484  0.01255532756536251  0.01322076371755270
  0.01389303164784856  0.01456621470464696  0.01523675409411492  0.01590324440405248
  0.01660152516861160  0.01733852212702710  0.01811740352355350  0.01892744038787911
  0.01975024279764799  0.02056745084230027  0.02145355116838926  0.02236341268046819
  0.02329995172982096  0.02428550241630711  0.02532039201805491  0.02630411773686416
  0.02727487689106946  0.02817557017979883  0.02911791103897808  0.03013596220009477
  0.03108597709396305  0.03187995500722180  0.03262646737679523  0.03337298303175976
  0.03410360440995863  0.03481613310206994  0.03551731108731954  0.03618873258180925
  0.03703466976435716  0.03786428049537972  0.03873219428894376  0.03964098260202456
  0.04066181888585186  0.04162162472304869  0.04270032990622982  0.04380434386324048
  0.04496187944026808  0.04607593248696347  0.04712477530481139  0.04831641888409732
  0.04950264550337366  0.05057675760551966  0.05173451522000629  0.05301257201037875
  0.05427694213150017  0.05555342703029947  0.05689799763097612  0.05835870918693579
  0.05998865487225939  0.06187737907019020  0.06387961910657915  0.06560691590607504
  0.06721068349057129  0.06889750928896006  0.07079941281350295  0.07440725234397437
  0.07887563840506159  0.08313671119618676  0.08775746989860522  0.09329566960316461
  0.09669891881753531  0.09965206924069182  0.10237041511215757  0.10550100474048853
  0.10992097268804331  0.11455167911791223  0.12286419161077665  0.13187878447747978
  0.13689153496219100  0.14156897830311974  0.14878129325167888  0.16026389431874888
  0.17508793451668533  0.21227491091575545  0.45933984795889782  1.00000000000000000
 -0.00094952480431482  0.00722071857949397  0.01580949898029597  0.02481334444010893
  0.03638190211057381  0.04824574843532767  0.06015546783450668  0.07091223244458957
  0.08136125555850049  0.09058425476805096  0.09990772273275496  0.10971127909019851
  0.11933536775741947  0.13133764976416276  0.14373989124905912  0.15650913295496294
  0.16779265723646089  0.17887799802817642  0.18893374403105781  0.19745898031316772
  0.20640100515526816  0.21476853727083584  0.22281118480580991  0.23068196043835887
  0.23888519665739630  0.24744739480285438  0.25635124580166524  0.26565119588658842
  0.27391639890051783  0.28107732107673278  0.28773638504357668  0.29366504422907930
  0.29927587174389525  0.30539577754269970  0.31248806800329698  0.31999374778831319
  0.32743673618092894  0.33537105971324005  0.34753991252984995  0.35993245818853203
  0.37220830019075068  0.38397773537884117  0.39578843498237837  0.40800739902368044
  0.42165139609333052  0.43553900432888798  0.44910298649204156  0.46254461739235780
  0.47570595662786808  0.48892133194468052  0.50282487844880497  0.51766558941175211
  0.53049658666080357  0.54130915722953388  0.55153777143518301  0.56333924924959233
  0.57425686013233701  0.58538759314761135  0.59744891586116800  0.61319760297429948
  0.62876503354216684  0.64364685610752825  0.65450757084368461  0.66458961512854953
  0.67430009049836603  0.68305949922689924  0.69115056121241802  0.69925757597745375
  0.70814170786103692  0.71768487288684424  0.72827380213360871  0.73876406585253207
  0.74841833972049954  0.75778207925049268  0.76675425960730503  0.77641113477544932
  0.78648389649747896  0.79722837444252981  0.80765391111506524  0.81889480493639000
  0.83143355735608671  0.84372707330180075  0.85499321489854341  0.86507154552201027
  0.87453863456462533  0.88368775919716258  0.89221952670333793  0.90090208771494695
  0.90931422854091237  0.91840670481308251  0.92921819776638337  0.94127413535270477
  0.95446301161068325  0.96941556866527334  0.98487742181676585  1.00000000000000000
 -0.00330428363342838  0.22568505018737342  0.32030022378729439  0.38868139967189541
  0.44095363956200467  0.48399951949227127  0.51948250054756573  0.55028063181393583
  0.57794267368403462  0.60305551463444851  0.62501407034325807  0.64470666322263692
  0.66322149066480407  0.68083192598831421  0.69818106499540700  0.71417534352389667
  0.72803534951943061  0.74072055058769604  0.75244774521043256  0.76338160053159998
  0.77411341051211746  0.78465478270564637  0.79464406943385091  0.80402868282253959
  0.81272855050784920  0.82096542745289280  0.82908589174808978  0.83671427298928436
  0.84400910959639375  0.85078793198120073  0.85700710716661155  0.86271598278420036
  0.86837414132859436  0.87383256440500934  0.87877041099101327  0.88348524232287884
  0.88812556538875431  0.89266182514987280  0.89685744763313469  0.90042026881905468
  0.90376457865757265  0.90717321493244174  0.91050129267372715  0.91374563590507951
  0.91689898856914331  0.91990537434199859  0.92289813947409349  0.92587841671512017
  0.92878880031908351  0.93151446915576308  0.93413161359358288  0.93666043848312863
  0.93910396125231776  0.94143263233644192  0.94361333585836538  0.94565592576583191
  0.94755172307838431  0.94935828914996701  0.95106811219593235  0.95271660028685368
  0.95438907781746052  0.95600377506247636  0.95756505107101852  0.95897921790197738
  0.96035960234709172  0.96175252758783369  0.96312071578691083  0.96447468697716565
  0.96583442057306446  0.96720452761065434  0.96856058399194944  0.96985846787400454
  0.97132413629023828  0.97283187637309620  0.97428069804896733  0.97561361814186742
  0.97702581370463060  0.97839699345584286  0.97962562448591961  0.98081685608292979
  0.98197961819807533  0.98311621510916547  0.98426602974214272  0.98538637295448483
  0.98640164575398281  0.98732766269252359  0.98819362760983709  0.98905972408903275
  0.98995220399551598  0.99090277719534836  0.99197183674684875  0.99313823483503183
  0.99441761273933515  0.99585003133557148  0.99772717664044774  1.00000000000000000
   3.2193780273593989E-013  -1.0000000000000000     
 F F F F F F F F F F F F F F F F F F F F F F F F F F F F F F F F F F F F F F F F F F F F F F F F F F F F F F F F F F F F F F F F
  <DiscreteSampler_grid>
  grouped_processes
  1 # 1 for a reference and 2 for a running grid.
  10 # Attribute 'min_bin_probing_points' of the grid.
  1 # Attribute 'grid_mode' of the grid. 1=='default',2=='initialization'
  0.0000000000000000 # Attribute 'small_contrib_threshold' of the grid.
  0.5000000000000000 # Attribute 'damping_power' of the grid.
 # binID   n_entries weight   weight_sqr   abs_weight
    10   10   7.902564060768705E-003   1.916122929803731E-004   7.902564060768705E-003
  </DiscreteSampler_grid>
