  0.02220719528821575  0.02520022938507765  0.02819326348193956  0.03118629757880147
  0.03417933167566337  0.03717236577252528  0.04016539986938718  0.04323264846408124
  0.04637458415072548  0.04951651983736972  0.05265845552401396  0.05580039121065820
  0.05894232689730243  0.06208426258394667  0.06649269295881330  0.07109426014064178
  0.07569582732247027  0.08029739450429875  0.08489896168612725  0.08950052886795579
  0.09410209604978431  0.09870366323161284  0.10330523041344138  0.18538581694835790
  0.28531156382904527  0.37512978724336377  0.37639663237451521  0.37766347750566664
  0.37893032263681814  0.38019716776796958  0.38146401289912102  0.38273085803027251
  0.38399770316142395  0.38526454829257539  0.38653139342372689  0.38779823855487833
  0.38906508368602977  0.39033192881718121  0.39159877394833270  0.39286561907948414
  0.39413246421063558  0.39539930934178708  0.39666615447293851  0.39793299960409001
  0.39919984473524145  0.40046668986639294  0.40173353499754438  0.40300038012869588
  0.40426722525984732  0.40553407039099881  0.40680091552215025  0.40806776065330175
  0.40933460578445324  0.41060145091560468  0.41186829604675618  0.41313514117790762
  0.41440198630905911  0.41566883144021055  0.41693567657136205  0.41820252170251349
  0.41946936683366493  0.42073621196481642  0.42200305709596786  0.42326990222711930
  0.42453674735827074  0.42580359248942223  0.42707043762057367  0.42833728275172511
  0.42960412788287661  0.43087097301402805  0.43213781814517949  0.43340466327633098
  0.43467150840748242  0.43593835353863386  0.43720519866978536  0.44261927272898000
  0.44929111789222737  0.45596296305547473  0.46263480821872222  0.46930665338196964
  0.47597849854521712  0.48265034370846455  0.48932218887171192  0.49599403403495934
  0.53992748084771724  0.55981638481603768  0.57828759026552357  0.59675879571500967
  0.64840688549596837  0.66254929923578942  0.67600438890269732  0.70022275935792366
  0.80014850623861111  0.90007425311929834  0.95879504629063617  1.00000000000000000
  0.00000121400723131  0.00011499019096810  0.00012496265917873  0.00013608175301887
  0.00024644817626745  0.00029446416311174  0.00029688799513628  0.00029931182716082
  0.00030173565918536  0.00030415949120989  0.00030658332323443  0.00030900715525897
  0.00031143098728351  0.00031385481930805  0.00031627865133259  0.00031870248335713
  0.00032112631538167  0.00032355014740621  0.00032597397943075  0.00032839781145529
  0.00033082164347983  0.00033335853496746  0.00033611095057009  0.00033886336617271
  0.00034161578177534  0.00034436819737796  0.00034712061298059  0.00034987302858321
  0.00035262544418583  0.00035537785978846  0.00035813027539108  0.00036088269099371
  0.00036363510659633  0.00036638752219896  0.00036913993780158  0.00037189235340421
  0.00037464476900683  0.00037739718460946  0.00038051225987536  0.00038363780305363
  0.00038676334623190  0.00038988888941017  0.00039301443258844  0.00039613997576671
  0.00039926551894498  0.00040239106212325  0.00040551660530152  0.00040864214847979
  0.00041176769165806  0.00041489323483633  0.00041801877801460  0.00042114432119287
  0.00042426986437114  0.00042739540754941  0.00061958554140668  0.00114469141124793
  0.00211380270942496  0.00390139321305864  0.00719687473390050  0.01181075713224830
  0.01242095168224865  0.01303114623224901  0.01346154035079512  0.01377777424240888
  0.01409400813402263  0.01441024202563638  0.01472647591725014  0.01504270980886389
  0.01539854896891520  0.01575765268919955  0.01611675640948390  0.01647586012976825
  0.01683496385005260  0.01720866135401804  0.01762958978131912  0.01805051820862020
  0.01847144663592128  0.01889237506322237  0.01931330349052345  0.02528786548457463
  0.02604162868001505  0.02679539187545547  0.02754915507089590  0.02830291826633632
  0.02904632641813690  0.02978722974222555  0.03052813306631419  0.03126903639040283
  0.03200993971449147  0.04669571370793985  0.05327557964403780  0.05327557964404780
  0.05327557964405780  0.05327557964406780  0.05327557964407779  1.00000000000000000
  0.00009474634119520  0.00010354692364879  0.00010709384729759  0.00011064077094638
  0.00011490826345297  0.00011934154903810  0.00012377483462324  0.00021224717654030
  0.00023557400597500  0.00026153564557025  0.00029035885911224  0.00049878415516795
  0.00087820316404832  0.00096623816571866  0.00098754033972534  0.00100884251373202
  0.00103014468773870  0.00105144686174539  0.00107475450456473  0.00109846472304249
  0.00112217494152025  0.00114588515999802  0.00116959537847578  0.00119541495461184
  0.00122175233574404  0.00124808971687623  0.00127442709800842  0.00130076447914062
  0.00139115589147902  0.00150673975830855  0.00170020745511941  0.00298933569022385
  0.00525166378432518  0.00924561318437523  0.01243363065643787  0.01252744209152945
  0.01262125352662103  0.01271506496171261  0.01280887639680419  0.01290268783189577
  0.01299649926698736  0.01309031070207894  0.01318412213717052  0.01327793357226210
  0.01337174500735368  0.01346555644244526  0.01355936787753685  0.01365317931262843
  0.01374699074772001  0.01384665043447291  0.01395106651994082  0.01405548260540873
  0.01415989869087664  0.01426431477634455  0.01436873086181246  0.01447314694728037
  0.01457756303274828  0.01468197911821619  0.01478639520368409  0.01489081128915200
  0.01499522737461991  0.01509964346008782  0.01520405954555573  0.01530847563102364
  0.01542024830709559  0.01553646781587720  0.01565268732465881  0.01576890683344042
  0.01588512634222203  0.01600134585100364  0.01611756535978525  0.01623378486856686
  0.01635000437734847  0.01646622388613008  0.01658244339491169  0.01669866290369330
  0.01681488241247491  0.01693110192125652  0.01704732143003813  0.01927785854990272
  0.01980032058798898  0.02032278262607523  0.02084524466416150  0.02136025913536739
  0.02186369428695914  0.02236712943855088  0.02287056459014262  0.02337399974173437
  0.03384178134769023  0.04087188376401900  0.04087188376402900  0.04087188376403900
  0.04087188376404900  0.04087188376405899  0.04087188376406899  1.00000000000000000
  0.01359057029088333  0.16756772010608198  0.16846877354549725  0.16936982698491249
  0.17027088042432773  0.17117193386374299  0.17207298730315823  0.17297404074257347
  0.17387509418198871  0.17477614762140398  0.17567720106081922  0.17657825450023446
  0.17747930793964969  0.17838036137906496  0.17928141481848020  0.18018246825789544
  0.18108352169731071  0.18198457513672595  0.18288562857614118  0.18378668201555642
  0.18468773545497169  0.18558878889438693  0.18648984233380217  0.18739089577321741
  0.18852563990974402  0.18969257884160332  0.19085951777346263  0.19202645670532192
  0.19319339563718124  0.19436033456904056  0.19552727350089985  0.19669421243275917
  0.19786115136461849  0.19902809029647778  0.20019502922833710  0.20136196816019641
  0.20252890709205570  0.20369584602391502  0.20486278495577434  0.20602972388763363
  0.20719666281949295  0.21092766071405666  0.31094681667570689  0.33610604185245108
  0.33967830177168151  0.34325056169091200  0.34682282161014244  0.35039508152937288
  0.35396734144860337  0.35753960136783380  0.36111186128706418  0.36468412120629462
  0.36825638112552506  0.37182864104475549  0.37540090096398593  0.37897316088321631
  0.38254542080244675  0.38611768072167718  0.38968994064090762  0.39326220056013800
  0.39763441068025263  0.40406108329952434  0.41048775591879610  0.41691442853806782
  0.42334110115733947  0.42976777377661113  0.43619444639588278  0.44262111901515444
  0.44904779163442610  0.45547446425369775  0.51385953169627985  0.52491891603935004
  0.52931071546698993  0.53370251489462983  0.53809431432226962  0.54248611374990952
  0.54687791317754930  0.55126971260518920  0.55566151203282899  0.56005331146046877
  0.56444511088810867  0.56883691031574846  0.57322870974338824  0.57762050917102814
  0.58201230859866793  0.65326737699815496  0.75328653295980519  0.78577943257322069
  0.80390546062507262  0.82203148867692433  0.87098907685238680  0.92417773486290999
  0.93773864771715232  0.94430633028241984  0.94813800255457559  1.00000000000000000
  0.02506678899129232  0.04479748283982611  0.04792829901298547  0.05105911518614484
  0.05418993135930421  0.05732074753246357  0.06045156370562293  0.06377108700682160
  0.06744774419202984  0.07112440137723808  0.07480105856244632  0.07847771574765455
  0.08215437293286279  0.14965731372941049  0.23000114590479898  0.23449710117927061
  0.23899305645374228  0.24348901172821391  0.24798496700268557  0.25248092227715724
  0.25697687755162885  0.26147283282610051  0.26596878810057217  0.27046474337504384
  0.27496069864951550  0.27945665392398722  0.28395260919845888  0.28844856447293060
  0.31941538619665677  0.41669196422102411  0.42321065413728765  0.42972934405355123
  0.43624803396981482  0.43848954369499843  0.43971431428214452  0.44093908486929062
  0.44216385545643672  0.44338862604358281  0.44461339663072891  0.44583816721787500
  0.44706293780502110  0.44828770839216719  0.44951247897931329  0.45073724956645939
  0.45196202015360548  0.45318679074075158  0.45441156132789767  0.45563633191504377
  0.45686110250218986  0.45808587308933596  0.45931064367648206  0.46053541426362815
  0.46176018485077430  0.46298495543792040  0.46420972602506649  0.46543449661221259
  0.46665926719935868  0.46788403778650484  0.46910880837365093  0.47033357896079703
  0.47155834954794312  0.47278312013508922  0.47400789072223537  0.47523266130938147
  0.47645743189652756  0.47768220248367366  0.47890697307081981  0.48014200235788940
  0.48137979216945170  0.48261758198101401  0.48385537179257632  0.48509316160413862
  0.48633095141570093  0.48756874122726324  0.48880653103882554  0.49004432085038790
  0.49128211066195021  0.49251990047351252  0.49375769028507482  0.49499548009663713
  0.49623326990819944  0.49747105971976174  0.49870884953132411  0.49994663934288641
  0.54899154960404195  0.56280922368475839  0.57662689776547482  0.59044457184619126
  0.60484199150827256  0.67328534737126278  0.69111180668906513  0.70812013015077668
  0.80473967811872138  0.90236983905935331  0.96968782345453897  1.00000000000000000
  0.07555937369664506  0.23311700162580618  0.23706733658494561  0.24101767154408507
  0.24496800650322451  0.24891834146236394  0.25331363291692088  0.25787669895509319
  0.26243976499326555  0.26700283103143785  0.27377165634819334  0.29207417569815475
  0.31037669504811588  0.32867921439807707  0.40712755487634233  0.50608568379019392
  0.60504381270404572  0.62600390032545683  0.62726138964519673  0.62851887896493652
  0.62977636828467642  0.63103385760441622  0.63229134692415612  0.63354883624389591
  0.63480632556363581  0.63606381488337560  0.63732130420311550  0.63857879352285529
  0.63983628284259519  0.64109377216233498  0.64235126148207489  0.64360875080181468
  0.64486624012155458  0.64612372944129437  0.64738121876103427  0.64863870808077417
  0.64989619740051396  0.65115368672025387  0.65241117603999377  0.65366866535973356
  0.65492615467947346  0.65618364399921336  0.65744113331895315  0.65869862263869305
  0.65995611195843296  0.66121360127817275  0.66247109059791265  0.66372857991765244
  0.66498606923739234  0.66624355855713224  0.66750077304471600  0.66875784816708828
  0.67001492328946044  0.67127199841183260  0.67252907353420477  0.67378614865657693
  0.67504322377894921  0.67630029890132137  0.67755737402369354  0.67881444914606570
  0.68007152426843787  0.68132859939081003  0.68258567451318231  0.68384274963555447
  0.68509982475792663  0.68635689988029880  0.68877067456779284  0.70278544403802878
  0.71680021350826473  0.72960560763879956  0.73333769261018311  0.73706977758156667
  0.74080186255295022  0.74453394752433377  0.74826603249571744  0.75199811746710099
  0.75573020243848454  0.75946228740986810  0.76319437238125165  0.76692645735263532
  0.77065854232401887  0.77439062729540242  0.77812271226678609  0.78185479723816975
  0.78558688220955331  0.78931896718093697  0.82837435108602897  0.83961620657828029
  0.84623053662883296  0.85284486667938575  0.85887970630904786  0.86476981923488305
  0.87065993216071824  0.90104187108614386  0.92637771765391030  1.00000000000000000
  0.00877277027384074  0.01707017711980279  0.02924126686134463  0.06250041351258555
  0.06388740466700558  0.06527439582142562  0.06666138697584567  0.06804837813026571
  0.06943536928468574  0.07082236043910578  0.07220935159352582  0.07359634274794585
  0.07498333390236589  0.07637032505678593  0.07775731621120596  0.07914430736562600
  0.08053129852004604  0.08191828967446607  0.08330528082888612  0.08469227198330617
  0.08607926313772622  0.08746625429214627  0.08885324544656634  0.09024023660098639
  0.09162722775540644  0.09301421890982649  0.09440121006424654  0.09578820121866659
  0.09717519237308664  0.09856218352750670  0.09994917468192675  0.10133616583634680
  0.10272315699076685  0.10411014814518690  0.10549713929960694  0.10688413045402698
  0.10827112160844703  0.10965811276286706  0.11104510391728710  0.11243209507170714
  0.11381908622612717  0.11520607738054721  0.11659306853496725  0.11798005968938728
  0.11936705084380733  0.12075404199822737  0.12214103315264740  0.12352802430706744
  0.12491501546148748  0.18898806862158565  0.19309473406906780  0.19720139951654997
  0.20130806496403214  0.20541473041151431  0.20952139585899648  0.21362806130647871
  0.21773472675396091  0.22184139220144314  0.22594805764892534  0.23005472309640754
  0.23416138854388971  0.23826805399137188  0.24237471943885402  0.24648138488633620
  0.26552750283862758  0.32388583657813647  0.34397301197898045  0.36406018737982448
  0.42438027135866602  0.46178077175334775  0.46679971010651294  0.47181864845967814
  0.47683758681284333  0.48185652516600852  0.48687546351917366  0.49189440187233879
  0.49691334022550393  0.50193227857866907  0.50695121693183420  0.51197015528499934
  0.51698909363816448  0.54621330026501824  0.65465003726850168  0.76308677427198524
  0.79702047712676949  0.80429035786989966  0.81156023861302973  0.81883011935615990
  0.82610000009928997  0.83336988084242014  0.84063976158555032  0.84790964232868049
  0.86927432076823907  0.96185647521293138  0.98143184770132463  1.00000000000000000
  0.13034122784932453  0.25502909151934972  0.26005818303869949  0.26508727455804920
  0.27011636607739892  0.27573369008357212  0.28144881818957324  0.28716394629557435
  0.31299230608434125  0.39607656376439898  0.39745913512299558  0.39884170648159223
  0.40022427784018882  0.40160684919878548  0.40298942055738207  0.40437199191597872
  0.40575456327457532  0.40713713463317197  0.40851970599176857  0.40990227735036522
  0.41128484870896181  0.41266742006755847  0.41404999142615506  0.41543256278475171
  0.41681513414334831  0.41819770550194491  0.41958027686054156  0.42096284821913815
  0.42234541957773475  0.42372799093633134  0.42511056229492800  0.42649313365352459
  0.42787570501212119  0.42925827637071778  0.43064084772931444  0.43202341908791103
  0.43340599044650763  0.43478856180510422  0.43617113316370082  0.43755370452229747
  0.43893627588089407  0.44031884723949066  0.44170141859808726  0.44308398995668391
  0.44446656131528051  0.44584913267387710  0.44723170403247370  0.44861427539107035
  0.44999684674966695  0.45137941810826354  0.45276198946686014  0.45414456082545679
  0.45552713218405338  0.45690970354264998  0.45829227490124658  0.54408696555489189
  0.56121192107278839  0.57833687659068489  0.59546183210858150  0.65359411733222894
  0.66930146776619737  0.67233011819047750  0.67535876861475774  0.67838741903903799
  0.68141606946331812  0.68444471988759836  0.68747337031187850  0.69050202073615874
  0.69353067116043898  0.69655932158471912  0.69958797200899936  0.70261662243327949
  0.70564527285755974  0.70867392328183998  0.71170257370612022  0.71473122413040047
  0.71775987455468060  0.72078852497896084  0.72381717540324109  0.72684582582752133
  0.75266010727862009  0.85318632276302842  0.91806308312724438  0.92185234373934644
  0.92564160435144849  0.92943086496355054  0.93322012557565270  0.93700938618775476
  0.94030914345068717  0.94353609597918942  0.94676304850769155  0.94999000103619380
  0.95321695356469593  0.95644390609319807  0.96427351633707670  1.00000000000000000
  0.21442406972249348  0.22188784180544305  0.22944761648538359  0.24078569117545312
  0.26540461531329235  0.34764469734366948  0.42988477937404651  0.51212486140442348
  0.56363536009614501  0.56656560560660796  0.56949585111707091  0.57242609662753385
  0.57535634213799680  0.57828658764845964  0.58121683315892259  0.58414707866938553
  0.58707732417984859  0.59000756969031154  0.59293781520077449  0.59586806071123744
  0.59879830622170049  0.60172855173216344  0.60465879724262639  0.60758904275308934
  0.61051928826355228  0.61344953377401523  0.61637977928447818  0.61931002479494113
  0.62224027030540408  0.62978568592095985  0.71202576795133676  0.79426584998171390
  0.87650593201209093  0.91718651115664018  0.91820249776680907  0.91921848437697795
  0.92023447098714684  0.92125045759731572  0.92226644420748460  0.92328243081765349
  0.92429841742782237  0.92531440403799126  0.92633039064816014  0.92734637725832902
  0.92836236386849791  0.92937835047866679  0.93039433708883568  0.93141032369900456
  0.93242631030917345  0.93344229691934233  0.93445828352951121  0.93547427013968010
  0.93649025674984898  0.93750624336001787  0.93852222997018675  0.93953821658035563
  0.94055420319052452  0.94157018980069329  0.94258617641086218  0.94360216302103106
  0.94461814963119994  0.94563413624136883  0.94665012285153771  0.94766610946170660
  0.94868209607187548  0.94969808268204436  0.95071406929221325  0.95173005590238213
  0.95274604251255102  0.95376202912271990  0.95477801573288879  0.95579400234305767
  0.95680998895322655  0.95782597556339544  0.95884196054695658  0.95985794390797485
  0.96087392726899312  0.96188991063001139  0.96290589399102977  0.96392187735204804
  0.96493786071306631  0.96595384407408458  0.96696982743510285  0.96798581079612123
  0.96900179415713950  0.97001777751815776  0.97103376087917603  0.97204974424019441
  0.97306572760121268  0.97408171096223095  0.97509769432324922  0.97611367768426760
  0.97712966104528587  0.97814564440630414  0.97916162776732241  1.00000000000000000
   1.0403863098519447E-011  -1.0000000000000000     
 F F F F F F F F F F F F F F F F F F F F F F F F F F F F F F F F F F F F F F F F F F F F F F F F F F F F F F F F F F F F F F F F
  <DiscreteSampler_grid>
  grouped_processes
  1 # 1 for a reference and 2 for a running grid.
  10 # Attribute 'min_bin_probing_points' of the grid.
  1 # Attribute 'grid_mode' of the grid. 1=='default',2=='initialization'
  0.0000000000000000 # Attribute 'small_contrib_threshold' of the grid.
  0.5000000000000000 # Attribute 'damping_power' of the grid.
 # binID   n_entries weight   weight_sqr   abs_weight
    10   10   1.537991310961695E+004   2.185693918420825E+009   1.537991310961695E+004
  </DiscreteSampler_grid>
