  0.03756442494638831  0.08620958005667811  0.08908582678002296  0.09196207350336781
  0.09483832022671267  0.09771456695005751  0.10059081367340236  0.10346706039674722
  0.10674538671696034  0.11015294770545922  0.11356050869395809  0.11696806968245696
  0.12037563067095583  0.12378319165945470  0.12970851694163887  0.13703228243337620
  0.14435604792511353  0.15167981341685091  0.15900357890858832  0.16632734440032573
  0.16858071496186774  0.17058775266001103  0.17259479035815431  0.17460182805629756
  0.17660886575444085  0.17861590345258413  0.18062294115072741  0.18262997884887067
  0.18463701654701395  0.18664405424515723  0.18866859102682093  0.19070614003252126
  0.19274368903822159  0.19478123804392189  0.19681878704962222  0.19885633605532252
  0.20089388506102285  0.20293143406672318  0.20496898307242348  0.20700653207812381
  0.20904408108382413  0.21108163008952446  0.21311917909522482  0.21515672810092515
  0.21719427710662551  0.21923182611232583  0.22126937511802619  0.22330692412372652
  0.22534447312942685  0.22738202213512720  0.24164640995447659  0.34219065145850397
  0.42032582811808894  0.43443908647707374  0.44855234483605855  0.46266560319504335
  0.47677886155402832  0.56269994955270575  0.66324419105673327  0.70498355173425387
  0.72802597623965870  0.75466190276589740  0.81314790103822265  0.81467327214281215
  0.81619864324740155  0.81772401435199105  0.81924938545658044  0.82077475656116994
  0.82230012766575933  0.82382549877034883  0.82535086987493822  0.82687624097952761
  0.82840161208411711  0.82992698318870650  0.83145235429329600  0.83297772539788539
  0.83425595316350509  0.83545904936843862  0.83666214557337215  0.83786524177830579
  0.83906833798323932  0.84027143418817285  0.84147453039310638  0.84267762659804002
  0.84388072280297355  0.84508381900790708  0.84628691521284061  0.84749001141777414
  0.84869310762270778  0.84989620382764131  0.85109930003257483  0.85230239623750836
  0.85350549244244200  0.89898870547384857  0.91398054594440281  1.00000000000000000
  0.00001398120527158  0.00001585945262271  0.00002231252653104  0.00004379695156201
  0.00008618938055569  0.00016933662596732  0.00033219244391345  0.00040874722380070
  0.00044985063201114  0.00049458654216632  0.00054432535448824  0.00097075711134824
  0.00190680085374309  0.00261888854183579  0.00275438991818255  0.00289044128956308
  0.00304431173052519  0.00319818217148729  0.00336222044726012  0.00353695013075266
  0.00371167981424520  0.00704682067963614  0.01387013275084458  0.01740321405481809
  0.01783128733498047  0.01825936061514285  0.01868743389530523  0.01911550717546761
  0.01955915400755550  0.02004525847496784  0.02053136294238018  0.02101746740979252
  0.02150357187720486  0.02198967634461720  0.02253180308195972  0.02308380565766030
  0.02363580823336089  0.02418781080906147  0.02473981338476205  0.02517579420677773
  0.02545916835590839  0.02574254250503905  0.02602591665416971  0.02630929080330037
  0.02659266495243103  0.02687603910156169  0.02715941325069235  0.02744278739982301
  0.02772616154895367  0.02800953569808433  0.02829290984721498  0.02859343941566762
  0.02891522880600128  0.02923701819633494  0.02955880758666861  0.02988059697700227
  0.03020238636733594  0.03052417575766960  0.03084596514800327  0.03116775453833693
  0.03148954392867059  0.03181133331900426  0.03213312270933792  0.03243563210884521
  0.03271562230516808  0.03299561250149095  0.03327560269781382  0.03355559289413669
  0.03383558309045957  0.03411557328678243  0.03439556348310531  0.03467555367942818
  0.03495554387575105  0.03523553407207392  0.03551552426839679  0.03579551446471967
  0.03607550466104253  0.03635549485736541  0.03663548505368828  0.03705269119874263
  0.03750015545868769  0.03794761971863275  0.03839508397857781  0.03884254823852288
  0.03929001249846795  0.03973747675841301  0.04018494101835807  0.04063240527830314
  0.04107986953824820  0.04152733379819327  0.06716885840507247  0.13185310568368022
  0.24193303496149254  0.24193303496150254  0.24193303496151253  1.00000000000000000
  0.00001953399303129  0.00006301066154542  0.00006391199369882  0.00006481332585222
  0.00006571465800562  0.00006661599015902  0.00006751732231242  0.00006841865446582
  0.00006931998661922  0.00007022131877262  0.00007112265092602  0.00007202398307942
  0.00007292531523282  0.00007382664738622  0.00007472797953962  0.00007562931169302
  0.00007658825727031  0.00007761413803740  0.00007864001880450  0.00007966589957159
  0.00008069178033868  0.00008171766110578  0.00008274354187287  0.00008376942263997
  0.00008479530340706  0.00008582118417416  0.00008684706494125  0.00008787294570835
  0.00010060265620787  0.00017807170564759  0.00031481188225140  0.00036245320572247
  0.00036987564671449  0.00037729808770652  0.00038472052869854  0.00039214296969057
  0.00039956541068259  0.00040750718568905  0.00041576867569021  0.00042403016569137
  0.00043229165569253  0.00044055314569370  0.00044892021919369  0.00045811614541656
  0.00046731207163943  0.00047650799786230  0.00048570392408517  0.00049489985030804
  0.00070544359723040  0.00124781152746167  0.00220458263593931  0.00290682297579741
  0.00314815468552623  0.00340891953451447  0.00369714505996336  0.00384213200492990
  0.00388904297764553  0.00393595395036116  0.00398286492307678  0.00402977589579241
  0.00407668686850803  0.00412359784122366  0.00417050881393929  0.00421741978665491
  0.00426648359503494  0.00431869748699465  0.00437091137895436  0.00442312527091408
  0.00447533916287379  0.00452755305483350  0.00457976694679322  0.00463198083875293
  0.00468419473071264  0.00473749117341211  0.00479474021096518  0.00485198924851826
  0.00490923828607133  0.00496648732362441  0.00502373636117748  0.00508098539873056
  0.00513823443628363  0.00519548347383671  0.00525273251138979  0.00544291430586245
  0.00565040412240531  0.00592242747420142  0.01048093446486705  0.01852578922071274
  0.03273454966193214  0.05793820372291079  0.10242269896003688  0.18084256946208341
  0.19811603654661941  0.19811603654662940  0.19811603654663940  1.00000000000000000
  0.05565350850423179  0.13920056910442299  0.14705015175131689  0.14933344450481043
  0.15161673725830394  0.15390003001179747  0.15618332276529098  0.15846661551878452
  0.16074990827227803  0.16303320102577157  0.16531649377926508  0.16760041123487063
  0.16988523259991481  0.17217005396495899  0.17445487533000315  0.17673969669504733
  0.17902451806009151  0.18130933942513569  0.18359416079017987  0.18587898215522405
  0.18816380352026821  0.19044862488531239  0.19273344625035657  0.19501826761540075
  0.19730308898044494  0.19958791034548912  0.20187273171053327  0.20415755307557745
  0.20644237444062163  0.22667975716316408  0.33310853391435269  0.37401335801918323
  0.39875557600262213  0.44605079564497480  0.55247957239616363  0.62620316072725957
  0.62997954405635781  0.63375592738545605  0.63753231071455430  0.64130869404365254
  0.64508507737275078  0.64886146070184902  0.65263784403094727  0.65641422736004562
  0.66019061068914386  0.66396699401824211  0.66774337734734046  0.67151976067643870
  0.67529614400553695  0.67907252733463519  0.68284891066373343  0.68662529399283156
  0.72981559049707057  0.73153743768653534  0.73325928487600012  0.73498113206546489
  0.73670297925492967  0.73842482644439444  0.74014667363385911  0.74186852082332388
  0.74359036801278866  0.74531221520225344  0.74703406239171821  0.74875590958118299
  0.75047775677064776  0.75219960396011254  0.75392145114957732  0.75564329833904209
  0.75736514552850687  0.75908699271797164  0.76080883990743642  0.76253068709690119
  0.76425253428636597  0.76597438147583075  0.76769622866529552  0.76941807585476030
  0.77113992304422507  0.77286177023368985  0.77458361742315462  0.77630546461261951
  0.77802731180208429  0.77974915899154906  0.78147100618101384  0.78319285337047861
  0.78491470055994339  0.78663654774940817  0.78835839493887305  0.79008024212833783
  0.80003725099783007  0.90646602774901874  0.96242884246288218  0.97041763047591234
  0.97840641848894239  0.98565610164156126  0.99282805082078041  1.00000000000000000
  0.00606780846913653  0.01612436076741992  0.02893295171969656  0.04227835802847151
  0.04600785250297511  0.04973734697747871  0.05346684145198231  0.05719633592648592
  0.06092583040098952  0.06465532487549312  0.06838481934999673  0.07211431382450033
  0.07584380829900392  0.07957330277350752  0.08330279724801112  0.08703229172251477
  0.09076178619701841  0.09449128067152206  0.09822077514602569  0.10195026962052933
  0.14773038007447759  0.25510656444795765  0.27761715057713376  0.28556505081465200
  0.29351295105217023  0.30146085128968841  0.30940875152720654  0.31735665176472472
  0.32530455200224290  0.33325245223976108  0.43961681360180460  0.47880749708663523
  0.50360386408109270  0.55360041599851462  0.66097660037199468  0.76835278474547464
  0.77248036466604419  0.77416634462818024  0.77585232459031617  0.77753830455245221
  0.77922428451458814  0.78091026447672407  0.78259624443886011  0.78428222440099604
  0.78596820436313208  0.78765418432526801  0.78934016428740406  0.79102614424953999
  0.79271212421167592  0.79439810417381196  0.79608408413594789  0.79777006409808382
  0.79945604406021986  0.80114202402235579  0.80282800398449172  0.80451398394662765
  0.80619996390876369  0.80788594387089963  0.80957192383303556  0.81125790379517149
  0.81294388375730753  0.81462986371944346  0.81631584368157939  0.81800182364371543
  0.81968780360585136  0.82137378356798729  0.82305976353012322  0.82474574349225926
  0.82643172345439520  0.82811770341653113  0.82980368337866706  0.83148966334080310
  0.83317564330293903  0.83536757417673679  0.83761170942156460  0.83985584466639229
  0.84209997991121999  0.84434411515604779  0.84658825040087549  0.84883238564570329
  0.85107652089053099  0.85332065613535868  0.85529936283896957  0.85711745773234072
  0.85893555262571186  0.86075364751908301  0.86257174241245416  0.86438983730582530
  0.86620793219919645  0.86802602709256760  0.86984412198593875  0.87166221687930989
  0.87348031177268104  0.89262381562652204  0.91661090056101480  1.00000000000000000
  0.00428521235783893  0.01543697901633403  0.02861432161204421  0.05603972827405269
  0.13375071617820211  0.15834330882116060  0.18293590146411906  0.27468477252100232
  0.29350972543755172  0.29570027429153256  0.29789082314551341  0.30008137199949431
  0.30227192085347515  0.30446246970745600  0.30665301856143684  0.30884356741541774
  0.31103411626939859  0.31322466512337943  0.31541521397736033  0.31760576283134118
  0.31979631168532202  0.32198686053930292  0.32417740939328377  0.32636795824726461
  0.32855850710124546  0.33074905595522636  0.33293960480920720  0.33513015366318810
  0.33732070251716895  0.33951125137114985  0.34170180022513075  0.34389234907911165
  0.34608289793309249  0.34827344678707339  0.35046399564105429  0.35265454449503514
  0.38732148364045133  0.48027997387976212  0.48811716035891983  0.49595434683807754
  0.50379153331723525  0.51162871979639302  0.51946590627555078  0.52730309275470855
  0.53514027923386631  0.55957159528888856  0.66662405683767501  0.71056501884060419
  0.71422121384796189  0.71787740885531970  0.72153360386267740  0.72518979887003521
  0.72884599387739302  0.73250218888475072  0.73615838389210841  0.73981457889946611
  0.74347077390682392  0.74712696891418162  0.75078316392153932  0.75443935892889702
  0.75809555393625483  0.76175174894361253  0.76540794395097023  0.76906413895832793
  0.82608423276044851  0.93313669430923496  0.93907481799089076  0.94071655066468218
  0.94235828333847360  0.94400001601226502  0.94564174868605644  0.94728348135984786
  0.94892521403363927  0.95056694670743069  0.95220867938122211  0.95385041205501353
  0.95549214472880495  0.95713387740259648  0.95866999382956608  0.95991967865998007
  0.96116936349039417  0.96241904832080816  0.96366873315122226  0.96491841798163636
  0.96616810281205034  0.96741778764246444  0.96866747247287843  0.96991715730329253
  0.97116684213370652  0.97241652696412062  0.97366621179453461  0.97491589662494871
  0.97616558145536270  0.97741526628577680  0.97842175165812173  1.00000000000000000
  0.00729166538046359  0.01176933505379699  0.01624700472713039  0.02072467440046380
  0.02833321915342737  0.03601962994181848  0.04370686557822212  0.05139638522279397
  0.05908590486736581  0.07072332645917306  0.08551330349536701  0.10030328053156110
  0.10681310944850037  0.11039527229556202  0.11397743514262368  0.11755959798968534
  0.12114176083674699  0.12472392368380865  0.12831169861079433  0.13189994217716294
  0.13548818574353153  0.13907642930990011  0.14266467287626869  0.14625291644263727
  0.14984116000900591  0.15342940357537452  0.15701764714174316  0.16060589070811176
  0.16419413427448040  0.19930976187122834  0.21029876771728787  0.21244902111148334
  0.21459927450567878  0.21674952789987426  0.21889978129406973  0.22105003468826517
  0.22320028808246065  0.22535054147665612  0.22750079487085156  0.22965104826504704
  0.23180130165924245  0.23395155505343790  0.23610180844763334  0.23825206184182879
  0.24040231523602423  0.24255256863021968  0.24470282202441510  0.24685307541861054
  0.24900332881280599  0.25115358220700140  0.25330383560119685  0.25545408899539229
  0.25760434238958774  0.25975459578378318  0.26190484917797863  0.26405510257217407
  0.26620535596636952  0.26835560936056496  0.27050586275476035  0.35982856696883558
  0.43791929634409105  0.43953100437668463  0.44114271240927827  0.44275442044187185
  0.44436612847446544  0.44597783650705902  0.44758954453965266  0.44920125257224625
  0.45081296060483983  0.45242466863743341  0.45403637667002700  0.45564808470262064
  0.45725979273521422  0.45875821339096046  0.46003064750328304  0.46130308161560563
  0.46257551572792827  0.46384794984025085  0.46512038395257349  0.46639281806489608
  0.46766525217721866  0.46893768628954130  0.47021012040186388  0.47148255451418647
  0.47275498862650911  0.47402742273883169  0.47529985685115428  0.47657229096347692
  0.47784472507579950  0.47911715918812209  0.58006559738911456  0.68504919804183206
  0.79003279869454968  0.89501639934726707  0.97329229513804116  1.00000000000000000
  0.24095213015874231  0.24692710439913598  0.25717106390603744  0.27141026746013769
  0.27914019277313101  0.28687011808612434  0.29460004339911766  0.30232996871211087
  0.31005989402510414  0.31362398069063219  0.31526643504238294  0.31690888939413364
  0.31855134374588440  0.32019379809763515  0.32183625244938591  0.32347870680113666
  0.32512116115288742  0.32676361550463812  0.32840606985638887  0.33004852420813963
  0.33169097855989038  0.33333343387477898  0.33499177431650123  0.33665011475822354
  0.33830845519994579  0.33996679564166810  0.34162513608339040  0.34328347652511265
  0.34494181696683496  0.34660015740855726  0.34825849785027951  0.34991683829200182
  0.35157517873372407  0.35323351917544638  0.35489185961716863  0.35655020005889093
  0.35820854050061318  0.35986688094233543  0.36152522138405774  0.36318356182577999
  0.36484190226750224  0.36650024270922449  0.36815858315094679  0.36981692359266904
  0.37147526403439129  0.37313360447611360  0.37479194491783585  0.39731577017101660
  0.39951830149161810  0.40172083281221960  0.40392336413282115  0.40612589545342265
  0.40832842677402414  0.41053095809462564  0.41273348941522719  0.41493602073582869
  0.41713855205643019  0.41934108337703169  0.42154361469763318  0.42374614601823468
  0.42594867733883618  0.42815120865943768  0.43035373998003917  0.43255627130064067
  0.43475880262124211  0.43696133394184361  0.43916386526244511  0.44136639658304661
  0.44356892790364810  0.44577145922424960  0.44797399054485110  0.45017652186545259
  0.45237905318605409  0.45458158450665559  0.45678411582725703  0.48900428488877817
  0.58543839167669642  0.60943000375709167  0.63342161583748668  0.69574162179084964
  0.79914327951119701  0.89607000038456619  0.89971618776338191  0.90336237514219775
  0.90700856252101347  0.91065474989982920  0.91430093727864503  0.91719672171175393
  0.91870608791460462  0.92021545411745531  0.92172482032030600  0.92323418652315670
  0.92474355272600728  0.92625291892885797  0.92684996525446572  1.00000000000000000
  0.06695979436238617  0.31488748323673477  0.35853185736728366  0.46305838801870675
  0.56758491867012995  0.59000019392361913  0.59784969377031272  0.60569919361700642
  0.61354869346369989  0.62139819331039348  0.62693776449156047  0.63051864510532485
  0.63409952571908923  0.63768040633285361  0.64126128694661799  0.64484216756038226
  0.64851744656494492  0.65222885481914772  0.65594026307335063  0.65965167132755342
  0.66336307958175633  0.66707448783595913  0.67078589609016193  0.67449730434436472
  0.67820871259856752  0.68192012085277032  0.68563152910697323  0.73940370753567008
  0.75152108819349173  0.75321377070712303  0.75490645322075445  0.75659913573438586
  0.75829181824801728  0.75998450076164870  0.76167718327528011  0.76336986578891153
  0.76506254830254294  0.76675523081617436  0.76844791332980578  0.77014059584343708
  0.77183327835706850  0.77352596087069991  0.77521864338433144  0.77691132589796286
  0.77860400841159427  0.78029669092522569  0.78198937343885710  0.78368205595248852
  0.78537473846611994  0.78706742097975135  0.78876010349338277  0.79045278600701419
  0.79214546852064560  0.79383815103427702  0.79553083354790843  0.79722351606153985
  0.79891619857517127  0.80060888108880268  0.80230156360243410  0.80399424611606540
  0.80568692862969682  0.80737961114332824  0.80907229365695965  0.81076497617059107
  0.81245765868422248  0.89849401056508948  0.91346350840192825  0.91843081096231094
  0.92067520940548830  0.92291960784866556  0.92516400629184292  0.92740840473502018
  0.92965280317819754  0.93189720162137490  0.93414160006455216  0.93638599850772952
  0.93863039695090678  0.94087479539408414  0.94311919383726150  0.94536359228043876
  0.94760799072361612  0.94985238916679338  0.95209678760997074  0.95434118605314811
  0.95658558449632536  0.95883029885912663  0.96107612496781170  0.96332195107649676
  0.96556777718518183  0.96781360329386690  0.97005942940255185  0.97230525551123692
  0.97455108161992199  0.97679690772860706  0.97904273383729212  1.00000000000000000
   9.2114008213766950E-012  -1.0000000000000000     
 F F F F F F F F F F F F F F F F F F F F F F F F F F F F F F F F F F F F F F F F F F F F F F F F F F F F F F F F F F F F F F F F
  <DiscreteSampler_grid>
  grouped_processes
  1 # 1 for a reference and 2 for a running grid.
  10 # Attribute 'min_bin_probing_points' of the grid.
  1 # Attribute 'grid_mode' of the grid. 1=='default',2=='initialization'
  0.0000000000000000 # Attribute 'small_contrib_threshold' of the grid.
  0.5000000000000000 # Attribute 'damping_power' of the grid.
 # binID   n_entries weight   weight_sqr   abs_weight
    10   10   3.123410266583654E+002   3.970678400998173E+005   3.123410266583654E+002
  </DiscreteSampler_grid>
