  0.00925457514434164  0.01684635329984962  0.02749947234740502  0.04052640025413751
  0.05156845512430317  0.06191369487928346  0.07243721563353468  0.08269166720163429
  0.09258135795584854  0.10237433369950961  0.11230561750750218  0.12263675430326257
  0.13319197426685120  0.14390399123287009  0.15491307456373921  0.16622709388028425
  0.17814707764277007  0.18933366778557537  0.19984828370416957  0.20998402291083612
  0.22016879720943491  0.23049553262175984  0.24110509713175643  0.25213788437514550
  0.26320975552452075  0.27410861679759252  0.28493502058136827  0.29568584558143451
  0.30607943519908981  0.31690524117658542  0.32813921323449113  0.33922271582063079
  0.34993104008340392  0.36041982988384641  0.37118386850314339  0.38232877928826009
  0.39377314610150160  0.40545995557228132  0.41682339060056661  0.42692315623350696
  0.43643440474734024  0.44550216619623062  0.45433206657891106  0.46315437035286644
  0.47194928237342337  0.48159786437649604  0.49174900686403433  0.50203185194844213
  0.51205449206352882  0.52195217619841450  0.53134979337493771  0.54110219670762760
  0.55115013208506625  0.56167810018522080  0.57240721552430629  0.58334212673232611
  0.59464288092250572  0.60587389685238924  0.61731018788501024  0.62845478617647343
  0.63937622349145262  0.64993444038372050  0.66033462503128848  0.67118051262324219
  0.68233704693696506  0.69366389763215464  0.70426624826898132  0.71510470899795608
  0.72598418216669014  0.73663412726051103  0.74673361616961231  0.75717028347095605
  0.76762005712346271  0.77734993053450974  0.78662932382843009  0.79657161870697701
  0.80683415811175196  0.81689815891945972  0.82670516441917408  0.83661115678378151
  0.84684716788993375  0.85748204620512625  0.86864111286893519  0.87935141680334994
  0.88963344767241526  0.90017887382484452  0.91226960773081356  0.92434223502275636
  0.93599398854380322  0.94767572492730245  0.95808495746249567  0.96729624599700004
  0.97666825538165591  0.98546278985201352  0.99018574287947081  1.00000000000000000
  0.01154309245912134  0.01409991397184890  0.01566234204262867  0.01691188548675432
  0.01805117245908558  0.01912913212009004  0.02015737739709292  0.02116388854435588
  0.02214676041361581  0.02307660000290749  0.02398376769507413  0.02491719874052438
  0.02587055602368044  0.02673188847500327  0.02753958753194682  0.02832390614410004
  0.02911893162168080  0.02991874555724604  0.03073852068152353  0.03159254481459184
  0.03243645739857241  0.03330504284863030  0.03417909046909654  0.03505299404016609
  0.03595906645103393  0.03690417777435378  0.03787756434812446  0.03889487628293278
  0.03994473779603201  0.04089261221952076  0.04190906674424110  0.04294820138852205
  0.04402815091216775  0.04510596084611231  0.04616274796004036  0.04726371857854367
  0.04839017483498480  0.04951295551543583  0.05064386362490392  0.05178214614725204
  0.05292356371146299  0.05409441076508291  0.05532053388136285  0.05661159442828516
  0.05793470922593040  0.05933446384688196  0.06077650136963340  0.06230757036993789
  0.06383290733357706  0.06529001172012741  0.06677753736831089  0.06835706399863685
  0.06994384577117564  0.07166211574097542  0.07351949235439383  0.07551018912418525
  0.07755681518287784  0.07941652894704707  0.08108947666475623  0.08289828803933143
  0.08485395833440632  0.08690349001095077  0.08911324958147522  0.09142608243932304
  0.09385175593403065  0.09624883406269645  0.09857972778775159  0.10094352329074247
  0.10332753663893259  0.10584502202102268  0.10851236329546989  0.11129706093623595
  0.11406996370495076  0.11678798485923290  0.11963048161802031  0.12267619046425085
  0.12590823909209978  0.12946797572336499  0.13307318783948252  0.13666296683677084
  0.14072395312654418  0.14479331898908351  0.14921575242875110  0.15472350150417075
  0.16148636283215245  0.16787932560755872  0.17495690720214374  0.18290550660346752
  0.19171372571819811  0.20351676360078383  0.21929633192415482  0.23938742712894548
  0.26540588966533291  0.32643165664753654  0.58177751858481053  1.00000000000000000
 -0.00000443389274389  0.00002516568433696  0.00005904694894158  0.00008857891352313
  0.00011539797922032  0.00014688114222998  0.00018172542117645  0.00021907656710447
  0.00025720171154388  0.00029648106833747  0.00034065120833985  0.00038582008352358
  0.00042993531508545  0.00047567159785099  0.00052419469567963  0.00057870854672504
  0.00063752648204950  0.00069900631549890  0.00076080214489368  0.00082437706783265
  0.00089113148933535  0.00096108285492148  0.00103370450904387  0.00110667888121102
  0.00117906492808879  0.00125248334338510  0.00132807434768858  0.00140709572965060
  0.00149118567715581  0.00158052646673798  0.00167500877388295  0.00177471320576993
  0.00187747243823918  0.00199380191325270  0.00210815446506166  0.00222321656946973
  0.00233595444347525  0.00244813744597290  0.00256780777768724  0.00269603871485872
  0.00282720665979712  0.00296842193814683  0.00311812865619191  0.00327599534011103
  0.00343875374921160  0.00359933309897073  0.00376626688300813  0.00394436356574529
  0.00413165095789755  0.00432538421285451  0.00451454976575409  0.00471230342823877
  0.00493314844701343  0.00516455914250386  0.00542305871527856  0.00570292270280074
  0.00600139333513858  0.00631729522389562  0.00663721348808554  0.00696942669438703
  0.00730225865810231  0.00765750707620746  0.00802251491969623  0.00839917373251694
  0.00878302451693183  0.00921566081700374  0.00969502325888788  0.01018853217805864
  0.01072235537217400  0.01132013100660591  0.01197979102445210  0.01267477174685735
  0.01335521379486406  0.01411116693596752  0.01497643792887542  0.01595759657140376
  0.01706668761918112  0.01860096963362865  0.01988461881629238  0.02116258710506369
  0.02257025952658788  0.02401038019356859  0.02557071106804988  0.02749675745312413
  0.03012073609524080  0.03301756861552384  0.03612182466995015  0.03992969164919904
  0.04461958869386747  0.05088273882007532  0.06019236432817993  0.07450045241414535
  0.09824262306815497  0.15311474220871082  0.21105308593488384  1.00000000000000000
 -0.00263737555999301  0.01125918703297844  0.02191559646847302  0.03319399366724365
  0.04396529764225879  0.05509896841870658  0.06618326569069964  0.07713596682830930
  0.08803516877327675  0.09887859791356284  0.10978383562116634  0.12056024361848058
  0.13151229720659169  0.14225019013967549  0.15232162714280198  0.16207835183467681
  0.17211817150140807  0.18258066222786412  0.19380000518367316  0.20545875538436745
  0.21759628591341512  0.22905162057698780  0.23959349067930466  0.24979905703605818
  0.25957777323354803  0.26920271621073055  0.27902592045862606  0.28867839670715223
  0.29904756798650628  0.30995014350976219  0.32112768720269791  0.33185970189539127
  0.34209023599701854  0.35252490276440063  0.36321151148413622  0.37315566155742480
  0.38313906633525524  0.39301177432625145  0.40362920625033410  0.41494592398941021
  0.42593322272731771  0.43705447032235190  0.44757278305081571  0.45756378208917797
  0.46678183801741246  0.47618338986293129  0.48653490732982246  0.49699397941196044
  0.50728647278007633  0.51792523798478685  0.52913098558660288  0.54025775892310968
  0.55057290599416708  0.56064168576923001  0.57112405086629403  0.58102516683705829
  0.59096010216281769  0.60115561536554951  0.61130983922416782  0.62174690325053683
  0.63258613506806616  0.64337174340120906  0.65353264006222955  0.66338754527250587
  0.67304264067165642  0.68268819734467701  0.69294512175818535  0.70357966631180191
  0.71415925033625216  0.72412937116444609  0.73465083535405451  0.74552566881777738
  0.75603757195099874  0.76667239230199002  0.77726458104237905  0.78778695045642610
  0.79796139337927141  0.80773394970021184  0.81722299672386156  0.82670811553778312
  0.83650145683915567  0.84708077009739347  0.85828482104346093  0.86970438359613833
  0.88038524489810521  0.89054401494663626  0.90067748269259662  0.91070157096480686
  0.92079690708717044  0.93109366344912758  0.94152947982662871  0.95222076916735732
  0.96363995005092917  0.97574899456307751  0.98818975856990754  1.00000000000000000
 -0.00294818856668421  0.01106311483353403  0.02272206705091777  0.03339867511096572
  0.04368253531842196  0.05384014356008360  0.06407614099637197  0.07449750484710480
  0.08523521316059610  0.09594975882680024  0.10642584588155758  0.11626348345434449
  0.12626645463554140  0.13610161416804034  0.14637101438395356  0.15608689964614114
  0.16672263708999974  0.17697727199903304  0.18749522184038864  0.19778604027782962
  0.20842896737794181  0.21927621770046563  0.23011271770073627  0.24083164978518820
  0.25157830981342683  0.26185273859445518  0.27208714370227099  0.28249759756667508
  0.29356912085996367  0.30503194937871791  0.31615580917764313  0.32697652513892472
  0.33800074413970249  0.34926654523563144  0.36027583225134074  0.37141757066894515
  0.38327315126895023  0.39575793779232465  0.40837849538401916  0.42053537996662810
  0.43215361559593041  0.44330328097055238  0.45377022948551432  0.46392815769749696
  0.47411402892642956  0.48488937028989570  0.49573007851376139  0.50630217654596421
  0.51669887515950952  0.52712961022240834  0.53829594081222909  0.55034715102980769
  0.56257913760591494  0.57439696288536146  0.58553610103548592  0.59626934453025349
  0.60694380207583598  0.61763813407142731  0.62827674148296830  0.63847496441284413
  0.64841995391380269  0.65847225086305883  0.66912112701759718  0.67998545407243727
  0.69104423409867122  0.70216919008361811  0.71253494652326232  0.72260879353344809
  0.73233051523301429  0.74194884971950037  0.75099293468778561  0.76071964794348035
  0.77052843241817326  0.78032050471158343  0.78987641879765313  0.79970575027292290
  0.80991168767642263  0.81981054340136106  0.82958967608783951  0.84010127856629935
  0.85122608522138510  0.86201874094041031  0.87223633447594506  0.88232805767807210
  0.89240148355293891  0.90272527631632171  0.91302199749335800  0.92320460600708576
  0.93332598755635399  0.94327545820599834  0.95290457408627460  0.96250308319236444
  0.97140097406334602  0.98019641349101316  0.98988338669600706  1.00000000000000000
  0.00056937502391905  0.00770690344805059  0.01345337445001570  0.01946881723558062
  0.02576236943904249  0.03222783203316625  0.03839973509786069  0.04469512178991177
  0.05094492066689601  0.05726052438343976  0.06307861176892576  0.06849460998516781
  0.07388575914315873  0.07938910601176009  0.08505396452653312  0.09083089661450336
  0.09653110102425293  0.10220051358697142  0.10814954357203105  0.11423587090431186
  0.12070461349472372  0.12797029971500445  0.13549830996009191  0.14279248364463015
  0.14993880825513098  0.15716683501832784  0.16463009387011165  0.17174580775052731
  0.17892753084044599  0.18611565991971868  0.19386638848021917  0.20198441227344424
  0.20986648288142240  0.21752093795041960  0.22486078064941434  0.23270198361903324
  0.24086179641324387  0.24904453384668299  0.25693245190945929  0.26459180112159675
  0.27235487604972214  0.28018681383421629  0.28807603997727549  0.29612143954347525
  0.30444724979015492  0.31319491194740479  0.32233616984221519  0.33153561691183181
  0.34064761702604673  0.34960722077852363  0.35797989427188748  0.36588510562218468
  0.37441510872782258  0.38367497559517294  0.39288056056256254  0.40156770519439511
  0.41015492572181306  0.41875844487576208  0.42814620515371893  0.43758281286091727
  0.44700824405968631  0.45685299463568363  0.46710174646231839  0.47778599020118756
  0.48822462308884895  0.49869570122067136  0.50942393049505352  0.52047616384043627
  0.53096806043129952  0.54150250365879127  0.55230196647172380  0.56345071221452891
  0.57476159806057148  0.58651960094685074  0.59957150174118978  0.61296543752609844
  0.62633370944885369  0.63943851702986665  0.65223979010036426  0.66511697538636261
  0.67843321132182011  0.69270536290905149  0.70701540440858923  0.72090174016826036
  0.73640980189535388  0.75354814230087230  0.76980402945686621  0.78615541209123485
  0.80400590948557815  0.82357528194571705  0.84571905680176951  0.86952856204111095
  0.89428289832911512  0.92247412306807763  0.95673267375220306  1.00000000000000000
 -0.00196845536947947  0.00784184877380697  0.01642369059062773  0.02611651841894408
  0.03621913824609919  0.04574723448095127  0.05491436663551640  0.06448917207642284
  0.07516904097190401  0.08574163278905603  0.09583449723332110  0.10602911106463406
  0.11616833305425132  0.12651819696724637  0.13695730237777962  0.14776155788268194
  0.15847960394517185  0.16927722398838455  0.18040295435872072  0.19186309847588306
  0.20374708113163145  0.21567801295336494  0.22684406806432747  0.23779837256089839
  0.24876810675627251  0.26049225047164076  0.27247079722418116  0.28373828975445370
  0.29518171853377739  0.30630340211175061  0.31685509315231025  0.32708810501520197
  0.33726158479554597  0.34759585742084237  0.35818925448867794  0.36902931345623596
  0.37989899072368360  0.39069242680775351  0.40186213452076763  0.41294991220329330
  0.42358127485789904  0.43390981305746373  0.44386715341931154  0.45374142527458267
  0.46316807530263299  0.47235400062028549  0.48169251232201665  0.49127927348552913
  0.50080778509883483  0.50970807306906318  0.51853216626661325  0.52791114062355438
  0.53771167562993949  0.54691095807149637  0.55558485891832832  0.56483856354879780
  0.57557558840673873  0.58641186851315363  0.59678749535425146  0.60695322097218440
  0.61706711036888895  0.62695654762142683  0.63713089800638245  0.64709077618349797
  0.65648434368468023  0.66581422892415776  0.67599053449250746  0.68709392382821899
  0.69821749119489196  0.70908169722564962  0.72055140480367241  0.73173797715902689
  0.74266041507185887  0.75386806317016075  0.76512207697054668  0.77578269117994469
  0.78656803847878509  0.79770699925545419  0.80886614913416077  0.81980685768107309
  0.83009628211874409  0.84101404026638793  0.85215754902971508  0.86373491500142219
  0.87449784632205474  0.88614819613705365  0.89746424797036939  0.90862411086424455
  0.91966883058630777  0.93127474211518546  0.94289528440444603  0.95515437320937246
  0.96656383631347198  0.97826024053719507  0.98899351468026209  1.00000000000000000
 -0.00200440154424944  0.00912332654789788  0.01934465541195800  0.02962192971966710
  0.03985804131811778  0.05005447704205229  0.06037575145210356  0.07029154134216303
  0.08069062973461272  0.09172620887282057  0.10474310784498293  0.11638989342269832
  0.12889001134665318  0.14106506558489143  0.15344392127749609  0.16551651547927435
  0.17708394935469451  0.18824087034845904  0.19900707025206266  0.20978936848856616
  0.22101173054561468  0.23245774147283518  0.24382655967938247  0.25511446665821558
  0.26579093099584383  0.27563771422754341  0.28480095010924589  0.29409274805284918
  0.30371458765585441  0.31385347768898419  0.32426313634275161  0.33467731065633471
  0.34492588781908234  0.35491033924163351  0.36455332905272941  0.37424838165614538
  0.38400460160229216  0.39356041874107878  0.40335295287876355  0.41382474409286413
  0.42550222889600808  0.43818877050856841  0.45079091840955521  0.46327397584920610
  0.47570845124301525  0.48709949265463359  0.49747924802312216  0.50813682729271337
  0.51867249387221281  0.52921567150339588  0.53960856789109624  0.55004837623546576
  0.56017668257953102  0.57004944350265896  0.57982747204350427  0.58971975369371576
  0.59944740024255505  0.60916602792266228  0.61887978361829132  0.62870048501008591
  0.63885981915697021  0.64914398022829378  0.65875604006507804  0.66807679215808791
  0.67726373300994669  0.68702669627262625  0.69773090272682858  0.70915419632392263
  0.72020705369645333  0.73108363505555551  0.74209865227307281  0.75309247414664671
  0.76326511393465490  0.77367615667492839  0.78479571279317595  0.79548589399252312
  0.80557884209499320  0.81570806292246123  0.82638772170485486  0.83634433485197202
  0.84589016775980075  0.85497070277179132  0.86510255589697860  0.87488406427643739
  0.88478121057712067  0.89467143828649376  0.90550309519756478  0.91675416152467015
  0.92681251824914024  0.93670136470049381  0.94779745615821331  0.95872707694282466
  0.96921261526595648  0.97880780016859414  0.98950268358669558  1.00000000000000000
 -0.00984478936521686  0.32823806000685130  0.42498773625804881  0.48478689575711692
  0.52843272724452550  0.56208303310881769  0.58962918199942727  0.61230937241993122
  0.63216665969012975  0.65024862907578218  0.66638264255477775  0.68051383974857083
  0.69362657055251276  0.70549983508505920  0.71574704574122316  0.72511553838295328
  0.73410745044411463  0.74293103911423963  0.75124775372541885  0.75851532496834639
  0.76532804905922958  0.77190995605610813  0.77836533881945991  0.78489642242987723
  0.79124142022670640  0.79697840437163670  0.80224578679818404  0.80742484176236418
  0.81253812901487499  0.81740950494269371  0.82201553287179363  0.82640304945468035
  0.83059869670353015  0.83459531746147098  0.83826119318251702  0.84185705788793497
  0.84537738470450841  0.84887445609936252  0.85239199189506454  0.85558419791969964
  0.85865131886613422  0.86170410729725511  0.86473816296181660  0.86784137901302560
  0.87105077651120122  0.87423459347243393  0.87717711701671952  0.87986724188057308
  0.88242155191323179  0.88479826487245716  0.88714973493405935  0.88944083176317112
  0.89171852638726179  0.89398348092911961  0.89622038072287669  0.89844868871996308
  0.90062609769579194  0.90287937040149546  0.90509976922287405  0.90730458308510764
  0.90948990263167073  0.91165430283159576  0.91381247089507522  0.91586795056258430
  0.91789783307282813  0.91989400327011939  0.92188998712673631  0.92390183597398967
  0.92586369095671428  0.92778759199081340  0.92962701665103320  0.93143175582047566
  0.93326960535936687  0.93517117190070753  0.93709442197224324  0.93894397634251481
  0.94085707801147511  0.94277973302371443  0.94467168613591757  0.94651935956660704
  0.94837576813027535  0.95025325383887405  0.95210518943208644  0.95395032038458427
  0.95577129058631360  0.95760927944040986  0.95965075227311358  0.96179010130433218
  0.96405170128430140  0.96645764076882157  0.96905459235412106  0.97192210932328693
  0.97519639487756371  0.97961343239938403  0.98704678231669585  1.00000000000000000
   4.2257830906555744E-013  -1.0000000000000000     
 F F F F F F F F F F F F F F F F F F F F F F F F F F F F F F F F F F F F F F F F F F F F F F F F F F F F F F F F F F F F F F F F
  <DiscreteSampler_grid>
  grouped_processes
  1 # 1 for a reference and 2 for a running grid.
  10 # Attribute 'min_bin_probing_points' of the grid.
  1 # Attribute 'grid_mode' of the grid. 1=='default',2=='initialization'
  0.0000000000000000 # Attribute 'small_contrib_threshold' of the grid.
  0.5000000000000000 # Attribute 'damping_power' of the grid.
 # binID   n_entries weight   weight_sqr   abs_weight
    10   10   1.649353698850552E+000   1.380074474474959E+001   1.649353698850552E+000
  </DiscreteSampler_grid>
