  0.03970519180619905  0.25730230648794428  0.26460461297588855  0.27199624619396823
  0.27990613426524708  0.28781602233652587  0.29890805188569070  0.31494860960069537
  0.36281448437488645  0.38384276604171413  0.40487104770854182  0.44591331640381332
  0.51252538790340951  0.57913745940300565  0.64574953090260190  0.71236160240219815
  0.77897367390179428  0.80528938315706933  0.82137631300947966  0.83690650904426367
  0.85243670507904790  0.86919602454643063  0.91708967215134085  0.93059157472885767
  0.94409347730637450  0.95759537988389121  0.95898308556394218  0.95967040351148170
  0.96035772145902121  0.96104503940656072  0.96173235735410012  0.96241967530163963
  0.96310699324917914  0.96379431119671854  0.96448162914425806  0.96516894709179757
  0.96585626503933697  0.96654358298687648  0.96723090093441599  0.96791821888195551
  0.96860553682949491  0.96929285477703442  0.96998017272457393  0.97066749067211333
  0.97135480861965284  0.97204212656719235  0.97272944451473176  0.97341676246227127
  0.97410408040981078  0.97479139835735018  0.97547871630488969  0.97616603425242920
  0.97685335219996872  0.97754067014750812  0.97822798809504763  0.97891530604258714
  0.97950007311724208  0.98002571226808199  0.98055135141892202  0.98107699056976194
  0.98160262972060186  0.98212826887144178  0.98265390802228181  0.98317954717312173
  0.98370518632396164  0.98423082547480156  0.98475646462564159  0.98528210377648151
  0.98580774292732143  0.98633338207816135  0.98685902122900138  0.98738466037984129
  0.98791029953068121  0.98843593868152113  0.98896157783236116  0.98948721698320108
  0.99001285613404100  0.99053849528488092  0.99106413443572094  0.99158977358656086
  0.99211541273740078  0.99264105188824070  0.99316669103908073  0.99369233018992065
  0.99421796934076057  0.99474360849160048  0.99526924764244051  0.99579488679328043
  0.99632052594412035  0.99684616509496027  0.99737180424580030  0.99789744339664022
  0.99842308254748013  0.99894872169832005  0.99947436084916008  1.00000000000000000
  0.00009831247856906  0.00022542685780332  0.00031929928245239  0.00041289936522963
  0.00070271332668170  0.00070952939069984  0.00071634545471798  0.00072316151873613
  0.00072997758275427  0.00073679364677241  0.00074360971079055  0.00075042577480869
  0.00075724183882683  0.00076405790284497  0.00077087396686312  0.00077769003088126
  0.00078450609489940  0.00079132215891754  0.00079813822293568  0.00080495428695382
  0.00081177035097196  0.00081845670483905  0.00082475468812938  0.00083105267141970
  0.00083735065471002  0.00084364863800035  0.00084994662129067  0.00085624460458100
  0.00086254258787132  0.00086884057116165  0.00087513855445197  0.00088143653774230
  0.00088773452103262  0.00089403250432295  0.00090033048761327  0.00090662847090359
  0.00091292645419392  0.00091922443748424  0.00092543344028857  0.00093125272153647
  0.00093707200278436  0.00094289128403225  0.00094871056528015  0.00095452984652804
  0.00096034912777593  0.00096616840902382  0.00097198769027172  0.00097780697151961
  0.00098362625276750  0.00098944553401540  0.00099526481526329  0.00100108409651118
  0.00100690337775908  0.00101272265900697  0.00101854194025486  0.00107770277977223
  0.00115059891446890  0.00118904373775322  0.00122114184978191  0.00124758092272136
  0.00127401999566080  0.00130045906860025  0.00132364983657743  0.00134588517472703
  0.00136812051287664  0.00139035585102624  0.00141259118917585  0.00143728984791286
  0.00146214758718249  0.00148700532645212  0.00151186306572175  0.00153821976594549
  0.00156883817877539  0.00159945659160529  0.00163007500443520  0.00166375391055189
  0.00171492192588474  0.00176608994121760  0.00216160853867891  0.00317167669284021
  0.00465306368350179  0.00682889769324037  0.01002497399991491  0.01471496858370872
  0.02154869780243127  0.02239348581703122  0.02239348581704122  0.02239348581705122
  0.02239348581706121  0.02239348581707121  0.02239348581708121  0.02239348581709121
  0.02239348581710121  0.02239348581711121  0.02239348581712121  1.00000000000000000
  0.00000441212502187  0.00000628043739269  0.00000814874976350  0.00001047253459672
  0.00001781566471038  0.00002515879482404  0.00003225466558528  0.00003905248183114
  0.00004585029807700  0.00008942018665787  0.00009210144093874  0.00009478269521962
  0.00009746394950049  0.00010014520378137  0.00010282645806224  0.00010550771234312
  0.00010818896662399  0.00011087022090487  0.00011380550991688  0.00011678985906237
  0.00011977420820786  0.00012275855735336  0.00017009214236617  0.00017587233102231
  0.00018096241160250  0.00018605249218269  0.00019125608999965  0.00019692156445253
  0.00020258703890541  0.00020825251335829  0.00021417639762899  0.00022048230973992
  0.00022678822185086  0.00023309413396179  0.00032146195355638  0.00053528881823527
  0.00076642531157672  0.00077088796784308  0.00077535062410945  0.00077981328037582
  0.00078427593664218  0.00078873859290855  0.00079320124917492  0.00079766390544129
  0.00080212656170765  0.00080658921797402  0.00081105187424039  0.00081551453050676
  0.00081997718677312  0.00082443984303949  0.00082890249930586  0.00083336515557222
  0.00083782781183859  0.00084229046810496  0.00084675312437133  0.00085121578063769
  0.00085508437523561  0.00085889797048327  0.00086271156573092  0.00086652516097858
  0.00087033875622623  0.00087415235147388  0.00087796594672154  0.00088177954196919
  0.00088559313721685  0.00088940673246450  0.00089322032771215  0.00089703392295981
  0.00090084751820746  0.00090466111345512  0.00090847470870277  0.00091228830395042
  0.00091610189919808  0.00091991549444573  0.00092372908969339  0.00092754268494104
  0.00093135628018870  0.00093516987543635  0.00093898347068400  0.00094279706593166
  0.00094661066117931  0.00133606935147472  0.00222157427417145  0.00369980958749918
  0.00615757841239866  0.01024087687389880  0.01702583567938688  0.02173535617660680
  0.02173535617661680  0.02173535617662680  0.02173535617663680  0.02173535617664680
  0.02173535617665680  0.02173535617666680  0.02173535617667680  1.00000000000000000
  0.07718121608098343  0.07746648706975788  0.07775175805853235  0.07803702904730681
  0.07832230003608126  0.07860757102485573  0.07889284201363019  0.07917811300240464
  0.07946338399117910  0.07974865497995356  0.08003392596872802  0.08031919695750248
  0.08060446794627694  0.08088973893505140  0.08117500992382586  0.08146028091260032
  0.08174555190137478  0.08203082289014924  0.08231609387892369  0.08260136486769816
  0.08288663585647262  0.08317190684524707  0.08387148447308582  0.08511109468503805
  0.08635070489699029  0.08759031510894252  0.08882992532089476  0.09006953553284699
  0.09130914574479923  0.09254875595675147  0.09378836616870370  0.09502797638065594
  0.09626758659260817  0.09750719680456041  0.09874680701651266  0.09998641722846489
  0.10122602744041713  0.10246563765236937  0.10370524786432160  0.10494761549249501
  0.10619161809591313  0.10743562069933123  0.10867962330274934  0.10992362590616744
  0.11116762850958556  0.11241163111300366  0.11365563371642178  0.11489963631983988
  0.11614363892325799  0.11738764152667609  0.11863164413009421  0.11987564673351232
  0.12111964933693042  0.12236365194034854  0.12360765454376664  0.12485165714718476
  0.17226419136124549  0.18496638802030557  0.19766858467936568  0.21037078133842577
  0.22307297799748599  0.27842524604134239  0.37310503810957751  0.45885445352857407
  0.46407474323927500  0.46929503294997593  0.47451532266067686  0.47973561237137780
  0.48495590208207867  0.49017619179277955  0.49539648150348042  0.50061677121418136
  0.50583706092488223  0.51105735063558311  0.51627764034628398  0.53288704741659154
  0.62522678681737109  0.63359198800717786  0.64195718919698452  0.65032239038679129
  0.65868759157659817  0.66705279276640495  0.67541799395621172  0.68378319514601837
  0.74011190837381824  0.83479170044205320  0.85875440188864538  0.86452250256499585
  0.87029060324134633  0.87531978455669057  0.87706205591972308  0.87880432728275559
  0.88054659864578810  0.88211429516474404  0.88211429516475404  1.00000000000000000
  0.02079999049504595  0.06687467288168288  0.07124934576336574  0.07562401864504861
  0.07999869152673149  0.08452206282720842  0.08952220446250216  0.09452234609779588
  0.09952248773308961  0.11091717956345087  0.20574037433083706  0.30056356909822346
  0.39538676386560967  0.49020995863299610  0.50726598389021460  0.51536851540935524
  0.52347104692849578  0.53157357844763653  0.53967610996677717  0.54777864148591771
  0.55588117300505835  0.57986366007870682  0.67468685484609325  0.75023540935629141
  0.75137955135920342  0.75252369336211544  0.75366783536502746  0.75481197736793959
  0.75595611937085161  0.75710026137376363  0.75824440337667576  0.75938854537958778
  0.76053268738249979  0.76167682938541192  0.76282097138832394  0.76396511339123596
  0.76510925539414809  0.76625339739706011  0.76739753939997213  0.76854168140288415
  0.76968582340579628  0.77082996540870830  0.77197410741162031  0.77311824941453244
  0.77426239141744446  0.77540653342035659  0.77655067542326861  0.77769481742618074
  0.77883895942909276  0.77998310143200478  0.78112724343491691  0.78227138543782893
  0.78341552744074106  0.78455966944365307  0.78570381144656509  0.78684795344947722
  0.78799209545238924  0.78913623745530137  0.79028037945821339  0.79142452146112552
  0.79256822743275512  0.79371181634977350  0.79485540526679188  0.79599899418381015
  0.79714258310082853  0.79828617201784691  0.79942976093486529  0.80057334985188366
  0.80171693876890204  0.80286052768592042  0.80400411660293869  0.80514770551995707
  0.80629129443697545  0.80743488335399383  0.80857847227101221  0.80972206118803058
  0.81086565010504885  0.81200923902206723  0.81957978862602998  0.83198178205005635
  0.84438377547408272  0.87419180557108112  0.91972448123553663  0.92526337285039406
  0.93080226446525149  0.93634115608010893  0.94161241810001250  0.94681287245970447
  0.95201332681939654  0.95721378117908862  0.96191455848164364  0.96647825469340498
  0.97104195090516643  0.97560564711692788  0.98317999045054127  1.00000000000000000
  0.10286897023518887  0.10880393409801588  0.11344120152936500  0.11807846896071414
  0.12271573639206328  0.12768963963501320  0.13299034427365863  0.13829104891230404
  0.14359175355094944  0.20390690598675523  0.30453400373878703  0.40516110149081874
  0.46110260587085072  0.46697479311643514  0.47284698036201961  0.47871916760760402
  0.48459135485318838  0.49046354209877280  0.49633572934435716  0.50220791658994157
  0.50808010383552593  0.51395229108111029  0.51982447832669465  0.52183692193662767
  0.52304869606731230  0.52426047019799693  0.52547224432868156  0.52668401845936630
  0.52789579259005093  0.52910756672073556  0.53031934085142018  0.53153111498210481
  0.53274288911278944  0.53395466324347418  0.53516643737415881  0.53637821150484344
  0.53758998563552807  0.53880175976621270  0.54001353389689744  0.54122530802758206
  0.54243708215826669  0.54364885628895132  0.54486063041963595  0.54607240455032058
  0.54728417868100521  0.54849595281168984  0.54970772694237446  0.55091950107305909
  0.55213127520374372  0.55334304933442846  0.55455482346511309  0.55576659759579772
  0.55697837172648235  0.55819014585716697  0.55940191998785160  0.56061369411853623
  0.56182546824922086  0.56303724237990549  0.56424901651059012  0.56546079064127475
  0.56667256477195938  0.56788433890264400  0.56909611303332863  0.57030788716401326
  0.57151966129469800  0.57273143542538263  0.57394320955606726  0.57515498368675189
  0.57636675781743651  0.57757853194812114  0.57879030607880577  0.58000208020949040
  0.58121385434017503  0.58242562847085966  0.60858359012696117  0.65124466972594952
  0.65983649373079378  0.66842831773563804  0.67702014174048220  0.68561196574532635
  0.69420378975017050  0.70279561375501476  0.74410288174350026  0.81527986269507635
  0.82395903406077509  0.83263820542647371  0.84131737679217244  0.84999654815787118
  0.85867571952356991  0.86735489088926865  0.88698901130394991  0.90783062413733395
  0.92067230118552412  0.93287605824955033  0.96906131903330484  1.00000000000000000
 -0.00303280195609435  0.00084659175645729  0.00169318351291458  0.00253977526937188
  0.00338636702582917  0.00423295878228646  0.00507955053874375  0.00592614229520104
  0.00677273405165834  0.00761932580811563  0.00846591756457292  0.00931250932103021
  0.01015910107748750  0.01100569283394479  0.01185228459040209  0.01269887634685938
  0.01354546810331667  0.01439205985977397  0.01523865161623126  0.01608524337268855
  0.01693183512914584  0.01777842688560314  0.01862501864206043  0.01947161039851772
  0.02031820215497501  0.02126332656182376  0.02236158302616786  0.02345983949051196
  0.02455809595485606  0.02565635241920016  0.02675460888354426  0.02785286534788836
  0.02895112181223247  0.03004937827657657  0.03114763474092067  0.03224589120526478
  0.03334414766960887  0.03444240413395298  0.03554066059829708  0.03663891706264118
  0.03773717352698529  0.03883542999132939  0.03993368645567349  0.04103194292001759
  0.08225225221973513  0.09000280678282314  0.09674811438679019  0.10349342199075724
  0.11023872959472424  0.11698403719869122  0.12372934480265819  0.13047465240662517
  0.13721996001059214  0.14396526761455913  0.14899221895788597  0.15336101093600107
  0.15772980291411617  0.16209859489223127  0.16646738687034635  0.17083617884846142
  0.17520497082657646  0.17957376280469151  0.18394255478280655  0.18808463253944158
  0.19123265515008978  0.19438067776073797  0.19752870037138620  0.20067672298203440
  0.20382474559268263  0.20697276820333083  0.21053747368905540  0.21441934710533869
  0.21830122052162199  0.22218309393790528  0.22606496735418855  0.22994684077047184
  0.23382871418675508  0.23771058760303831  0.24159246101932158  0.24547433443560482
  0.24935620785188806  0.33021241014009073  0.33993470638914236  0.34675751696226415
  0.35358032753538593  0.35974376983104328  0.36584521979231605  0.37194666975358881
  0.42303902195508070  0.51919918496256257  0.61535934797004466  0.71151951097752653
  0.80767967398500862  0.90383983699249049  0.96928531328837075  1.00000000000000000
  0.08959734042485556  0.09282319426462081  0.09604904810438607  0.09927490194415131
  0.10250075578391657  0.10671648112388515  0.11198932057004411  0.11726216001620308
  0.12253499946236204  0.17831767333244566  0.27844290853435444  0.37530769345625536
  0.38394184105646462  0.39257598865667381  0.40121013625688307  0.40984428385709232
  0.41847843145730163  0.42711257905751082  0.43574672665772002  0.44792852576217868
  0.46101428017477752  0.47410003458737648  0.48718578899997539  0.50207770581613109
  0.52181269697933941  0.52301780313868740  0.52422290929803539  0.52542801545738338
  0.52663312161673126  0.52783822777607925  0.52904333393542724  0.53024844009477512
  0.53145354625412311  0.53265865241347110  0.53386375857281909  0.53506886473216697
  0.53627397089151496  0.53747907705086295  0.53868418321021094  0.53988928936955882
  0.54109439552890681  0.54229950168825480  0.54350460784760268  0.54470971400695067
  0.54591482016629866  0.54711992632564654  0.54832503248499453  0.54953013864434253
  0.55073524480369040  0.55194035096303840  0.55314545712238639  0.55435056328173427
  0.55555566944108226  0.55676077560043014  0.55796588175977813  0.55917098791912612
  0.56037609407847400  0.56158120023782199  0.56278630639716998  0.56399141255651786
  0.56519651871586585  0.56640162487521384  0.56760673103456172  0.56881183719390971
  0.57001694335325759  0.57122204951260558  0.57242715567195357  0.57363226183130145
  0.57483736799064944  0.57604247414999743  0.57724758030934531  0.57845268646869330
  0.57965779262804118  0.58086289878738917  0.58206800494673716  0.58327311110608504
  0.67845505525897676  0.75166740334765547  0.75750881187318964  0.76335022039872369
  0.76919162892425774  0.77503303744979191  0.78087444597532607  0.78671585450086012
  0.79255726302639429  0.79839867155192845  0.80424008007746250  0.81008148860299656
  0.83656332288692659  0.84511056522216554  0.85365780755740450  0.86144482976630687
  0.86918372725591486  0.89987476479808493  0.97482473055521646  1.00000000000000000
  0.10185253222783412  0.11159674413012272  0.11902682159357868  0.12659880711146029
  0.13475260515938620  0.14290640320731210  0.20110588703294208  0.21227643458848200
  0.21658029294474115  0.22088415130100028  0.22518800965725944  0.22943657296892411
  0.23300863226579593  0.23658069156266781  0.24015275085953966  0.24372481015641151
  0.24729686945328336  0.25086892875015521  0.25444098804702708  0.25801304734389890
  0.26158510664077078  0.26515716593764260  0.26872922523451448  0.27279880934199041
  0.27758152749966086  0.28236424565733131  0.28714696381500171  0.29205559088885308
  0.29912785967677719  0.30620012846470129  0.31327239725262546  0.32034466604054956
  0.32741693482847367  0.33448920361639778  0.34156147240432200  0.34863374119224622
  0.37293409155910351  0.45915804961456441  0.54538200767002554  0.63160596572548644
  0.71782992378094745  0.77119420706754493  0.77213085510991875  0.77306750315229256
  0.77400415119466637  0.77494079923704018  0.77587744727941399  0.77681409532178780
  0.77775074336416150  0.77868739140653531  0.77962403944890912  0.78056068749128293
  0.78149733553365675  0.78243398357603056  0.78337063161840437  0.78430727966077818
  0.78524392770315188  0.78618057574552569  0.78711722378789950  0.78805387183027331
  0.78899051987264712  0.78992716791502093  0.79086381595739474  0.79176939899238519
  0.79248857649422300  0.79320775399606080  0.79392693149789850  0.79464610899973631
  0.79536528650157412  0.79608446400341193  0.79680364150524963  0.79752281900708744
  0.79824199650892524  0.79896117401076305  0.79968035151260075  0.80039952901443856
  0.80111870651627637  0.80183788401811418  0.80255706151995199  0.80327623902178968
  0.80399541652362749  0.80471459402546530  0.80543377152730311  0.80615294902914081
  0.80687212653097862  0.80759130403281643  0.80831048153465423  0.80902965903649193
  0.80974883653832974  0.81046801404016755  0.81118719154200536  0.81190636904384306
  0.82755208388907375  0.91377604194453488  0.97087264458338418  1.00000000000000000
   3.2318819160246114E-012  -1.0000000000000000     
 F F F F F F F F F F F F F F F F F F F F F F F F F F F F F F F F F F F F F F F F F F F F F F F F F F F F F F F F F F F F F F F F
  <DiscreteSampler_grid>
  grouped_processes
  1 # 1 for a reference and 2 for a running grid.
  10 # Attribute 'min_bin_probing_points' of the grid.
  1 # Attribute 'grid_mode' of the grid. 1=='default',2=='initialization'
  0.0000000000000000 # Attribute 'small_contrib_threshold' of the grid.
  0.5000000000000000 # Attribute 'damping_power' of the grid.
 # binID   n_entries weight   weight_sqr   abs_weight
    10   10   1.446943897623264E+004   9.170881747608979E+008   1.446943897623264E+004
  </DiscreteSampler_grid>
