  0.00943321358860191  0.01685041408871917  0.02806839848959407  0.04021677701679433
  0.05185363411738583  0.06273736722877277  0.07235817774976511  0.08244052503424747
  0.09346738903942435  0.10441760068763693  0.11463665319794623  0.12414085189539852
  0.13472122290194363  0.14563494697736176  0.15707218312980883  0.16824736179067598
  0.17904228412196149  0.18955433863489390  0.20013054044540479  0.21029876172892872
  0.22035721582820536  0.23066096466049743  0.24094664784689721  0.25105826467944292
  0.26141990737731818  0.27146404992349255  0.28155520558589814  0.29130300568396572
  0.30120741412461327  0.31126386671721101  0.32143581558851408  0.33190494779571744
  0.34220700760912348  0.35230414382525860  0.36192367763969568  0.37199483559474833
  0.38178711989935388  0.39119859272350782  0.40016052059625401  0.40900248243629794
  0.41762912319594925  0.42770771832693438  0.43798726349916822  0.44951397468171678
  0.46082680791427899  0.47266731226614406  0.48431290083922512  0.49487069710283427
  0.50479371383839511  0.51480234111307110  0.52557255495799171  0.53669837316988578
  0.54719745218212090  0.55748737482322663  0.56698636356488497  0.57595905377086298
  0.58485126611953808  0.59391328559166923  0.60315014637894904  0.61252487317613402
  0.62228903184640549  0.63281145092856828  0.64377659650256214  0.65465381995583860
  0.66519655148816159  0.67568077542328964  0.68639575395525865  0.69727415790896607
  0.70872643381751399  0.72045237605767409  0.73251459993920642  0.74466930611865356
  0.75640792031986237  0.76740610142143073  0.77785359148668665  0.78816720906247983
  0.79852633284981844  0.80873752420642264  0.81896872287730116  0.82904258069715042
  0.83897749744144356  0.84907157165277702  0.85991640149692106  0.87075477732470341
  0.88134565952232713  0.89153188247898241  0.90161446658836764  0.91168974141738290
  0.92190815891647915  0.93253405155931079  0.94330916720288371  0.95354292494913162
  0.96421048384022268  0.97539188511808106  0.98734292951300906  1.00000000000000000
  0.00002429969982536  0.00004907982561600  0.00007009035650181  0.00009159647933404
  0.00011452423436796  0.00014174135705265  0.00017284939312712  0.00020853856632560
  0.00024544925575854  0.00028511345542496  0.00032989921780501  0.00037840063045742
  0.00042641649154402  0.00047343766890024  0.00052147935869714  0.00057297879844140
  0.00063157929834658  0.00069408326167187  0.00075549475884497  0.00081448115803607
  0.00087354768425733  0.00093530733702639  0.00100204149805879  0.00107767793795410
  0.00115908238097735  0.00124528083987220  0.00133312929767139  0.00142261764439218
  0.00151413931957799  0.00160898831805361  0.00170865590313779  0.00181340282314695
  0.00191983179809037  0.00203170537166487  0.00214646930294937  0.00226059051920136
  0.00237530883492864  0.00249371106731448  0.00261743134039669  0.00274431018968967
  0.00287599014100183  0.00301934087306194  0.00317613557773212  0.00334047113068599
  0.00351438064710358  0.00369591295900575  0.00388680907482430  0.00408333346074205
  0.00428311930731565  0.00448549151480442  0.00468689903482264  0.00489475907743848
  0.00510987184017865  0.00532983862801073  0.00557941376659013  0.00583503869216840
  0.00609808955231337  0.00637949569890898  0.00668375239930001  0.00700736940115955
  0.00734327016654853  0.00768142056897810  0.00802222868497013  0.00841040376700191
  0.00879662016035176  0.00919244540129580  0.00958554963482765  0.01000755602427949
  0.01048384743460939  0.01101897890687839  0.01160955352290096  0.01221371434804816
  0.01289536691247887  0.01363876125922564  0.01445906007199741  0.01537687773960586
  0.01645753291578309  0.01760310882335989  0.01883810026767021  0.02012339846136484
  0.02147616074017589  0.02288910485157752  0.02452319811621346  0.02648944474944933
  0.02866931021761431  0.03122631750431154  0.03427773543548423  0.03789442086170097
  0.04227763500119614  0.04752874925005766  0.05365888995973356  0.06081661891214836
  0.07240905746217985  0.08928748957484929  0.32823826965832420  1.00000000000000000
  0.00003938466093027  0.00008180842713654  0.00014365106703794  0.00022477564042625
  0.00032137969298020  0.00042875086427645  0.00053818771403697  0.00066232958227140
  0.00080385217167035  0.00094955884813377  0.00109322787160316  0.00124545953352971
  0.00139842698153125  0.00156363118778024  0.00173424186991337  0.00192018182696438
  0.00211029200981391  0.00229804260513308  0.00249303914985723  0.00268987644613859
  0.00289237583690967  0.00309706591260527  0.00331487773184035  0.00353727327249829
  0.00377114100774515  0.00401528678636964  0.00426987149412542  0.00454150932049675
  0.00483179445760451  0.00512535749633161  0.00542605663500614  0.00572851758407999
  0.00603678022089987  0.00635606180469647  0.00668102233114399  0.00700724587311834
  0.00733859693009241  0.00768231099455004  0.00806260085681325  0.00847030807562988
  0.00888560232340211  0.00930520535287185  0.00974067174888693  0.01019170337862500
  0.01064731708848119  0.01110761310921328  0.01158587641194021  0.01212064434041819
  0.01270889650687760  0.01330390854121393  0.01389325365922297  0.01449775941677628
  0.01513467334747030  0.01582042226514004  0.01655176052609044  0.01724991682872565
  0.01797877651603165  0.01866319141888654  0.01939353332710438  0.02018834061157932
  0.02103882062140165  0.02192474874412485  0.02284307537337681  0.02379683126715476
  0.02475464201401279  0.02576318389006062  0.02680574808386663  0.02784340657858713
  0.02897511539548066  0.03019984145114386  0.03148138198915122  0.03293371479946759
  0.03450996272157985  0.03616843148466811  0.03783820835881604  0.03967872984886890
  0.04172047062841240  0.04390097521314553  0.04622213564060006  0.04882140016292397
  0.05175514067197202  0.05501393739121799  0.05884453839088763  0.06330883786908516
  0.06848722053598502  0.07449391798660271  0.08106021181916040  0.08738256316978076
  0.09479678159866647  0.10316704718350875  0.11246339032234774  0.13172920627044540
  0.15795659505644971  0.18095038566425178  0.34827072325271663  1.00000000000000000
 -0.00230103021398050  0.01062857380551849  0.02166214339855985  0.03271195728713674
  0.04397849474000634  0.05655376263992586  0.06849132551265848  0.07926973540188370
  0.09042229226657283  0.10176899753585211  0.11212542091050420  0.12190628456007728
  0.13182528595465443  0.14199921874256516  0.15223836721766057  0.16239722047922961
  0.17280242428395826  0.18315891647669447  0.19326481313508637  0.20306118673340448
  0.21336995837388820  0.22459756653778171  0.23592441167145564  0.24718805849443484
  0.25792834081321986  0.26829767821108497  0.27879851530773914  0.28929548344784128
  0.29971057895368380  0.31004607011459900  0.32030947808053267  0.33161751497860287
  0.34340184081911335  0.35489176640219033  0.36533564667983520  0.37534632312282951
  0.38545828560773587  0.39615855237596442  0.40676108217604706  0.41730206601998454
  0.42801376369684457  0.43861495642936960  0.44894036358952971  0.45927065211182200
  0.46988689647401755  0.48070766723529967  0.49138229730510580  0.50231912550572688
  0.51362990806324049  0.52517094751947835  0.53674223570795154  0.54821653280343707
  0.55986192669725932  0.57100598341222020  0.58171150961622287  0.59218668663874907
  0.60231521603146310  0.61183357616290623  0.62104409885199596  0.63104745587990685
  0.64195649591020321  0.65297406600836294  0.66371262759017413  0.67385221715784416
  0.68411557349986418  0.69479119532914468  0.70537550238839675  0.71586278989275609
  0.72611655986154677  0.73645031953415152  0.74686285992912904  0.75709536178112158
  0.76736615762300386  0.77764313899265414  0.78829965982132266  0.79907556015894610
  0.80950272653370492  0.81918822448729833  0.82888740378669712  0.83887136805121088
  0.84923603917446988  0.85922248262845136  0.86916061393583943  0.87923821182995021
  0.88898769852992621  0.89828651436818840  0.90770826348424516  0.91727370968419975
  0.92808852779174023  0.93857250731153596  0.94909481427565823  0.95980977195379269
  0.97107772592537134  0.98144243058095593  0.99103278612016843  1.00000000000000000
 -0.00224685745545617  0.00955468977631791  0.01949703479501490  0.02990273870058061
  0.04087605566254756  0.05181373900172430  0.06211974126309583  0.07160539084399944
  0.08136701495418527  0.09195941581991565  0.10301254701547786  0.11389970353909630
  0.12404179549526118  0.13477203253300823  0.14553698156200282  0.15643463966471910
  0.16738337293539973  0.17821719333146191  0.18854953801243460  0.19835009662669653
  0.20738781200993431  0.21670930770349411  0.22611785407582985  0.23662866140473804
  0.24734904667861210  0.25708788838468760  0.26663956822259516  0.27650393814475122
  0.28767706724204639  0.29864497387603572  0.30880225352482688  0.31885453643253880
  0.32909652479497897  0.33934422891663513  0.34932854675310487  0.35956977063515039
  0.37008481682320121  0.38048314934963812  0.39075283841485764  0.40109079863684099
  0.41200367081902367  0.42226093295432815  0.43256575038718359  0.44281057316061601
  0.45321974787107056  0.46376642055860606  0.47488946311233377  0.48612538683934825
  0.49700209980830601  0.50680931140368513  0.51646322164471026  0.52640064313655133
  0.53650775868226075  0.54655816214371888  0.55621819041348919  0.56626663210323169
  0.57701041156525701  0.58809999676918212  0.59928612406441928  0.61039687893286609
  0.62124289422884349  0.63150822897588010  0.64152206041470639  0.65180920683428301
  0.66220879038853386  0.67277686364957601  0.68276905999554949  0.69325137589035479
  0.70419328375796353  0.71436426480222404  0.72414170238285069  0.73393534992103804
  0.74400936612163437  0.75444157858436689  0.76494361678141998  0.77528814966649107
  0.78548563722983988  0.79583709998314123  0.80654037742804874  0.81769551835475063
  0.82893545549177305  0.84072107774903437  0.85252885181301830  0.86428325896238589
  0.87619768772689277  0.88806154766085632  0.89970527809018674  0.91102803261610865
  0.92209501528531113  0.93346210942754060  0.94535639150204265  0.95756011435790023
  0.96851808040642151  0.97874271188285999  0.98930299714744363  1.00000000000000000
 -0.00229673478558768  0.00927588557725957  0.01896860689382444  0.02869940977727472
  0.03872946588379759  0.04872339921658168  0.05934365423048300  0.06961836180335652
  0.07975133362068712  0.08981760053467630  0.09941522318512393  0.10888466605358074
  0.11871055671725735  0.12883419580794570  0.13916407608065834  0.14949332765924980
  0.15971102375160837  0.17004326284569082  0.18030094938335536  0.19072184197720790
  0.20094100083350544  0.21155290202236768  0.22240818324775000  0.23331969473304667
  0.24397442162400101  0.25570534177693666  0.26821386513660833  0.27995478247851180
  0.29101103720273980  0.30165593943575586  0.31223415735089760  0.32262989603860193
  0.33313634328901859  0.34450243943054809  0.35532539847307482  0.36566151421263066
  0.37590783493674890  0.38631371421971528  0.39701075530559193  0.40712703728309457
  0.41698657105115711  0.42638682103221454  0.43587786772693826  0.44523863865344110
  0.45499829904868877  0.46496792694518624  0.47577683205147403  0.48614519932754169
  0.49659648321852151  0.50744656498697926  0.51837458447571949  0.52870657995379211
  0.53847869326658526  0.54868199235778858  0.55959400851847618  0.57074332678984496
  0.58122134953033056  0.59312700456588252  0.60537106496455828  0.61823658433562767
  0.62977346083825791  0.64103343814424840  0.65166919112766619  0.66191458424178873
  0.67206556240479498  0.68204759196344411  0.69231860395911660  0.70297133434593340
  0.71430063607754524  0.72614829419142524  0.73788490241786930  0.74889020151165520
  0.75954472779177773  0.77019662753927320  0.78099216224419377  0.79220701778572611
  0.80232075826316029  0.81226299016412440  0.82157210052219265  0.83116616109937391
  0.84157358147385330  0.85247866887204038  0.86371167728180209  0.87481180602784747
  0.88594051617101710  0.89719190624362599  0.90707631843749492  0.91686049765991107
  0.92628849534832569  0.93642777705309066  0.94680865959282401  0.95742236742525511
  0.96816419002958165  0.97874555961616516  0.98929849366546230  1.00000000000000000
  0.01048822935089820  0.01415431134094175  0.01745141913785405  0.02009026073829348
  0.02270214058170257  0.02511697210200184  0.02742697611299684  0.02964389442183547
  0.03175880504254396  0.03377061516883235  0.03573979666503166  0.03767510134700292
  0.03957277137537780  0.04142013467477163  0.04317454436553769  0.04482538192801625
  0.04654649041186038  0.04832495191810084  0.05015248858270581  0.05196418066183190
  0.05375764191343484  0.05552809932727924  0.05724891492443222  0.05888517942726226
  0.06055274160279270  0.06216743720755267  0.06365484494401391  0.06516943238736794
  0.06675813629767323  0.06840934725701825  0.07009941366009381  0.07177522297696452
  0.07345190079275360  0.07511996233076354  0.07673477289585785  0.07834514222625845
  0.07997869762310493  0.08171087797167852  0.08349891910563174  0.08528327644752874
  0.08704348280215765  0.08880813944487727  0.09063543816707205  0.09254882777379229
  0.09451876783584978  0.09642934947376540  0.09829956683916646  0.10019401902294753
  0.10204015754042142  0.10395663477409374  0.10592046724476047  0.10792715286809916
  0.11000205774985876  0.11208440992524821  0.11412907611524443  0.11617776689358240
  0.11821530812717929  0.12026713405682717  0.12233737699572274  0.12456485353872966
  0.12695392495112873  0.12933820380763855  0.13168412373571672  0.13405779383233593
  0.13652510708995702  0.13921836605976540  0.14226585373031680  0.14555336722275103
  0.14887951979362318  0.15203756329630280  0.15512665520305730  0.15839268338714788
  0.16182994931662792  0.16555400401051551  0.16931122867573831  0.17309956657281700
  0.17683496512378510  0.18067397944118005  0.18479871778981169  0.19000943582258684
  0.19634690821462686  0.20204432283137153  0.20673441411653787  0.21152176018874191
  0.21710179620201805  0.22291496311486420  0.22840408168567652  0.23373367261015129
  0.23977382134795863  0.24628964128759909  0.25887906867402677  0.26871426578294522
  0.28095409640698177  0.29229364948885544  0.30636772618015923  1.00000000000000000
 -0.00223695448777114  0.00919419746448118  0.01896377120763953  0.03046182396364835
  0.04167072602711436  0.05272772276441810  0.06324499964600559  0.07323307365233592
  0.08381724592929209  0.09525633556727554  0.10632960003453712  0.11624839101238568
  0.12544515472185075  0.13460732628579747  0.14409763706637602  0.15357663200865088
  0.16294149544478981  0.17239872432809061  0.18171345110581419  0.19097329285467318
  0.20002641839165705  0.20881811917027479  0.21705818731441956  0.22557779504034556
  0.23473440643494822  0.24428939281076928  0.25329332137096200  0.26176747972265996
  0.27010928823051333  0.27876546912796130  0.28771655114735190  0.29706781291328083
  0.30657356944463710  0.31651711716936809  0.32713798615729983  0.33870761939751087
  0.35035130393219344  0.36162344808108804  0.37269230787204854  0.38414748962692452
  0.39668482978248043  0.40965133691058087  0.42284140485298122  0.43576539386539792
  0.44921137681242385  0.46287152428423256  0.47662008762420349  0.49014590598183738
  0.50352378463988046  0.51676221736866967  0.53099333848365915  0.54569615996945553
  0.56013280493323292  0.57369062815480920  0.58724113505107955  0.60097719954764306
  0.61266301996979033  0.62294024451148422  0.63309139328388941  0.64362081682537842
  0.65374410654036719  0.66349088591293248  0.67356833151014284  0.68357461937674147
  0.69320983358067167  0.70225623542472915  0.71105927500768817  0.72008444730261545
  0.72912282388810468  0.73830234307196385  0.74709361323185686  0.75581788245336512
  0.76452617283529833  0.77340491539078959  0.78260961280649377  0.79175893475385428
  0.80079638753586935  0.80980259890649198  0.81880289256362149  0.82791539854624252
  0.83752427681442343  0.84724830088258918  0.85721493267280524  0.86788920514432344
  0.87840007005414589  0.88916954773698298  0.89991443867979082  0.91064889022955986
  0.92171665970361938  0.93282665899082340  0.94466019458514472  0.95651756009615696
  0.96823933597730527  0.97924715785084271  0.98983136236345803  1.00000000000000000
  0.01085543037523829  0.31489737334219275  0.40289505622146959  0.45845038647977032
  0.49817614900197388  0.52984177047701952  0.55653938945440873  0.58031262389133542
  0.60116688233932047  0.61948613626986515  0.63543861651804923  0.64937835180745873
  0.66230180266385485  0.67428159699499746  0.68537489466191581  0.69537999088308111
  0.70494152480827799  0.71398626387652864  0.72244292917538133  0.73040812457283211
  0.73774405282762823  0.74474945380792446  0.75138438323054690  0.75751911648262416
  0.76342315473800870  0.76937948097592845  0.77475804023765737  0.77977821648547130
  0.78467111304845238  0.78952680124143937  0.79439901533682988  0.79919087850749693
  0.80380633079100694  0.80809834694254601  0.81216967616209434  0.81597816815733393
  0.81966577697246201  0.82331792134496573  0.82687258782686346  0.83044600020018944
  0.83407384256009409  0.83764268093965522  0.84111249868324856  0.84449186298571477
  0.84774886987915821  0.85089226031191934  0.85404003891159652  0.85719392178343101
  0.86039048742477398  0.86346818282789961  0.86643170682896176  0.86933581929902448
  0.87221384235992450  0.87502668308080855  0.87762529026036018  0.88014161397532775
  0.88270301955021213  0.88522094062285783  0.88778504473202713  0.89044395548404953
  0.89302699479048286  0.89567902916160014  0.89818935550304302  0.90068614209545761
  0.90318042645179031  0.90571702602326642  0.90827634440952831  0.91073942765028215
  0.91303249768324202  0.91525420598611551  0.91751967816595215  0.91981476229320025
  0.92210755301820213  0.92435769585442606  0.92655343258340828  0.92876975498367964
  0.93099586266093148  0.93323545525120788  0.93546526645137051  0.93771009452945120
  0.93999902961642112  0.94231799862032239  0.94459832887460182  0.94685765436347791
  0.94917632149258657  0.95152672971603924  0.95395994888689939  0.95651928157006927
  0.95922923318253328  0.96217499263680839  0.96554449828012789  0.96904967711271817
  0.97284367368257463  0.97755676210707831  0.98502765254097091  1.00000000000000000
   9.5577945662613819E-021  -1.0000000000000000     
 F F F F F F F F F F F F F F F F F F F F F F F F F F F F F F F F F F F F F F F F F F F F F F F F F F F F F F F F F F F F F F F F
  <DiscreteSampler_grid>
  grouped_processes
  1 # 1 for a reference and 2 for a running grid.
  10 # Attribute 'min_bin_probing_points' of the grid.
  1 # Attribute 'grid_mode' of the grid. 1=='default',2=='initialization'
  0.0000000000000000 # Attribute 'small_contrib_threshold' of the grid.
  0.5000000000000000 # Attribute 'damping_power' of the grid.
 # binID   n_entries weight   weight_sqr   abs_weight
    10   10   1.573807049117011E-008   9.870457767976717E-016   1.573807049117011E-008
  </DiscreteSampler_grid>
