  0.00952005999353000  0.01587189736968703  0.02424253444092771  0.03427820316265850
  0.04505659157847698  0.05649184598592259  0.06780817724991330  0.07851608200366843
  0.08793010388074879  0.09651488270924788  0.10563022975321874  0.11629969133843940
  0.12889448905878759  0.14153038551901106  0.15281770033582842  0.16273992117988043
  0.17110723770377759  0.17799786372724247  0.18723928511084656  0.19665685728466759
  0.20540488968426202  0.21370905512022786  0.22200642573584697  0.23067094077470268
  0.24028782555612824  0.25070865294960143  0.26244722922962987  0.27438293046651302
  0.28535881142690245  0.29581686232572174  0.30646243854860100  0.31840289241788888
  0.33082105332428258  0.34239035036791554  0.35283491006109963  0.36282153343649493
  0.37313825464894673  0.38408383669233664  0.39535752043739752  0.40681496982108295
  0.41882122362747232  0.43072662698942932  0.44252786120305498  0.45258841665834565
  0.46196759070740884  0.47103905795941803  0.48151631100974762  0.49330683115320850
  0.50613368438579165  0.51607984691306663  0.52716481439278817  0.53839272021402895
  0.54958282450544849  0.56063352533150079  0.57047152260768708  0.57944383724047432
  0.58894776969499674  0.59950842666216064  0.61014595814873773  0.61928440911486626
  0.62843719168070455  0.63768875266899860  0.64750324927115288  0.65710282278267118
  0.66772388253113391  0.68040164011436577  0.69394177590728512  0.70699034005073480
  0.71912331399594720  0.73076759488059417  0.74217033214917960  0.75254635183477370
  0.76237062674537459  0.77237274484574547  0.78271385670229554  0.79315169502714988
  0.80366608938855222  0.81485733657228654  0.82695049026330059  0.83949815769197200
  0.85128589640853169  0.86078493333098716  0.86949789905530483  0.87891994663665662
  0.88874720174578947  0.89829353128117484  0.90727839188235704  0.91580663253364236
  0.92693690534069251  0.93745050599881141  0.94899193550003158  0.96067278213289042
  0.97191389134566430  0.98155463489435912  0.99117389587967808  1.00000000000000000
 -0.00000368160537329  0.00001109104950650  0.00002692278425668  0.00004147891224480
  0.00005423798345343  0.00006575956752929  0.00007624563364659  0.00008528070585098
  0.00009327193974690  0.00010098559932881  0.00010892457643816  0.00011769337300968
  0.00012715909826223  0.00013708637659956  0.00014715403064930  0.00015745705594773
  0.00016839273824642  0.00018032526413727  0.00019305876693604  0.00020542442991017
  0.00021728498435388  0.00022810707231195  0.00023947940203371  0.00025092450710769
  0.00026205578659532  0.00027308972780670  0.00028476519103863  0.00029860588224404
  0.00031502143684424  0.00033100653083299  0.00034505141130374  0.00035892325763597
  0.00037292055818130  0.00038857283968833  0.00040397386516899  0.00042049551322372
  0.00043563736481594  0.00045416342931701  0.00047565644118162  0.00049703678825543
  0.00051750456403699  0.00053778925841556  0.00055924158173866  0.00058269539650182
  0.00060674597516893  0.00063364425258397  0.00066039825556422  0.00068973036170632
  0.00072106897778395  0.00075443024394134  0.00079093730424312  0.00083153700821468
  0.00087231706262488  0.00091672213252414  0.00096034703035483  0.00100468216886125
  0.00105150905982663  0.00110237396673499  0.00115991093002421  0.00122114334254149
  0.00128666429196121  0.00135367330414220  0.00142002713327857  0.00148962200468310
  0.00155980396567129  0.00163383358757815  0.00171219625473401  0.00179859677861722
  0.00189686158124328  0.00200759145164769  0.00212508859601579  0.00225914167351842
  0.00241078691488049  0.00258710925279548  0.00279534444889678  0.00301147498656447
  0.00325614311653404  0.00352230310152507  0.00382738998587615  0.00418115991880445
  0.00449613747007949  0.00482724532405572  0.00522580181796786  0.00564715913567995
  0.00628073762048829  0.00696006677696939  0.00770314606747119  0.00851832896819642
  0.00954381441286674  0.01107826245733444  0.01292690309578560  0.01607395891340318
  0.02264285079129663  0.03188813821051256  0.16745540959197527  1.00000000000000000
  0.00000248794878206  0.00000990528380242  0.00001841787519768  0.00002934592149806
  0.00004755506536981  0.00007094192015112  0.00010145872137157  0.00013641628517187
  0.00017421874204338  0.00021730716847719  0.00026979422369325  0.00032273263486549
  0.00038135840533836  0.00043759835586160  0.00049865537847882  0.00055901979679345
  0.00061871947468272  0.00068953156860739  0.00076305736442723  0.00084096729119212
  0.00092432379140881  0.00101272189019067  0.00110719711815188  0.00120838474362831
  0.00131573684532678  0.00143040032084714  0.00154577589183085  0.00166047227340000
  0.00178034825802808  0.00189584453513084  0.00201068246397760  0.00212892714076296
  0.00225066607427563  0.00236877439869329  0.00249179648492502  0.00262597666130396
  0.00276938095021595  0.00293096499529875  0.00311029192549376  0.00330859055957954
  0.00351461415785737  0.00373240607249036  0.00395142377089594  0.00416120882736757
  0.00437357659829125  0.00458340131674752  0.00481295484402773  0.00506560642947633
  0.00533368815369257  0.00559434212517699  0.00583199695393179  0.00605988780846951
  0.00630778836919732  0.00656554612134232  0.00682873305697321  0.00710840371860100
  0.00744645472074497  0.00779288372517171  0.00811393626878837  0.00841042034108988
  0.00877457517728653  0.00917861238131234  0.00959549530131181  0.01005017396990587
  0.01054424015552509  0.01110036117801633  0.01157042808284348  0.01197896405131166
  0.01234530751481821  0.01274743252699674  0.01317316922726010  0.01361522831029559
  0.01404092525819333  0.01446201747018977  0.01489197424118919  0.01537012006142781
  0.01590291809049809  0.01646971644716125  0.01708887110191564  0.01770979302258576
  0.01851601804276266  0.01964661191949732  0.02088229121284671  0.02204416719991099
  0.02313183894312819  0.02432990636183799  0.02548040667094871  0.02664550445150105
  0.02829416152359505  0.03055961883702505  0.03388365706067703  0.03783413602321489
  0.04303077204325332  0.04877416842267070  0.04979554058896838  1.00000000000000000
 -0.00180418910628182  0.00764178024989635  0.01529006761817894  0.02312148911837966
  0.03121322769638275  0.04049340469832929  0.05315945517526068  0.06659935312125509
  0.07789921966206183  0.08923716365040445  0.10125609472134990  0.11316539303737076
  0.12460383380647429  0.13663404467921567  0.14953585830504937  0.16206295869424109
  0.17337529782744093  0.18381409598543061  0.19437565311827651  0.20580785748604524
  0.21808787190582413  0.23015214094918574  0.24145019608566481  0.25278514740749597
  0.26476451616129770  0.27803046782850005  0.29080804072855582  0.30193680337849182
  0.31197652288150396  0.32215540903854695  0.33338521670704696  0.34579092731965033
  0.35723691121876311  0.36766553001718377  0.37785647489784663  0.38728452235726568
  0.39727156596975133  0.40794644141494357  0.41821463562127636  0.42788464114581393
  0.43811207229622512  0.44815519304311480  0.45979069303824016  0.47139390444446588
  0.48401200390692883  0.49658243010229547  0.50724348737410008  0.51687299526758934
  0.52557316138444155  0.53369815503408680  0.54302893552138176  0.55233795449262846
  0.56073646307291380  0.56952869010174234  0.57883266948525358  0.58775013627938966
  0.59614420237487442  0.60479581941736027  0.61439672209369567  0.62485485230613136
  0.63438377973875004  0.64297749621244493  0.65177478927671717  0.66107254261536330
  0.67171306509530460  0.68239275142578648  0.69263058699022928  0.70242188048917009
  0.71376126661374406  0.72385461666199513  0.73368427313158779  0.74277298912199696
  0.75330453733853220  0.76643145764331921  0.77764793677369992  0.78681327863282358
  0.79622277770385874  0.80599316049298675  0.81695228127389086  0.82855794014992978
  0.84157165342496820  0.85502880595526909  0.86742566755735984  0.87805822176353288
  0.88808887417053561  0.89892512746636966  0.91049784703467751  0.92252414409886396
  0.93384781074829271  0.94415910420552240  0.95393390101226172  0.96335472253370313
  0.97254587498827039  0.98143325842194395  0.99049612620603644  1.00000000000000000
 -0.00195450070424895  0.01073866762982176  0.02130435227454940  0.03098277923603190
  0.04112938270521699  0.05151009338842574  0.06185536402851528  0.07174054204916838
  0.08160422332113323  0.09352943476931420  0.10673188330033545  0.11868061246928462
  0.12983658444130036  0.14134616945873735  0.15283886772726130  0.16354035585961277
  0.17382975343965182  0.18414551069142338  0.19468625983251764  0.20582743372120552
  0.21694528828541976  0.22757631259374048  0.23770062895701130  0.24761726722039343
  0.25818886812645886  0.27021243840912690  0.28042943293302702  0.29044668945169427
  0.30099639117409566  0.31126483491581869  0.32189277142967626  0.33210165352598708
  0.34126756894084503  0.34980903182651779  0.35824604293066076  0.36733129875384191
  0.37763250350460215  0.38817987420553723  0.39875572801500103  0.40889508737620300
  0.41842632558787202  0.42794133854884558  0.43772505362393133  0.44842951895923278
  0.45928279267169364  0.47087902117296293  0.48227612736265307  0.49355456887404914
  0.50470663201061494  0.51612464547920078  0.52730494238060688  0.53826580187152373
  0.54920197828816031  0.55992649077139955  0.56974449714928155  0.57849135778963934
  0.58744909400378575  0.59626089155863693  0.60642875526042672  0.61682529897269234
  0.62737464259128550  0.64118099002110951  0.65358027465514812  0.66377562648080835
  0.67269888070111283  0.68136418307158431  0.69079275094795456  0.70161250478052650
  0.71244719863858064  0.72387468428526924  0.73699940771177952  0.75169397355100198
  0.76557845198729257  0.77835201307912127  0.79053660522825386  0.80216393536081854
  0.81352191111242067  0.82456222951325897  0.83548547153994968  0.84642302801863101
  0.85681567168546835  0.86594190057554532  0.87428299663842413  0.88217033695014957
  0.89008786897551495  0.89863897597504760  0.90756562404805330  0.91681395775847063
  0.92647018125076719  0.93662879387105979  0.94718127853127665  0.95789921422441593
  0.96830304202831052  0.97775564517968960  0.98897216600724003  1.00000000000000000
 -0.00245231086984950  0.00928939884970337  0.01968750782586685  0.02959321112922001
  0.03948736929001519  0.04991251350821799  0.06050509625599999  0.07135917838012394
  0.08190335820914724  0.09215439129568002  0.10208205111764154  0.11199081432074302
  0.12297727446400976  0.13358742573863475  0.14387316112963600  0.15425782086623388
  0.16430748967920183  0.17429364924088056  0.18531341945187807  0.19682569902233410
  0.20725398396988032  0.21695955639917169  0.22604238233362189  0.23646880469367257
  0.24703199201876952  0.25759477911757422  0.26864239837985726  0.28067671479246342
  0.29263568219383890  0.30392502283502260  0.31614458372074811  0.32921588486807468
  0.34220620909153193  0.35497922600090531  0.36728039247511846  0.37894065085669582
  0.39075094558564577  0.40340155632873237  0.41640714663615763  0.42951325345862373
  0.44274524991037073  0.45928607179769348  0.47242327334593631  0.48553023520374383
  0.49785678765773084  0.50905602662542548  0.51903955801879487  0.52861907923639151
  0.53785136970309111  0.54781636563791880  0.55751729223981483  0.56731755923723093
  0.57666772106580666  0.58638645428147507  0.59641755393207330  0.60569927228369314
  0.61439650984824978  0.62344976886450398  0.63223471273210641  0.64110287397368226
  0.65085179532555382  0.66048983491163704  0.67021060299245416  0.67937889600332235
  0.68866997189031220  0.69898138094358742  0.71035203084297660  0.72143228164968876
  0.73082165541214583  0.73875501587872050  0.74726647005730840  0.75630343570804970
  0.76474493989787484  0.77302594749203979  0.78167543305641107  0.79092948596591228
  0.80135095484943242  0.81220203767452415  0.82288882441982725  0.83356653274470616
  0.84459050527770951  0.85618584734755254  0.86811860181594980  0.87976442727607318
  0.89135643115438135  0.90303677561838336  0.91554392301948184  0.92762380968836045
  0.93792462224702300  0.94707592816999286  0.95572331799722543  0.96423089213418756
  0.97312390493868539  0.98204961937565216  0.99102797024680067  1.00000000000000000
  0.00087342500489909  0.00196287027795880  0.00283779285595036  0.00354876519247713
  0.00419728788479641  0.00480283272429278  0.00538182029256950  0.00594689180893695
  0.00651190016299734  0.00709576192484050  0.00769391044086727  0.00829573235536485
  0.00888797977398094  0.00950019413365017  0.01008172795920402  0.01065314588248016
  0.01122934866905161  0.01182207234863625  0.01241570729046908  0.01305026189057031
  0.01367263039324027  0.01431509832599626  0.01499621611471441  0.01568497440097702
  0.01636119818894579  0.01704494221356289  0.01773845156317734  0.01845033666047894
  0.01915232298251695  0.01985496833280145  0.02048502819090395  0.02111412838398703
  0.02174738001213829  0.02241635497053733  0.02309705191663809  0.02392920432207129
  0.02471761096790426  0.02553500856645754  0.02629757339479832  0.02700270202979254
  0.02778910123203616  0.02867964311688765  0.02966629213328601  0.03068899905124295
  0.03160863590434081  0.03245255581576924  0.03322120156792944  0.03394723654933188
  0.03471429415136216  0.03555996779982432  0.03637625328824291  0.03744843379447129
  0.03857379783620134  0.03968223780010705  0.04052719063614854  0.04137323063133187
  0.04221404766132966  0.04320332334276467  0.04431500246993350  0.04559450173237042
  0.04644570492695396  0.04701253034091141  0.04760691490536113  0.04822450618067334
  0.04880306951220648  0.04942947019750683  0.05046021949769883  0.05202960945356560
  0.05355358079662379  0.05496349559539685  0.05673855544209468  0.05888952693937855
  0.06047125825479890  0.06188641720777608  0.06327863808897852  0.06476878276607091
  0.06635833142932933  0.06818421115633348  0.07083017562671018  0.07406406461902063
  0.07633985585272843  0.07829254015023650  0.08022446582967185  0.08256269757226879
  0.08774234563329497  0.09302981853782440  0.09924714644900719  0.10720403959188621
  0.11502510196622756  0.12063132453621499  0.12595534826356700  0.13158217821543838
  0.14523099081996652  0.25178095599446521  0.34297746679803143  1.00000000000000000
 -0.00237234721289306  0.00841405057824014  0.01878258102690222  0.02998668452338578
  0.04024329734029233  0.04973828787635844  0.05824282579412925  0.06671527471281741
  0.07570132216388133  0.08541186079807017  0.09645468967727140  0.10599648979120509
  0.11375199006653205  0.12092589524381547  0.12842396437555920  0.13628234166520264
  0.14439353266658883  0.15271211751686958  0.16065602325685596  0.16991472270458483
  0.18051795721301234  0.19058564797728070  0.19991693175208552  0.20861060123125474
  0.21721678804524086  0.22670325790035739  0.23677187106001116  0.24793910915725528
  0.25918724571308399  0.27116081813593046  0.28265660537196546  0.29420817588727854
  0.30403675109133671  0.31393773966611693  0.32443837767797029  0.33581806011188003
  0.34790060320901761  0.36188596662116168  0.37650424721038611  0.39044792248776328
  0.40254699809632333  0.41354714471405729  0.42529104264805495  0.43716116968288893
  0.44835365945479250  0.45945340227710857  0.47231628701773160  0.48587682939690602
  0.49908421766631456  0.51169928955135069  0.52530734350913177  0.54000704753673368
  0.55509886665703423  0.56969917100274847  0.58354548166611653  0.59524001428223017
  0.60710835372555261  0.62034921238642982  0.63321716451307852  0.64458646689034704
  0.65573074016564248  0.66685387823695785  0.67744521258462220  0.68848683258850674
  0.69976312544537655  0.71068804003129760  0.72142978733800278  0.73161391142657195
  0.74100077440442047  0.74966048849450728  0.75849884290233027  0.76786747946473699
  0.77835879097935334  0.78964228058997887  0.80079698546582223  0.81142542202134182
  0.82067955436235385  0.82858272826071822  0.83531453405207345  0.84150809073383226
  0.84800674503085494  0.85600199165663737  0.86502751055158467  0.87309302018705803
  0.88217814829565167  0.89112614888846120  0.89987306674716461  0.90834423271249920
  0.91769132829035649  0.92879842015472025  0.93995276630776436  0.94958060918253107
  0.95979643820922700  0.97219758003694801  0.98631749537204139  1.00000000000000000
  0.00765022545967438  0.20554068428431621  0.30261404643149209  0.37425537694047573
  0.43062004727956221  0.47467582648552487  0.51130274890211369  0.54226089085719198
  0.57024468436909492  0.59588475183070033  0.62035249961636452  0.64031813032019680
  0.65861627820227786  0.67571604127893181  0.69175231954271321  0.70638932351104977
  0.72067202453982182  0.73494718366811862  0.74697055969595083  0.75795561973824088
  0.76868882384005233  0.77906737554023642  0.78882040312141677  0.79766581086792265
  0.80585394375250541  0.81371326891585860  0.82162328420220732  0.82940153069403044
  0.83694424962575853  0.84416464802668445  0.85116796716892862  0.85773333352989201
  0.86392556064621184  0.87000514684520180  0.87573230333685270  0.88096919903028770
  0.88614148537217574  0.89131077609780074  0.89603494051219179  0.90021699972533942
  0.90407588318408016  0.90791353410864251  0.91176498836026554  0.91557495893570284
  0.91908081971946076  0.92217687002554294  0.92530207974433898  0.92828748143424900
  0.93113375792837294  0.93387834541560644  0.93647077635047848  0.93865880418340319
  0.94071665848943320  0.94271864938989058  0.94469651803318755  0.94672718559500257
  0.94872009180485450  0.95066269893416555  0.95248678905019324  0.95433906434310400
  0.95607380019016985  0.95780194572162392  0.95943384285836186  0.96093753590521946
  0.96235718113246616  0.96378541417718777  0.96528336124712955  0.96678896959299443
  0.96824701610689135  0.96964502256325236  0.97100307497127547  0.97236051569732462
  0.97366603202568280  0.97497821178130339  0.97627496947536130  0.97752236106702328
  0.97873323579236771  0.97990134298116027  0.98105860691130853  0.98226147109063855
  0.98331227096476692  0.98435178449460292  0.98535915569432464  0.98629787968985327
  0.98717678381371832  0.98801236134161607  0.98883280057371237  0.98964572024719422
  0.99045697935514432  0.99134274466929972  0.99229125363157844  0.99330735894784128
  0.99445810785293964  0.99579841498144428  0.99761812443084941  1.00000000000000000
   1.2848677588991822E-014  -1.0000000000000000     
 F F F F F F F F F F F F F F F F F F F F F F F F F F F F F F F F F F F F F F F F F F F F F F F F F F F F F F F F F F F F F F F F
  <DiscreteSampler_grid>
  grouped_processes
  1 # 1 for a reference and 2 for a running grid.
  10 # Attribute 'min_bin_probing_points' of the grid.
  1 # Attribute 'grid_mode' of the grid. 1=='default',2=='initialization'
  0.0000000000000000 # Attribute 'small_contrib_threshold' of the grid.
  0.5000000000000000 # Attribute 'damping_power' of the grid.
 # binID   n_entries weight   weight_sqr   abs_weight
    10   10   7.744929672270089E-004   1.680998219357515E-006   7.744929672270089E-004
  </DiscreteSampler_grid>
