  0.00903728374551410  0.01669441115502442  0.02848519214647018  0.04136234379442189
  0.05356570623218712  0.06619526662590844  0.07739765305213833  0.08734435908013813
  0.09691548397872195  0.10631177211131150  0.11487889939734769  0.12382931842822310
  0.13260072402990494  0.14193415914309596  0.15079288958124962  0.15837832948627714
  0.16575224665758503  0.17469479194354368  0.18523016631705450  0.19684196197346823
  0.20792115344269269  0.21829519032039144  0.22802183372452925  0.23767061781482141
  0.24771329522520338  0.25871485912732411  0.26969257202471819  0.28048226554089034
  0.29188701299281095  0.30486720097012066  0.31704240923106430  0.32867970039629002
  0.33962999810374084  0.35047862656268625  0.36280776306800816  0.37449306270580568
  0.38477416304691953  0.39453899950679022  0.40360463249164502  0.41281134013058129
  0.42189733579800409  0.43128224539807558  0.44053083823844807  0.45162656479173313
  0.46344748818487524  0.47538845972773347  0.48734095975047848  0.49846076031316938
  0.50918307009354757  0.51971628675644144  0.53024955415903385  0.54104394237532238
  0.55134076828289280  0.56119431475153714  0.57108321155557185  0.58090670490320484
  0.59094134400127618  0.60088362444365695  0.61049978993517195  0.62037319183242912
  0.62956021934014106  0.64078157156336024  0.65327418505095658  0.66610096341513048
  0.67670011652942608  0.68695147948940538  0.69793070087677123  0.70889676736828033
  0.71968215938649105  0.72996467981124524  0.74009136197963932  0.74955107955006273
  0.75922899422278045  0.76895089912928649  0.77952036511680567  0.79186277194460664
  0.80507541912710845  0.81716708056705956  0.82746210455810565  0.83735870456935158
  0.84693010798439372  0.85644214389924656  0.86581876622533838  0.87522461734793966
  0.88413116875025233  0.89368618570376279  0.90339975189063471  0.91354120487518964
  0.92348649411418038  0.93377590671303978  0.94396093434074879  0.95402257794508694
  0.96332970174376886  0.97217917652816832  0.98358719605838796  1.00000000000000000
  0.00003527922469080  0.00005400452752785  0.00007448944780019  0.00009907774481343
  0.00012823261452057  0.00016142002325339  0.00020025151024435  0.00024297204082449
  0.00028495502250063  0.00032778737694062  0.00037239997054450  0.00042708554362231
  0.00048193540572244  0.00053636099799196  0.00059278051472174  0.00065195885666491
  0.00070926853628340  0.00076886458695784  0.00082845852358582  0.00089296491769208
  0.00096764541215445  0.00104208110792641  0.00111252170635452  0.00118199447878953
  0.00125855116082082  0.00133740904231667  0.00141688846733928  0.00149830621647385
  0.00158933861170633  0.00168992192790289  0.00179325296091008  0.00189512069950047
  0.00199807059805359  0.00210540140325623  0.00221196735720072  0.00231744891525688
  0.00242442892738423  0.00253653474165388  0.00265790240254754  0.00279138247152629
  0.00294387348593969  0.00310889248551831  0.00326754970980439  0.00343757664276533
  0.00360759156176660  0.00378296538355180  0.00396795907367186  0.00416041513869156
  0.00438360861322542  0.00462268770107060  0.00484626272429025  0.00504601665438875
  0.00526401330137433  0.00551844106200752  0.00579193707863581  0.00607366506949334
  0.00635867955867719  0.00666658416770708  0.00699886684562517  0.00738781031293651
  0.00781486385240911  0.00824084479045646  0.00866005025677956  0.00907519405372990
  0.00948851072930373  0.00991346215798662  0.01037833259101898  0.01089948085019984
  0.01148245192857600  0.01218273465968433  0.01303784937219084  0.01356333323988297
  0.01404080507794819  0.01456545570176917  0.01515039402314687  0.01578851376194335
  0.01649566221942928  0.01725316188274727  0.01804704291803402  0.01883206271654249
  0.01978336172887545  0.02101496724524249  0.02245226306300420  0.02404032677339382
  0.02614071349230691  0.02900865168916597  0.03265945432483363  0.03688780491780669
  0.04168844268256632  0.04749956493517623  0.05522984608219567  0.08493845737752358
  0.11409946311347015  0.16677327565018538  0.43021593706861050  1.00000000000000000
 -0.00000614824555579  0.00003090651689080  0.00006703587526026  0.00009976797255060
  0.00013184532090569  0.00016314790710371  0.00019516761937274  0.00023188248523320
  0.00027026937484962  0.00031190189358872  0.00035170758162716  0.00038999086783968
  0.00043485267428739  0.00048844760643092  0.00054996066693325  0.00061618903043915
  0.00067845718473841  0.00074255445319793  0.00080250722424001  0.00086718440371130
  0.00093592716709455  0.00100950227129839  0.00109044919525247  0.00118153583339463
  0.00128318417588786  0.00139285135381589  0.00150637059769449  0.00165286519099237
  0.00179079403851635  0.00192064096514772  0.00204657824137720  0.00215973092959919
  0.00226977544499812  0.00236761390677991  0.00246759442733632  0.00257214555547319
  0.00267220973463572  0.00278506606270870  0.00290592535426296  0.00301580728891883
  0.00314111060581316  0.00329575779498081  0.00344402257521025  0.00360741860833792
  0.00378741193899418  0.00397717090868069  0.00417506900251762  0.00438818334123275
  0.00460595459675650  0.00484592252091062  0.00510829734139343  0.00537943125287785
  0.00564135263327902  0.00590597000494654  0.00617216429277149  0.00643332541567349
  0.00669739878099315  0.00698050338955614  0.00730033411767591  0.00764969594226474
  0.00802720196706222  0.00842796590931127  0.00883038837267529  0.00918545373393157
  0.00957798930833682  0.00998923692223780  0.01043971207790432  0.01087883338272869
  0.01132977883049833  0.01181100316187594  0.01233577882108607  0.01304750416220735
  0.01386266613054350  0.01468017514153827  0.01560090392278982  0.01665670195147976
  0.01778700561269307  0.01889759381240477  0.02010994084650571  0.02139833365745944
  0.02285610878822750  0.02456450779881147  0.02654745977752190  0.02888167438228596
  0.03180563665341764  0.03512319199462208  0.03903119769057754  0.04377394425966503
  0.04950007235390562  0.05628683234560205  0.06705041832324707  0.08330224360904195
  0.10603990964180161  0.14682437696379089  0.31876883493773706  1.00000000000000000
 -0.00187688566492986  0.00963212010057207  0.01872857394930283  0.02833017384711479
  0.03861095217302985  0.05007501043954429  0.06163457420890762  0.07564568996476394
  0.08886528911375434  0.10286187811571904  0.11274374632152739  0.12377841084066871
  0.13302857937766990  0.14198246385217275  0.15036342276211759  0.15961099402069284
  0.16904678415718724  0.17934959499824157  0.18838197803098536  0.19785408232634469
  0.20779843239632032  0.21839926835120727  0.22884061435963074  0.23802776517657687
  0.24726615637822022  0.25656538983893978  0.26567625725938881  0.27485005593124390
  0.28399192338861395  0.29364285899879117  0.30382349058948654  0.31525571028057819
  0.32758132374914106  0.33966357500501093  0.35036905917917582  0.36107963455133590
  0.37180904950405108  0.38218605581940196  0.39229935264090299  0.40276393951875961
  0.41403885281506725  0.42484720139191046  0.43489459907069183  0.44511967336521097
  0.45555413303190601  0.46565834185340294  0.47575418219617993  0.48747840163550410
  0.49992139321727480  0.51057681537103505  0.52078779812229326  0.52926017662523805
  0.53733784283188712  0.54539071532283312  0.55485493050825063  0.56655482547228952
  0.57756558183071338  0.58693275985529303  0.59473470863072231  0.60279420110321724
  0.61105311921792227  0.61948449870715794  0.62797969315369795  0.63665959723632781
  0.64710033105614417  0.66097062035240906  0.67754637942597162  0.69302198305444751
  0.70624447650294864  0.71792557356391229  0.72873389110596098  0.73826456717444089
  0.74691975511415021  0.75647250141653921  0.76713780102681872  0.78060359687422709
  0.79205716990780539  0.80469525450820589  0.81517814310519965  0.82641046962367071
  0.83694496908002192  0.84831329642588216  0.85911667915516621  0.86862597900525618
  0.87759281405755885  0.88642201585781721  0.89608245052408753  0.90608659331444974
  0.91575021955822167  0.92618809684063874  0.93712334742865677  0.94914230238903219
  0.96129676659020735  0.97385415057556435  0.98660938747466076  1.00000000000000000
 -0.00147872661647094  0.00804909778266848  0.01632405711733913  0.02490255859603128
  0.03390381502462644  0.04211064464262471  0.05040387349297988  0.05948795705156175
  0.07037876947388330  0.08317064605829552  0.09601543566985696  0.10785280088244016
  0.11687296601798811  0.12609411290441788  0.13575760475305459  0.14609604510787133
  0.15581963758672601  0.16484426436144969  0.17391764430853832  0.18311241729872449
  0.19315287246561558  0.20315902867488106  0.21347330966072342  0.22301437736658530
  0.23466799520420775  0.24842168351248206  0.26411041544998509  0.28056406175015852
  0.29518787422986908  0.30703533844786196  0.31725337843237483  0.32721448397703229
  0.33684116594445690  0.34570455225459878  0.35417135085761636  0.36333119053850493
  0.37275583030012160  0.38146484574954032  0.39056183002312833  0.40071236142136762
  0.41150424214593756  0.42099012108555250  0.43049357405650351  0.44034012393389982
  0.45347184687193065  0.46521092224105182  0.47717143325977679  0.48901932779972807
  0.50050699084736172  0.51177047694420863  0.52316781677009716  0.53638705093215500
  0.54718529775339442  0.55686429433330142  0.56645836338434219  0.57643318220052064
  0.58582344071457504  0.59513030100480557  0.60513963213115618  0.61518198080914177
  0.62469830349721156  0.63408077300249854  0.64413543489861946  0.65504058163957346
  0.66693803465531343  0.67947037732295668  0.69211520054736198  0.70425662152455282
  0.71502876896840328  0.72532705342470138  0.73625881118487724  0.74655404530996072
  0.75600329001641031  0.76562075729528167  0.77665716260273332  0.78851421983048753
  0.79913673674554264  0.80839620277602486  0.81755353409562803  0.82685940518254919
  0.83708065963522915  0.84740774507179284  0.85716796774152626  0.86648902043570142
  0.87600919198912020  0.88670147757847884  0.89732568897728893  0.90733048919776804
  0.91744729025965976  0.92821874421826500  0.94006089957806571  0.95237702513670364
  0.96442921097890777  0.97619666863932397  0.98816309214645581  1.00000000000000000
 -0.00133035554012464  0.00608396230052864  0.01276709224341178  0.01955331848820412
  0.02781254033248944  0.03680672875179609  0.04553008697532966  0.05336779495898166
  0.06194806283575278  0.07248963395670677  0.08443999369143798  0.09691255105219851
  0.10877875135997674  0.11916475243231553  0.12905791732157776  0.13747813227510894
  0.14598030481057786  0.15469752400869854  0.16388089884090326  0.17608707082339833
  0.18795905072137922  0.19985499868447171  0.21184428962845175  0.22604826830996400
  0.24026771699614338  0.25441300210424062  0.26674826882070152  0.27866493701293837
  0.29014636433793128  0.30218597391677771  0.31535835034741583  0.32933934939624993
  0.34352352549430587  0.35722771584939056  0.36988629468862722  0.38172997662119296
  0.39206923469067928  0.40214037849073625  0.41056556626782698  0.42010822766915251
  0.42976554825439878  0.43980500766824404  0.45010432499263986  0.46094418911046092
  0.47215650318977986  0.48353735274158161  0.49500413162427248  0.50656075096923503
  0.51696335109381175  0.52656959920436130  0.53539569475762916  0.54446513565488663
  0.55454795733856954  0.56524552315029741  0.57559615160652633  0.58599005373498725
  0.59748770333056356  0.60950609582238380  0.62185342269354593  0.63187718745387333
  0.64069669325569378  0.64925505991609067  0.65781693550224918  0.66647224571202857
  0.67473020607130518  0.68272893534433987  0.69155465082540934  0.70211366800315955
  0.71306608848592079  0.72293653568608074  0.73209313659367836  0.74112142017528038
  0.75027734521320144  0.75937917105183905  0.76879084846171897  0.78147925241171090
  0.79469258483924154  0.80614181464937651  0.81642728335247983  0.82636489139778257
  0.83659755771593802  0.84771394679785927  0.85962539684020667  0.87210394327708163
  0.88364819850166332  0.89518704065617039  0.90691102973771709  0.91724879831134098
  0.92560166312771697  0.93433841835469333  0.94437242707295022  0.95566759317076844
  0.96546242943211558  0.97498834722420813  0.98607471550181536  1.00000000000000000
  0.01017072073929055  0.01565175012280388  0.02156822709519852  0.02591834285772562
  0.02967478068588324  0.03318174269821281  0.03650157178723321  0.03966214752855969
  0.04259790148175852  0.04541360947788846  0.04825478736793656  0.05115849044605598
  0.05407554960123710  0.05679645967496690  0.05948952666227261  0.06207732705808915
  0.06459399594262462  0.06708896795159554  0.06961499148603263  0.07223801803567664
  0.07501482285807193  0.07781792695325063  0.08057506124414633  0.08333491780499228
  0.08619725189559503  0.08905887347451705  0.09191810560868413  0.09460863893697671
  0.09725329944991408  0.09978557340750428  0.10239524900024198  0.10516763942994979
  0.10812693968358734  0.11120584774463527  0.11423817841687853  0.11722876720804447
  0.12043458440102771  0.12370745823436549  0.12708185192266011  0.13031124603176833
  0.13354189438182143  0.13659813000753088  0.13993988684559208  0.14354889355154646
  0.14743115122947362  0.15131212926599202  0.15519965217467757  0.15872937406611642
  0.16229354094428933  0.16565889241346393  0.16881707928267040  0.17205638263121559
  0.17559191089760737  0.17935489277513922  0.18265290670811124  0.18572002959170483
  0.18889728499829977  0.19257882625067574  0.19651583548143772  0.20033299462654006
  0.20392566732538397  0.20756732025265523  0.21106598832794371  0.21504396938887888
  0.21908044002526283  0.22310069964653270  0.22698538557485384  0.23122681218999114
  0.23584704124221351  0.24059421926455138  0.24555742096668348  0.25115440230498565
  0.25725034384981960  0.26337964577914935  0.26930143454994793  0.27701811472726412
  0.28654220968347571  0.29713080126836999  0.30955577464976242  0.32282171554489708
  0.33396327527670222  0.34182151065414523  0.35075260266931851  0.36092018498185380
  0.36955054146467536  0.37835705696522109  0.38745273851172379  0.39856027471428906
  0.41161310305624371  0.42520044814074709  0.45242382907029399  0.46948505770528709
  0.49180507543349911  0.51008137452556479  0.54697969891899578  1.00000000000000000
 -0.00290448979395904  0.01228905180004651  0.02429094642467877  0.03559026776651465
  0.04715251849967399  0.05948822102920476  0.07390654914599640  0.08788767552133825
  0.09922296469673787  0.11084210224113579  0.12282908626473188  0.13517118689475385
  0.14782191752568455  0.16130925038271418  0.17621690020885089  0.19036330381249453
  0.20460984362366821  0.21721210718712108  0.22916236337208548  0.23935136182916647
  0.24882011555729117  0.25762321351965495  0.26692286277464916  0.27618828482924673
  0.28490497285375688  0.29335156987271555  0.30183051945438288  0.31071809629821417
  0.32043358873932487  0.33121317724397131  0.34139534941452071  0.35106366274385148
  0.35994693513493065  0.36816011844569441  0.37628836461729992  0.38450070301421629
  0.39321126386962429  0.40197336904424674  0.41062494838128255  0.41976700707117259
  0.43042486365314503  0.44119611190415398  0.45207793997986584  0.46223478781489069
  0.47186526055272660  0.48103367792446161  0.49013964740208510  0.49970765701247510
  0.50955135026354625  0.51925745466741824  0.52846351921547696  0.53707411039962438
  0.54656725934590689  0.55603487027058018  0.56560553432215888  0.57531128432119938
  0.58598812518960475  0.59675980025458586  0.60647512672904502  0.61560000917727331
  0.62461313497959436  0.63374438774478115  0.64284599381838314  0.65168459126404332
  0.65992832423804726  0.66810851711031494  0.67573414236071605  0.68414913501790064
  0.69277579453738569  0.70286158621373818  0.71259918187394700  0.72189014304846200
  0.73124830217618275  0.74030760961156361  0.74933575175093314  0.75865511910543726
  0.76859442045180337  0.77990517473803367  0.79119932322067388  0.80205774318878409
  0.81308348316656109  0.82465670891886633  0.83661843226074029  0.84863825999561115
  0.86052981647897819  0.87196913572604651  0.88301707178666045  0.89395169391769891
  0.90531617292382915  0.91879155772892951  0.93179515382237554  0.94534167489644039
  0.95757763340009094  0.97097679070257203  0.98394644226578387  1.00000000000000000
  0.01565636043719718  0.36363891764327733  0.47233612181426526  0.53737708487681912
  0.58859340635787072  0.62755243469713429  0.65797285311160647  0.68389000966475511
  0.70598353652900026  0.72515994706631004  0.74205732899310672  0.75632153946502612
  0.76908250753740959  0.78074733529427498  0.79171480928837734  0.80219166679616816
  0.81184642437358101  0.82043640582724442  0.82840580888034099  0.83592919578197977
  0.84307299587361006  0.84928768338222027  0.85489067996558143  0.86003197220643413
  0.86498539089632309  0.86988453911096908  0.87450951416763134  0.87866634725853210
  0.88261950218418628  0.88648420545853968  0.89025998732823908  0.89370132389987267
  0.89679274121662844  0.89964771927994835  0.90242505047615917  0.90525332398483815
  0.90791251172928855  0.91055612528880037  0.91329339498487594  0.91599983667316820
  0.91851317845366898  0.92083597635684133  0.92302611214419239  0.92515631611144111
  0.92726273104950530  0.92940912160758682  0.93142832478487425  0.93328506115285648
  0.93501269350824090  0.93669815963209013  0.93833434933999138  0.93988425590229818
  0.94145815323659565  0.94304998569036880  0.94463067554404678  0.94624511741366801
  0.94785136263171199  0.94920082935539185  0.95055457330000459  0.95187742945086740
  0.95315817226076271  0.95441421712799557  0.95567516006497044  0.95690517336832503
  0.95810762762979562  0.95929386233325087  0.96045550750343789  0.96161645485740910
  0.96278866274017771  0.96394999039561691  0.96504147318458799  0.96612747928053355
  0.96722599340469628  0.96834338189282898  0.96945154854988980  0.97049567099178546
  0.97151700611295366  0.97252222807970845  0.97349994230949977  0.97450756270035677
  0.97554922671812871  0.97662763677310793  0.97773806745915381  0.97884179178711350
  0.98006124289523322  0.98129714436277471  0.98251001693246232  0.98368530638531326
  0.98493149433866900  0.98626441120114305  0.98765450504090524  0.98909139531465728
  0.99079332597210246  0.99277670454836342  0.99557679028373358  1.00000000000000000
   1.0589419774578688E-006  -1.0000000000000000     
 F F F F F F F F F F F F F F F F F F F F F F F F F F F F F F F F F F F F F F F F F F F F F F F F F F F F F F F F F F F F F F F F
  <DiscreteSampler_grid>
  grouped_processes
  1 # 1 for a reference and 2 for a running grid.
  10 # Attribute 'min_bin_probing_points' of the grid.
  1 # Attribute 'grid_mode' of the grid. 1=='default',2=='initialization'
  0.0000000000000000 # Attribute 'small_contrib_threshold' of the grid.
  0.5000000000000000 # Attribute 'damping_power' of the grid.
 # binID   n_entries weight   weight_sqr   abs_weight
    10   10   1.053206711206929E+006   1.056135703092947E+013   1.053206711206929E+006
  </DiscreteSampler_grid>
