  0.00962629141776226  0.01648658558613048  0.02424792791085896  0.03326632739503126
  0.04280283949103311  0.05291967503873769  0.06358782516294144  0.07452759856590335
  0.08556120697807783  0.09675561357359755  0.10760907703465988  0.11842150455493904
  0.12939669290658332  0.14073654796185472  0.15073536007965263  0.16023364866124046
  0.16976397335235785  0.17993603246966347  0.19053553345083862  0.20054060465450824
  0.21008914159629996  0.21946926004973685  0.22919360745487158  0.23919091502087550
  0.24943210238255781  0.25944109357025030  0.26948784185147506  0.27984410901300899
  0.29050987657224886  0.30073363361903055  0.31061174806089653  0.32041107714582895
  0.33032995499811618  0.34026271645972173  0.35022395516764293  0.36052247364490020
  0.37139662113672928  0.38213295119697893  0.39303073435953079  0.40419089753500348
  0.41554859666274829  0.42674291127860065  0.43755385765814525  0.44835713423779505
  0.45950185343597882  0.47125410823047631  0.48309979917996060  0.49447194599012073
  0.50499287703821039  0.51478259161555007  0.52477216732522580  0.53431167194921947
  0.54412655412658284  0.55438731546966957  0.56518029975603445  0.57640023038538746
  0.58766973455328875  0.59898728927040301  0.61030146357307136  0.62134670023727923
  0.63194946655983364  0.64228512820031236  0.65218814271413772  0.66209267827671026
  0.67178558894369966  0.68178735714607486  0.69180230842837620  0.70180659433671733
  0.71237513038472744  0.72366398522414743  0.73491691907734746  0.74618612080608937
  0.75793387823055325  0.77036175801777029  0.78195101988573612  0.79315751808239054
  0.80451411574405940  0.81536189027642658  0.82564277086137094  0.83568903544951723
  0.84646397230762327  0.85696861123470225  0.86715707635523132  0.87748832525576137
  0.88816812612217066  0.89853976607521147  0.90867414386635714  0.91900033965692129
  0.93006720977620516  0.94054653803697574  0.95060510660467556  0.96006664595678148
  0.97037521235374580  0.98064767728691216  0.99097263920099143  1.00000000000000000
  0.00002524025147629  0.00003962526444139  0.00005052302615829  0.00006279193268545
  0.00007606255307700  0.00009054818660266  0.00010552946054939  0.00012140528075638
  0.00013884154747344  0.00015778602931029  0.00017761539138720  0.00019806134104765
  0.00022078467097159  0.00024624949145884  0.00027538745700116  0.00030544725923754
  0.00033537884058980  0.00036810592288976  0.00040241622948491  0.00043809550598927
  0.00047511638744462  0.00051485119162490  0.00055657572767299  0.00060013327327235
  0.00064463157369900  0.00069054407786956  0.00073892515362646  0.00078919660764543
  0.00084189150863130  0.00089865003903486  0.00095882175616240  0.00102258434217907
  0.00109706356989994  0.00116997951764387  0.00124066973632422  0.00131088449805067
  0.00138372457798759  0.00146009156733417  0.00154044173411753  0.00162308207160661
  0.00170626774087033  0.00179399561184421  0.00188793642030834  0.00198991162026290
  0.00209287361844274  0.00219781211809934  0.00230690916004976  0.00241804248847017
  0.00253201959885807  0.00265005630621565  0.00277178718619782  0.00290374160363683
  0.00304577146639955  0.00319355016379189  0.00334872153806395  0.00351787183150439
  0.00370228847376639  0.00389704297379068  0.00409847372086381  0.00430176196106234
  0.00450480501630688  0.00472275681296681  0.00496841738732403  0.00523642610005927
  0.00550922938796635  0.00579419564589485  0.00611508444872616  0.00646806251007743
  0.00684984622106261  0.00723744635715193  0.00764093359026353  0.00806412917569035
  0.00852387366650862  0.00900075272636315  0.00951381616053446  0.01002734211997276
  0.01063232400631766  0.01123859597085620  0.01207655375181933  0.01296862102057922
  0.01405863657380260  0.01520672649668358  0.01647973732645919  0.01796257516242507
  0.01971549042570869  0.02167422969581824  0.02408597508905625  0.02748386788970409
  0.03192239958342647  0.03752549750328985  0.04465631033669379  0.05356045890058284
  0.06903463639342748  0.10706942216057921  0.19804473139974851  1.00000000000000000
  0.00002230102362252  0.00002588286067014  0.00002813423733363  0.00003067605898934
  0.00003358475722727  0.00003682460637965  0.00004068544227492  0.00004563005726241
  0.00005274603983446  0.00005684104958916  0.00006196364358347  0.00006707937379372
  0.00007171116659533  0.00007636944052153  0.00008138894743581  0.00008657397312316
  0.00009268875794203  0.00009898486368390  0.00010583354016186  0.00011296760539856
  0.00012146747752630  0.00013260145913117  0.00014615027174437  0.00016104065413674
  0.00017563575971685  0.00019119951734295  0.00020844464058165  0.00022760733132681
  0.00024876155673453  0.00027163569531276  0.00029510042797880  0.00032070393569600
  0.00034883531678304  0.00037831118883017  0.00040799470372176  0.00043921128684105
  0.00047308049573620  0.00050914451377726  0.00054790641420984  0.00059228353873408
  0.00064140537539016  0.00069408499481148  0.00074986609574557  0.00080601461962294
  0.00086736469852133  0.00093722091019285  0.00101829825930604  0.00110777449329218
  0.00120545561937045  0.00130583761166751  0.00140996401805706  0.00152056103141508
  0.00164086209199376  0.00177289542256316  0.00191346998353822  0.00206878473712953
  0.00224702026238420  0.00244246572252424  0.00265627143853043  0.00287830137074705
  0.00310856883263625  0.00335838193485537  0.00362634817151117  0.00391635078773518
  0.00422885846572133  0.00458169592647582  0.00496796321212703  0.00538774481242350
  0.00583342735929459  0.00632018696186072  0.00685741947279564  0.00743154561156963
  0.00808149780315300  0.00882270320300763  0.00961434640509353  0.01043861074699647
  0.01127044734503345  0.01212873613924412  0.01311222818315809  0.01430522924987736
  0.01569637534979623  0.01732629554247371  0.01916027951452745  0.02132286252731365
  0.02377711751661216  0.02666682131467449  0.03011819955043354  0.03458636309952611
  0.04093906166566506  0.04776995804261984  0.05536393829604519  0.06546083308453166
  0.08281988867000402  0.11604433269224512  0.38963619670630928  1.00000000000000000
 -0.00245607938641397  0.00956477456973406  0.02057034643783583  0.03209851587754216
  0.04374799285728227  0.05606393131528063  0.06753935104805690  0.07857710329081573
  0.08894508607530016  0.09916461178859351  0.10899957530109412  0.11853746397835803
  0.12835509481010154  0.13841927913555460  0.14835933540506802  0.15823364700492723
  0.16824169891855489  0.17871631047617878  0.18956837976333263  0.20075430347951792
  0.21131091346689765  0.22166428019774970  0.23169106380098162  0.24214735812550992
  0.25253861447148901  0.26285487640661476  0.27342538371962039  0.28403917729415457
  0.29501451176479349  0.30572672280918395  0.31681628053938099  0.32796229676396782
  0.33864059118926326  0.34884576831547182  0.35910580475968412  0.36991884687036425
  0.38059851707786002  0.39118083756346433  0.40250817846691511  0.41327063405961767
  0.42411342080483788  0.43366796732177931  0.44447381428169325  0.45529234907194122
  0.46634568967542517  0.47695561063304603  0.48704967731156390  0.49696995313380876
  0.50711274473956491  0.51739782410804847  0.52712679923625871  0.53676476719143595
  0.54660999535010835  0.55658514626013278  0.56621172582956381  0.57555811524815359
  0.58498511935390973  0.59480308612142663  0.60505811733343695  0.61612032535072214
  0.62708240593692777  0.63852565582388909  0.64965474519025423  0.66113083722892874
  0.67260896902825851  0.68371351354188259  0.69455156287072228  0.70487382414101374
  0.71459768681091584  0.72371357002302261  0.73258156955110909  0.74171025815096847
  0.75110003575068829  0.76061665224929764  0.77056637762863867  0.78102944019989107
  0.79219839543579329  0.80401499477601046  0.81660060139738333  0.82801606631208213
  0.83901975231770698  0.84920020340220070  0.85895197064991036  0.86828172866202014
  0.87804312351207536  0.88822503856459023  0.89936539352105427  0.90985516057287841
  0.92089486740812332  0.93253456335103513  0.94484892117655572  0.95707085287001958
  0.96816616301587366  0.97906291409377011  0.98940080298066058  1.00000000000000000
 -0.00269644073672867  0.01087159895604877  0.02196460285557546  0.03203745879058662
  0.04152807951228218  0.05003682794740962  0.05899347686730455  0.06838522060910757
  0.07793254607863283  0.08777737566279226  0.09864707763652843  0.10951899955656746
  0.12040982042859763  0.13087641304528641  0.14129225477032248  0.15168682855571983
  0.16210729428738840  0.17269637006473995  0.18367758687333310  0.19467234904409225
  0.20517595229670349  0.21587224346795175  0.22665359453707323  0.23768258852110039
  0.24861191507886718  0.25940644657019984  0.26989803612742347  0.27965743345970906
  0.28919884064527768  0.29908697674712309  0.30903579969622702  0.31897372085683734
  0.32926922856682567  0.34013648897790849  0.35129392747946392  0.36196936933911361
  0.37248186922865556  0.38358985436691362  0.39483141096910501  0.40561012818628256
  0.41598173832800717  0.42567181953096639  0.43517667462053733  0.44459966867045636
  0.45418196969789615  0.46390879444783517  0.47386521624251116  0.48435286985967135
  0.49530149313232685  0.50609642571971947  0.51660493141437536  0.52673424675318159
  0.53663169291529123  0.54677102159750313  0.55722822111509751  0.56739160974639313
  0.57700734942119047  0.58689825082363511  0.59718000637948243  0.60754502693208423
  0.61785719074409706  0.62784299190822601  0.63936066522074764  0.65013390451755171
  0.66115445611668600  0.67200095495509704  0.68270980882213705  0.69273789247349749
  0.70265217043053463  0.71327875856613054  0.72410917502344119  0.73500990773767105
  0.74582665032667805  0.75612125760172433  0.76608385822374392  0.77632066886841256
  0.78690483714369186  0.79742620030783473  0.80805509436937206  0.81892376532425959
  0.82986607729963913  0.84017578090816136  0.85001260568099657  0.86037892232076341
  0.87096523764874745  0.88178372885886147  0.89342200877630340  0.90613297598092468
  0.91885315400408152  0.93049330060060631  0.94167051690025261  0.95304204119032176
  0.96455850519760711  0.97588984154784675  0.98783152117308126  1.00000000000000000
 -0.00232136153556235  0.00933734599385526  0.01961520027917492  0.03022340221922978
  0.04122877910845060  0.05214653406463630  0.06343051184877480  0.07457352252581195
  0.08515161177936084  0.09545672306964480  0.10572447515183780  0.11604288237353828
  0.12635516104771888  0.13685472041713242  0.14774438569765699  0.15911090822915205
  0.17049625994824641  0.18141616672146957  0.19189309166197585  0.20246188366545553
  0.21317242515400350  0.22421164831529514  0.23550978896769070  0.24666098301146522
  0.25777660674391467  0.26885956659002275  0.28007961237650336  0.29168873505178877
  0.30305343780989119  0.31393932978864908  0.32452315445399421  0.33460760793797895
  0.34439073383637953  0.35373781672485466  0.36296662354977571  0.37223673575766386
  0.38163081521663977  0.39037680497990723  0.39925356053616717  0.40861758861770603
  0.41844138255495478  0.42837460029003094  0.43791367764476730  0.44793805098025014
  0.45828795897435132  0.46932952629752345  0.48004373593003763  0.49054259311166498
  0.50042437600554235  0.51013065021311044  0.51961138087615211  0.52910219295975491
  0.53863986564702737  0.54850551314812157  0.55844555681802255  0.56798633124025355
  0.57773982340773777  0.58828064523739310  0.59934347004676958  0.61043898274562347
  0.62100391694291179  0.63158624090008031  0.64226634530794158  0.65319609438008885
  0.66411105961707295  0.67508617807187077  0.68584304767443616  0.69643445977957175
  0.70735265638143885  0.71893721576503633  0.73038682126882093  0.74134123806281071
  0.75189687380553316  0.76249792979889341  0.77359255997581489  0.78486496388204041
  0.79582746356644196  0.80635420325882490  0.81648791771694407  0.82684057508407982
  0.83731176220596482  0.84820662622369469  0.85886821005036862  0.86978443734156607
  0.88038107460931025  0.89041926643251568  0.89982911469401017  0.90985217036022303
  0.92144382015572668  0.93365527582714913  0.94488557508192605  0.95592641627698272
  0.96691390396526655  0.97815224537054135  0.98899980281073407  1.00000000000000000
  0.01086095788572604  0.01260212967725582  0.01494117083921936  0.01672796919119616
  0.01829579017259333  0.01981197312674386  0.02132169962363184  0.02292609294037624
  0.02456840055745252  0.02619952078202982  0.02780431812150859  0.02940910185577728
  0.03098767084773434  0.03255397099425018  0.03411418524075751  0.03568041237223436
  0.03726298736433992  0.03885802085893821  0.04043765326351810  0.04202811425886245
  0.04351380026788379  0.04500161436910292  0.04650193134706420  0.04803141752061622
  0.04961819529969396  0.05123373463736432  0.05283999392119796  0.05447528223133884
  0.05614239482772621  0.05785224291322773  0.05958098250131390  0.06127724029746162
  0.06294220700459566  0.06457790328707243  0.06625632844776795  0.06811203868813102
  0.07002756152468997  0.07192536824580711  0.07381788828598507  0.07566067184911505
  0.07763262457469930  0.07966303471614754  0.08166429238659037  0.08352948560406599
  0.08536496607084015  0.08716536979954954  0.08893571488851484  0.09089532531384849
  0.09310066147983496  0.09556623448583451  0.09802764346880997  0.10016393026941794
  0.10215366927857364  0.10423413262337619  0.10654981401512645  0.10911105708217621
  0.11156616152130253  0.11397404272829620  0.11624265675817683  0.11858025707697131
  0.12089344323105888  0.12329358760370887  0.12614874010950691  0.12941868260197761
  0.13292803701491770  0.13664636005745373  0.13992864287587778  0.14314467514395213
  0.14625448220966974  0.14921826936903301  0.15267277227479459  0.15623209503295610
  0.16076789298927197  0.16612844052307899  0.17074399295408688  0.17497907260503356
  0.17952222814240854  0.18452148317095818  0.18989528765116576  0.19492351970234989
  0.20113161161873011  0.20752946061759603  0.21349632294090293  0.21939412069422046
  0.22545195699311135  0.23246927760175298  0.23974001668590120  0.24776390085545100
  0.25884593510799719  0.26490967965982964  0.28369183113483987  0.30802911675352851
  0.33196591890683341  0.38976598095503689  0.66628846778185680  1.00000000000000000
 -0.00161632921864774  0.00628631709857504  0.01271034629390714  0.01890003325289747
  0.02544911439003080  0.03233042340601399  0.03935392714532171  0.04639478348479560
  0.05323803426767623  0.05975851457172201  0.06652720259274299  0.07363948900084248
  0.08095995513367447  0.08853795987216796  0.09639999753220393  0.10454959915793710
  0.11285241659287283  0.12108128013466657  0.12907568829417779  0.13668606063138170
  0.14446367812411459  0.15229965737583318  0.16015933775906038  0.16786553383091435
  0.17589673722698096  0.18434037288705912  0.19384201365004378  0.20422848765502849
  0.21451330023534512  0.22471497233302890  0.23568518832007065  0.24669741494849270
  0.25835927326386005  0.26939926078131415  0.28102721562078359  0.29320474075648911
  0.30759767115285047  0.32112797104739021  0.33357095808472531  0.34693017235441481
  0.36086871795489978  0.37601023886975748  0.39283644346338231  0.41138736776675916
  0.43097572320429345  0.45084252222052190  0.47078466290122767  0.49086473937203751
  0.51121418741610736  0.53100556485069039  0.55027697803701214  0.56950558902965231
  0.58914135697511849  0.60919448016748057  0.62643342801826973  0.64144057621039796
  0.65593230777896228  0.66972026600694790  0.68176334496008784  0.69346299262778144
  0.70527330456243054  0.71703058565454425  0.72805165617812295  0.73842772878123852
  0.74838954070048502  0.75844874544496288  0.76883613583825394  0.77926381210055384
  0.78935210291994728  0.79887750035843841  0.80783423647400565  0.81682332347005415
  0.82593128018693551  0.83513939239184398  0.84401188937673310  0.85244191188267415
  0.86039789563435609  0.86813904124573993  0.87625343603630623  0.88487097710884899
  0.89389570551080844  0.90279062861532733  0.91042276467333427  0.91764968801920721
  0.92449394249380490  0.93171647740924690  0.93892662897418955  0.94587075795393694
  0.95248431764527419  0.95899429161135963  0.96574951716657620  0.97266722561853503
  0.97948523573988033  0.98632165477808642  0.99322693680573348  1.00000000000000000
  0.02413347072136379  0.20926074484064078  0.28383004506252185  0.33281366505225635
  0.37135055758864777  0.40259232713016257  0.43001351335108534  0.45511293031814642
  0.47732017695558970  0.49703698027132992  0.51547017061219569  0.53270299567539636
  0.54834642806763856  0.56290917281175168  0.57580177058436099  0.58794146903724009
  0.59905835841156985  0.60956185592688938  0.61975957437288465  0.62987800003010486
  0.63982633695952007  0.64921901845887553  0.65769759704344377  0.66576534640974705
  0.67352869522060377  0.68130592934243295  0.68883987234072330  0.69607408362576961
  0.70329320978631660  0.71018684652795938  0.71658233445546549  0.72269525026493142
  0.72850817747686480  0.73426097852493466  0.73987686215720239  0.74556809187660011
  0.75108263840602030  0.75639810988539924  0.76160924596554769  0.76678743456810150
  0.77191997105220245  0.77693187908769756  0.78182982792888556  0.78665058231003449
  0.79132602277143904  0.79581275608302393  0.80030625868527305  0.80480865947002489
  0.80927903814720936  0.81361437687754024  0.81781953534247220  0.82202969664960635
  0.82635976115699761  0.83068074380336543  0.83480473755124740  0.83858340892688144
  0.84224188989160720  0.84587589471498847  0.84958198612980207  0.85335481998680907
  0.85701233647377806  0.86050004742266517  0.86392400764726618  0.86735496931909639
  0.87077630403875739  0.87413697947328350  0.87746913666247761  0.88084012751250884
  0.88422421999086454  0.88753041696048185  0.89073289031843650  0.89391842185112858
  0.89699908916203708  0.90013632434431323  0.90329953815300934  0.90644343043243736
  0.90951900515721140  0.91254373452084447  0.91559919894036779  0.91865118927233003
  0.92173615977383316  0.92473275492636420  0.92777950513304197  0.93099024823190046
  0.93437632300137330  0.93788013972573281  0.94146376299764833  0.94518655557409048
  0.94912329988957400  0.95326150491537709  0.95752575626015657  0.96227502527467335
  0.96765617052029906  0.97379523045560357  0.98264072179330630  1.00000000000000000
   5.9769668661873771E-029  -1.0000000000000000     
 F F F F F F F F F F F F F F F F F F F F F F F F F F F F F F F F F F F F F F F F F F F F F F F F F F F F F F F F F F F F F F F F
  <DiscreteSampler_grid>
  grouped_processes
  1 # 1 for a reference and 2 for a running grid.
  10 # Attribute 'min_bin_probing_points' of the grid.
  1 # Attribute 'grid_mode' of the grid. 1=='default',2=='initialization'
  0.0000000000000000 # Attribute 'small_contrib_threshold' of the grid.
  0.5000000000000000 # Attribute 'damping_power' of the grid.
 # binID   n_entries weight   weight_sqr   abs_weight
    10   10   7.697196338474818E-016   3.713399192100419E-030   7.697196338474818E-016
  </DiscreteSampler_grid>
