  0.00946085826665831  0.01329156118065674  0.01712226409465518  0.02107523172952559
  0.02882088435370646  0.03656653697788733  0.07235647302680018  0.14743495806021073
  0.15622206050717069  0.16500916295413068  0.17379626540109061  0.18258336784805049
  0.19137047029501036  0.20015757274197027  0.21458475903850063  0.30443942481666675
  0.39429409059483278  0.48414875637299898  0.57400342215116495  0.61896343149168587
  0.67496146835087645  0.71147432001429711  0.71647110318467289  0.72146788635504855
  0.72646466952542421  0.73146145269579987  0.73645823586617543  0.74145501903655109
  0.74645180220692675  0.75144858537730230  0.75644536854767797  0.76144215171805363
  0.76643893488842929  0.78166571815603814  0.79261094284427769  0.79367348098583024
  0.79473601912738279  0.79579855726893545  0.79686109541048800  0.79792363355204055
  0.79898617169359309  0.80004870983514564  0.80111124797669830  0.80217378611825085
  0.80323632425980340  0.80429886240135595  0.80536140054290861  0.80642393868446116
  0.80748647682601371  0.80854901496756626  0.80961155310911881  0.81067409125067147
  0.81173662939222402  0.81279916753377657  0.81386170567532912  0.81492424381688178
  0.81598678195843433  0.81704932009998688  0.81811185824153942  0.81917439638309197
  0.82023693452464463  0.82129947266619718  0.82236201080774973  0.82342454894930228
  0.82448708709085494  0.82554962523240749  0.82661216337396004  0.82767470151551259
  0.82873723965706525  0.82979977779861780  0.83086231594017035  0.83192485408172290
  0.83298739222327545  0.83404993023902119  0.83511246819403284  0.83617500614904450
  0.83723754410405626  0.83830008205906792  0.83936262001407969  0.84042515796909134
  0.84148769592410300  0.84255023387911476  0.84361277183412642  0.84467530978913807
  0.84573784774414984  0.84680038569916150  0.84786292365417315  0.84892546160918492
  0.84998799956419657  0.85105053751920834  0.85211307547421999  0.85317561342923165
  0.85579971261714294  0.87057889563482016  0.87057889563483015  1.00000000000000000
  0.00001814529681906  0.00002261119292048  0.00003814305615926  0.00006379717992475
  0.00006575837233221  0.00006771956473968  0.00006968075714714  0.00007164194955460
  0.00007369649151088  0.00007579816907144  0.00007789984663201  0.00008000152419258
  0.00008210347057586  0.00008449005927129  0.00008687664796672  0.00008926323666215
  0.00009164982535758  0.00009475254815468  0.00009926159897451  0.00010377064979434
  0.00014217934134264  0.00024609742584208  0.00038197631822276  0.00040275455943606
  0.00042353280064937  0.00044643462273456  0.00047002963869754  0.00049455591989635
  0.00052134956294719  0.00054814320599803  0.00087237613775515  0.00150798730208282
  0.00200353036713304  0.00243051108736811  0.00385868554158298  0.00668012636872043
  0.01154654580567260  0.01999716955947273  0.03462911955813132  0.05987241188091536
  0.06136752031147077  0.06174622444092778  0.06212492857038479  0.06250363269984180
  0.06288233682929881  0.06326104095875582  0.06363974508821282  0.06401844921766983
  0.06439715334712684  0.06477585747658385  0.06515456160604086  0.06553326573549786
  0.06591196986495487  0.06629067399441188  0.06666937812386889  0.06704808225332590
  0.06742678638278291  0.06780549051223991  0.06818419464169692  0.06856289877115393
  0.06894160290061094  0.06931406267181496  0.06964366081322854  0.06997325895464211
  0.07030285709605569  0.07063245523746926  0.07096205337888284  0.07129165152029641
  0.07162124966170998  0.07195084780312355  0.07228044594453713  0.07261004408595070
  0.07293964222736428  0.07326924036877785  0.07359883851019143  0.07392843665160501
  0.07425803479301857  0.07458763293443214  0.07491723107584572  0.07524682921725930
  0.07557642735867287  0.07590602550008645  0.07623562364150002  0.07656522178291358
  0.07689481992432716  0.07722441806574074  0.07755401620715431  0.07788361434856789
  0.07821321248998146  0.07854281063139504  0.09699004831967423  0.09699004831968423
  0.09699004831969424  0.09699004831970424  0.09699004831971425  1.00000000000000000
  0.00009360295525918  0.00013676213311936  0.00021860974498671  0.00026896677232035
  0.00027993712884305  0.00029090748536575  0.00030301457581500  0.00031522489991973
  0.00032773211061405  0.00034132271653608  0.00035491332245811  0.00039444561134426
  0.00050421311894431  0.00051749807303459  0.00053078302712486  0.00054406798121514
  0.00055763436249225  0.00057242107693035  0.00058720779136844  0.00060199450580654
  0.00061678122024464  0.00063314844595745  0.00064960668302685  0.00066606492009625
  0.00068252315716565  0.00086201311185221  0.00090256825065564  0.00094312338945907
  0.00098772753578314  0.00103286711642518  0.00108060650344639  0.00113084876128738
  0.00125495555061178  0.00202507057106274  0.00327382681079383  0.00528128390262948
  0.00854027956621713  0.00902739277632386  0.00907564677297488  0.00912390076962591
  0.00917215476627693  0.00922040876292796  0.00926866275957899  0.00931691675623001
  0.00936517075288104  0.00941342474953206  0.00946167874618309  0.00950993274283411
  0.00955818673948514  0.00960644073613616  0.00965469473278719  0.00970294872943822
  0.00975120272608924  0.00979945672274027  0.00984771071939130  0.00989596471604232
  0.00994421871269335  0.00999247270934437  0.01003474274548487  0.01007590679947107
  0.01011707085345727  0.01015823490744347  0.01019939896142967  0.01024056301541586
  0.01028172706940206  0.01032289112338826  0.01036405517737446  0.01040521923136066
  0.01044638328534686  0.01048754733933305  0.01052871139331925  0.01056987544730545
  0.01061103950129165  0.01065220355527785  0.01069336760926404  0.01073453166325024
  0.01077569571723644  0.01081685977122264  0.01085802382520883  0.01089918787919503
  0.01094035193318123  0.01098151598716743  0.01102268004115363  0.01106384409513982
  0.01110500814912602  0.01338679666852066  0.02161562814457170  0.03492432155758860
  0.03961512769779998  0.03961512769780998  0.03961512769781998  0.03961512769782998
  0.03961512769783998  0.03961512769784998  0.03961512769785998  1.00000000000000000
  0.01247286399205521  0.22948457003004083  0.23052089993386185  0.23155722983768287
  0.23259355974150392  0.23362988964532494  0.23466621954914596  0.23570254945296698
  0.23673887935678803  0.23777520926060905  0.23881153916443007  0.23984786906825109
  0.24088419897207214  0.24192052887589316  0.24295685877971418  0.24399318868353520
  0.24502951858735622  0.24606584849117727  0.24710217839499829  0.24813850829881931
  0.24917483820264033  0.25021116814353439  0.25124749822929515  0.25228382831505597
  0.25332015840081673  0.25435648848657755  0.25539281857233831  0.25642914865809913
  0.25746547874385989  0.25850180882962071  0.25953813891538147  0.26057446900114228
  0.26161079908690305  0.26264712917266386  0.26368345925842462  0.26471978934418544
  0.26575611942994620  0.26679244951570702  0.26782877960146778  0.26886510968722860
  0.26990143977298936  0.27093776985875018  0.27197409994451094  0.27301043003027176
  0.27404676011603257  0.27508309020179333  0.27611942028755415  0.27715575037331497
  0.27819208045907579  0.27922841054483655  0.28026474063059736  0.28130107071635818
  0.28233740080211894  0.28337373088787976  0.28441006097364058  0.28544639105940134
  0.28648272114516216  0.28751905123092297  0.28855538131668373  0.28959171140244455
  0.29062804148820537  0.29166437157396613  0.37911093343772956  0.46674928715915809
  0.55438764088058667  0.60930330111119246  0.65091306296682283  0.69033894951389019
  0.69521248442899153  0.70008601934409298  0.70495955425919443  0.70983308917429588
  0.71470662408939734  0.71958015900449879  0.72445369391960024  0.72932722883470169
  0.73420076374980314  0.73907429866490448  0.74394783358000593  0.74882136849510728
  0.81288565502008336  0.82145601901580845  0.83002638301153342  0.83859674700725850
  0.84716711100298370  0.85573747499870878  0.86430783899443386  0.87287820299015884
  0.88068428103551910  0.88823888310990806  0.89579348518429713  0.89759225621482663
  0.89936050605789730  0.90112875590096808  0.90121561686197904  1.00000000000000000
  0.01192760070164994  0.18454337535967258  0.26987312031343663  0.27842799300275883
  0.28610543278249784  0.29378287256223684  0.30146031234197579  0.30913775212171468
  0.31681519190145363  0.32449263168119258  0.33217007146093147  0.35481399087648485
  0.35586732967786439  0.35692066847924397  0.35797400728062345  0.35902734608200304
  0.36008068488338257  0.36113402368476211  0.36218736248614164  0.36324070128752117
  0.36429404008890071  0.36534737889028024  0.36640071769165977  0.36745405649303930
  0.36850739529441884  0.36956073409579837  0.37061407289717790  0.37166741169855744
  0.37272075049993697  0.37377408930131650  0.37482742810269604  0.37588076690407557
  0.37693410570545510  0.37798744450683464  0.37904078330821417  0.38009412210959370
  0.38114746091097323  0.38220079971235277  0.38325413851373230  0.38430747731511183
  0.38536081611649137  0.38641415491787090  0.38746749371925043  0.38852083252062997
  0.38957417132200955  0.39062751012338909  0.39168084892476862  0.39273418772614815
  0.39378752652752769  0.39484086532890722  0.39589420413028675  0.39694754293166629
  0.39800088173304582  0.39905422053442535  0.40010755933580494  0.40116089813718447
  0.40221423693856401  0.40326757573994354  0.40432091454132313  0.40537425334270266
  0.40642759214408219  0.40748093094546173  0.40853426974684132  0.40958760854822085
  0.41064094734960038  0.41169428615097992  0.41274762495235950  0.41380096375373904
  0.41485430255511857  0.41590764135649810  0.43772521972992229  0.44267814078722661
  0.44763106184453094  0.45258398290183527  0.45753690395913954  0.46248982501644392
  0.46744274607374831  0.47239566713105263  0.47734858818835701  0.48230150924566134
  0.48725443030296567  0.49220735136027000  0.49716027241757432  0.53799582364487608
  0.62705076218103539  0.69768973152128944  0.72941228652176693  0.78125891427592786
  0.87031385281208717  0.90204715920664436  0.91075681360296934  0.91922314739267263
  0.92717587722921480  0.93512860706575684  0.96360707680384305  1.00000000000000000
 -0.00138926903406779  0.03297109711011739  0.10816891344050107  0.19775372371404906
  0.28733853398759723  0.31326199705780894  0.31432160305367446  0.31538120904953998
  0.31644081504540550  0.31750042104127102  0.31856002703713654  0.31961963303300206
  0.32067923902886752  0.32173884502473304  0.32279845102059856  0.32385805701646408
  0.32491766301232961  0.32597726900819513  0.32703687500406065  0.32809648099992617
  0.32915608699579163  0.33021569299165715  0.33127529898752267  0.33233490498338819
  0.33339451097925371  0.33445411697511923  0.33551372297098475  0.33657332896685027
  0.33763293496271579  0.33869254095858131  0.33975214695444683  0.34081175295031235
  0.34187135894617793  0.34293096494204345  0.34399057093790897  0.34505017693377449
  0.34610978292964001  0.34716938892550553  0.34822899492137105  0.34928860091723657
  0.35034820691310209  0.35140781290896761  0.35246741890483313  0.35352702490069865
  0.35458663089656417  0.35564623689242969  0.35670584288829521  0.35776544888416073
  0.35882505488002625  0.35988466087589177  0.36094426687175729  0.36200387286762276
  0.36306347886348828  0.36412308485935380  0.36518269085521932  0.36624229685108484
  0.36730190284695036  0.36836150884281588  0.36942111483868140  0.37048072083454686
  0.37154032683041238  0.37259993282627790  0.37365953882214342  0.37471914481800894
  0.41801109071614434  0.42299348110554230  0.42797587149494032  0.43295826188433828
  0.43794065227373630  0.44292304266313426  0.44790543305253228  0.45288782344193024
  0.45787021383132825  0.46285260422072627  0.46783499461012434  0.47281738499952236
  0.47779977538892043  0.48477099121030898  0.49249411100179857  0.50021723079328817
  0.50794035058477782  0.51566347037626736  0.52338659016775702  0.53110970995924678
  0.53883282975073643  0.59838020868155872  0.68796501895510676  0.77754982922865479
  0.86713463950220293  0.92058386532239278  0.92934534133321778  0.93805408104236643
  0.94605412884654383  0.95405417665072134  0.96052009264628080  1.00000000000000000
 -0.00142354170481363  0.00430617166239399  0.00861234332478799  0.01291851498718198
  0.01722468664957598  0.02161251397906746  0.02642278704355935  0.03123306010805124
  0.03604333317254314  0.04085360623703503  0.07460912795402483  0.09793862446450674
  0.12126812097498858  0.18110542247414452  0.24789472779659427  0.31468403311904403
  0.38147333844149378  0.44826264376394354  0.51505194908639329  0.58184125440884304
  0.64863055973129291  0.71541986505374267  0.78220917037619242  0.84899847569864229
  0.91578778102109204  0.93796766976773338  0.93866060139754581  0.93935353302735825
  0.94004646465717068  0.94073939628698311  0.94143232791679554  0.94212525954660797
  0.94281819117642041  0.94351112280623284  0.94420405443604527  0.94489698606585759
  0.94558991769567002  0.94628284932548246  0.94697578095529489  0.94766871258510732
  0.94836164421491975  0.94905457584473218  0.94974750747454462  0.95044043910435705
  0.95113337073416948  0.95182630236398191  0.95251923399379435  0.95321216562360667
  0.95390509725341910  0.95459802888323153  0.95529096051304396  0.95598389214285640
  0.95667682377266883  0.95736975540248126  0.95806268703229369  0.95865641293060178
  0.95918655702190847  0.95971670111321516  0.96024684520452186  0.96077698929582855
  0.96130713338713525  0.96183727747844194  0.96236742156974864  0.96289756566105533
  0.96342770975236203  0.96395785384366872  0.96448799793497542  0.96501814202628211
  0.96554828611758881  0.96607843020889550  0.96660857430020219  0.96713871839150889
  0.96766886248281558  0.96819900657412228  0.96872915066542897  0.96925929475673567
  0.96978943884804236  0.97031958293934906  0.97084972703065575  0.97137987112196245
  0.97191001521326914  0.97244015930457584  0.97297030339588253  0.97350044748718922
  0.97403059157849592  0.97456073566980261  0.97509087976110931  0.97562102385241600
  0.97615116794372270  0.97668131203502939  0.97721145612633609  0.97774160021764278
  0.97827174430894948  0.97880188840025617  0.97999108235041299  1.00000000000000000
  0.00480764706929523  0.11112890290382994  0.11809113914099315  0.12505891375977332
  0.13274357150514779  0.14042822925052223  0.17227765538227052  0.26142474044190378
  0.31773065906067882  0.36096762520454978  0.45011471026418304  0.46624752098543493
  0.47496542742337972  0.48368333386132450  0.49240124029926924  0.50111914673721392
  0.50983705317515871  0.51855495961310338  0.58668235052762163  0.66717620469833083
  0.67213363957893835  0.67709107445954597  0.68204850934015360  0.68700594422076122
  0.69196337910136885  0.69692081398197647  0.70187824886258410  0.70683568374319172
  0.71179311862379946  0.71675055350440708  0.72170798838501471  0.72666542326562245
  0.75027593972865292  0.75133011067530076  0.75238428162194859  0.75343845256859643
  0.75449262351524415  0.75554679446189199  0.75660096540853983  0.75765513635518766
  0.75870930730183539  0.75976347824848323  0.76081764919513106  0.76187182014177890
  0.76292599108842674  0.76398016203507446  0.76503433298172230  0.76608850392837013
  0.76714267487501797  0.76819684582166570  0.76925101676831353  0.77030518771496137
  0.77135935866160921  0.77241352960825704  0.77346770055490488  0.77452187150155272
  0.77557604244820044  0.77663021339484828  0.77768438434149612  0.77873855528814395
  0.77979272623479179  0.78084689718143963  0.78190106812808746  0.78295523907473530
  0.78400941002138302  0.78506358096803086  0.78611775191467870  0.78717192286132653
  0.78822609380797437  0.78928026475462221  0.79033443570127004  0.79138860664791788
  0.79244277759456561  0.79349694854121344  0.79455111948786128  0.79560529043450912
  0.79665946138115684  0.79771363232780468  0.79876780327445251  0.79982197422110035
  0.80087614516774819  0.80193031611439591  0.80298448706104375  0.80403865800769159
  0.80509282895433942  0.80614699990098726  0.80720117084763499  0.80825534179428282
  0.80930951274093066  0.81036368368757850  0.81141785463422622  0.81247202558087406
  0.87023653946342872  0.89701301483081919  0.89746964375178007  1.00000000000000000
  0.05186974604924508  0.24395532601855321  0.31939780342047153  0.40264932659346148
  0.42318247436359591  0.43101749012004431  0.43885250587649266  0.44668752163294106
  0.45452253738938941  0.46235755314583787  0.47019256890228633  0.47802758465873479
  0.48504987062362265  0.49193389866696491  0.49881792671030722  0.50570195475364943
  0.51258598279699175  0.51947001084033406  0.52635403888367638  0.53323806692701869
  0.54012209497036112  0.54506735310067944  0.54945177339683005  0.55383619369298054
  0.55822061398913114  0.56260503428528164  0.56698945458143224  0.57137387487758284
  0.57575829517373334  0.58014271546988394  0.58452713576603443  0.58891155606218504
  0.59329597635833564  0.59768039665448625  0.60206481695063685  0.64750819524040892
  0.73075971841339904  0.81401124158638893  0.88280262755786787  0.91198052329385848
  0.91740838202285668  0.91829201390871662  0.91917564579457656  0.92005927768043649
  0.92094290956629643  0.92182654145215637  0.92271017333801630  0.92359380522387624
  0.92447743710973618  0.92536106899559611  0.92624470088145605  0.92712833276731599
  0.92801196465317592  0.92889559653903586  0.92977922842489580  0.93066286031075574
  0.93154649219661567  0.93243012408247561  0.93331375596833566  0.93419738785419559
  0.93508101974005553  0.93596465162591547  0.93684828351177540  0.93767774724747077
  0.93835499048828419  0.93903223372909761  0.93970947696991092  0.94038672021072434
  0.94106396345153764  0.94174120669235106  0.94241844993316448  0.94309569317397779
  0.94377293641479121  0.94445017965560452  0.94512742289641793  0.94580466613723135
  0.94648190937804466  0.94715915261885808  0.94783639585967139  0.94851363910048481
  0.94919088234129811  0.94986812558211153  0.95054536882292495  0.95122261206373826
  0.95189985530455168  0.95257709854536499  0.95325434178617841  0.95393158502699182
  0.95460882826780513  0.95528607150861855  0.95596331474943186  0.95664055799024528
  0.95731780123105870  0.95799504447187200  0.96218830744425443  1.00000000000000000
   3.9470605827513381E-013  -1.0000000000000000     
 F F F F F F F F F F F F F F F F F F F F F F F F F F F F F F F F F F F F F F F F F F F F F F F F F F F F F F F F F F F F F F F F
  <DiscreteSampler_grid>
  grouped_processes
  1 # 1 for a reference and 2 for a running grid.
  10 # Attribute 'min_bin_probing_points' of the grid.
  1 # Attribute 'grid_mode' of the grid. 1=='default',2=='initialization'
  0.0000000000000000 # Attribute 'small_contrib_threshold' of the grid.
  0.5000000000000000 # Attribute 'damping_power' of the grid.
 # binID   n_entries weight   weight_sqr   abs_weight
    10   10   2.935789725534495E+004   4.286360987649797E+009   2.935789725534495E+004
  </DiscreteSampler_grid>
