  0.00939447986729840  0.01924891569359418  0.02850751761086869  0.03909303981495138
  0.04895318559656009  0.05886607535516965  0.06945833583324258  0.07976907674387221
  0.08988841977159250  0.09994665559303850  0.11005380801125902  0.12053044072878495
  0.13145880775345692  0.14307533930046265  0.15469766010958153  0.16603203089236479
  0.17719138772752543  0.18865756758795599  0.19942701766557661  0.20983745431177234
  0.21925899548576933  0.22843805205766737  0.23816036158773113  0.24831105355916711
  0.25743908498383916  0.26666145342470843  0.27555583698199998  0.28464463396532147
  0.29412283056394012  0.30329477790566600  0.31268854926772549  0.32268036192294813
  0.33289590602335706  0.34303560505694058  0.35318399949361678  0.36339872090025466
  0.37377631006858936  0.38413156850769931  0.39477482978937911  0.40457594434263999
  0.41365465710406429  0.42240587478652947  0.43161022909866326  0.44170200975488078
  0.45252653852716457  0.46413263731548271  0.47617355530495614  0.48741223996936928
  0.49803558011700755  0.50858179453363062  0.51967809948123289  0.53082207519541180
  0.54179467249390179  0.55125400212434683  0.56126068772833726  0.57138079842794243
  0.58197806408999453  0.59230829126334128  0.60269640203492614  0.61361350470886133
  0.62471024580563139  0.63637113860106209  0.64806348919826307  0.65969248553223003
  0.67129549447404546  0.68251229677750713  0.69263994003757501  0.70209263441305114
  0.71193786491407640  0.72168605044523126  0.73172677640279138  0.74233834606201543
  0.75286187627815604  0.76341750803358477  0.77369264820222527  0.78412683117839033
  0.79443446572552145  0.80423242090673086  0.81465581686196897  0.82509185812328534
  0.83555427901788282  0.84598255440062664  0.85559972642954218  0.86499098540668018
  0.87411016339073178  0.88354934772606808  0.89348103043546989  0.90467257308132654
  0.91644010835948320  0.92750251123869731  0.93882979258445065  0.94968571836047277
  0.95967434086096381  0.96961975257104183  0.97944113406594280  1.00000000000000000
  0.00003359542296472  0.00006613017439193  0.00009359119683388  0.00012034401285127
  0.00015147491135773  0.00018473056707921  0.00022315316655418  0.00026804327017365
  0.00031632704984860  0.00036626012552589  0.00041747437948566  0.00047268506006770
  0.00053076956621329  0.00059954169415708  0.00066765836548823  0.00073868521115215
  0.00081000563232332  0.00088585339461674  0.00096306812931047  0.00104403013392764
  0.00112837098238364  0.00121787417525456  0.00131597107332391  0.00141477079188102
  0.00151114371746131  0.00161227636734100  0.00172054884948958  0.00183620681532964
  0.00195534648497520  0.00207481408323153  0.00219464116922652  0.00231802892120108
  0.00244806784729544  0.00258105267026105  0.00271494648916481  0.00285219329282008
  0.00299245666763860  0.00313899701735024  0.00329723574060437  0.00345908320277911
  0.00363374890032753  0.00381328413270719  0.00399262153385190  0.00418638789448599
  0.00438452491469629  0.00457979672027376  0.00477648854224063  0.00498029476779052
  0.00519229382198478  0.00541547277776607  0.00565397273774088  0.00590271267110075
  0.00616796006630778  0.00645072484831350  0.00673718166212427  0.00704574303984112
  0.00737851411814332  0.00776493876196077  0.00816014828241067  0.00855776142125469
  0.00894825819019814  0.00935297276959049  0.00978331474076722  0.01023852748842032
  0.01071641987290419  0.01124777983072701  0.01181173389806144  0.01240292066255244
  0.01303091278969567  0.01376462752992006  0.01463451996619822  0.01560049671730119
  0.01661950271568020  0.01770647391738683  0.01889538480482529  0.02017833088463423
  0.02158513828069877  0.02318212344534099  0.02502449533710643  0.02726278617915444
  0.03001359451405043  0.03306574376292709  0.03639310258932719  0.03983143023970830
  0.04352064674928811  0.04830367657483651  0.05347232747061355  0.05715399920704794
  0.06210711976401595  0.06764125791311619  0.07458911293570449  0.08451008787161496
  0.10715410488789016  0.15062664363206588  0.24961367069041790  1.00000000000000000
  0.00001914102572165  0.00007907686741368  0.00018270879086049  0.00032973910777980
  0.00052060673661921  0.00075550842467698  0.00100862448531146  0.00126914905652024
  0.00154972157942792  0.00185103074970114  0.00217152314875686  0.00251219401328662
  0.00285111397955783  0.00319444462596791  0.00355998476010845  0.00395099316742203
  0.00435335363283401  0.00475890068696441  0.00517709103030155  0.00562670316267490
  0.00609773357280398  0.00659132699503242  0.00711327436174702  0.00763721198049432
  0.00815720014858806  0.00866657727891049  0.00917966337237290  0.00970202388828181
  0.01024077769696412  0.01080980584981317  0.01139541034027879  0.01197710816837914
  0.01261258292913209  0.01324330389172151  0.01395599855023793  0.01466003453099710
  0.01534919955653457  0.01602366377350175  0.01672097439419262  0.01749270560771999
  0.01833142202894504  0.01916222230913142  0.01998080295337667  0.02082723694737272
  0.02169910405012118  0.02268586469311420  0.02375823463189449  0.02486633991741940
  0.02597263099104641  0.02707543842924346  0.02818006688104326  0.02942897396084120
  0.03072651731618877  0.03206122197881149  0.03348032763027711  0.03497674497352755
  0.03650293652983543  0.03806974059332621  0.03961265437087434  0.04110278148897072
  0.04265596688332493  0.04437236161149392  0.04618322330107764  0.04810047226468302
  0.05010160018187463  0.05221929716217798  0.05454716345126145  0.05752290671580060
  0.06051899245251815  0.06359708847653840  0.06693933937791609  0.07065703398037815
  0.07455471598625912  0.07883207697215694  0.08363391489144006  0.08923387837171962
  0.09693418068640096  0.10415269446589021  0.11225088422519455  0.12053746195649957
  0.13183791157741467  0.14536932485245263  0.15803204431874332  0.17064238316064473
  0.18469935354768027  0.20127738074359114  0.22093642325943497  0.23372567872460026
  0.24651493418976556  0.25930418965493085  0.27093734338007763  0.28162227877147394
  0.29230721416287020  0.30299214955426645  0.31367708494566277  1.00000000000000000
 -0.00229102522851940  0.00825990937246950  0.01766718544700448  0.02811838028457253
  0.03914686444749334  0.05031214386070010  0.06156432048001320  0.07279412003206207
  0.08355981906909252  0.09407289338260176  0.10446754775771354  0.11483787597713035
  0.12482862373526708  0.13490610246583393  0.14557902033160902  0.15613475664988072
  0.16649206800735261  0.17679995851759953  0.18750429222613368  0.19877714407315109
  0.20959363803055553  0.21988310352350554  0.23010214144662688  0.24127841993335306
  0.25256690885222943  0.26266521258634662  0.27253853832760794  0.28227456923094962
  0.29216560043282863  0.30192206533627619  0.31168504735586389  0.32211680341142757
  0.33320972160042217  0.34442012330193511  0.35566415292496295  0.36690662635696131
  0.37780415252366195  0.38829215755133406  0.39855343396210963  0.40888705791682567
  0.41956752473230369  0.42977454968391493  0.43993223915614238  0.45011507649734389
  0.46102343623272168  0.47286444613312689  0.48484213513506980  0.49583110171238204
  0.50639538519884664  0.51688966116903468  0.52756573089135128  0.53764621120621192
  0.54775338766240256  0.55789086539702382  0.56890713580032537  0.58028095385209544
  0.59175408239402849  0.60293727949608644  0.61443020053959130  0.62597928882171039
  0.63728985629247981  0.64664819511308413  0.65599454592986872  0.66548196274513383
  0.67565275690275073  0.68689026860663349  0.69860520105406043  0.71010893574432565
  0.72103022508014825  0.73159122811423394  0.74222311051847711  0.75336528643820100
  0.76474997066767858  0.77613855901083084  0.78717063219453021  0.79832606366024828
  0.80918657224651602  0.81986933941558771  0.83107885167979023  0.84235469685202180
  0.85363978501748972  0.86497244889742675  0.87579678152407092  0.88572715073924579
  0.89515124255467604  0.90504399654486223  0.91501366171729737  0.92487993170250260
  0.93490372100129437  0.94497391747492576  0.95467821175973089  0.96381065458270621
  0.97289295769695960  0.98172626610982261  0.99089602604173643  1.00000000000000000
 -0.00283803003673725  0.01119445995343084  0.02281840263092123  0.03340206686379352
  0.04425060803001737  0.05492964371452547  0.06500630828252769  0.07415813095411608
  0.08320511991996084  0.09515614597449053  0.10811813322101467  0.12034678840731924
  0.13083572086094336  0.14080387723894194  0.15086148900688129  0.16163091636100210
  0.17198414360234468  0.18224249389879449  0.19313688961039702  0.20538952708831393
  0.21789180153960527  0.22953734549777480  0.24083131578450545  0.25182059799933121
  0.26286505439392344  0.27382545275270609  0.28456870781454713  0.29548174398942684
  0.30654913338961171  0.31717046126179721  0.32773715107394330  0.33780356443553622
  0.34806770313334578  0.35847896206957930  0.36961137732966287  0.38056825046551757
  0.39168007701586172  0.40153809328005413  0.41199934348307565  0.42290293618819724
  0.43484216754513133  0.44528762091515889  0.45528721921026516  0.46507306738131921
  0.47548794544599221  0.48634524811530727  0.49704474501855961  0.50807442353729015
  0.51874079267861684  0.52923219332175941  0.54012180452855507  0.55096505268210472
  0.56208225221246932  0.57241774605104667  0.58303635098810969  0.59451919013557930
  0.60396215960221322  0.61314541270348777  0.62225814534629631  0.63259284164777929
  0.64429804827626724  0.65588890487125451  0.66720953748821088  0.67849544263836592
  0.68955553526769731  0.69964528865723619  0.70934714465839321  0.71928392594583079
  0.72965333210018646  0.74031392622969383  0.75033796828047561  0.76018990842674838
  0.77004860894758986  0.78012811390508896  0.79068589580004389  0.80104782074642156
  0.81143440403042366  0.82144585531785486  0.83200989328740027  0.84213444160258066
  0.85240666357766415  0.86266699727405993  0.87308135932764819  0.88365625332543629
  0.89423345244639829  0.90441349659940651  0.91435900486067212  0.92384463080061574
  0.93340666059584965  0.94294072666364792  0.95198480576519640  0.96064152480807519
  0.96993205092928003  0.97893368296952687  0.98967285894394075  1.00000000000000000
 -0.00192231234175254  0.00849759795244671  0.01787625770651106  0.02823216492564716
  0.03914422247219201  0.05025112786670083  0.06097045894194922  0.07163936776294248
  0.08215238037418506  0.09251461807303141  0.10303264074564399  0.11384239668942936
  0.12564439716126469  0.13797245894808383  0.14998464010061871  0.16102996854550014
  0.17170028215457214  0.18271056896097057  0.19402305381776341  0.20493518891618873
  0.21560505890202389  0.22578158028617915  0.23649848828755476  0.24704189275559912
  0.25754946180838056  0.26806382453508637  0.27889787704005786  0.28990090354580023
  0.30046761563561591  0.31094766259159173  0.32149708579756042  0.33179806039063131
  0.34177001583954059  0.35144361626965565  0.36124780613091079  0.37136582895091996
  0.38123141161918855  0.39111598209354032  0.40118673257929960  0.41181259339844611
  0.42271945008553596  0.43401708578700643  0.44538366696951476  0.45665716264164680
  0.46763157288481749  0.47844499416593439  0.48704324073020661  0.49550273283888097
  0.50406223360730107  0.51314300558626647  0.52430254147607525  0.53472684326633280
  0.54572162087523868  0.55668500699481382  0.56761442551996621  0.57808688538557584
  0.58853290283280169  0.59924152928120633  0.60983043050444552  0.62006606675764364
  0.63027121255575180  0.64037974799436215  0.65121967167847594  0.66212909442873413
  0.67271991069220560  0.68317905162875936  0.69413282569230017  0.70577908521960331
  0.71795800564861345  0.72962325139188056  0.74152684084441534  0.75279877829670727
  0.76377729050981558  0.77490425923872064  0.78656986262253870  0.79721711889465885
  0.80706548203682671  0.81704422935627841  0.82692277419930105  0.83646904990356685
  0.84565868355338270  0.85534621372629671  0.86578962386298985  0.87609518228013572
  0.88615659835491278  0.89569104795614218  0.90524378901705904  0.91453052081099062
  0.92454409975287444  0.93484811495995179  0.94594082528328749  0.95725547819376200
  0.96868948197532900  0.97970328066288803  0.98999721270964502  1.00000000000000000
  0.01071877880423105  0.01332005464845661  0.01610924788062463  0.01832626641198282
  0.02035663644625705  0.02251846862816642  0.02481273415005845  0.02694142090596928
  0.02907465409154622  0.03122166629901201  0.03335809518476921  0.03547868188973514
  0.03762256447734963  0.03983479588311068  0.04199612479707905  0.04416957700860084
  0.04633587874408045  0.04850095052134791  0.05071520911071124  0.05292995926088655
  0.05515763394464934  0.05743468530532484  0.05971900888930294  0.06193400813447156
  0.06406082545513771  0.06613979696272049  0.06817393638265289  0.07021759066745664
  0.07231982482615965  0.07439223404382594  0.07647988626569771  0.07875108773806966
  0.08117657154256705  0.08375265179519992  0.08641551889598068  0.08891354780416594
  0.09150455514078226  0.09406772516010135  0.09666090168454200  0.09927192429097205
  0.10200213638253323  0.10469011058881088  0.10737628363738136  0.11014900207020370
  0.11311629035931421  0.11616243873852380  0.11899387653391652  0.12167240987004696
  0.12448510465406881  0.12760147358231197  0.13080675772605713  0.13404850502200896
  0.13770492585612790  0.14194342537131480  0.14600476945214264  0.14992781121099774
  0.15385097094830708  0.15875953745170557  0.16334988064623432  0.16881476391918127
  0.17513505468018278  0.18110457299081992  0.18622903204430383  0.19095169529261313
  0.19560163601455710  0.20107213136697874  0.20770979142851112  0.21545692259473259
  0.22215225465841670  0.22959523128522383  0.23707801590248834  0.24276160646234429
  0.24802351772381090  0.26602245552120268  0.27777370016098790  0.28498859912323582
  0.29189782776682743  0.29846354443555945  0.30048187619219502  0.30250020794883059
  0.30496419291080723  0.30772429261588341  0.31048439232095953  0.31240265386670818
  0.31429488654747006  0.31670505916946295  0.32020377063062749  0.32401180471326824
  0.33000962587257077  0.33567490473051026  0.34302207733056478  0.42664269899264173
  0.48622285727246145  0.51205573491024903  0.60836372320121246  1.00000000000000000
 -0.00302246575811293  0.01444741059844565  0.02862803401221747  0.04128668510290807
  0.05190530568381041  0.06285315205049144  0.07406592389095218  0.08661114358315092
  0.09874041143213591  0.11029466311696279  0.12188689483076599  0.13327468515473423
  0.14470748778813514  0.15548497337922171  0.16577903402684882  0.17566115234553265
  0.18551103637249164  0.19529630007448934  0.20502862724253540  0.21490727117914524
  0.22435975020697391  0.23330779567486010  0.24183712455474493  0.25059128058829028
  0.25953885798122517  0.26858543720087663  0.27787025845303009  0.28713065306342639
  0.29622461379304199  0.30496730612817607  0.31337310426584064  0.32143536342870066
  0.32968701840321418  0.33847135795624178  0.34715783893343571  0.35591018296029686
  0.36527941703159883  0.37509971196677000  0.38522940286911611  0.39531237093775390
  0.40564359553886131  0.41651833576383213  0.42778255668805903  0.43877190621073098
  0.44886137796538944  0.45874018415876877  0.46853243302635950  0.47805006932315308
  0.48744843450419728  0.49709657911871413  0.50745820947285514  0.51854510889589656
  0.52967703657097265  0.54111889841921013  0.55322023542530008  0.56524429319772096
  0.57669990157049511  0.58776906041111021  0.59859119379204206  0.60905000702773304
  0.61925306954738679  0.62903809293248414  0.63854138110427361  0.64813952834670130
  0.65736445420825185  0.66707194736809883  0.67658171118415400  0.68562433351436158
  0.69431164250235278  0.70328599535804803  0.71305692102289542  0.72283296347286474
  0.73223072702582026  0.74118964341365667  0.75006410803298162  0.75882250939173601
  0.76798353298218203  0.77831002773523517  0.78953112663854330  0.79994224235973344
  0.80964603708527005  0.81968616231001934  0.83002206876354856  0.84015913688316357
  0.85037728451865358  0.86141030066321067  0.87318901982342900  0.88538440433026178
  0.89843104929767159  0.91215316109550415  0.92526594806657314  0.93801710563506879
  0.95149301461023472  0.96662865219225513  0.98303137322258483  1.00000000000000000
  0.01352825827304229  0.17535354478088255  0.24676248304365966  0.29711366533462402
  0.33668115853381464  0.37149203879125769  0.40081224179218466  0.42686384388674747
  0.45180128981537404  0.47330607527282287  0.49242376540973826  0.51027669103611473
  0.52708423954163630  0.54312727220753243  0.55836357647621881  0.57184779614124770
  0.58406903324234438  0.59538354289506801  0.60671385287746582  0.61781733482808010
  0.62859917666491216  0.63922326868983803  0.64984412995928120  0.66029701118269990
  0.67016030407148330  0.67972677200307585  0.68879448994729742  0.69720929361668482
  0.70525192927798608  0.71285230355246554  0.72008870986718243  0.72708893267481989
  0.73384324214854235  0.74055381887643246  0.74698215092628539  0.75337753842780830
  0.75897780485743116  0.76481145727124877  0.77059162324375285  0.77635714581817228
  0.78174317284790229  0.78682012453658245  0.79189838578869798  0.79688085878047965
  0.80186887173245580  0.80668371795547911  0.81145127153184449  0.81623449277992066
  0.82104567544841511  0.82582437751676596  0.83046647753649039  0.83500892912416347
  0.83937345384548034  0.84352241893943858  0.84764349933287220  0.85161833306717694
  0.85553728660634287  0.85935906956181962  0.86319701353965850  0.86698482101481411
  0.87064938293235095  0.87434400578091875  0.87798478464170993  0.88169823519417723
  0.88529663035590000  0.88875206690553465  0.89210318813064626  0.89531732821933296
  0.89843403222651874  0.90155555097966955  0.90477799274075177  0.90799732742009687
  0.91128735429640295  0.91447374226708678  0.91761711941080260  0.92079441845925591
  0.92391781680031049  0.92712740521335335  0.93036288396747524  0.93360218445149001
  0.93688192594895670  0.94029434313477323  0.94370159064682468  0.94721060893755682
  0.95062763315545384  0.95410762880991662  0.95773510506632353  0.96178712269803102
  0.96693701511195773  0.97223932039406524  0.97692175620172406  0.98104706369992434
  0.98473416524841828  0.98890431459470829  0.99377455469564113  1.00000000000000000
   2.6788423357512200E-020  -1.0000000000000000     
 F F F F F F F F F F F F F F F F F F F F F F F F F F F F F F F F F F F F F F F F F F F F F F F F F F F F F F F F F F F F F F F F
  <DiscreteSampler_grid>
  grouped_processes
  1 # 1 for a reference and 2 for a running grid.
  10 # Attribute 'min_bin_probing_points' of the grid.
  1 # Attribute 'grid_mode' of the grid. 1=='default',2=='initialization'
  0.0000000000000000 # Attribute 'small_contrib_threshold' of the grid.
  0.5000000000000000 # Attribute 'damping_power' of the grid.
 # binID   n_entries weight   weight_sqr   abs_weight
    10   10   1.366306754235955E-007   1.052324899277526E-013   1.366306754235955E-007
  </DiscreteSampler_grid>
