  0.00766200164336519  0.02158444397158285  0.03586423684439835  0.04824478194047005
  0.05960393681674929  0.07053372533545521  0.08173856672602314  0.09169294972880818
  0.10123612283150973  0.11086387594259661  0.12038933753094580  0.12962618798228970
  0.13857244234926661  0.14803665546226524  0.15843765772382121  0.16839637708955790
  0.17675668264401609  0.18411513137402713  0.19182076748631949  0.20069589870328192
  0.21016842433134686  0.21932914105113904  0.22841315717858549  0.23846764749138910
  0.24913017206099292  0.25899823288040819  0.26833061894122184  0.27661820800781567
  0.28518208025277575  0.29431612632436127  0.30440822732438538  0.31406086345199474
  0.32379387397285703  0.33380719658853114  0.34534331490859094  0.35613314027738918
  0.36640077677382782  0.37669667158752013  0.38796180700613581  0.39819040355806606
  0.40741400864717586  0.41634736067915035  0.42591281868589581  0.43588212572825968
  0.44571589393415773  0.45506547523963131  0.46565352454166142  0.47738089095894759
  0.49055587823719460  0.50248026489098119  0.51346655371139349  0.52430386845633170
  0.53551541987840579  0.54847771816211066  0.56182152170858302  0.57463250096087504
  0.58709017032637711  0.59868830324506539  0.61015494021053307  0.62220072526996284
  0.63426643229438739  0.64545889660435418  0.65603047426301209  0.66605579009148197
  0.67649757143446554  0.68692807356181673  0.69530316131601611  0.70406391804453217
  0.71248228407870295  0.72224089664158653  0.73274200525754518  0.74331182200215939
  0.75389920791774367  0.76463003764769821  0.77593816288985484  0.78802385989173374
  0.80067304136683237  0.81360022347548100  0.82406113661602365  0.83432133661692542
  0.84436232066419892  0.85410256606413881  0.86403533632140628  0.87496884188590907
  0.88735341737331253  0.90018632219903583  0.91342114188091406  0.92684132188721979
  0.93930249901105589  0.95040502414878025  0.96012054531134616  0.96818858914761430
  0.97597233422555885  0.98347827475930361  0.99050915161453723  1.00000000000000000
  0.00000215906901972  0.00000290352355698  0.00000427048351344  0.00000610659815246
  0.00000814191099360  0.00001057804862941  0.00001347042106893  0.00001647582467345
  0.00001969228841713  0.00002330864244860  0.00002765113545868  0.00003240573139792
  0.00003715627930614  0.00004182148083157  0.00004661064026283  0.00005276434791973
  0.00005940703901905  0.00006706039520843  0.00007488460188051  0.00008278040716658
  0.00009130351142668  0.00010046038009906  0.00011010266076568  0.00011868993197589
  0.00012682037941596  0.00013506523341796  0.00014388650831844  0.00015315807475255
  0.00016256510626589  0.00017294593078102  0.00018470619506314  0.00019847670839875
  0.00021289680384118  0.00022760728254950  0.00024247322448390  0.00025739436915140
  0.00027434783940343  0.00029249495657430  0.00031197358720189  0.00033223529757979
  0.00035173877110079  0.00037071875062066  0.00038943558264312  0.00040896407177728
  0.00042946953149554  0.00045128769139800  0.00047400873193054  0.00049634884320109
  0.00051799308853613  0.00054083743407517  0.00056595927633854  0.00059004197460657
  0.00061490048207899  0.00064099915361184  0.00066914475573911  0.00070030507314130
  0.00073408750120556  0.00077112423935749  0.00080973027164759  0.00085088243560243
  0.00089609325344531  0.00093992205877944  0.00098766891335189  0.00104669264677685
  0.00111319115453293  0.00118909324012858  0.00127503492777748  0.00136924973858223
  0.00146739441632063  0.00156561496464413  0.00167551490435066  0.00179388769218740
  0.00191501363277415  0.00202752656378536  0.00214173984249193  0.00227794243276459
  0.00243414054876679  0.00263367909879330  0.00284867730341947  0.00308678790234216
  0.00334007445491136  0.00364195373362410  0.00398243708448368  0.00435385779521189
  0.00477596732253380  0.00530756303628324  0.00597235191094027  0.00697265621381485
  0.00817271124028556  0.00975714543043573  0.01199058294276970  0.01496978233588527
  0.02068294867942883  0.03901086205992171  0.15716322442774108  1.00000000000000000
 -0.00000122025775957  0.00000368149837513  0.00001224138553447  0.00002157332142917
  0.00003045709681276  0.00003843700711282  0.00004540814289195  0.00005187781527467
  0.00005880661098399  0.00006613226908058  0.00007365229662912  0.00008107266581697
  0.00008908143196953  0.00009712963684610  0.00010483501058089  0.00011272166056401
  0.00012089906054484  0.00012933973427366  0.00013816889867414  0.00014653242496014
  0.00015477287890422  0.00016284174565464  0.00017133192601401  0.00018001634837858
  0.00018922879935172  0.00019998499438449  0.00021136405105485  0.00022405711652974
  0.00023556006462255  0.00024637350801714  0.00025782418880738  0.00027029470105540
  0.00028310833816055  0.00029514478229642  0.00030661856382928  0.00031857223602110
  0.00033272820844931  0.00034977934373161  0.00036688395949336  0.00038314285530188
  0.00040003051702975  0.00041604633775690  0.00043510763878387  0.00045490748064457
  0.00047634890886664  0.00050000876803595  0.00052400452861290  0.00054754284321711
  0.00057152298047633  0.00059499922366657  0.00061772195564625  0.00065001521740127
  0.00068609433771098  0.00072613206496556  0.00077063641380280  0.00081675352680430
  0.00086287909918647  0.00091013365264581  0.00095735605599653  0.00101351627901105
  0.00107643293848263  0.00114109205115112  0.00120585052378899  0.00127289131893108
  0.00133444864876852  0.00139908448068933  0.00146694570591851  0.00154076686704931
  0.00163443363026978  0.00175278787133850  0.00187140703908689  0.00199296689977316
  0.00211153256308149  0.00222581969938926  0.00234021961196799  0.00246365399417599
  0.00262410287283160  0.00281277333103215  0.00300925558730239  0.00322544802659233
  0.00345834874268963  0.00371422422468550  0.00404753343398149  0.00446878113696018
  0.00489479636977795  0.00536781204660621  0.00594591741969839  0.00659780952895392
  0.00775177007120422  0.00934867175944147  0.01147597892365308  0.01523019374888245
  0.01933604593459481  0.02449878709954113  0.09770507115584845  1.00000000000000000
 -0.00266344029785609  0.01010022207834819  0.02213268260790657  0.03252920116079484
  0.04188708884872494  0.05126076942050706  0.06139231277180265  0.07225456145234592
  0.08317752563372857  0.09324823074897833  0.10266861621378288  0.11235558889339116
  0.12249536623445408  0.13273969048724646  0.14277559709134613  0.15300695006234180
  0.16311005774042789  0.17246645927258425  0.18156810176312405  0.19139967281457962
  0.20178867243830170  0.21225163451041817  0.22255126427200128  0.23256995814061360
  0.24294872823864769  0.25347764458252803  0.26405171888791690  0.27383932840793940
  0.28266638968082003  0.29184930433089484  0.30078621154575857  0.30940835868407357
  0.31832740374273555  0.32749841630306092  0.33683725864446007  0.34648367856152262
  0.35672900978883326  0.37004202492269367  0.38330319263774104  0.39602658969789534
  0.40731309017724388  0.41884006164915977  0.43011920081188343  0.44225919061070651
  0.45542879388792934  0.46997994495383716  0.48281015349552509  0.49226697190144914
  0.50124983080742025  0.51003385410694180  0.51871870738303572  0.52765680972393003
  0.53720266389161631  0.54797268070304395  0.55932080137807583  0.57054216032792171
  0.58157567458369652  0.59229357409454853  0.60283776546091605  0.61365967264141019
  0.62487893670306460  0.63620780107167152  0.64749056957197482  0.65839211189480895
  0.66841542559134404  0.67874512446537383  0.68964454754906046  0.70203609365485431
  0.71473634502787919  0.72611306500175465  0.73613697295788871  0.74607069051307351
  0.75599786807361824  0.76552690295692716  0.77516172433502650  0.78476031986705963
  0.79431450385583324  0.80456136690092328  0.81424747302853240  0.82251291753678080
  0.83184612803115787  0.84328430971992929  0.85722359553527705  0.87041063334743773
  0.88345706174916583  0.89533159012553221  0.90515970125574208  0.91449605046219373
  0.92409614400527917  0.93373987805343506  0.94330657384569483  0.95367089362754309
  0.96558220956524010  0.97813432953199342  0.98941477362794183  1.00000000000000000
 -0.00188790577584522  0.00707011458279257  0.01648124555474742  0.02756125990228953
  0.04003125044697493  0.05103413819024252  0.06185596199172678  0.07182861435459076
  0.08191218007982359  0.09237091803066944  0.10289595639969841  0.11398271781523653
  0.12559243290180977  0.13745291965253656  0.15051798381110335  0.16418166319475896
  0.17820087583064426  0.19000579142506246  0.19986895230053373  0.20872881380401540
  0.21728713043115100  0.22568031603120672  0.23465624212114455  0.24358161038082832
  0.25390837647202691  0.26585050132783267  0.27652122564024706  0.28614604205557520
  0.29626694624531785  0.30780657411322865  0.32142151382838458  0.33459859952231824
  0.34654876858479777  0.35814374536020971  0.36880940096118447  0.38054509451190416
  0.39265726751138230  0.40374418290703784  0.41443899658389483  0.42586531939769418
  0.43771365962763897  0.45051339277269176  0.46458467819223570  0.47747496188005933
  0.48956659680403841  0.49978295274328616  0.50911811938876106  0.51840628607780204
  0.52930172667925901  0.53922824090296562  0.54775340530477112  0.55574572949673418
  0.56470222826030403  0.57404968029103876  0.58334476673747071  0.59238737499412797
  0.60118645014602301  0.61026545280943789  0.61908619512315777  0.62661834763611313
  0.63295993685539964  0.63955496732744366  0.64763895915906111  0.65672759755645360
  0.66625099598852955  0.67566498233558703  0.68494286017144923  0.69664066972795302
  0.71057360695238747  0.72425705514600591  0.73764788596300768  0.74939958605301804
  0.76038662302516125  0.77068278584110339  0.78104786825229866  0.79089565994603406
  0.80013940726427990  0.80952677446029364  0.82078711772112356  0.83208943462515583
  0.84210644985802996  0.85011958951822697  0.85826502657184367  0.86661277503607326
  0.87646684032828481  0.88712085608479507  0.89770608087620185  0.90901641175955761
  0.92069543117364516  0.93240890548666822  0.94436546298327639  0.95612129284738012
  0.96746573917383638  0.97907834584575026  0.98962397688652604  1.00000000000000000
 -0.00220055336581946  0.01011393443106047  0.01963028898914987  0.02880578471437733
  0.03805251786754441  0.04741405666849152  0.05646942584946710  0.06507591059454702
  0.07491397137998848  0.08518542413856640  0.09670896859905703  0.10904764831807678
  0.12215762454326488  0.13550714620175308  0.14818610208891075  0.15963488853522223
  0.17027621452235014  0.18071156920188933  0.19159193665197871  0.20262345203608900
  0.21390387966987273  0.22536571885600129  0.23679724832359589  0.24843659463635900
  0.26064741914725653  0.27187806903182721  0.28231131534584925  0.29381189234402655
  0.30621330816008002  0.31833918499304981  0.32880442423905909  0.33916507533350287
  0.34916791868401503  0.35897177704322158  0.36866673414680912  0.37845503486695842
  0.38914402450578595  0.40034119584838046  0.41208103650300221  0.42394261915687631
  0.43509235207330010  0.44539705402782970  0.45623739816584036  0.46646269911388605
  0.47754507994514961  0.48725968067156211  0.49576906043204688  0.50461752958144290
  0.51398315080770540  0.52493917335178197  0.53533597748276107  0.54394691634032999
  0.55189402534740450  0.56037144062721478  0.56951825317598648  0.57921902225170885
  0.59012282423193341  0.60065521104226827  0.61092109459041211  0.62133438733321589
  0.63249567796503803  0.64444677907388837  0.65660135333278868  0.66790073129876304
  0.67877565053786404  0.68898429651109672  0.69724167091350386  0.70359938499662589
  0.71007264599791042  0.71712865541992843  0.72491227273734604  0.73308967301524763
  0.74086883267772974  0.74947133440571079  0.76006722474906874  0.77246616589551398
  0.78654074959722309  0.80127622968402590  0.81555567506738236  0.82937850669670232
  0.84114468067523107  0.85122949177955598  0.86051476389930526  0.86936802234037458
  0.87861787469304142  0.88794146574775912  0.89688121670197385  0.90654990554731785
  0.91575902643491258  0.92538597951217039  0.93548540843238903  0.94580813557521859
  0.95759914951825864  0.97138126778008516  0.98513660138306192  1.00000000000000000
  0.00077266434029899  0.00174886766628890  0.00303083162103850  0.00420796292494467
  0.00531681968465292  0.00639160749266903  0.00744140427268841  0.00851981316538103
  0.00961375368012294  0.01071435924196969  0.01175013761912575  0.01277196015071858
  0.01378717858990774  0.01480600044585385  0.01589091985198827  0.01694893298375702
  0.01799674716939675  0.01904768645478856  0.02008258147228483  0.02106558165405598
  0.02193473511790244  0.02283917358802803  0.02381723582285890  0.02480191196277958
  0.02573115753669308  0.02670198170435969  0.02780905526126933  0.02897020280766850
  0.03013470118710904  0.03128778719349737  0.03246060184786967  0.03364744611188515
  0.03487611558625407  0.03616224986742128  0.03758308710983808  0.03898898551514735
  0.04024004357397905  0.04140975110958483  0.04246775142936447  0.04345534023800299
  0.04449087492545072  0.04559944373231048  0.04674036023471680  0.04790503433983579
  0.04910794763311978  0.05030686880792478  0.05157162750430967  0.05283403342886764
  0.05413657855997393  0.05544246907983361  0.05663594655434012  0.05788428782361148
  0.05908131428938641  0.06021133255585831  0.06133593886568789  0.06251087589192696
  0.06371875034147438  0.06513007430794271  0.06648064200368162  0.06775234812757054
  0.06918505594109778  0.07068307776642598  0.07228856467353108  0.07395498148849512
  0.07550725205807636  0.07713692444186068  0.07852429160801204  0.08000419117284797
  0.08153255389361734  0.08312951018094351  0.08486938574850833  0.08699109810444512
  0.08893446882415486  0.09072859175528242  0.09275054479152568  0.09557041877311150
  0.09900866724262998  0.10180296359076249  0.10427683627342456  0.10695891844512713
  0.11002796653503574  0.11529177745821541  0.11902996640267918  0.12159562843383093
  0.12387472411051614  0.12679856928341091  0.13092848960107692  0.13508124999459847
  0.13961115911655289  0.14426547160812833  0.14994864457284959  0.15692925305237515
  0.16712418613695604  0.36130133171660272  0.37850497697910723  1.00000000000000000
 -0.00255414521093939  0.01055974919312722  0.02055815799732752  0.03115985994200085
  0.04113230727375763  0.05126011687848089  0.06208117443813138  0.07403947326939568
  0.08553035217973745  0.09693875709852814  0.10933959872683802  0.12172713304926086
  0.13421090554026960  0.14678012107222926  0.15773569085958478  0.16913951325483481
  0.18085337416514227  0.19231651881352646  0.20462661846910832  0.21580887918493674
  0.22733281789228149  0.23647021901637408  0.24549193893023816  0.25480487638389049
  0.26486169514898850  0.27495358157622773  0.28544303363943091  0.29659239010156052
  0.30956609777212363  0.31959952295881711  0.32812114651729490  0.33649808564396938
  0.34463061501056447  0.35313540314309011  0.36259242544012005  0.37286671963542095
  0.38233554436495881  0.39159003355064331  0.40066417621652656  0.40977933176636971
  0.41870977582194024  0.42746210721063488  0.43630188925104019  0.44559077101915384
  0.45557218797444310  0.46644395941996269  0.47789033966931649  0.48873131468934827
  0.49931005999114758  0.50949317638177849  0.51922855044796878  0.52850259642191721
  0.53792713108491608  0.54841304755102038  0.55762824569293512  0.56631291491745561
  0.57473589991591656  0.58241548895353690  0.59102321363996468  0.60157038498355431
  0.61333243570430573  0.62468142241829505  0.63612463330979352  0.64687407459443258
  0.65774238468430035  0.66802528775911352  0.67807780528390693  0.68792356674096289
  0.69735294360300626  0.70644043571003390  0.71587376804195213  0.72733893692377383
  0.73899795254559530  0.74948050768113705  0.75969609765367507  0.77072964183977022
  0.78323395494888137  0.79497658199455290  0.80548207403708416  0.81574707047276296
  0.82556174762137224  0.83545061900404327  0.84579742160639071  0.85834137980213887
  0.87348094425987277  0.88984555666262166  0.90493249192007075  0.91714254470161616
  0.92854428362100960  0.93838416142902781  0.94681748220256989  0.95623649479243655
  0.96755319617929558  0.97890759790149551  0.98941864198317553  1.00000000000000000
 -0.00692028628559833  0.34753485489213026  0.45362359041712924  0.52094988071245452
  0.56944756451434253  0.60956468918424722  0.64189603195362455  0.66870447641663655
  0.69184676950334056  0.71264152384469615  0.73099316040229700  0.74722693427891107
  0.76147411476345794  0.77393261725272100  0.78521474797840662  0.79569466236612796
  0.80517608716047140  0.81414276005424180  0.82250107471192280  0.83052380513264745
  0.83804690771214407  0.84487695258480067  0.85114289222438977  0.85672954285263148
  0.86195859215792592  0.86726078458933031  0.87252700564413332  0.87735095528642015
  0.88186499814300479  0.88644861652382634  0.89112303574605090  0.89548945955907822
  0.89937276919797127  0.90281041349697300  0.90608398324505046  0.90930393083910233
  0.91257941821078492  0.91593498896091929  0.91900258488460806  0.92197989625404819
  0.92483550179348817  0.92768140776483321  0.93027472659540478  0.93264041871207204
  0.93486347116946833  0.93699431547933887  0.93895276494277424  0.94082174251416417
  0.94268600144347658  0.94451864580114608  0.94630879294652137  0.94809542984201112
  0.94990016508540587  0.95168456124844059  0.95346962084373543  0.95511523037467427
  0.95661671349718214  0.95811280772160679  0.95959609384004707  0.96108375051344952
  0.96265575749587651  0.96424756464178707  0.96568024382778361  0.96705314574040857
  0.96834646900059296  0.96959781686410551  0.97085741838526440  0.97209767775906974
  0.97325610870949109  0.97440038630090842  0.97544052403919779  0.97652304356032438
  0.97765135285558691  0.97880302100618310  0.97992003770829517  0.98092547822851861
  0.98184582676989551  0.98269274237350324  0.98357327022033292  0.98450470598302287
  0.98547146168663979  0.98643434748587799  0.98731725819764893  0.98818082763703141
  0.98902928163145609  0.98987306161592048  0.99076279442397774  0.99152427505916974
  0.99227560465110654  0.99303478356594899  0.99382369847431484  0.99466090565777088
  0.99561211671258498  0.99675038797354409  0.99816523054157558  1.00000000000000000
   1.3497624592023793E-006  -1.0000000000000000     
 F F F F F F F F F F F F F F F F F F F F F F F F F F F F F F F F F F F F F F F F F F F F F F F F F F F F F F F F F F F F F F F F
  <DiscreteSampler_grid>
  grouped_processes
  1 # 1 for a reference and 2 for a running grid.
  10 # Attribute 'min_bin_probing_points' of the grid.
  1 # Attribute 'grid_mode' of the grid. 1=='default',2=='initialization'
  0.0000000000000000 # Attribute 'small_contrib_threshold' of the grid.
  0.5000000000000000 # Attribute 'damping_power' of the grid.
 # binID   n_entries weight   weight_sqr   abs_weight
    10   10   9.863270082278024E+006   9.596250362839682E+014   9.863270082278024E+006
  </DiscreteSampler_grid>
