  0.00987777922087941  0.01617025963873685  0.02572796383384866  0.03651487530062469
  0.04659755539908394  0.05705291375659784  0.06700253640735097  0.07695011754791409
  0.08750591644679731  0.09942752996534711  0.11083056700282701  0.12179638777613577
  0.13241180005553965  0.14370661730678225  0.15348935851072434  0.16248712634471010
  0.17175208734101782  0.18185393585762610  0.19280101552167717  0.20379632074605258
  0.21523027805764580  0.22670043104757873  0.23706877910077098  0.24626096275506421
  0.25529000316098843  0.26465469541802422  0.27420837996545266  0.28391192592037373
  0.29377037081201296  0.30477472561064900  0.31480260467283999  0.32405911240402685
  0.33325473201346628  0.34293329842061948  0.35308857005786493  0.36353524428881495
  0.37434747040263255  0.38579282766407280  0.39718027977089682  0.40819626587895635
  0.41960307680958242  0.42987049451542836  0.43982361938217235  0.44979017090872753
  0.45945644428110521  0.47007993292159211  0.48027146969021661  0.49174343884482058
  0.50301368762359222  0.51480549319976832  0.52585789053773369  0.53652324200618617
  0.54717750267417409  0.55751962434023783  0.56825663382367053  0.58013416507607951
  0.59304988086956190  0.60612822719912496  0.61829466549005851  0.62956432268224605
  0.64083908104994003  0.65093222686461294  0.66034417156963821  0.67006825007339932
  0.67924455285868612  0.68810950961934891  0.69719839032920428  0.70655336336194463
  0.71629852962626517  0.72632895016800281  0.73690042269006750  0.74699628480277847
  0.75645022275300344  0.76557735348919098  0.77580254695689699  0.78794240161969564
  0.80117905969441550  0.81363328567824478  0.82374186734297805  0.83297585226441040
  0.84155717644431671  0.84953431981963734  0.85718633074252626  0.86491088207146016
  0.87318733882828492  0.88241721841689613  0.89275372992795676  0.90447862111191779
  0.91690715118517485  0.92858321798349996  0.93888178398682653  0.94821520959733041
  0.95734620080600685  0.96752256961033767  0.97896333775548339  1.00000000000000000
  0.00110073160783594  0.00159497790280108  0.00190685425270255  0.00218239513185651
  0.00240982176137726  0.00261721399817312  0.00280114333225733  0.00298713849098206
  0.00317667901448381  0.00337054575782361  0.00357312085632404  0.00377730020325773
  0.00397302198830365  0.00415500313220850  0.00434439017772681  0.00453885711107065
  0.00473421474559084  0.00493113711930377  0.00514730453897296  0.00538045488651596
  0.00561992328167430  0.00586700063837170  0.00611606519273082  0.00636489114850684
  0.00661819261437170  0.00687555166821608  0.00714181583149539  0.00742462396376123
  0.00772559601881880  0.00804089340721814  0.00836441848521300  0.00870142113243689
  0.00905741709504473  0.00942051063708577  0.00980105410996011  0.01018723999966147
  0.01058427221060138  0.01097646710202924  0.01139251726763563  0.01181762926776078
  0.01227467475920654  0.01275093152812133  0.01325312645124291  0.01379028220820045
  0.01434522609362222  0.01493913079911471  0.01558039681597581  0.01621484389044599
  0.01681998447319978  0.01741016374499554  0.01794833001552133  0.01843367478343898
  0.01896291416134163  0.01948390489676359  0.02003534402333006  0.02056925217063611
  0.02117424521611518  0.02179608232690840  0.02246183777280420  0.02320878289412397
  0.02403591720691692  0.02489257553569873  0.02581090216805076  0.02666321601140474
  0.02744316998961506  0.02824085850438653  0.02914810345360628  0.03020492845831154
  0.03136967629276214  0.03254724190292831  0.03369329062959003  0.03488787769562689
  0.03609402707809528  0.03726043779639177  0.03840938596198427  0.03958974870795615
  0.04091239448816347  0.04249270620906018  0.04431683669154363  0.04644285113963370
  0.04886258119345816  0.05133090755558035  0.05368790260011146  0.05618455696640804
  0.05869093840268535  0.06166757825728116  0.06669800804559853  0.07386522247503367
  0.08776358786489975  0.09596830585714211  0.09968834577165524  0.10412084368156579
  0.10988766134339677  0.14835238325300731  0.39454754735402553  1.00000000000000000
 -0.00000194282802131  0.00000601879368774  0.00001825377387972  0.00003190980915672
  0.00004544896644892  0.00005795428083347  0.00006943952219231  0.00008070158028723
  0.00009044007785713  0.00010027833144177  0.00010969567362183  0.00011955969699094
  0.00013010545848277  0.00014154893632768  0.00015483992723863  0.00016886701608890
  0.00018321851955300  0.00019815012940525  0.00021332956577182  0.00022859225762148
  0.00024405401054697  0.00026003346049560  0.00027646130399031  0.00029396373112277
  0.00031337247110917  0.00033428681841170  0.00035640711278982  0.00037948023856853
  0.00040386217739232  0.00043068771377093  0.00045899630118486  0.00048651514327670
  0.00051395220874052  0.00054317890974880  0.00057364211043529  0.00060836279090448
  0.00064333142790463  0.00067860893453743  0.00071707161504649  0.00075903235521607
  0.00080354154672728  0.00084947595508613  0.00089642170523891  0.00094588325524159
  0.00099411523091971  0.00104581156950466  0.00110028828156746  0.00115729531208876
  0.00122006940746165  0.00128814393628597  0.00136651732122676  0.00145557351201269
  0.00154897277966641  0.00165018983212556  0.00176179282089271  0.00187644847242305
  0.00199472755637969  0.00212627379401099  0.00226523645213757  0.00240289863887816
  0.00255136951041357  0.00271832082667451  0.00288796721383926  0.00307009501567292
  0.00327166957285550  0.00347518230990398  0.00368017674489249  0.00390207383055509
  0.00413712457007168  0.00437657400623834  0.00465481395944295  0.00498908452811622
  0.00535542757185962  0.00573947375350297  0.00615128972264271  0.00659173901136114
  0.00707555503669549  0.00765685156514750  0.00834179551835517  0.00909126319866459
  0.00996816022164695  0.01093090307062230  0.01196174625043695  0.01317498166975117
  0.01473294172540780  0.01688460764691238  0.01988828382690631  0.02763102723771266
  0.03791710339562127  0.04252813870728331  0.05759171466351481  0.09834704585842299
  0.10940422359159703  0.13827487660641952  0.68291383140771156  1.00000000000000000
 -0.00280520135494635  0.01116501125568977  0.02216672334150137  0.03232860086809670
  0.04210799750360580  0.05208782097131442  0.06255304538714108  0.07331478788765353
  0.08467879818897890  0.09653984682483330  0.10802519364936450  0.11816238998887732
  0.12788318355758402  0.13792041409456005  0.14832448545187071  0.15855129151842615
  0.16862641308791684  0.17989126310452794  0.19113224069386200  0.20202193593822412
  0.21234021334100792  0.22359874597416646  0.23393194755758706  0.24417237299203209
  0.25368042297566551  0.26321304812185842  0.27326104225300057  0.28399486263055457
  0.29451357325460631  0.30389884936887640  0.31321607154529990  0.32312963510996723
  0.33400530491828245  0.34458366664009854  0.35474728458796090  0.36582975896742881
  0.37698332541348023  0.38781400046048137  0.39840048612851553  0.40900603881396208
  0.41959728413322339  0.43027111664192952  0.44066337056356275  0.45287605039524226
  0.46457748887419520  0.47690106697830786  0.48874557566716287  0.50047012731062868
  0.51242136110107583  0.52365132470548903  0.53339861720988602  0.54234100159833443
  0.55163054855283922  0.56155594094565042  0.57183354215750792  0.58248953573194162
  0.59226280622464700  0.60207467845273754  0.61207147536806161  0.62311522625352345
  0.63421516412898182  0.64534462337080778  0.65745321133017254  0.66898115355110355
  0.67979987027055266  0.69025322862971716  0.70028342895754547  0.70988384941363769
  0.71878273693635519  0.72712328118997482  0.73593737558325623  0.74487031331033637
  0.75463655587075551  0.76515791614969020  0.77913673798396699  0.79290990359197355
  0.80548542652999655  0.81739716405466034  0.82864444956748029  0.83890865845249007
  0.84814991480083401  0.85720900333889960  0.86660683772089420  0.87606985633779788
  0.88527803101330560  0.89443760803653660  0.90440553452528438  0.91468782558453077
  0.92412899722847741  0.93411108405246135  0.94486476867843483  0.95649309816632988
  0.96770813487324892  0.97861124520253318  0.98915061099882018  1.00000000000000000
 -0.00195432255181056  0.00839742566572030  0.01760524456713861  0.02761988263403645
  0.03826783401687227  0.04807236436104204  0.05718698590223208  0.06592688948405945
  0.07520125031022339  0.08524154992964297  0.09554472937280355  0.10569719027440415
  0.11574523298602563  0.12541685343502784  0.13590141905987682  0.14622027836298054
  0.15837115242786964  0.16889463853718553  0.17849271432131641  0.18744772786586741
  0.19633756394890259  0.20497534085777711  0.21489084492092261  0.22433729498853666
  0.23432243957170967  0.24514666792091891  0.25734002302685804  0.27024268852090449
  0.28233019507933715  0.29390355567491011  0.30518327327278200  0.31663881816892420
  0.32783748504004318  0.33895695504991286  0.35044103310623537  0.36194086288047772
  0.37314536524573905  0.38376268789630968  0.39379359058702024  0.40370836461867526
  0.41359130381675585  0.42420738750162246  0.43441690352076440  0.44592615941891983
  0.45773104073215526  0.46965790531363133  0.48122659422639824  0.49229914126204882
  0.50270970365922185  0.51223855354629688  0.52126869674056797  0.53027691585139380
  0.53967743950676672  0.54899594548509045  0.55809281953836809  0.56694771581975989
  0.57611741231418845  0.58559960024786473  0.59551054336675713  0.60591381755612650
  0.61611326002356126  0.62686660926280313  0.63799445477465688  0.64997568387476845
  0.66204938558720872  0.67364077537200284  0.68458940978424632  0.69525091166471287
  0.70567960613302116  0.71596373556919579  0.72671585264521132  0.73740332536488906
  0.74797784555173386  0.75811712024371480  0.76816247369588897  0.77833248520117471
  0.78860946955072853  0.79985933530302000  0.81193016073317703  0.82376177053595623
  0.83466019670065406  0.84462015524200973  0.85430031748054625  0.86455132418112335
  0.87453831046055497  0.88407251599034653  0.89332864071913898  0.90346240994914340
  0.91388346158075839  0.92382848308737975  0.93413962700453002  0.94543740519143460
  0.95751455016974407  0.97042104800339102  0.98452122200111059  1.00000000000000000
 -0.00110694495154741  0.00545133365752090  0.01081421284484726  0.01582607778958439
  0.02104550146473532  0.02665510435069627  0.03231616844173618  0.03800831037406505
  0.04356433489472177  0.04977076457636619  0.05591453386785019  0.06220948092562946
  0.06822591255837901  0.07418216793792759  0.08007368842396380  0.08589087261672855
  0.09142500914008320  0.09693150408190711  0.10273594143836938  0.10953037570885527
  0.11700039264815978  0.12469156344767519  0.13215158169314570  0.13924312113423176
  0.14637416374961568  0.15380737580950737  0.16144828823132051  0.16924035479714647
  0.17757713875781267  0.18644930269594681  0.19509416463037005  0.20294614413515680
  0.21074055629468022  0.21805045292718520  0.22590071317284741  0.23397803817239818
  0.24234831953769442  0.25078220582866684  0.25987589137927147  0.26900195549028422
  0.27836265859911291  0.28783302202537220  0.29708546268537400  0.30598719787425127
  0.31474100647901138  0.32374861686366141  0.33314155693052144  0.34266937258011271
  0.35226044210328555  0.36176191735001151  0.37156779328088424  0.38156314780321676
  0.39155514606352848  0.40135851209163947  0.41097469693241107  0.42030140775993186
  0.42935583356532842  0.43837717232029788  0.44711987990771379  0.45653591349059042
  0.46703967259523183  0.47861580743572796  0.49072145015398905  0.50300608865708218
  0.51528675890701392  0.52760572482678658  0.54002669895655253  0.55235473752267261
  0.56495568600161850  0.57767070624711858  0.58968267760000603  0.60090344433940701
  0.61203432072501163  0.62374779753215748  0.63620163074591274  0.64812019562376455
  0.66081170139403445  0.67348862796842646  0.68699653963127871  0.70203172723313934
  0.71723055270483294  0.73207799911822835  0.74673249941651776  0.76086388962739360
  0.77486486372831254  0.79013656584543990  0.80659600533601505  0.82418660872632932
  0.84143376878030929  0.85889966641833293  0.87799203060890485  0.89900610222995647
  0.92201066099594109  0.94619700271192353  0.97283218479671874  1.00000000000000000
 -0.00291513236691156  0.01148980574385679  0.02211101029087394  0.03131345010965576
  0.04009612969788946  0.04958772531486715  0.05900903759557895  0.06817971066311571
  0.07746242228946908  0.08706514200848274  0.09771892862541350  0.10791797186813726
  0.11771872572916321  0.12758725292104356  0.13783739629163580  0.14877411451071476
  0.16051668830427773  0.17294561796656979  0.18492740162542848  0.19574146271000101
  0.20607647442162605  0.21670437103295787  0.22710297623704426  0.23734810691434863
  0.24762059198801639  0.25786917213883986  0.26814081286688340  0.27854177624144949
  0.28956452732334492  0.30077706006590427  0.31101827235301782  0.32143008548876179
  0.33252965062102746  0.34336006774198574  0.35488043335261210  0.36679438462567121
  0.37820829609449896  0.38888242252541877  0.39932611522521227  0.41074113587854000
  0.42156546323752386  0.43271131179676109  0.44314079864750905  0.45366815270691385
  0.46416830265961279  0.47492924192460928  0.48507159177779624  0.49524415690281676
  0.50591874995485664  0.51682035380329572  0.52760685464696877  0.53841979824322506
  0.54929993944354671  0.56000128049193165  0.57035666531280549  0.58038902604800469
  0.58998257385586184  0.59966628400237743  0.61019626055770348  0.62133932681638138
  0.63239575836766315  0.64292084872315736  0.65346220955676615  0.66429186566028886
  0.67511180295445739  0.68583314180946431  0.69685088313480792  0.70844043287996383
  0.72130290308353873  0.73461018951585511  0.74789304156585901  0.76070935680503460
  0.77239980661382335  0.78327175412278494  0.79352591839783981  0.80315145278943434
  0.81282115829606560  0.82282665996445070  0.83306941508984811  0.84365857915968856
  0.85430357679590196  0.86527855730229941  0.87640550134175743  0.88664067427140181
  0.89728467659862043  0.90757957953004198  0.91776658645786779  0.92779753538609244
  0.93770501151981500  0.94710644819112044  0.95676934796287949  0.96584221432402373
  0.97433480632041092  0.98246527655461646  0.99064140533923017  1.00000000000000000
 -0.00227202845897565  0.00951409487752576  0.01884473476915059  0.02787574965320114
  0.03717820807999071  0.04697046216264899  0.05712286530576237  0.06735028154158124
  0.07836709071842947  0.08981013004021775  0.10125722975234006  0.11196842465625406
  0.12212996512057764  0.13243911783913162  0.14341371311688814  0.15504096357139122
  0.16647653088040029  0.17769154024006900  0.18881889370316124  0.20017658091009785
  0.21145125632843889  0.22191368235996686  0.23191593109991523  0.24222981989446676
  0.25243585340135222  0.26252207947413314  0.27301057616702396  0.28385209145439522
  0.29386354369021067  0.30362396042714712  0.31357043996614764  0.32433652577673511
  0.33480693724920968  0.34436181637312074  0.35403757652941931  0.36321431543906713
  0.37275672234408225  0.38243228787348738  0.39212705695437949  0.40155636177489418
  0.41079286922744829  0.42088970637351608  0.43225244882642810  0.44332652185371035
  0.45397691800159012  0.46335005762515347  0.47186724375696482  0.48054807327057519
  0.48941163154050843  0.49893381815354532  0.50811529659463617  0.51675250309148635
  0.52621856311839910  0.53581276421330337  0.54685067987702418  0.55937010050827907
  0.57208784278991376  0.58580850520186778  0.59615230022516086  0.60660832129886555
  0.61668910980791969  0.62658326120699337  0.63645741629024610  0.64678975593987975
  0.65846998986437411  0.67183388287491930  0.68461220131836154  0.69710036333705305
  0.70882456591220078  0.72178026746293344  0.73380139343547424  0.74470485890685389
  0.75560611941195066  0.76731105938014710  0.77914811026489905  0.79052604805824855
  0.80092928135486052  0.81051637517887964  0.82015143611258123  0.83027185730323894
  0.84072191515097117  0.85060316676563741  0.86118111336606751  0.87235498946372936
  0.88316137940192752  0.89357503339886812  0.90343515133736785  0.91374528052308168
  0.92360928718991375  0.93394484560915769  0.94441817930233452  0.95477995804510085
  0.96551825014280912  0.97680695683943231  0.98834794278061722  1.00000000000000000
 -0.00777289297198728  0.36411666251726610  0.47658031546334911  0.54198560111390837
  0.58928853370511991  0.62652154566840734  0.65656189886012839  0.68148458218698726
  0.70316111268039827  0.72300618071470324  0.73980904129564584  0.75382666122523623
  0.76649100520349822  0.77821297789285471  0.78927238449306070  0.79951005071805914
  0.80914973357937614  0.81791001652803885  0.82608943260975765  0.83409832225268898
  0.84138934735627291  0.84832655884210106  0.85486724270802816  0.86079780517603643
  0.86642224462044670  0.87166276789966457  0.87661930878247929  0.88101805988681614
  0.88553604016687837  0.89003090129447793  0.89419996759082243  0.89796086239372264
  0.90156355976789604  0.90519666562680701  0.90897006944426451  0.91264852665168850
  0.91591287555655876  0.91884190004178345  0.92156961313570229  0.92421513181580306
  0.92680203355721003  0.92939365626338011  0.93193384848711502  0.93439294476074886
  0.93661710771972184  0.93859936449507342  0.94050787516031920  0.94236481574467879
  0.94425208035259245  0.94605593440923019  0.94784243846445737  0.94954746604915174
  0.95124709452291689  0.95282718233623653  0.95432597993766655  0.95582039958600462
  0.95732756704232591  0.95877373718042680  0.96017206060546179  0.96157112140845002
  0.96290260786030180  0.96419367092305397  0.96548472551979814  0.96677040099611822
  0.96803284412412161  0.96925882913394290  0.97047971520204734  0.97167920981194733
  0.97285461037895105  0.97407943224759119  0.97527906476879866  0.97639595587054862
  0.97748413299092096  0.97854174356362267  0.97957199488916347  0.98058811433436932
  0.98154149929873469  0.98244457446138522  0.98333436940809138  0.98422344291396857
  0.98510329973495825  0.98598748314375195  0.98685038273570447  0.98770119128970391
  0.98855466031988670  0.98944909077929033  0.99032663705366997  0.99120200729067842
  0.99207910959420453  0.99292594827283631  0.99377738474188604  0.99464289599287015
  0.99554279507019094  0.99662794284955936  0.99801586003706122  1.00000000000000000
   4.1523976702405240E-014  -1.0000000000000000     
 F F F F F F F F F F F F F F F F F F F F F F F F F F F F F F F F F F F F F F F F F F F F F F F F F F F F F F F F F F F F F F F F
  <DiscreteSampler_grid>
  grouped_processes
  1 # 1 for a reference and 2 for a running grid.
  10 # Attribute 'min_bin_probing_points' of the grid.
  1 # Attribute 'grid_mode' of the grid. 1=='default',2=='initialization'
  0.0000000000000000 # Attribute 'small_contrib_threshold' of the grid.
  0.5000000000000000 # Attribute 'damping_power' of the grid.
 # binID   n_entries weight   weight_sqr   abs_weight
    10   10   1.852331814362644E-003   1.355397876267592E-005   1.852331814362644E-003
  </DiscreteSampler_grid>
