  0.00920407848023594  0.01734283101428396  0.02868657505579009  0.04057052901837073
  0.05026397648989561  0.05828654332457658  0.06627079431079837  0.07418006292605725
  0.08291918705361193  0.09232995052275692  0.10209183124819030  0.11422794838218842
  0.12772029173138294  0.13977725227825891  0.15151689013415096  0.16310491755964185
  0.17475409597890754  0.18625766796291995  0.19650557706191310  0.20564723685906516
  0.21460972036514811  0.22374604033092191  0.23371244002290922  0.24424568330814017
  0.25554758965417534  0.26675817857504924  0.27767898609598768  0.28821332714399694
  0.29745593835192596  0.30699156657808674  0.31775319846573491  0.32949116820519031
  0.34146137513938996  0.35363662942214885  0.36595358011585288  0.37799398999009548
  0.38938711074006405  0.40087856558147184  0.41279481519641748  0.42521024419870268
  0.43797207892159190  0.45053065983619106  0.46180872410737683  0.47164077747138344
  0.48140529199906212  0.49175573486769436  0.50301780469229518  0.51520327499067409
  0.52638182646405451  0.53859500460231569  0.55081429698349871  0.56274549510643246
  0.57361265432204489  0.58314243136741550  0.59322110788636107  0.60310193066454199
  0.61227500316926187  0.62123299676027677  0.63220247731933643  0.64429446962283510
  0.65581943658956077  0.66646076641394558  0.67835730324045473  0.69127574899685262
  0.70477537080879271  0.71716043455460687  0.72929661213186170  0.74110161283497766
  0.75270768770512497  0.76431263360098545  0.77626231525118772  0.78873356599684263
  0.80048954420809426  0.81130462319269037  0.82171852864490724  0.83124132952649354
  0.84059213356871665  0.85030613461475146  0.86063311935804976  0.87065287891262311
  0.88027809556502001  0.88980518876497694  0.89956615247531679  0.90982192571773768
  0.91983962705424527  0.92925485856259893  0.93821802149696609  0.94732130657965330
  0.95641694979498670  0.96328528673000768  0.96864733101165079  0.97444665095638983
  0.98011347024954842  0.98511127144697197  0.99000369805438182  1.00000000000000000
 -0.00000053808315400  0.00000206570951677  0.00000843656986096  0.00001591664468314
  0.00002403787347304  0.00003233284199325  0.00004002899568911  0.00004891691064937
  0.00005901746175878  0.00006840352643744  0.00007672330866776  0.00008534682074144
  0.00009431622329763  0.00010393579905365  0.00011473368480854  0.00012644335582078
  0.00013804957868311  0.00015041497401970  0.00016485482874370  0.00017948726869254
  0.00019429068273646  0.00020939557578808  0.00022400468954373  0.00023943113473813
  0.00025500001280529  0.00027001424912513  0.00028477653427960  0.00029974570111347
  0.00031574408298831  0.00033226981490710  0.00035050188656337  0.00037158539834417
  0.00039374842412500  0.00041484582618368  0.00043402793064515  0.00045457061866596
  0.00047633323405232  0.00049829622355369  0.00052077465082935  0.00054375187007132
  0.00057454492640723  0.00060794108541641  0.00064328374254781  0.00068182400834577
  0.00072448106915033  0.00076939306900764  0.00081819845379905  0.00086813227482394
  0.00091866872852240  0.00097029905083766  0.00102527625020236  0.00108531281654810
  0.00115106457959875  0.00122207076461367  0.00129295267739616  0.00136245691958819
  0.00143275819821751  0.00150766190717171  0.00158765779668877  0.00167443366314005
  0.00176204148648840  0.00185728449774121  0.00196179448072281  0.00207681193482257
  0.00221151539165524  0.00237192043815309  0.00255385100498119  0.00273953228923042
  0.00291752100150044  0.00309940773070450  0.00328871351777814  0.00349814062623385
  0.00373218304955818  0.00398476539939568  0.00424349664416946  0.00448630932131319
  0.00474161844461190  0.00503642382538144  0.00535324692436646  0.00568963404488560
  0.00613917312029010  0.00669411846186364  0.00729030765563252  0.00805133626687799
  0.00892477203609741  0.01006789546249869  0.01168498137093039  0.01384944601342142
  0.01720368963704432  0.02120441364355257  0.02552778758540286  0.03188271889294613
  0.05160157083134934  0.07214247741566604  0.23781051297510558  1.00000000000000000
  0.00000341688016485  0.00000954843509347  0.00001790469363571  0.00002703767286836
  0.00004105088275021  0.00005822623218007  0.00007755412023538  0.00009657762277555
  0.00011680894533660  0.00014250946477673  0.00017635668479188  0.00021525930133403
  0.00025552179154033  0.00029495801330592  0.00033512432740829  0.00037463513016854
  0.00041746936199898  0.00046105372625469  0.00050706053715436  0.00055631721517334
  0.00060824198498490  0.00066339367156861  0.00072291031827037  0.00078594421706140
  0.00085037741139721  0.00092006598238595  0.00099606219197572  0.00108137592837496
  0.00117530224896668  0.00127488809638233  0.00137836879335687  0.00148347323260654
  0.00159534040466179  0.00171187242972577  0.00183326050420836  0.00195471194796230
  0.00208840778513083  0.00223835749945905  0.00239286736781292  0.00256558197039059
  0.00273397298084498  0.00290337111504300  0.00306126221865370  0.00321206184630453
  0.00336366266473041  0.00348521155208467  0.00361583583719701  0.00373911896381421
  0.00385462247264885  0.00397770858767343  0.00411294183654504  0.00426105194562809
  0.00441420963198910  0.00458843401194297  0.00479913350236100  0.00499695301572887
  0.00516458935827628  0.00536863486852336  0.00571240979957478  0.00610344754908399
  0.00649184068455104  0.00687799850909009  0.00726851424733735  0.00767619225295349
  0.00814049761900425  0.00867285883032864  0.00914783454296640  0.00957116192254561
  0.00996755435655537  0.01044507341947335  0.01090387416235957  0.01140635643656792
  0.01204967600488514  0.01276955494135008  0.01356059939031495  0.01443190322041947
  0.01543916971816194  0.01658043622311106  0.01792472990919453  0.01959508897011267
  0.02137178869692760  0.02303188806640021  0.02481510927485358  0.02683602140349484
  0.02915398087773226  0.03165876383022732  0.03431365317729103  0.03719662184370610
  0.04036341354541217  0.04587383989720651  0.05232651811888612  0.05935821386725725
  0.06528071492064050  0.07571582989789198  0.09647108104650336  1.00000000000000000
 -0.00312677864815151  0.01134006766776509  0.02380727711229896  0.03528678386507373
  0.04666875628028105  0.05698835347358516  0.06672046593734737  0.07691013089884947
  0.08793402695238660  0.09905862291664666  0.10964562941025556  0.12015198364650401
  0.13119965108385528  0.14277522258780398  0.15482855837903958  0.16623306862226692
  0.17811133501638055  0.19081149025703692  0.20330986588142502  0.21465211258299202
  0.22423343657859143  0.23350608310456750  0.24398641155062226  0.25271356328538525
  0.26162601551745396  0.27091121678468755  0.28077060374181523  0.29040716277570078
  0.30014247719733955  0.30981672314498815  0.31941318327926871  0.32957971496901128
  0.34157829528924566  0.35591762059950072  0.37056115988571492  0.38340568475039627
  0.39621055782039633  0.40758741680958949  0.41849069832642039  0.42967323128457452
  0.44034980367991006  0.44896608114246284  0.45891127193981046  0.46743172433725871
  0.47575462112460698  0.48507948954605157  0.49484340463322901  0.50432605416255571
  0.51406071774436601  0.52336833267533334  0.53256889308980138  0.54233290995728012
  0.55109526532748154  0.55985710544049250  0.56926691944621099  0.57903427585874634
  0.58822564214671602  0.59782374713392694  0.60833037020606384  0.62072655302136825
  0.63511947967568605  0.64989622327578145  0.66399485784247037  0.67760227991284361
  0.69006724463370472  0.70180492455272592  0.71405203826654828  0.72642666686342350
  0.73739202209208254  0.74660071203258682  0.75607097979788995  0.76602444622621868
  0.77492016424483867  0.78136139058763832  0.78815561365403219  0.79537598004815269
  0.80271960607112114  0.80936483752863875  0.81536177327512471  0.82178486967967501
  0.82905144544973108  0.83752661825450692  0.85042664354420050  0.86291360699045649
  0.87557565675291016  0.88801285668946317  0.89960335059536212  0.91180576002463110
  0.92299859224929959  0.93464063103150663  0.94664555098675218  0.95765145585333333
  0.96774285763467427  0.97761965036356102  0.98858623430982340  1.00000000000000000
 -0.00276577637654119  0.01224674147170929  0.02322544804900592  0.03368397109405922
  0.04498524694800702  0.05693265169147926  0.06900558941561330  0.08021659706677012
  0.08861722430348055  0.09610955616989443  0.10393263203198864  0.11128051295630649
  0.11868547355779878  0.12611580689292692  0.13356253421485370  0.14046002764894838
  0.14911290380407155  0.16159777815830545  0.17606018635727377  0.19022687910789118
  0.20176348143083192  0.21514477866006454  0.22582310947779760  0.23439176786709762
  0.24175776379540015  0.24944595496470870  0.25811514733544394  0.26633723151905420
  0.27443551850761833  0.28280886711565578  0.29216059617049750  0.30296911863846221
  0.31382337356678708  0.32465390394226562  0.33521149869559630  0.34625200756065955
  0.35819150659881516  0.37004891344773183  0.38072720937503229  0.39100697674329105
  0.40064287287719863  0.41108919288467460  0.42231357914047823  0.43327048962962306
  0.44419367524262449  0.45479033174529943  0.46515423937168493  0.47573867935663039
  0.48653628418382483  0.49784147232300024  0.50858352116892180  0.51938748929805723
  0.53064172768371232  0.54267606573115290  0.55438983200947389  0.56546362579272613
  0.57411142391824477  0.58380551905660538  0.59479536208932338  0.60484425202172709
  0.61481106869664992  0.62365666499585204  0.63508636934184137  0.64674627263095064
  0.65719147698237901  0.66730598090428261  0.67694269233163040  0.68631750449417617
  0.69572745983808582  0.70544627031495899  0.71599038838790829  0.72760533313445563
  0.73983948053103143  0.75137191208454412  0.76212388329739167  0.77203035910356410
  0.78180696737711342  0.79207506040681019  0.80305312832747766  0.81554481155510639
  0.82854304887783603  0.84211238652695208  0.85440827661769891  0.86623501812363057
  0.87854004187514878  0.89133864195063028  0.90279019494698587  0.91455668900594400
  0.92550622933005178  0.93720378700673157  0.94959731975199690  0.96192230671107948
  0.97267080453718735  0.98234485904442037  0.99135506449536748  1.00000000000000000
 -0.00425550413893365  0.01568275904951338  0.02829337953879219  0.04027689672457366
  0.05116236393264154  0.06232728330877044  0.07464536462405752  0.08722876690399796
  0.09908825641863116  0.11054024820799400  0.12210898283811826  0.13405827713731969
  0.14599365172747128  0.15731173348127001  0.16857808350422715  0.17978699939022494
  0.19070309657601581  0.20080527295257619  0.21242649718162948  0.22471123928482789
  0.23364335902899597  0.24124354761530006  0.24845051229878057  0.25600364301504452
  0.26330096631974365  0.26993747200429408  0.27636712597629814  0.28325856829706669
  0.29034572949601783  0.30083708511811030  0.31255316830674890  0.32419284132970971
  0.33537783547747302  0.34728393705665156  0.35913121929312758  0.37092510243058152
  0.38256137009942359  0.39436395699793414  0.40656914039526004  0.41820950949246249
  0.42867591259356813  0.43918411120263018  0.45013264567800093  0.46076264464150024
  0.47056170947131598  0.48015297202158413  0.49012136833476244  0.50024690506610625
  0.51054767680891255  0.52150057568693275  0.53416513189848591  0.54620826765823738
  0.55785105764249909  0.56749038116848349  0.57655942380510150  0.58535648033879928
  0.59483737154935445  0.60610652937772769  0.61779401267011835  0.62842851835559177
  0.63907668924785666  0.64988731554918311  0.66138494396847303  0.67438237942162371
  0.68831015196288725  0.70141754403903078  0.71335306891654771  0.72459221581854616
  0.73541141974283641  0.74598010385613478  0.75639921524791676  0.76635253480559762
  0.77627279091323198  0.78600695758707129  0.79534751471442644  0.80473189887217711
  0.81414228029368629  0.82365118225579315  0.83360854356432479  0.84378094583562613
  0.85376610323891122  0.86406659452821777  0.87541473996593278  0.88741311664353473
  0.89909954582893281  0.90991562283224681  0.91965304907587719  0.92839161571818174
  0.93740009832536753  0.94590411402603858  0.95481441544832968  0.96372976228029383
  0.97193340966901265  0.98079830930640943  0.99039206383999578  1.00000000000000000
  0.00087701774601795  0.00171288589859391  0.00301145729743019  0.00399324661835467
  0.00480600145300468  0.00557938757429329  0.00630400407936118  0.00699730462875008
  0.00768689490856662  0.00836910600093317  0.00910726663278958  0.00983077381395360
  0.01053430009158609  0.01123651426227826  0.01195892645953256  0.01269856278326780
  0.01342260598651892  0.01413583817493437  0.01489245748465758  0.01568302093521703
  0.01650790439159792  0.01739237129984141  0.01825654974988795  0.01917040750517310
  0.02001882813950061  0.02087702842455336  0.02178890936729719  0.02271010381718949
  0.02354978571020170  0.02438391492729169  0.02521350706579777  0.02603272162312144
  0.02685302766892070  0.02780931220599901  0.02882451663668677  0.02978734760294681
  0.03070509200068440  0.03162319950986153  0.03254172596921446  0.03352905237680921
  0.03462688920999478  0.03580558942722675  0.03700427604730645  0.03828472141457123
  0.03961449143068851  0.04101098682186778  0.04251041909714019  0.04395960955332563
  0.04539852452749957  0.04687767390918718  0.04842554264575580  0.04999149423063228
  0.05156501436659948  0.05321468600058776  0.05471199138128457  0.05609283164449742
  0.05733426476534016  0.05859256520637176  0.05993078635037141  0.06115542077615067
  0.06281613575882583  0.06499106464342598  0.06718476184290427  0.06926821016154194
  0.07154580604368752  0.07390099344487544  0.07628534564831434  0.07839440219443697
  0.08051815165461571  0.08318628299123114  0.08662600746593954  0.09001847898262667
  0.09262098895341254  0.09491313979293643  0.09707277818538336  0.09970029012508581
  0.10245515022639287  0.10696724021100588  0.11347001890693027  0.11971429921224178
  0.12599222482924904  0.13415136727817695  0.14513476238656028  0.14966646569342321
  0.15232375803329345  0.15517557026266904  0.15848512551372521  0.16381702651615632
  0.17209760857725012  0.18074183782658085  0.18859981881950799  0.19724884421471786
  0.20420976966471530  0.21161928743512515  0.21657074266209911  1.00000000000000000
 -0.00399674945354355  0.01674380943598899  0.03577701473865195  0.05494547020042044
  0.07030211261052015  0.08120307393215213  0.09185326201335900  0.10299004985941793
  0.11456327233402151  0.12574829127757547  0.13675376123286201  0.14679598652870027
  0.15652047059161356  0.16636498154262366  0.17633338524460385  0.18741789547447330
  0.19924493211974487  0.21148580556448898  0.22323929085400585  0.23359408465771747
  0.24324717771839235  0.25286073443943069  0.26219456763260757  0.27127289457253612
  0.27964494024451875  0.28740870991425926  0.29521332837933695  0.30361829117136330
  0.31238362832595246  0.32059448683710046  0.32861786093878365  0.33669679603429431
  0.34479885529038240  0.35309050634151357  0.36102189489683467  0.36890972361381247
  0.37760174300580746  0.38659677910366430  0.39636285047215447  0.40664043916544024
  0.41769068300242335  0.42853981090800103  0.43944866347856487  0.44997092330688410
  0.46033665685944952  0.47065189269738916  0.48067287351921661  0.49011566853410488
  0.50006876571406755  0.51129917615248688  0.52363058757998826  0.53669268669213221
  0.54949377139445044  0.56142644990606450  0.57363417221566948  0.58584522593188748
  0.59820857300496899  0.60729680112253082  0.61368374832188100  0.62025748184772556
  0.62591564226079976  0.63146298288839886  0.63743019461484696  0.64424507509683737
  0.65098973038530961  0.65706124271295718  0.66286693773140981  0.67034260264268597
  0.68181625790558709  0.69251829199909887  0.70204479063386271  0.71236603461238723
  0.72330219482386005  0.73430113469123315  0.74549668985522022  0.75568962898954617
  0.76512800183606178  0.77437910724686887  0.78313810002344453  0.79194986337922380
  0.80076720857605965  0.81026693436413177  0.82077127876227640  0.83290237676659740
  0.84679032532311871  0.86075322170342605  0.87363898586290545  0.88668278897971187
  0.90095233399011221  0.91622196343251650  0.92996393552353718  0.94238806537581266
  0.95571695015776825  0.97028578062261306  0.98568142034679629  1.00000000000000000
 -0.01260365242828057  0.37347478728806038  0.48608195592693326  0.55782004141725039
  0.60787242990870360  0.64682099698118711  0.67718991238376736  0.70241538125037817
  0.72342731555584450  0.74150426818229676  0.75768565699887858  0.77147822558332313
  0.78422556501319218  0.79627678038915384  0.80663648385658249  0.81668738778580918
  0.82668570513909434  0.83576318576334008  0.84357496287234646  0.85071230551390686
  0.85794786182996874  0.86488769798256659  0.87142065767665833  0.87683501793823138
  0.88155405149168009  0.88614858078645142  0.89089159498424031  0.89541270023346853
  0.89949681288537353  0.90308115709993797  0.90654435110751463  0.91004375867282195
  0.91358151320094894  0.91701943278609399  0.91992560453610239  0.92275158219858111
  0.92548482361582352  0.92813687003344536  0.93063627014057726  0.93310324550378587
  0.93555345042880822  0.93785442052674928  0.94011290547023896  0.94213623484879239
  0.94404386067784962  0.94587417698435206  0.94759331089788923  0.94924695759418176
  0.95091709104579314  0.95256709412749607  0.95408726755989215  0.95560767446056216
  0.95710771051441290  0.95854532581134388  0.95992002722135028  0.96124907368310308
  0.96253844467941618  0.96380746129056716  0.96501156596318771  0.96619629818850006
  0.96737464244622418  0.96856123358433088  0.96971747048667023  0.97078577654449605
  0.97175613824738571  0.97266416740396933  0.97355131365275349  0.97447333208086662
  0.97546450964261433  0.97646214902445616  0.97749526816460997  0.97851913913916555
  0.97947650359350980  0.98039156108290515  0.98127153835796654  0.98213136406809198
  0.98296573249661301  0.98379522418550813  0.98466626154185699  0.98552663028229903
  0.98635246982409852  0.98708902392856845  0.98781479194596644  0.98856177236520926
  0.98930095173243693  0.99012697220852641  0.99098309853981004  0.99182510953878777
  0.99262339507663200  0.99340913779997220  0.99418990740028934  0.99497735121337016
  0.99580297804569118  0.99674451062896618  0.99806392363107321  1.00000000000000000
   3.0390161276089230E-016  -1.0000000000000000     
 F F F F F F F F F F F F F F F F F F F F F F F F F F F F F F F F F F F F F F F F F F F F F F F F F F F F F F F F F F F F F F F F
  <DiscreteSampler_grid>
  grouped_processes
  1 # 1 for a reference and 2 for a running grid.
  10 # Attribute 'min_bin_probing_points' of the grid.
  1 # Attribute 'grid_mode' of the grid. 1=='default',2=='initialization'
  0.0000000000000000 # Attribute 'small_contrib_threshold' of the grid.
  0.5000000000000000 # Attribute 'damping_power' of the grid.
 # binID   n_entries weight   weight_sqr   abs_weight
    10   10   4.863468505145947E-006   9.465775764265601E-011   4.863468505145947E-006
  </DiscreteSampler_grid>
