  0.09424866029943239  0.09780476976841754  0.10136087923740267  0.10591489883778746
  0.11420054773065204  0.12248619662351663  0.19722841728373403  0.29182226598372640
  0.29356685722304116  0.29531144846235591  0.29705603970167066  0.29880063094098547
  0.30054522218030022  0.30228981341961497  0.30403440465892978  0.30577899589824453
  0.30752358713755928  0.30926817837687409  0.31101276961618884  0.31271700856645257
  0.31418806073228650  0.31565911289812043  0.31713016506395436  0.31860121722978829
  0.32007226939562222  0.32154332156145615  0.32301437372729008  0.32448542589312401
  0.32595647805895794  0.32742753022479187  0.32889858239062580  0.33036963455645973
  0.33184068672229367  0.33331173888812760  0.33478279105396153  0.33625384321979551
  0.33772489538562944  0.33919594755146337  0.34066699971729730  0.34213805188313129
  0.34360910404896522  0.34508015621479915  0.34655120838063308  0.34802226054646707
  0.34949331271230100  0.35096436487813493  0.35243541704396886  0.35390646920980284
  0.35654405734231703  0.35943231939105086  0.36232058143978468  0.36520884348851851
  0.36809710553725233  0.37098536758598616  0.37387362963471998  0.43825029240541857
  0.50114300613934781  0.50396905026635486  0.50679509439336190  0.50962113852036894
  0.51244718264737599  0.51527322677438303  0.51809927090139007  0.52092531502839712
  0.52375135915540416  0.52657740328241120  0.52940344740941825  0.53222949153642529
  0.53505553566343234  0.53788157979043949  0.54070762391744653  0.54353366804445358
  0.54635971217146062  0.54918575629846755  0.55201180042547460  0.55483784455248164
  0.55766388867948868  0.56048993280649573  0.58365327220351049  0.58729691467704725
  0.59094055715058402  0.59458419962412090  0.59822784209765767  0.60187148457119444
  0.60530833254963601  0.60839320057352642  0.61147806859741693  0.61456293662130734
  0.61764780464519786  0.62073267266908838  0.62381754069297879  0.68894213956254391
  0.79262809304169202  0.89631404652084001  0.96424597976353654  1.00000000000000000
  0.00003877339482898  0.00046372225697150  0.00048917152336125  0.00051462078975100
  0.00054007005614076  0.00056551932253051  0.00059238601296730  0.00062002231896751
  0.00064765862496773  0.00067529493096794  0.00076491139220523  0.00113364762880851
  0.00117845419354885  0.00122461490207297  0.00127310494045527  0.00132287251321226
  0.00137535160110434  0.00141746086695124  0.00143194048330270  0.00144642009965416
  0.00146089971600562  0.00147537933235708  0.00148985894870854  0.00150433856506000
  0.00151881818141146  0.00153358618627233  0.00154925700645650  0.00156492782664067
  0.00158059864682485  0.00159626946700902  0.00161194028719320  0.00162761110737737
  0.00164328192756155  0.00165922517409658  0.00167618515963634  0.00169314514517610
  0.00171010513071586  0.00172706511625562  0.00174402510179538  0.00176098508733514
  0.00177794507287490  0.00194927574971755  0.00288351227081081  0.00290898014768932
  0.00293444802456784  0.00295991590144636  0.00298538377832487  0.00301085165520339
  0.00303631953208190  0.00306178740896042  0.00308725528583894  0.00311272316271745
  0.00313999370452973  0.00316755670496695  0.00319511970540417  0.00322268270584140
  0.00325024570627862  0.00327780870671584  0.00330537170715306  0.00333293470759029
  0.00336049770802751  0.00338932930515827  0.00341915978520677  0.00344899026525528
  0.00347882074530378  0.00350865122535229  0.00353848170540079  0.00356831218544930
  0.00359814266549780  0.00362797314554631  0.00412001126260594  0.00656163882047495
  0.01044939405523844  0.01663926428590478  0.02634643930464051  0.02672629673230543
  0.02710615415997035  0.02748601158763527  0.02786586901530020  0.02824572644296512
  0.02861433892805319  0.02895757315956887  0.02930080739108454  0.02964404162260022
  0.02998727585411589  0.03033051008563156  0.03067374431714724  0.03849135798331189
  0.04487704736203254  0.04487704736204254  0.04487704736205254  0.04487704736206254
  0.04487704736207253  0.04487704736208253  0.04487704736209253  1.00000000000000000
  0.00000145636914622  0.00001398523342574  0.00002363202899703  0.00003286195993345
  0.00004152946822418  0.00004735873021199  0.00004933242064729  0.00005130611108260
  0.00005327980151790  0.00005525349195320  0.00005722718238851  0.00005920087282381
  0.00006117456325911  0.00006305178267826  0.00006484220285852  0.00006663262303878
  0.00006842304321904  0.00007021346339930  0.00007200388357957  0.00007379430375983
  0.00007558472394009  0.00007724703078222  0.00007885561327001  0.00008046419575780
  0.00008207277824559  0.00008368136073338  0.00008528994322117  0.00008689852570895
  0.00008850710819674  0.00008979776166386  0.00009104616987937  0.00009229457809488
  0.00009354298631039  0.00009479139452591  0.00009603980274142  0.00009728821095693
  0.00009853661917244  0.00009978502738795  0.00010103343560346  0.00010228184381897
  0.00010353025203448  0.00010477866025000  0.00010602706846551  0.00010727547668102
  0.00010852388489653  0.00010977229311204  0.00011102070132755  0.00011237818284938
  0.00011376771386766  0.00011515724488595  0.00011654677590424  0.00011793630692252
  0.00011932583794081  0.00012071536895909  0.00012210489997738  0.00012349443099567
  0.00019674282314933  0.00037404565811363  0.00071113218095911  0.00086714091402061
  0.00088880839906203  0.00091047588410345  0.00093214336914487  0.00095448355432157
  0.00097860037939466  0.00100271720446776  0.00102683402954086  0.00105095085461395
  0.00107733525309552  0.00110417829696953  0.00113102134084354  0.00115786438471755
  0.00150951050150374  0.00286986839009693  0.00545616905878509  0.01037322150247123
  0.01903504421110523  0.01942146774832226  0.01980789128553929  0.02019431482275632
  0.02058073835997334  0.02096716189719037  0.02134021903396918  0.02169951250239454
  0.02205880597081990  0.02241809943924526  0.02277739290767062  0.02313668637609598
  0.02349597984452134  0.04023950851111128  0.04026940606578683  0.04026940606579683
  0.04026940606580683  0.04026940606581682  0.04026940606582682  1.00000000000000000
  0.10227602322896330  0.20991816510331479  0.21150299687329632  0.21308782864327785
  0.21467266041325939  0.21625749218324092  0.21784232395322245  0.21942715572320398
  0.22101198749318551  0.22259681926316705  0.22418165103314858  0.22576648280313011
  0.22735131457311164  0.22893614634309317  0.23086115051225944  0.23284405617206055
  0.23482696183186169  0.23680986749166280  0.23879277315146391  0.24077567881126502
  0.24275858447106616  0.24474149013086727  0.24672439579066838  0.24870730145046951
  0.25318000627724457  0.26231589078425732  0.27145177529127007  0.28058765979828287
  0.28972354430529568  0.29885942881230843  0.30799531331932117  0.32954356966480364
  0.36316512717191046  0.43778297431835583  0.44103156388928699  0.44428015346021815
  0.44752874303114931  0.45077733260208047  0.45402592217301163  0.45727451174394279
  0.46052310131487401  0.46377169088580517  0.46702028045673638  0.47026887002766754
  0.47351745959859876  0.47676604916952997  0.48001463874046113  0.48326322831139229
  0.48651181788232345  0.48976040745325461  0.49300899702418577  0.49625758659511693
  0.49950617616604809  0.52235360736989322  0.52465348221407315  0.52695335705825319
  0.52925323190243323  0.53155310674661316  0.53385298159079320  0.53615285643497312
  0.53845273127915316  0.54075260612333309  0.54305248096751313  0.54535235581169306
  0.54765223065587298  0.54995210550005302  0.55225198034423295  0.55455185518841288
  0.55685173003259292  0.55915160487677285  0.56145147972095277  0.56375135456513281
  0.56605122940931274  0.56835110425349267  0.57065097909767271  0.57295085394185263
  0.57525072878603256  0.57755060363021260  0.57985047847439253  0.58215035331857246
  0.60538485946240439  0.60946359374865311  0.61354232803490183  0.61762106232115055
  0.62169979660739927  0.62566138517706538  0.62912639140883209  0.63259139764059891
  0.63605640387236562  0.63952141010413244  0.64298641633589915  0.66571024775429732
  0.77714016516952611  0.88857008258475489  0.92293787399927785  1.00000000000000000
  0.13233971198399858  0.27359454046163367  0.27635574758993409  0.27911695471823450
  0.28187816184653491  0.28463936897483538  0.28740057610313580  0.29016178323143621
  0.29317059599094353  0.29647600238704980  0.29978140878315607  0.30308681517926239
  0.30639222157536866  0.30969762797147499  0.32928527562204857  0.41708848437379475
  0.41911891276267410  0.42114934115155345  0.42317976954043279  0.42521019792931214
  0.42724062631819149  0.42927105470707083  0.43130148309595018  0.43333191148482952
  0.43536233987370887  0.43739276826258822  0.43942319665146756  0.44145362504034691
  0.44348405342922625  0.44551448181810560  0.44754491020698495  0.44957533859586429
  0.45160576698474364  0.45363619537362299  0.45566662376250233  0.45769705215138168
  0.45972748054026102  0.46175790892914037  0.46378833731801977  0.46581876570689912
  0.46784919409577846  0.46987962248465787  0.47191005087353721  0.47394047926241661
  0.47597090765129596  0.47800133604017531  0.52615966921514157  0.62595390321607181
  0.63513889586561145  0.64432388851515110  0.64777871931056219  0.65010667769137842
  0.65243463607219476  0.65476259445301110  0.65709055283382733  0.65941851121464368
  0.66174646959545991  0.66407442797627625  0.66640238635709248  0.66873034473790882
  0.67105830311872505  0.67338626149954128  0.67571421988035762  0.67804217826117386
  0.68037013664199009  0.68269809502280643  0.68502605340362266  0.68735401178443889
  0.68970311092304459  0.69205362451797703  0.69440413811290957  0.69675465170784201
  0.69910516530277456  0.70145567889770710  0.70380619249263954  0.70615670608757208
  0.71649273672584823  0.77293268557206152  0.77707084297842233  0.78120900038478314
  0.78534715779114384  0.78948531519750464  0.79362347260386534  0.79776163001022615
  0.80189978741658685  0.80603794482294755  0.81017610222930825  0.81431425963566906
  0.81845241704202976  0.82259057444839045  0.82672873185475115  0.83086688926111196
  0.87788977324039541  0.95289489726675081  0.96874469916025796  1.00000000000000000
  0.02775710423787437  0.27220308097870211  0.27357282862407095  0.27494257626943980
  0.27631232391480864  0.27768207156017749  0.27905181920554639  0.28042156685091524
  0.28179131449628408  0.28316106214165293  0.28453080978702178  0.28590055743239062
  0.28727030507775947  0.28864005272312832  0.29000980036849722  0.29137954801386606
  0.29302461577470823  0.29474269981461393  0.29646078385451968  0.29817886789442538
  0.29989695193433114  0.30161503597423683  0.30333312001414259  0.30505120405404829
  0.30676928809395398  0.30848737213385974  0.31020545617376544  0.31192354021367119
  0.31389576221746718  0.31599631043359017  0.31809685864971321  0.32019740686583620
  0.32229795508195924  0.32439850329808229  0.32649905151420527  0.32859959973032832
  0.33070014794645131  0.33280069616257435  0.40758466059591825  0.46237298412708183
  0.47061991820697080  0.47886685228685971  0.48711378636674857  0.49536072044663743
  0.50360765452652623  0.51185458860641508  0.52010152268630394  0.56432475564627793
  0.56803060740811684  0.57173645916995575  0.57544231093179465  0.57914816269363356
  0.58285401445547247  0.58655986621731138  0.59026571797915039  0.59397156974098930
  0.59767742150282821  0.60138327326466723  0.60508912502650614  0.60879497678834504
  0.61250082855018395  0.61620668031202286  0.61991253207386177  0.62361838383570067
  0.64391373100756621  0.67407052038448434  0.68850591463581046  0.69031942536981350
  0.69213293610381654  0.69394644683781959  0.69575995757182252  0.69757346830582556
  0.69938697903982860  0.70120048977383165  0.70301400050783458  0.70482751124183762
  0.70664102197584067  0.70843039824676868  0.70988278412100725  0.71133516999524582
  0.71278755586948428  0.71423994174372285  0.71569232761796142  0.71714471349219999
  0.71859709936643845  0.72004948524067702  0.72150187111491559  0.72295425698915416
  0.72440664286339262  0.72585902873763120  0.72731141461186977  0.72876380048610834
  0.80104930890390280  0.90052465445194607  0.95196569363276162  1.00000000000000000
 -0.00283462621999846  0.00351300516318731  0.00702601032637462  0.01053901548956193
  0.01405202065274924  0.01756502581593654  0.02112068990944095  0.02524612860044516
  0.02937156729144938  0.03349700598245359  0.03762244467345781  0.04382304675446726
  0.08544088723972799  0.08873760553512569  0.09203432383052339  0.09533104212592108
  0.09862776042131877  0.10192447871671646  0.10522119701211415  0.10851791530751180
  0.11181463360290947  0.11511135189830712  0.11840807019370478  0.12170478848910243
  0.12500087801272519  0.12692189632328205  0.12884291463383890  0.13076393294439576
  0.13268495125495261  0.13460596956550946  0.13652698787606632  0.13844800618662317
  0.14036902449718003  0.14229004280773688  0.14421106111829374  0.14619816309917213
  0.14854411730887987  0.15089007151858760  0.15323602572829534  0.15558197993800307
  0.15792793414771081  0.16027388835741854  0.16261984256712628  0.16496579677683401
  0.16731175098654175  0.16965770519624945  0.17200365940595719  0.17434961361566489
  0.17669556782537260  0.17904152203508031  0.18138747624478802  0.18373343045449572
  0.18607938466420343  0.23070474033157989  0.32093415582752555  0.35423846029611877
  0.41625181219043472  0.52578610856317121  0.58429542928016365  0.58632251984961792
  0.58834961041907219  0.59037670098852657  0.59240379155798084  0.59443088212743511
  0.59645797269688938  0.59848506326634376  0.60051215383579803  0.60253924440525231
  0.60456633497470658  0.60659342554416085  0.60862051611361512  0.61064760668306950
  0.61267469725252377  0.61470178782197804  0.61672887839143231  0.61875596896088658
  0.62078305953034085  0.62281015009979512  0.62483724066924939  0.62685010104812433
  0.62886171910683253  0.63087333716554073  0.63288495522424892  0.63489657328295723
  0.63690819134166543  0.63891980940037363  0.64093142745908183  0.64294304551779013
  0.64495466357649833  0.65048940973517400  0.65875655427935231  0.67139711088178300
  0.78093140725451959  0.85775959889094044  0.85775959889095044  1.00000000000000000
  0.01617008050282790  0.02445949533382349  0.02808565733431372  0.03171181933480394
  0.03533798133529417  0.03896414333578440  0.04274894293846640  0.04699790870827142
  0.05124687447807644  0.05549584024788146  0.05974480601768647  0.10112099755585451
  0.10653439366092068  0.10896963599163090  0.11140487832234110  0.11384012065305130
  0.11627536298376151  0.11871060531447171  0.12114584764518192  0.12358108997589212
  0.12601633230660234  0.12845157463731255  0.13088681696802273  0.13332205929873295
  0.13575730162944316  0.13819254396015337  0.14062778629086356  0.14306302862157377
  0.14549827095228399  0.14793351328299420  0.15036875561370444  0.15280399794441468
  0.15523924027512492  0.15767448260583514  0.16010972493654538  0.16254496726725562
  0.16498020959796583  0.20044494968848733  0.31030061705660872  0.42015628442473002
  0.46055561969353664  0.46396152729094786  0.46736743488835913  0.47077334248577035
  0.47417925008318162  0.47758515768059284  0.48099106527800406  0.48439697287541528
  0.48780288047282649  0.49120878807023771  0.49461469566764887  0.49802060326506009
  0.50142651086247136  0.50483241845988247  0.50823832605729369  0.51164423365470491
  0.51505014125211612  0.51845604884952734  0.55401100342082321  0.66386667078894446
  0.77372233815706559  0.81981494229390506  0.85345875210775213  0.93796470057238923
  0.94007326234517385  0.94218182411795848  0.94429038589074321  0.94639894766352783
  0.94850750943631246  0.95061607120909708  0.95272463298188181  0.95483319475466644
  0.95694175652745106  0.95904492195916879  0.96113761377789331  0.96323030559661771
  0.96532299741534222  0.96741568923406662  0.96950838105279113  0.97160107287151554
  0.97369376469024005  0.97578645650896445  0.97787914832768896  0.97981389203478930
  0.98149606769855680  0.98317824336232440  0.98486041902609200  0.98654259468985950
  0.98822477035362710  0.98990694601739471  0.99158912168116231  0.99327129734492980
  0.99495347300869741  0.99663564867246501  0.99831782433623251  1.00000000000000000
  0.14290910561879472  0.17024898150507159  0.17978997778293862  0.18933107026476634
  0.19887256785046206  0.20841406543615779  0.21795556302185359  0.22749706060754943
  0.32369368750377625  0.43751640157309762  0.43995814765248259  0.44239989373186761
  0.44484163981125258  0.44728338589063760  0.44972513197002256  0.45216687804940753
  0.45460862412879255  0.45705037020817751  0.45949211628756254  0.46193386236694756
  0.46437560844633252  0.46681735452571754  0.46925910060510256  0.47170084668448758
  0.47414259276387261  0.47658433884325763  0.47902608492264265  0.48146783100202761
  0.48390957708141258  0.48635132316079760  0.48879306924018256  0.49123481531956759
  0.49367656139895255  0.49611830747833752  0.49856005355772254  0.54186707635184517
  0.54616585158320019  0.55046462681455532  0.55476340204591035  0.55906217727726548
  0.56336095250862062  0.56765972773997564  0.57195850297133077  0.57625727820268580
  0.58055605343404093  0.58485482866539606  0.58915360389675120  0.59345237912810633
  0.59775115435946147  0.60204992959081660  0.62568711646161623  0.62779635359545227
  0.62990559072928842  0.63201482786312446  0.63412406499696050  0.63623330213079654
  0.63834253926463258  0.64045177639846862  0.64256101353230466  0.64467025066614081
  0.64677948779997685  0.64888872493381289  0.65099796206764904  0.65310719920148508
  0.65521643633532112  0.65732567346915727  0.65943491060299331  0.66154414773682935
  0.66365338487066550  0.66576262200450154  0.66787185913833758  0.66998109627217362
  0.67209033340600977  0.67419957053984580  0.67630880767368184  0.67841804480751788
  0.68052728194135392  0.68263651907518996  0.68474575620902600  0.68685499334286215
  0.76703850942013585  0.88161444559189894  0.95946786319417321  0.96290156514163994
  0.96633526708910666  0.96976896903657328  0.97320267098404001  0.97663637293150674
  0.97992133852744756  0.98278971873781218  0.98565809894817680  0.98852647915854130
  0.99139485936890592  0.99426323957927054  0.99713161978963516  1.00000000000000000
   2.0594817412915067E-011  -1.0000000000000000     
 F F F F F F F F F F F F F F F F F F F F F F F F F F F F F F F F F F F F F F F F F F F F F F F F F F F F F F F F F F F F F F F F
  <DiscreteSampler_grid>
  grouped_processes
  1 # 1 for a reference and 2 for a running grid.
  10 # Attribute 'min_bin_probing_points' of the grid.
  1 # Attribute 'grid_mode' of the grid. 1=='default',2=='initialization'
  0.0000000000000000 # Attribute 'small_contrib_threshold' of the grid.
  0.5000000000000000 # Attribute 'damping_power' of the grid.
 # binID   n_entries weight   weight_sqr   abs_weight
    10   10   7.427182926002602E+004   4.548013964800025E+010   7.427182926002602E+004
  </DiscreteSampler_grid>
