  0.01014752299516374  0.01390187801481220  0.01955808879766178  0.02454367401658511
  0.02977308009329905  0.03500560646670633  0.04242849745608908  0.05089641966000436
  0.06026211238897695  0.07188811209917699  0.08205831361486368  0.09055268244162776
  0.09811551713449304  0.10536480314348151  0.11281269058395106  0.12268106092468656
  0.13276120035845979  0.14434988357771836  0.15666400656978069  0.16930915622392192
  0.17999040211789835  0.18978665229615158  0.19953574584553299  0.20927803520642171
  0.21882937813077419  0.22828886098633985  0.23827586356476113  0.24842967054152865
  0.25870521174434563  0.26911039870355041  0.27977777175861968  0.29058295028840564
  0.30020445057756945  0.30874638764729484  0.31720381057100422  0.32618699466317169
  0.33575759258511073  0.34641366307948923  0.35600861666682287  0.36560506806730758
  0.37571356669412448  0.38632801184797783  0.39829721858678935  0.41132574282748957
  0.42408760029363041  0.43642684926921993  0.44931223138036019  0.46268675605467241
  0.47469126937695072  0.48866965314727678  0.50151979080930165  0.51399097324986187
  0.52648383812416877  0.53799857325882483  0.54893723224296942  0.55995736217902359
  0.57094926799012657  0.58235451855566001  0.59415790510966460  0.60668143102428795
  0.61920119846814470  0.63029803472904067  0.64011622347125563  0.64875092006432111
  0.65644949524403229  0.66455527582735474  0.67302601879599422  0.68054858996508172
  0.68749290297306709  0.69531058256698741  0.70464759674392141  0.71580679735192976
  0.72876624807799706  0.74258823953792163  0.75586944447455984  0.76897666756675587
  0.78147314426083547  0.79353113833341360  0.80565525630912149  0.81756872534364922
  0.83071891232956774  0.84491450486677278  0.85719935015256365  0.86858358074197417
  0.87974750025570347  0.89243629209102626  0.90411966197975802  0.91380199959599773
  0.92388425601673219  0.93336619986441560  0.94305337868215022  0.95321090575408995
  0.96375341863983066  0.97513530745345778  0.98738192011717896  1.00000000000000000
  0.00109420026018733  0.00169787747447501  0.00208324235168847  0.00238851519041633
  0.00264526271428959  0.00289293050976133  0.00313686656566546  0.00338138509552859
  0.00362091864572508  0.00386539382897791  0.00410386163656585  0.00434526939106040
  0.00457393433006601  0.00478989900017851  0.00497873220210042  0.00516262127923590
  0.00535175401481510  0.00555893857615189  0.00578594585254247  0.00606117668988594
  0.00645450702880748  0.00678986996928011  0.00710632549024262  0.00740346103645491
  0.00766539122177082  0.00790356777452837  0.00816669172532970  0.00846715974552253
  0.00878494901808598  0.00907408350200840  0.00935846045891794  0.00967565185692725
  0.01001951387644341  0.01038126139885803  0.01075734836172856  0.01118585787509768
  0.01171668550014624  0.01235270296449397  0.01307156349447412  0.01344087184760122
  0.01389629130652616  0.01428533493363776  0.01464214772612165  0.01499318322101598
  0.01536952179256933  0.01576393554210452  0.01615224387550613  0.01657204328263112
  0.01707256161918248  0.01759100463151817  0.01804646899071602  0.01845444920622991
  0.01887766144083592  0.01933052820883796  0.01979060399696305  0.02026420200274721
  0.02082696218441244  0.02141778097652543  0.02198017584324714  0.02253828555563374
  0.02320733409722104  0.02395265695802051  0.02468055223651193  0.02540137017116963
  0.02615539984898071  0.02683893982594329  0.02750796305671180  0.02819777295340575
  0.02901358591168264  0.03001633360020271  0.03156319553052413  0.03316610065399412
  0.03434737164864604  0.03565014814306292  0.03700134092119113  0.03837386390994237
  0.03991236336900592  0.04166908468402324  0.04365491037707457  0.04561328788476494
  0.04711579880712006  0.04883184965223318  0.05203145757295215  0.05729425695751832
  0.06246068206920043  0.06294914968116137  0.06294914968117138  0.06294914968118138
  0.06294914968119139  0.06758361540084773  0.13889233933861150  0.21020106327637536
  0.28150978721413916  0.35281851115190305  0.42412723508966738  1.00000000000000000
 -0.00000243643783317  0.00000699734293306  0.00001902146651622  0.00003117255612274
  0.00004245432909936  0.00005258519925531  0.00006181929354960  0.00007033916471888
  0.00007822244325394  0.00008567687961441  0.00009223866504827  0.00009963644429675
  0.00010796992560773  0.00011681650935523  0.00012695587560059  0.00013791177959894
  0.00014969825866915  0.00016209282265368  0.00017390067269042  0.00018398027724257
  0.00019431507387039  0.00020591362082939  0.00021691676297453  0.00022796003476226
  0.00023947961794429  0.00025232532002098  0.00026683358387265  0.00028145774842237
  0.00029827569773812  0.00031940947209433  0.00033981193689963  0.00036044845246172
  0.00038224900672873  0.00040427213234328  0.00042518034499185  0.00044573054883696
  0.00046759678746656  0.00049074359581369  0.00051638691319915  0.00054314249628050
  0.00057078388194727  0.00060187152552352  0.00063605620467440  0.00067275572672264
  0.00070932394970734  0.00074577847066349  0.00078435244834048  0.00082397496077734
  0.00086507605976555  0.00090977636379093  0.00096222098135249  0.00101978805259863
  0.00107454703966983  0.00112527846474038  0.00117696194742610  0.00123388008761343
  0.00129389102432039  0.00135814138403779  0.00142717222332765  0.00150823419889132
  0.00160074480020789  0.00169800567109080  0.00179848450272336  0.00190359391386857
  0.00206981113296529  0.00226522530370176  0.00253204334924018  0.00280360168288881
  0.00308413560915495  0.00340049343119271  0.00366210065362389  0.00395071364232039
  0.00426133339655722  0.00462423153588191  0.00513980865407127  0.00562832718222073
  0.00597845489214527  0.00628163869839659  0.00658614868397711  0.00689454694309176
  0.00757182785379180  0.00848629146885934  0.00964661449291641  0.01082787929584952
  0.01250694906106579  0.01446805827444873  0.01663996610330467  0.01901698762589122
  0.02162299502157810  0.02496154872246852  0.02987539156821827  0.03501423371243575
  0.04242614212459993  0.15526695377440214  0.45311532203613669  1.00000000000000000
 -0.00239256189108959  0.01091210761814429  0.02188189385211285  0.03432925256764923
  0.04597934572651809  0.05730000645554237  0.06887881848213027  0.08060461958018003
  0.09023634929480340  0.09841176107618370  0.10628030676617391  0.11487902114642801
  0.12454831870308715  0.13412806174866121  0.14321080122325164  0.15277348069794430
  0.16309036199267238  0.17396719250051562  0.18383724919143835  0.19440715113270329
  0.20501403899195650  0.21520290235097064  0.22302772135856752  0.23099279911593190
  0.23937297378712569  0.24839177967338238  0.25940673246960977  0.27153558962536362
  0.28335885313573800  0.29439768461599797  0.30539628294711568  0.31832359525796411
  0.33343385098297235  0.34779237510150612  0.36145587344387953  0.37441001336286400
  0.38647792877511561  0.39860664264040874  0.41060115125073021  0.42241860639550594
  0.43363399570067340  0.44313613563376653  0.45108329756074833  0.45914713831823234
  0.46794748882662585  0.47753168813720914  0.48719485241557514  0.49612738114672406
  0.50534922083941392  0.51503368630765678  0.52543753628958034  0.53659369775543597
  0.54886019380154250  0.56128725190649431  0.57324670669223265  0.58421467506035796
  0.59458934142500730  0.60529602723388132  0.61499766006022538  0.62314564810881545
  0.63135206153407919  0.64026478366803941  0.64984475513091144  0.65971505015283871
  0.66879744898842020  0.67690736743184443  0.68548423857598306  0.69425781520671848
  0.70340352047208266  0.71313519650068935  0.72289623024999738  0.73237788650208480
  0.74410452836135210  0.75646481216647332  0.76936815758215316  0.78132083343549996
  0.79096382302087520  0.79845045562965555  0.80516637425494630  0.81119173621862983
  0.81743303896862152  0.82613457738793383  0.83558370471953869  0.84745913765290992
  0.85992642817943976  0.87268888324436067  0.88571651555824682  0.89989036514502574
  0.91373684535736055  0.92690592673953942  0.93969156937237186  0.95223171206526125
  0.96472200568347777  0.97686884368039661  0.98833035851890871  1.00000000000000000
 -0.00212458420316176  0.00961435852596753  0.01982996422085077  0.03000316247292060
  0.04048348740679677  0.04962348150722593  0.05900782816263615  0.06852706610137879
  0.07840796062331842  0.08847931523254705  0.09794236783098899  0.10881618917835652
  0.12238740733502439  0.13372794634434726  0.14390081414385197  0.15440216104294119
  0.16604535527404468  0.17778888807408874  0.19016640905313556  0.20423752651112859
  0.21786941473120386  0.22856222711871865  0.23970996993149399  0.24979464535013679
  0.25851245035545323  0.26666843410436608  0.27507572799426389  0.28391538105279557
  0.29311805476021485  0.30212192252480641  0.31077788690175695  0.32079170106275767
  0.33070270852638717  0.34282111169091395  0.35382786328875820  0.36574184128051895
  0.37837507945054533  0.39147601299039797  0.40425334947641078  0.41607113263151674
  0.42715390669228742  0.43756725729608265  0.44792892792052647  0.45774864054609399
  0.46657805842151095  0.47502652513224763  0.48392246592232874  0.49275185526748888
  0.50148947326996096  0.50826410360670382  0.51418677263075618  0.52086974107963169
  0.52892277103224505  0.53786424806942590  0.54811012618044064  0.55855738968627178
  0.56964972839703953  0.58239735588864294  0.59540172026208060  0.60760144102710567
  0.61838774628314785  0.62896589752328713  0.64055427448041158  0.65260025174613989
  0.66316378244435581  0.67461384411613012  0.68681227354700836  0.69867466623952446
  0.71037528543874673  0.72207137898278007  0.73374268521537755  0.74559117781333195
  0.75858453451168995  0.77171159642667131  0.78447747468226514  0.79709179853732304
  0.80934320251160974  0.82102913935426636  0.83284373623148078  0.84421689950418355
  0.85524378495209030  0.86663322425158817  0.87685322610531213  0.88671289688797328
  0.89716093648337236  0.90785457776631429  0.91948156258974889  0.92848307615063308
  0.93752449114871828  0.94636894937402405  0.95432541062862997  0.96182141614161365
  0.96964027995319280  0.97708193449853953  0.98663216778733187  1.00000000000000000
 -0.00120786819887726  0.00637054482842082  0.01316284635791382  0.01973493119495442
  0.02600072537670664  0.03210759715372621  0.03804014526054090  0.04423690275067475
  0.05034071855270845  0.05636492163171911  0.06286344540032211  0.07055373163998030
  0.07901144672006952  0.08648109166982489  0.09166073745419698  0.09681288267883874
  0.10195202569364875  0.10712000756010288  0.11419344530097511  0.12220914047348876
  0.12979467394471400  0.13694743572410881  0.14410929533956959  0.15153554421003404
  0.15890696021220388  0.16636371903067959  0.17460354852099577  0.18303300441598619
  0.19175600604924287  0.20009826960515675  0.20761518874879956  0.21496295761462109
  0.22249891229838148  0.23021452923282973  0.23848821200967471  0.24723395221897618
  0.25602471472485255  0.26422966301437378  0.27110805771877933  0.27680440808853030
  0.28293497109837867  0.28970457014259066  0.29738392926308543  0.30543129180183809
  0.31228413711623348  0.31963571876523683  0.32653212401065718  0.33407326609835436
  0.34119014335808640  0.34856541288729004  0.35563186500167571  0.36308680906315693
  0.37070539029896088  0.37842807518990701  0.38533119834495472  0.39256029231637407
  0.40139577001302945  0.41164632280257218  0.42067068415883702  0.42884650487925075
  0.43762644329255690  0.44738973153678979  0.45712455369166738  0.46680033389497982
  0.47669843425829694  0.48846594111312608  0.50190010014267572  0.51525769002056387
  0.52671702523121100  0.53812256061180430  0.54978002029831197  0.56222091796287377
  0.57539959327090884  0.58778772642987431  0.60010598089009470  0.61097219733967245
  0.62070813101513578  0.63147252606707549  0.64378185334809290  0.65879451703518144
  0.67467533648396227  0.69025006917986920  0.70618345741474042  0.72238706174656042
  0.74107618033465583  0.75933899323778786  0.77893358706512383  0.79669780171770888
  0.81144487872612536  0.82557062869980924  0.84268739608212484  0.86264425091249697
  0.88435829157342460  0.90939317277320542  0.94568147201156938  1.00000000000000000
 -0.00170411900035713  0.00791689105297489  0.01637590813080648  0.02543373016735796
  0.03406990226183627  0.04259980601125271  0.05157804478920727  0.06163921346008278
  0.07289486912146602  0.08447966560170325  0.09511132925079176  0.10508848058537557
  0.11527220134743030  0.12594131906474479  0.13785197482141934  0.14855980470112848
  0.15879770397283910  0.16779780140691058  0.17686910003763329  0.18617554448818971
  0.19785567675995352  0.21115649465390796  0.22454106248663486  0.23345254244037619
  0.24165195727191910  0.24956722414349139  0.25858390322788649  0.26935810762036588
  0.28165564964835260  0.29271088858667405  0.30136488999597499  0.30856880774401230
  0.31576985340268421  0.32359855306687857  0.33213993249896928  0.34107114515490594
  0.34966121408382222  0.35861106883276928  0.36753712285426682  0.37650675957179863
  0.38645192212031748  0.39827612112618271  0.40984261644402253  0.42004792236594035
  0.42942177281867394  0.43887654749523591  0.45003619970866965  0.46162432235246276
  0.47341403004773669  0.48517023409494259  0.49717734581295525  0.50943946490930969
  0.52130813578808421  0.53279836635608246  0.54425927887965408  0.55590358779149751
  0.56749104534638517  0.57781281680303898  0.58750585635969821  0.59698209233393507
  0.60667037999722029  0.61734780222304408  0.62895486450265059  0.64095276695594527
  0.65269017518886807  0.66441416904973238  0.67595366866480955  0.68818880980779318
  0.70005103730130303  0.71166636494738666  0.72251113936926992  0.73322811623557582
  0.74394612626237422  0.75493742053943991  0.76631559497954038  0.77876482901718569
  0.79196745622003362  0.80466664272671340  0.81570216447767840  0.82496852206970006
  0.83403910662098890  0.84416777833283030  0.85478519424613431  0.86506234110915670
  0.87519004510137199  0.88639696732231543  0.89676803483850254  0.90692593791363829
  0.91777502864105787  0.93020130840485860  0.94283663852369348  0.95370748335515887
  0.96376072918878852  0.97427942001708190  0.98589703015177022  1.00000000000000000
 -0.00182530170003994  0.00889577183281051  0.01874030529049353  0.02972420497353747
  0.04121127196073909  0.05312962495648637  0.06364359997979308  0.07496953486386197
  0.08729523072305430  0.09915153769806660  0.11091464279282454  0.12268176486438283
  0.13243523742198818  0.14184408435155837  0.15096109340713693  0.15996518128768622
  0.16916761513014028  0.17875504344355231  0.18919355804883886  0.20102372390117143
  0.21322342618426518  0.22587406725148831  0.24083969422202448  0.25363697419911418
  0.26378649672191012  0.27367597564321328  0.28333761439063737  0.29274435357109613
  0.30290856741954431  0.31229712866553266  0.32190220394491609  0.33236753669950531
  0.34198588738052577  0.35154495959624676  0.36137033678033431  0.37086391679897918
  0.38018853657258517  0.38939049350030874  0.39970823919668252  0.41206436327577300
  0.42135968844728550  0.42946607065062142  0.43789190858745503  0.44607690127555355
  0.45441898876218190  0.46335143312686905  0.47231821910481919  0.48179351306721374
  0.49364669233916864  0.50679210416265719  0.51999610183507916  0.53336228884412507
  0.54506465835093110  0.55490315890738617  0.56433102556213854  0.57405842809720076
  0.58348799268705731  0.59240658938517798  0.60128356339950750  0.61067165940618606
  0.61977939304229646  0.62881482341997630  0.63873242762786475  0.64965582103282915
  0.65878793240013700  0.66700833743081167  0.67529136981606097  0.68383123978394023
  0.69306754712960783  0.70673351013657948  0.71974468475574160  0.73330343112441243
  0.74577652368534297  0.75642106747381599  0.76626170826868378  0.77702652521851723
  0.78799153540065225  0.80075242692162485  0.81262973636753011  0.82455117789521637
  0.83618190441380724  0.84736181080478934  0.85808204912632102  0.86896106473039247
  0.88022433323242555  0.89122213471820799  0.90151368393765341  0.91141540911318664
  0.92145611726196686  0.93162499138592103  0.94256222475503282  0.95318900312104060
  0.96435164619389258  0.97527270361416551  0.98751387892374798  1.00000000000000000
 -0.01901102544777202  0.40793819454947788  0.53504147928672308  0.61165510142201696
  0.66241655163426549  0.69890549100625732  0.72901329913544255  0.75463439836745527
  0.77582607891878486  0.79398252905479139  0.80869099911571696  0.82172400841888560
  0.83330591129927845  0.84377337606971692  0.85367373309486805  0.86236131341228006
  0.87024732550161576  0.87759223078849202  0.88421691189487439  0.89045777856594688
  0.89639506845943318  0.90164405434854877  0.90661591660637930  0.91130591979977016
  0.91569409364251919  0.91969922612917887  0.92349328977974432  0.92714526587867341
  0.93064100058555577  0.93399397963325803  0.93727252101462744  0.93987860790308908
  0.94235902945825922  0.94493333730971640  0.94758599459336468  0.95023110416931311
  0.95266636702858165  0.95493975428562894  0.95707796285748370  0.95889038555064254
  0.96038909041387399  0.96177061435980227  0.96308935118741223  0.96436925743425628
  0.96564819726855500  0.96684958171096247  0.96798536334920682  0.96908368935402933
  0.97020025984232527  0.97133073766309430  0.97244395781079174  0.97355806463432260
  0.97463281673674684  0.97554807442483693  0.97644047324015248  0.97729749936576937
  0.97812768665617411  0.97890002270166876  0.97961499304154287  0.98032559637258554
  0.98104120150856755  0.98176767068415050  0.98250029686374096  0.98323239985754252
  0.98397275063094802  0.98473606060172081  0.98548829312267638  0.98617931245036106
  0.98682498518414996  0.98745153457763823  0.98807241461712736  0.98868443657627969
  0.98923896816356771  0.98977926717379905  0.99028965514024270  0.99077083799505672
  0.99124768577803146  0.99162903437678940  0.99196943454241360  0.99228767265416906
  0.99260426609635277  0.99291376174170898  0.99323727326161282  0.99360335705488734
  0.99400936796276840  0.99443377984668790  0.99485927044203715  0.99528878958095690
  0.99572490378187473  0.99616473724190346  0.99660680458665984  0.99706534803849134
  0.99757292321404556  0.99815542303691596  0.99893973644793710  1.00000000000000000
   1.6271145171299044E-011  -1.0000000000000000     
 F F F F F F F F F F F F F F F F F F F F F F F F F F F F F F F F F F F F F F F F F F F F F F F F F F F F F F F F F F F F F F F F
  <DiscreteSampler_grid>
  grouped_processes
  1 # 1 for a reference and 2 for a running grid.
  10 # Attribute 'min_bin_probing_points' of the grid.
  1 # Attribute 'grid_mode' of the grid. 1=='default',2=='initialization'
  0.0000000000000000 # Attribute 'small_contrib_threshold' of the grid.
  0.5000000000000000 # Attribute 'damping_power' of the grid.
 # binID   n_entries weight   weight_sqr   abs_weight
    10   10   9.784580989426894E-002   8.477788993173592E-002   9.784580989426894E-002
  </DiscreteSampler_grid>
