  0.00963846799835924  0.01670813584868246  0.02685292856801356  0.03871976259226059
  0.04928648181229029  0.05936870247090826  0.06898581868805535  0.07853726402586772
  0.08752237696450113  0.09554132886382058  0.10373615076731373  0.11224654629250046
  0.12090900258487171  0.13001741622983864  0.13977906364391873  0.15030787815797131
  0.16241025779149973  0.17438417426952882  0.18588818226582918  0.19789165467798714
  0.21020851219251066  0.22158612500878141  0.23235056247928629  0.24247122881965782
  0.25342824825943000  0.26476298299648671  0.27617333205726158  0.28700627929413208
  0.29812737484305690  0.30976719026211130  0.32188630855222677  0.33429644146335552
  0.34724810072799372  0.35921221284826488  0.37030165933595904  0.38000326192687373
  0.38920212317643632  0.39854544228562061  0.40835059333653878  0.41963913154457866
  0.43203940737271324  0.44371298001766257  0.45463859803500584  0.46443076858330257
  0.47336923053900254  0.48293580333640146  0.49229735557201559  0.50123747768219340
  0.50992514145420398  0.51950566595523051  0.53142078770080003  0.54391377879770331
  0.55597032205939834  0.56771497136516602  0.57994214193703708  0.59182085515995286
  0.60257437100253419  0.61226244694736465  0.62164083164592676  0.63129865836197796
  0.64123204786992460  0.65143732913355090  0.66160024690749453  0.67186319309801656
  0.68191490385850684  0.69209094550963779  0.70277053212104135  0.71427347596429691
  0.72590543487901937  0.73751914890221681  0.74881923343491386  0.75976618581087318
  0.77020514970935583  0.78123738258356834  0.79281829656244496  0.80519052900416432
  0.81717914291010074  0.82868787533060106  0.83989317567562993  0.85070318418893931
  0.86133277601014624  0.87178960745543777  0.88099711296418481  0.89016429748780646
  0.89998333909866313  0.90968137412963224  0.91907198219647679  0.92798566623327394
  0.93707117943376805  0.94633123969927957  0.95583117217508629  0.96533944008946848
  0.97464226076669924  0.98396394800052456  0.99045869037352308  1.00000000000000000
  0.00111013648259871  0.00158990247805587  0.00189213727570869  0.00213502274994818
  0.00234812632062919  0.00254004246906852  0.00272562595464017  0.00290536013039074
  0.00309251420845879  0.00327354256034693  0.00345438851183340  0.00364283013026114
  0.00381556145021628  0.00398168756214998  0.00416002383624825  0.00434249671032643
  0.00451381997314566  0.00467648174849485  0.00484226951562398  0.00500800217980641
  0.00517747036580026  0.00534593636357737  0.00551939785203867  0.00571029025052255
  0.00591724797818169  0.00615197450030393  0.00640342134734298  0.00664405298266200
  0.00688171933247731  0.00712225573221342  0.00736793263329088  0.00761048892955795
  0.00784788001462760  0.00808892518873196  0.00834334364679690  0.00861233214665234
  0.00888352912070975  0.00915903878440715  0.00944230905769341  0.00973842348126082
  0.01005550663058462  0.01036345077003487  0.01074178902511322  0.01112465581265780
  0.01151838549623495  0.01192052281896907  0.01229770548347127  0.01267033904279644
  0.01306392941184437  0.01345713825807204  0.01386509845769988  0.01431728174659100
  0.01477159809082965  0.01521627430502959  0.01575134553333128  0.01631167398953781
  0.01686312054889694  0.01743897000852993  0.01806901427864823  0.01879977902690122
  0.01958752583018308  0.02030475996325408  0.02099562420146840  0.02169249625430096
  0.02236497092355504  0.02303110982342575  0.02372654194486761  0.02446680101102235
  0.02515403413633954  0.02579085040107478  0.02647524604439505  0.02731635478187889
  0.02821270270216406  0.02917923637133986  0.03008899694816090  0.03102441414605864
  0.03213545736737507  0.03323670175278403  0.03478403466425176  0.03649800083782508
  0.03837520631569366  0.04077500287841362  0.04433790467327983  0.04855244654581414
  0.05095136938917877  0.05351305966921162  0.05591091211141022  0.05813545841276554
  0.06163832384193720  0.06647998692015904  0.07855468396214388  0.09762898986512339
  0.10192503113131979  0.10701006879362814  0.12754781547324229  1.00000000000000000
 -0.00000144413176643  0.00000541580896171  0.00001569302921670  0.00002553970791696
  0.00003470706317681  0.00004350751337148  0.00005244908679423  0.00006188828382004
  0.00007097586208572  0.00008003845471616  0.00008876879141541  0.00009740001539395
  0.00010579553443594  0.00011421999255183  0.00012294212455927  0.00013214091814935
  0.00014188675833619  0.00015211863367604  0.00016297826216208  0.00017429272955258
  0.00018612598226780  0.00019923712989961  0.00021219553315238  0.00022445389195767
  0.00023683834022933  0.00025035534224609  0.00026509717528225  0.00028095406001171
  0.00029835797257686  0.00031736184434263  0.00033781130033562  0.00035792599264714
  0.00037962055428894  0.00040193452818045  0.00042504413275218  0.00044889114407660
  0.00047286189399108  0.00049673635537174  0.00052175582346581  0.00054646094805347
  0.00057383452517745  0.00060333717380210  0.00063607890343389  0.00067141983451549
  0.00070706496349988  0.00074094905247258  0.00077556214624964  0.00081057731106468
  0.00084600334170211  0.00088161316799773  0.00091906659036349  0.00095817212769009
  0.00099894110055951  0.00104232532406451  0.00108905506217354  0.00113765269720795
  0.00118952754514348  0.00124090566802391  0.00129721128907369  0.00136505941806295
  0.00144395326523427  0.00153168147657344  0.00162672964369657  0.00172735924043589
  0.00183243770519483  0.00194328140927226  0.00206417396206312  0.00219937790675008
  0.00235711320304114  0.00252698924278680  0.00269529506550668  0.00287672911464574
  0.00306963523184075  0.00326392969599829  0.00347383532733801  0.00371997355852649
  0.00398666207156518  0.00426907423630209  0.00464907555187595  0.00514692105382403
  0.00574360682534673  0.00634359480185696  0.00698427739671285  0.00771263905626988
  0.00863208704444926  0.00966687067014094  0.01084852712295015  0.01283789222704680
  0.01529281190198150  0.01798812366042715  0.02133914409145862  0.02800643478266659
  0.04122521031307140  0.09214380212999618  0.18202395132425433  1.00000000000000000
 -0.00234306989980594  0.01018318869492631  0.01992514649918467  0.02965868102005828
  0.03958425529820112  0.05003295631636313  0.06060027800319809  0.07152228271663838
  0.08307705204508690  0.09616394384740808  0.10860417766127174  0.12023283404339423
  0.13113113583951100  0.14111093557897911  0.15162519097064478  0.16243201186273987
  0.17282120024985945  0.18277457839737535  0.19243820389466954  0.20203918813061930
  0.21171882149679025  0.22119151267106674  0.23092019892946561  0.24127632280135181
  0.25262568279968811  0.26522578082610315  0.27774259629291470  0.28922942884959840
  0.30032692224109314  0.31105253661979221  0.32110053572962211  0.33075365114016742
  0.34155161345903012  0.35223025499582539  0.36246190816112256  0.37199566317865523
  0.38155485890844326  0.39163359316550012  0.40203868101327900  0.41336752748632111
  0.42377995804428453  0.43426258683222074  0.44413109904626946  0.45426149764870860
  0.46418694465916194  0.47365340811685036  0.48340935779503219  0.49306537513280208
  0.50284326425585946  0.51279644702556926  0.52269608026981595  0.53266750702117849
  0.54300651082664153  0.55367429824245751  0.56526677901311195  0.57755973572937014
  0.58962046792233158  0.60073384777166661  0.61077186479323109  0.62016655528614517
  0.63037794159269633  0.64047992359755501  0.65018701356635733  0.65976820383298962
  0.66991859788019970  0.68116030479465561  0.69238182258849623  0.70318349533815816
  0.71401453630001088  0.72491945213317022  0.73573227799363272  0.74609846460034923
  0.75664505584702590  0.76710559017973512  0.77762011682687193  0.78850430087028234
  0.79935564256718439  0.80997539125780493  0.82025208437307440  0.83075701864025997
  0.84129369858806458  0.85201828540555535  0.86385907777783821  0.87605384598188751
  0.88760144444531452  0.90012221723046748  0.91294879322697109  0.92586762547699564
  0.93774844336153995  0.94807872780604685  0.95792091060783713  0.96718872877226247
  0.97585899741268045  0.98400762753232773  0.99200034599852205  1.00000000000000000
 -0.00250022427423098  0.01051755179083046  0.02165772545530503  0.03219323059890179
  0.04277464646682264  0.05283068196296255  0.06345194684944620  0.07543061449576859
  0.08730711816011372  0.09882267803652642  0.10966196330699937  0.12022768311545920
  0.13104579373673184  0.14155127086262140  0.15137258685598301  0.16100770936947867
  0.17114944533043072  0.18179686016337357  0.19199951252718223  0.20197544295257899
  0.21187938431087228  0.22202291010980166  0.23174599516951097  0.24132966818473789
  0.25142463273374016  0.26228529355617841  0.27325665875406058  0.28412572812420961
  0.29506234125654246  0.30567827977330408  0.31576679165385774  0.32546543690110047
  0.33565008155628473  0.34640491828069941  0.35713916212132046  0.36760370866034925
  0.37812701310825997  0.38866570997047478  0.39927150982079557  0.40994029612483723
  0.42034810160573305  0.43046309825441492  0.44057298712080795  0.45165147117038174
  0.46355456634468040  0.47446079387798890  0.48488307965543076  0.49553311123179739
  0.50672874384558131  0.51872109393830268  0.53123599740466787  0.54472093848868297
  0.55912227706163475  0.56896191822919884  0.57756151551043144  0.58638220327503698
  0.59514559060237315  0.60402256664750376  0.61263666159481744  0.62150136102561504
  0.63207659562989660  0.64434517449941220  0.65649238410308397  0.66783874568151103
  0.67837030168456203  0.68858943523861582  0.69876717324598703  0.70873056815245417
  0.71919362808140819  0.73046319855106323  0.74195941694340961  0.75282692734005563
  0.76209216357959231  0.77163335900318408  0.78160111376849473  0.79191244544623218
  0.80183954690295556  0.81149391947366512  0.82164715536469946  0.83215950653142956
  0.84223959936549098  0.85245258117111344  0.86368630495005316  0.87566316042599424
  0.88700187816185905  0.89791836136338554  0.91046904633400227  0.92331996048269016
  0.93561277929336006  0.94731592125003683  0.95813904864809996  0.96729689283150422
  0.97619113044824479  0.98415166942606813  0.99208007960634526  1.00000000000000000
 -0.00223592978507449  0.00926284569918340  0.01843888338837334  0.02642647644574314
  0.03375830608360671  0.04099531906749408  0.04843809702018240  0.05549908186931626
  0.06242993868038569  0.06931018025088065  0.07579365183842829  0.08203969596380056
  0.08799443457207684  0.09400723585952511  0.10031712256568823  0.10697562254502355
  0.11402902110574817  0.12113824685231972  0.12786653421242761  0.13420708766689798
  0.14030882874993361  0.14633827046035802  0.15251268529267864  0.15872463421753091
  0.16477366748882258  0.17041780971418655  0.17584518311033914  0.18151964842211948
  0.18773284725956843  0.19458717118855975  0.20158712514377286  0.20839940989048794
  0.21499985872625182  0.22150697347931964  0.22822822478904545  0.23556601353725526
  0.24336402336451424  0.25086106285983611  0.25804509773839585  0.26493363699627887
  0.27205502089021011  0.27994619145979327  0.28840195062046226  0.29658895196876250
  0.30472365933109241  0.31311447838105022  0.32227671859526091  0.33189375994838388
  0.34115492898739969  0.35019935139461150  0.35953300923667780  0.36899572190735752
  0.37871069743078578  0.38800814565985198  0.39720111792424845  0.40649441702859213
  0.41614432913141486  0.42653116577817540  0.43757195986949082  0.44874305577779594
  0.45968359362094680  0.47042655902955399  0.48114147920997080  0.49183111652055311
  0.50249307001303778  0.51327737287900965  0.52352370544051308  0.53347755596328450
  0.54339574191167028  0.55407145863307150  0.56555276160069712  0.57740307979678318
  0.58857876659334696  0.59924412849434794  0.60953694967668359  0.61970131087530378
  0.62973106162769832  0.63980511180203203  0.65041186834071574  0.66166447969761943
  0.67483319053642821  0.68924200943745839  0.70298170035804886  0.71733862645286406
  0.73255070498239050  0.74863016330300658  0.76596892833239050  0.78216505010320381
  0.79873556640717658  0.81610125916841780  0.83572930086078023  0.85766522934451550
  0.88387596977548355  0.91563992808205830  0.95121996031448941  1.00000000000000000
 -0.00260061758332714  0.01081910549469425  0.02249745392602650  0.03361605640831676
  0.04527651720144014  0.05655236366695093  0.06750835211301950  0.07792001608716251
  0.08879888731165504  0.09972125265866318  0.10998449042012057  0.11981598394727047
  0.13000974776296387  0.14081683886959603  0.15258053836459862  0.16425680247619096
  0.17585943483375566  0.18706203904047547  0.19938362690226086  0.21129508962583865
  0.22200539052839222  0.23199000363936201  0.24235598968351352  0.25212244549169832
  0.26195814884622004  0.27100161133869954  0.28130998276029456  0.29196541263396475
  0.30221800450871350  0.31249817119254142  0.32242352704868821  0.33134277990385613
  0.33987679134613269  0.34854698800299377  0.35751008256917560  0.36758786394751314
  0.37706424756936602  0.38715954976868200  0.39726552852631436  0.40769073378407356
  0.41757729673340843  0.42803795053312965  0.43942083266457216  0.45332651559670117
  0.46567318543936481  0.47690491253902856  0.48741580786069427  0.49727337390677445
  0.50681623510731100  0.51647482603407469  0.52676284166062681  0.53777301120329635
  0.54894717522738901  0.55975123710475483  0.57030322379703247  0.58078273042336659
  0.59140252906682655  0.60277299480238178  0.61487153599838251  0.62732518890832267
  0.63941658007372038  0.65101783084230336  0.66179769687301493  0.67210922388361405
  0.68283818878370373  0.69342898194985791  0.70429486115120032  0.71456480032655501
  0.72430075023183860  0.73426660917134057  0.74447565784687642  0.75525954175030241
  0.76667359646399524  0.77791520972989703  0.78889310103740973  0.79930498927093174
  0.80960942008433745  0.81970460526200184  0.82950224766475777  0.83964952636419177
  0.84991791884254686  0.86000898626429834  0.87041747430376892  0.88087552752986775
  0.89146591954657384  0.90255570247563821  0.91368956031711235  0.92442157192930297
  0.93440157043688399  0.94406029100665612  0.95335404406278901  0.96226777917164330
  0.97114378191521711  0.98043225487038299  0.99016627407325541  1.00000000000000000
 -0.00245774191157718  0.01000726109725143  0.01964294123430358  0.02965620623177664
  0.03880188176095446  0.04894550090724244  0.05963177927308243  0.07032892383807218
  0.08107761281795398  0.09172318876235502  0.10244939834448880  0.11297101374669970
  0.12323087233632742  0.13353359119413893  0.14436149364588599  0.15634197995699300
  0.16916635693303633  0.18042983236737994  0.19072074809754386  0.20039843581369016
  0.20987933453767227  0.21937262591897375  0.22947649181131699  0.24027387626788210
  0.25166665807262290  0.26255670985194124  0.27342084877927642  0.28446560225552220
  0.29536299789955661  0.30601137202867390  0.31709284644865288  0.32824471161921026
  0.33983894334333992  0.35171255108385341  0.36360620987955772  0.37512930604590372
  0.38560058108627848  0.39530580075117228  0.40443127813393781  0.41265166444930979
  0.42066397451125953  0.42906417317001017  0.43860179788595482  0.44921396760173360
  0.45976195463140557  0.47028690981768889  0.48067761716438223  0.49071906337738580
  0.50111516453549387  0.51195598229516337  0.52236658108525147  0.53250591035505956
  0.54254224888635194  0.55319600868661967  0.56400907689363688  0.57566508408655714
  0.58614457821113120  0.59547662006911983  0.60454249218596734  0.61401994544370242
  0.62370203994745588  0.63335808212528688  0.64355535085264948  0.65451784287557768
  0.66579703172626659  0.67689888310607194  0.68764270320159671  0.69826851916955091
  0.70855074460853207  0.71865655552643304  0.72901912341867858  0.73962347354211644
  0.75059947477356570  0.76025186757701513  0.76991278707818789  0.78001570606899417
  0.79050327565541845  0.80162755315675016  0.81271815540631043  0.82528764845872937
  0.83819353663012708  0.85055274409243731  0.86335468069191768  0.87567691700330985
  0.88695962376434634  0.89839904993299391  0.90946594365274036  0.92085598338750974
  0.93190103927979961  0.94195230692343246  0.95132129918796982  0.96124987553844021
  0.97133493257763570  0.98104402804294144  0.99035509331391669  1.00000000000000000
 -0.01765925934543525  0.37418450734430442  0.48513456327042609  0.55032896621778649
  0.59966830800184368  0.63664373559836340  0.66375718572196563  0.68706116007483864
  0.70797549189657472  0.72671693358975054  0.74328843161110980  0.75853357100470842
  0.77193427216792465  0.78379108876479719  0.79450495032164214  0.80398097851402250
  0.81299057218939874  0.82115811088612367  0.82887918963698370  0.83603901445966999
  0.84268151035236960  0.84938335981465729  0.85567604415883391  0.86129018783180933
  0.86659032759570287  0.87184861434304595  0.87688545480335967  0.88147941187394085
  0.88578458654810677  0.88986483813038741  0.89388903509943496  0.89770928020312091
  0.90125720026959411  0.90465714617797954  0.90794795034583153  0.91113908411137556
  0.91422250672991068  0.91717310508572603  0.91991146771146448  0.92250440172970349
  0.92501671001163055  0.92749109172484590  0.92987473091914996  0.93217197627117654
  0.93454482755325852  0.93674393952926793  0.93880242575498052  0.94071783567638279
  0.94262997851768182  0.94446760283480669  0.94623073196585306  0.94794986534551984
  0.94964843727017734  0.95134253538133440  0.95304282715261168  0.95476485282427859
  0.95646933967719028  0.95804509232279278  0.95950175515337621  0.96083770263124790
  0.96209077274853116  0.96332895415557118  0.96458008355265568  0.96584305582647045
  0.96712285046284374  0.96835445201557102  0.96954236051512899  0.97069590337977241
  0.97183094900414613  0.97295715179541287  0.97405987248791337  0.97513296358220258
  0.97618447286485610  0.97723031456555853  0.97827787915202902  0.97931148341185548
  0.98028264723956782  0.98122578108740410  0.98215366381210889  0.98307391392820831
  0.98398839322367904  0.98489567844415915  0.98577549142818721  0.98664668144315226
  0.98753896270302577  0.98842765258154164  0.98928765670429775  0.99013910070785360
  0.99099595254318418  0.99185685883417096  0.99275374421201334  0.99369900323341642
  0.99471278181543177  0.99595400670496759  0.99767912204609066  1.00000000000000000
   7.0667675936321791E-011  -1.0000000000000000     
 F F F F F F F F F F F F F F F F F F F F F F F F F F F F F F F F F F F F F F F F F F F F F F F F F F F F F F F F F F F F F F F F
  <DiscreteSampler_grid>
  grouped_processes
  1 # 1 for a reference and 2 for a running grid.
  10 # Attribute 'min_bin_probing_points' of the grid.
  1 # Attribute 'grid_mode' of the grid. 1=='default',2=='initialization'
  0.0000000000000000 # Attribute 'small_contrib_threshold' of the grid.
  0.5000000000000000 # Attribute 'damping_power' of the grid.
 # binID   n_entries weight   weight_sqr   abs_weight
    10   10   1.547406649892995E+001   2.171782998445774E+003   1.547406649892995E+001
  </DiscreteSampler_grid>
