  0.00980400551885315  0.01605623323378075  0.02461000885956372  0.03509555478703338
  0.04516227915711728  0.05521773630951084  0.06565657910550279  0.07679405518330269
  0.08788059258696726  0.09883507612636361  0.11015664517692156  0.12097926784424526
  0.13197070468270219  0.14284161295346037  0.15399485539034508  0.16518890102803904
  0.17612371696678736  0.18692825311476133  0.19746759662621000  0.20779959894117125
  0.21843838829085582  0.22887325665591335  0.23920058046635423  0.24962766296954633
  0.25964577767039565  0.27018016505284365  0.28017076521807982  0.29048329787781280
  0.30117390859728188  0.31137755200639788  0.32144077088407585  0.33126838517247353
  0.34131921840747548  0.35118398758975344  0.36085391251466031  0.37033114131339290
  0.37945824278113949  0.38859328274250421  0.39837624377120995  0.40794037043637887
  0.41727831900099233  0.42659412111062395  0.43629720959858759  0.44641422959933491
  0.45642588016257141  0.46608715413645047  0.47543713916669139  0.48492357109039680
  0.49473364940014186  0.50553641580185027  0.51727229431451482  0.52927634173085480
  0.54120292615156096  0.55319755332697296  0.56475864943443588  0.57536143384867366
  0.58578978502386991  0.59621454858046885  0.60674671900419863  0.61720681570023928
  0.62737477532937302  0.63736695968214441  0.64755000509830862  0.65767281149664392
  0.66728479220573300  0.67641878692726165  0.68576368401023247  0.69610693344914454
  0.70712285917313189  0.71778527507869827  0.72816868647282429  0.73850578934876254
  0.74860716796530602  0.75860232592044241  0.76892779753190910  0.77929474376691243
  0.78942256082977602  0.79953298594764144  0.80994365376826571  0.82062089821959416
  0.83132381921496978  0.84227333077243272  0.85379198094214004  0.86561031543847167
  0.87747894758034739  0.88896511015025403  0.89995717019741073  0.90926100234242957
  0.91806413275822918  0.92701390168449571  0.93651694302686916  0.94683123370757483
  0.95721129512087988  0.96819353566429123  0.97965309818914947  1.00000000000000000
  0.00003443255528695  0.00006839184627600  0.00009315251111529  0.00011927165707985
  0.00014633640507476  0.00017619776461396  0.00020913872569351  0.00024278069960541
  0.00027623775647336  0.00031369074331626  0.00035389531157039  0.00039654445304884
  0.00043944198137461  0.00048775265919688  0.00054181030991127  0.00060190180512979
  0.00066344923562625  0.00072743517760280  0.00079592543176309  0.00087095268747644
  0.00095175330976565  0.00103823621808636  0.00112312779381357  0.00121271482610221
  0.00130492235910379  0.00139428183086575  0.00148569562703762  0.00158316434826310
  0.00167428822197651  0.00175858585015826  0.00184612818710744  0.00193840504007070
  0.00203421503141685  0.00213089569853077  0.00224155654906839  0.00237084772359852
  0.00250484611251050  0.00263366691669992  0.00276242845674622  0.00290406367184433
  0.00305055459051807  0.00321349002114923  0.00338088449856573  0.00355364448020436
  0.00373270086268317  0.00391882977295096  0.00411180769181441  0.00431057791740250
  0.00451366829405601  0.00472394712367837  0.00494237715321969  0.00516723755079214
  0.00540146963719248  0.00564610812701205  0.00590251783266711  0.00618522479687259
  0.00648308350216264  0.00679726826268522  0.00712417634110326  0.00746264012531001
  0.00781374744301778  0.00818438632252238  0.00857908895545502  0.00899007300230016
  0.00941527018764603  0.00987255640007656  0.01034028884614228  0.01082782278224474
  0.01133473120523328  0.01187287418815083  0.01248842044158179  0.01319241286936088
  0.01390446229708005  0.01461032208142470  0.01537043249672667  0.01618299478275522
  0.01704411056873702  0.01798077300094989  0.01908280463902142  0.02053547920271970
  0.02206225186298195  0.02364414309310578  0.02531166216198019  0.02728104397606795
  0.02928275956385433  0.03164368983736018  0.03430925801758243  0.03744058145705256
  0.04169763040015474  0.04704617481155191  0.05197502776570556  0.05766499493852818
  0.06451032230005128  0.07789416171146100  0.50887732317231005  1.00000000000000000
  0.00001136600717240  0.00007490773054639  0.00018438450177620  0.00032687023972027
  0.00050642603152973  0.00072229156801106  0.00096470933614379  0.00122139251743574
  0.00149421649282820  0.00178349370800139  0.00209797889094906  0.00242469760586859
  0.00276262191113186  0.00310059001463724  0.00345023661817775  0.00382109510369040
  0.00422219229355552  0.00463881274894783  0.00506547423628078  0.00550683621134458
  0.00596847432739648  0.00645317520291061  0.00694753140617134  0.00743767648340512
  0.00792490583422020  0.00839855345346742  0.00888389321348234  0.00937842199601152
  0.00990508447998201  0.01044492098116387  0.01097694673912862  0.01149890690713617
  0.01201893333427350  0.01254638188697166  0.01308425827744738  0.01367637950832580
  0.01432502966090623  0.01498942518910336  0.01566245136236458  0.01634599213695358
  0.01700200569138383  0.01764371460637499  0.01828967584406999  0.01895877333631916
  0.01967796130183348  0.02044813356670226  0.02124275651514191  0.02203675258050027
  0.02283137805359336  0.02361648499359799  0.02439261149150439  0.02521295444406791
  0.02613697793154503  0.02712836804796940  0.02810270782102132  0.02904727727015713
  0.03012342399129746  0.03114881771810977  0.03230050192943257  0.03353285176810870
  0.03481239378064580  0.03610593151244807  0.03744198674936632  0.03880411028747086
  0.04017480325183558  0.04162549529316356  0.04323189474554777  0.04499246538235856
  0.04680848863192481  0.04864116556101600  0.05070579529837999  0.05262080893636103
  0.05471400102827059  0.05700538751370743  0.05929666225707917  0.06168820598407661
  0.06452968248717250  0.06724213334780345  0.07050192239137712  0.07400355029204493
  0.07739869154270104  0.08088470718347304  0.08541227311295646  0.09006200348858473
  0.09565619694945608  0.10227677069535387  0.11003141567315837  0.11978168998009499
  0.13024984612218576  0.13861032624927688  0.14693239301713484  0.16059586672398266
  0.17325225551531265  0.18530813996228912  0.34166509771452125  1.00000000000000000
 -0.00199440615302752  0.00796365351674717  0.01743041540049586  0.02734405009593515
  0.03811594403921600  0.04869358579693320  0.05878631231552561  0.06909500994769682
  0.07968089996702388  0.09018274590438177  0.10032539469760930  0.11067183062938706
  0.12102808234533337  0.13116613288595430  0.14053572480603069  0.15006264903084279
  0.16024526742643130  0.17119958740436300  0.18268335591060017  0.19345936440394665
  0.20369642624216266  0.21344363324779847  0.22248495099834165  0.23114853218944126
  0.23951533140900103  0.24842696058895833  0.25913970334858843  0.27005394449076497
  0.27997969548779211  0.28941491746751757  0.29953275049513628  0.31014182964065079
  0.32054124247942278  0.33058153849998961  0.34125489549609339  0.35196762394676573
  0.36236620882119802  0.37240852114993167  0.38266206529007851  0.39321610927983258
  0.40395300469521128  0.41465920934614009  0.42527934524172206  0.43574339703743620
  0.44627593597925064  0.45674031212402244  0.46769538799942761  0.47918035794359154
  0.49069462573567635  0.50201752691183599  0.51303102074924090  0.52382951892635088
  0.53458626557935840  0.54495923907313049  0.55516332121099954  0.56561599437807852
  0.57633407462025721  0.58725936147703450  0.59789896388124353  0.60838047536704376
  0.62014551269578100  0.63129256241738785  0.64296341132876922  0.65444946097196754
  0.66577075772724537  0.67626269836379960  0.68694632983325332  0.69860185389325669
  0.71047132372999722  0.72142142931280828  0.73254440614543015  0.74416260900627773
  0.75577343361951632  0.76687314003569951  0.77784941160528975  0.78847736747007491
  0.79911140393266489  0.80937148352838451  0.81920153801970097  0.82888142064490744
  0.83934089023713543  0.85073754511353361  0.86076511059649286  0.87045392769455943
  0.88050161497754109  0.89060506968548336  0.90060869768594731  0.91019488354101663
  0.92095245937877190  0.93350279558265858  0.94642452675524746  0.95852283514072067
  0.96950411469654652  0.97969711056816700  0.98991063698440529  1.00000000000000000
 -0.00225724455759590  0.00896976060490045  0.01854310023304240  0.02953107555906128
  0.04120507122332595  0.05277368579137436  0.06334345113616852  0.07373908749674825
  0.08424711573363658  0.09515261565468910  0.10639906428059735  0.11781047970466715
  0.12942286084928412  0.14057386396919094  0.15131186057441273  0.16143826231151504
  0.17070780654577170  0.17958264114622688  0.18851353930572273  0.19812506903507904
  0.20751751375252134  0.21745246874591645  0.22761918731710884  0.23813132577222790
  0.24919120613624030  0.26044902292715832  0.27168198605746569  0.28272311229857450
  0.29400666730928826  0.30559724541319733  0.31693463127643251  0.32691215358591785
  0.33733723057078074  0.34803089075246241  0.35874343615227328  0.36833150199248660
  0.37797977574317998  0.38730299101498861  0.39677187613509673  0.40650944667291444
  0.41662198233147713  0.42715672908801255  0.43716459804619595  0.44694118408387412
  0.45647777914652060  0.46520565466796993  0.47436251200528612  0.48371756575657171
  0.49295877511052244  0.50180564907935810  0.51063055533669599  0.51984709114023198
  0.52988223606018248  0.54030071567677573  0.55069371233819731  0.56096053447136451
  0.57135308884424563  0.58206966765885171  0.59325492410157044  0.60482229445588476
  0.61661709617203631  0.62846469233428037  0.64026973066832926  0.65216612693073039
  0.66404439230823598  0.67589490371833427  0.68782554583266686  0.69899141433111733
  0.70983403898544462  0.72001143520733446  0.73091414723564263  0.74130506742072322
  0.75103437568378106  0.76054915699924330  0.77044773947927070  0.78155535042180757
  0.79303889903857150  0.80420561882718566  0.81499761493080791  0.82467337432358934
  0.83522091382323238  0.84604968928692037  0.85800877130694719  0.87070433437788541
  0.88302895863519248  0.89482513198812741  0.90623778187022541  0.91686104368249477
  0.92625477219709218  0.93535943755944928  0.94541747960477596  0.95635462271792482
  0.96711245499947929  0.97696000639494773  0.98813240408508707  1.00000000000000000
 -0.00164098810471021  0.00831497831104873  0.01787356907767073  0.02810354894747873
  0.03891805937582989  0.04936265656154003  0.05992162685461087  0.07067923953053627
  0.08162896552999056  0.09246194357456268  0.10324011635929624  0.11382969922794316
  0.12422327530156087  0.13434048257374731  0.14473935072915872  0.15482082442029166
  0.16492050308002301  0.17481791442204353  0.18485488429882638  0.19547917080432159
  0.20650518887643429  0.21755309905145948  0.22820097402070744  0.23860850739275496
  0.24864392672773658  0.25806546056326796  0.26674210759129063  0.27551482594197918
  0.28429340760645316  0.29320270396439835  0.30288745428324826  0.31313532363428670
  0.32400613758073155  0.33485951307727974  0.34577116303676109  0.35698252078704995
  0.36704416889551023  0.37704456089766980  0.38739090957313621  0.39781735435585841
  0.40822351933817963  0.41890100061612484  0.43048452982701457  0.44185638264326144
  0.45239822022248138  0.46271415076443684  0.47295856949000231  0.48355577475692951
  0.49462588089071896  0.50655169705497849  0.51886395178511580  0.53032049657564251
  0.54138055281746988  0.55245922527438007  0.56291701370121683  0.57232697088801987
  0.58160241390011280  0.59197353547968667  0.60310569500402100  0.61417917867441918
  0.62457576146923932  0.63483870272793352  0.64511233118121625  0.65588971338760793
  0.66731476747424001  0.67902106744404978  0.69037658037566174  0.70066872754917231
  0.71093343135870868  0.72077345081695798  0.73051492983103006  0.74039437316873213
  0.75067291110585987  0.76187733679037295  0.77277701205896199  0.78286604013485950
  0.79266484510410018  0.80286130428358737  0.81360982137630766  0.82477855193623772
  0.83566470367486645  0.84686221740627132  0.85832463276092585  0.86979923630459610
  0.88070513357163616  0.89163607610640749  0.90256726037071722  0.91267800426187806
  0.92196635577679209  0.93154680346410246  0.94172049727846852  0.95237293566903036
  0.96351410232520285  0.97591165411520275  0.98803586866359339  1.00000000000000000
  0.01061455967082507  0.01353740357012081  0.01636670731772995  0.01862742198817914
  0.02065345695927666  0.02272680514024354  0.02480351813666104  0.02683278675162443
  0.02880924100776477  0.03074887013351384  0.03263616351790088  0.03445870839590567
  0.03623145808916201  0.03799314376191007  0.03972045882576369  0.04145619963248884
  0.04312729794593717  0.04471153208605958  0.04632638745317971  0.04793949044006934
  0.04958524268385535  0.05127265888694228  0.05305446011842064  0.05490963004498954
  0.05674911593505661  0.05853013900053769  0.06034396038987398  0.06216829809505869
  0.06402782776410715  0.06592144338808266  0.06785772663881739  0.06983245069493690
  0.07176769976957194  0.07371638348909453  0.07568972839622159  0.07766509580111609
  0.07964172841734019  0.08168890915456187  0.08377859273985490  0.08594525160164734
  0.08819308332052324  0.09043779707820090  0.09268931864602910  0.09475237133118214
  0.09694976850300681  0.09917770170800633  0.10138449617547436  0.10383465937893455
  0.10659192003695481  0.10934430018371136  0.11214598445715426  0.11482774517391722
  0.11716036882541708  0.11951502625728962  0.12215020355478383  0.12481962518423981
  0.12722610918461330  0.12981066475661679  0.13246501582910752  0.13536651380095802
  0.13850879396823815  0.14193176293535953  0.14514092214426871  0.14788383047841894
  0.15018945907898887  0.15279704874396238  0.15467704056785811  0.15641762263046455
  0.15824780825992635  0.16075704288801168  0.16325365132651720  0.16610097780516186
  0.16900938100690327  0.17180180776326437  0.17431550828266118  0.17683468833672020
  0.17975499944004428  0.18384597320011392  0.18919517937427463  0.19354277872012432
  0.19762246044693957  0.20131441208735967  0.20590429693705709  0.21211586670312721
  0.22044299473016710  0.22982106577656944  0.23845314922682570  0.24725076963436377
  0.25817053215696484  0.27402377529688676  0.30385170924577831  0.32244567293393800
  0.34027904377691987  0.39626958694843123  0.65621953460592486  1.00000000000000000
 -0.00280036364673860  0.01556671458160649  0.03161146107422109  0.04827390256650415
  0.06408287278252961  0.07885998720070973  0.09271321768346460  0.10599231140059492
  0.11867351721724848  0.13118079031012306  0.14343628520948776  0.15511323251502304
  0.16599244818683789  0.17605270464188247  0.18629191377753487  0.19708770716567853
  0.20775847802987210  0.21773923222392921  0.22700100472561657  0.23634717528021798
  0.24558760427210100  0.25424154235523222  0.26246234443240141  0.27073839282991874
  0.27994033403201218  0.28981865736643919  0.29958138264506662  0.30878963566472184
  0.31829266400691808  0.32785836947771396  0.33792279148137205  0.34785187654436389
  0.35785853653128824  0.36792692913931702  0.37767473857941847  0.38744845472181833
  0.39731678853760638  0.40723651100213543  0.41717569859199433  0.42709183154844160
  0.43738240573619436  0.44810826959168631  0.45892435150933369  0.46954938262365464
  0.48048653587434093  0.49146181001767247  0.50167723751736581  0.51132546290429970
  0.52120054707444896  0.53139432387213037  0.54124571498633067  0.55102347832316634
  0.56068894398632629  0.57057526398138747  0.58097607527161554  0.59229652771529806
  0.60309099135974531  0.61255736418936313  0.62131754323242128  0.62998124024093727
  0.63881020284955947  0.64776507667158856  0.65629306434054979  0.66444053649131185
  0.67260269685849783  0.68086796821709761  0.68937260309090642  0.69831177307823344
  0.70754497925250104  0.71678500936490375  0.72586263084865821  0.73447264530858980
  0.74312977855536422  0.75181085995496144  0.76048931561898780  0.76885762225528353
  0.77688534847396917  0.78481763290036699  0.79322121612474805  0.80248133467538063
  0.81214634251763584  0.82218477678025959  0.83309382315347846  0.84432982634957365
  0.85610401772337064  0.86835286001674106  0.88048996760188192  0.89214120353128756
  0.90358556012100788  0.91509444479723578  0.92707806699083728  0.94032512667886770
  0.95504054200766275  0.96983295332180053  0.98450845879830817  1.00000000000000000
  0.01822326481615241  0.18785915893975891  0.26332257542377052  0.31734703159740635
  0.36034386537308383  0.39606006677818445  0.42750223015482158  0.45408442080004952
  0.47811804879651931  0.50093370404064697  0.52158922232971661  0.53955328160866900
  0.55626822580163260  0.57185867958159142  0.58730169744638228  0.60277931435985999
  0.61670736897681089  0.62932791509964203  0.64129561049480210  0.65225418743632768
  0.66254897837516813  0.67268713598121910  0.68227983847387508  0.69120453306575824
  0.69982053631658303  0.70844080583663072  0.71687178823465081  0.72474581808272054
  0.73240848112028945  0.73921834325938574  0.74639554069126679  0.75329854092689164
  0.76009089363863891  0.76629391924479218  0.77239165800925946  0.77822710130761719
  0.78394195589285676  0.78946263924923965  0.79476849597474752  0.80010133672964245
  0.80537442556679728  0.81049412215730909  0.81541920406270052  0.82014468657983053
  0.82477021663876271  0.82943394257090597  0.83409681121976109  0.83853250138644375
  0.84269321256381202  0.84682276315307592  0.85091709910768543  0.85499308014177799
  0.85880908981040804  0.86232420325855674  0.86571099714509980  0.86906257744376281
  0.87237556460224774  0.87566682637067894  0.87885552282431179  0.88191048196017818
  0.88492339074189275  0.88792134677432100  0.89088114548961916  0.89381850644426108
  0.89667652084273441  0.89939316729188823  0.90198801521981109  0.90456206645948312
  0.90705631168396017  0.90950126410806476  0.91190380695444417  0.91428196382405269
  0.91666674256291014  0.91912076730307934  0.92157967932530171  0.92395503221167929
  0.92636822493000781  0.92880428433199702  0.93121374817611802  0.93365965127150297
  0.93612113407150876  0.93858940684928027  0.94105295722323778  0.94346819345172994
  0.94584623063941042  0.94823601506445088  0.95071177445837785  0.95334694146351073
  0.95622160613000817  0.95931206282745496  0.96257858957929276  0.96664873407866803
  0.97102875327532712  0.97658410656230354  0.98513911823679123  1.00000000000000000
   5.7817580614456871E-020  -1.0000000000000000     
 F F F F F F F F F F F F F F F F F F F F F F F F F F F F F F F F F F F F F F F F F F F F F F F F F F F F F F F F F F F F F F F F
  <DiscreteSampler_grid>
  grouped_processes
  1 # 1 for a reference and 2 for a running grid.
  10 # Attribute 'min_bin_probing_points' of the grid.
  1 # Attribute 'grid_mode' of the grid. 1=='default',2=='initialization'
  0.0000000000000000 # Attribute 'small_contrib_threshold' of the grid.
  0.5000000000000000 # Attribute 'damping_power' of the grid.
 # binID   n_entries weight   weight_sqr   abs_weight
    10   10   2.242543895584125E-007   1.744455863692156E-013   2.242543895584125E-007
  </DiscreteSampler_grid>
