  0.00997110299491947  0.01509489471568111  0.02301675311844452  0.03194019200720400
  0.04175707523122453  0.05221748379477003  0.06213632059533920  0.07237410738837127
  0.08318729533947627  0.09424953473639434  0.10609530970542090  0.11850504382947963
  0.13107357226912411  0.14313694241959554  0.15554867490608612  0.16786604552367168
  0.17768664857963440  0.18826397059573821  0.19895069953495623  0.20861484086494350
  0.21719913862534340  0.22505844962570562  0.23333143946894777  0.24201769752891489
  0.25092464919717777  0.25890971031923560  0.26745916796453906  0.27693384833248613
  0.28649875917845496  0.29478655825709099  0.30279724779056505  0.31184036776015783
  0.32314206182753513  0.33571581150127083  0.34935627743471903  0.36332927626127637
  0.37605980348347534  0.38757262551274063  0.39791025748640063  0.40797231731753780
  0.41828136209117334  0.42909960515985912  0.43989319631457202  0.44990917895310989
  0.45945021904252320  0.46961460856165405  0.47904298668171524  0.48813264126344652
  0.49755992190083415  0.50788834409095418  0.51855509788206255  0.52920976491419858
  0.54042389530757218  0.55285864198077728  0.56554870766676846  0.57817798706048007
  0.59009139566216895  0.60107881149863007  0.61093368365250766  0.62000877324219461
  0.62925367710402003  0.63857093414862864  0.64970435910961732  0.66016092147196370
  0.66955178035123031  0.67886284630266513  0.68831019428481244  0.69837892831139625
  0.70907580689760996  0.71984060505507863  0.73107140175994056  0.74273496391972160
  0.75414519534929836  0.76557963673385976  0.77709503682264003  0.78813858725734209
  0.79861968382762072  0.80881524049211528  0.81983667188728504  0.83135881541155254
  0.84211143953294232  0.85306295244513219  0.86291537294432885  0.87267836226698503
  0.88292227192307460  0.89317041283621013  0.90261278153511537  0.91169554150528964
  0.92167585677170805  0.93150124381298449  0.94063192787938366  0.94973468614987677
  0.95978887241717403  0.97082244854264144  0.98201487003820531  1.00000000000000000
  0.00000186717750695  0.00000556666014598  0.00001261941146550  0.00002227224034281
  0.00003276059760840  0.00004269029780030  0.00005178410272683  0.00006102128112614
  0.00006988832274101  0.00007988444039497  0.00008966353531957  0.00009911645074689
  0.00010845971378111  0.00011799739786552  0.00012841212052790  0.00013952104604896
  0.00015077012259137  0.00016238108230103  0.00017498672655565  0.00018931422028751
  0.00020145248124999  0.00021473807718348  0.00022820866188627  0.00024242724835040
  0.00025716339202744  0.00027329557096930  0.00028908509885603  0.00030411155688696
  0.00031933883045492  0.00033493936926629  0.00035058350176877  0.00036876474259669
  0.00038769552722734  0.00040898530188503  0.00043326630127986  0.00045937132374231
  0.00048506471125020  0.00051128774729960  0.00053808710849269  0.00056475550443844
  0.00059344821655116  0.00062402207256407  0.00065695820293973  0.00069347015311876
  0.00073298435333479  0.00077434298058757  0.00081566990691089  0.00085450292220637
  0.00089001535932306  0.00092606434283440  0.00096574669326331  0.00100642120092755
  0.00104873222804554  0.00109550175726480  0.00114474465492985  0.00119762772022321
  0.00125984151336474  0.00131655706739886  0.00138729012934925  0.00146193254083254
  0.00153911751721677  0.00161528910465386  0.00170731302678255  0.00180791554144456
  0.00192112428935372  0.00205264180504497  0.00220534147423652  0.00236051771156586
  0.00250864002128074  0.00265846169199856  0.00282507858549589  0.00301477732106163
  0.00321196279659927  0.00341760512569907  0.00363958856807525  0.00388933948692315
  0.00415644186411542  0.00445258130443151  0.00481381680443287  0.00523121759940117
  0.00572062508169585  0.00616842095575792  0.00664197229833266  0.00727107369321760
  0.00794195242974880  0.00885254357491269  0.01002672514136136  0.01141859705972058
  0.01379813424272278  0.01792437641384920  0.02661299182468594  0.03263109307572959
  0.03943162758296938  0.07396625000789872  0.42805129322016094  1.00000000000000000
  0.00000541791696006  0.00001285309354736  0.00002186163870433  0.00003497258242413
  0.00005203105600754  0.00007915074765645  0.00012256693942109  0.00017411338307391
  0.00022579437403793  0.00028034375850264  0.00033871846932987  0.00039864529885691
  0.00046209586485796  0.00053247969884549  0.00060702258665978  0.00068534785634398
  0.00076524904689598  0.00085154884233309  0.00093496597854777  0.00101296094449992
  0.00108832992380805  0.00117173250437056  0.00126572476996164  0.00136192418651424
  0.00146308638727135  0.00156673119870087  0.00167857762708596  0.00179106114037326
  0.00191029395327870  0.00204352131269769  0.00218135772308644  0.00233911514770228
  0.00249202751293088  0.00264334636247201  0.00280037132336658  0.00297202454284870
  0.00316533815622954  0.00336181865459964  0.00353596954303625  0.00370439891600177
  0.00387075451022940  0.00406904541247946  0.00429290411623394  0.00450689459949760
  0.00470832300293168  0.00490847166531144  0.00512705749362074  0.00536905007466459
  0.00563098684819462  0.00589021756296792  0.00614857679158541  0.00641661852714727
  0.00669070628941961  0.00696026094593136  0.00726399705911383  0.00762046463928546
  0.00798708914192165  0.00836315354607837  0.00876818392240239  0.00921235109259714
  0.00968739671031620  0.01018492921008819  0.01069673268982180  0.01117179098508373
  0.01164397422436898  0.01215280126017130  0.01263752631718853  0.01313534266278770
  0.01367175851159168  0.01436633298463061  0.01508780190644758  0.01572113966796154
  0.01640376940246415  0.01718631153755801  0.01809225764796583  0.01875863215173346
  0.01945062229926722  0.02019925819612256  0.02095646630258165  0.02168435617574143
  0.02282036964416397  0.02409590631606845  0.02526764921135119  0.02678865085962048
  0.02870782302138595  0.03011650606789390  0.03666156858070261  0.04390929408070051
  0.04968783578302856  0.04968783578303856  0.04968783578304856  0.04969575052557144
  0.04972157228797713  0.04974739405038280  0.04977321581278848  1.00000000000000000
 -0.00223715730660212  0.00986430580103947  0.02076754896269404  0.03126356560434300
  0.04198487695007155  0.05260601054573676  0.06331949806106722  0.07385859000592686
  0.08445078030272032  0.09564319686709742  0.10639892202457510  0.11535615329689985
  0.12459037362901064  0.13426362213687726  0.14318446321647924  0.15169784133880959
  0.16053255413694947  0.16964012223131805  0.17805254232537662  0.18669934425755172
  0.19590960678030664  0.20567665342974448  0.21452711836366989  0.22289717294715247
  0.23138973950260119  0.24051849305858067  0.24949464680824013  0.25817822941409585
  0.26711989671756475  0.27620220875112605  0.28539104295039214  0.29557726216066077
  0.30710551023118865  0.31909164202756163  0.33065485997386007  0.34257736598134919
  0.35472384756656633  0.36360846207591907  0.37280063374640593  0.38153111366115028
  0.38884917560534654  0.39633592242191185  0.40391824718354885  0.41271455286512754
  0.42329747696467368  0.43685173786002518  0.45052254072864956  0.46327787362294692
  0.47464359580474103  0.48538854844165064  0.49590191004104844  0.50633304259402923
  0.51738514914672484  0.53017257539596663  0.54543284037391238  0.56088352462473379
  0.56970504044585246  0.57780435940255681  0.58689367988236296  0.59651012586043273
  0.60626035503769848  0.61536240533152831  0.62469816791406341  0.63848352526268204
  0.65425999614797548  0.66845039897173719  0.67991673910280515  0.69120115537004934
  0.70281973989861790  0.71483796369037200  0.72686191826389002  0.73869396682777966
  0.74977165360857523  0.75983953069953492  0.76948829530285401  0.77867738200394321
  0.78786295049441946  0.79745233352640532  0.80686863764054484  0.81626123854825028
  0.82582645658572285  0.83696573878846547  0.85018905964696001  0.86156302105263072
  0.87232929932194336  0.88310487541229599  0.89430931963099103  0.90557723910774568
  0.91699765232417607  0.92936510433202391  0.94250515655497469  0.95590495531019526
  0.96815269333406573  0.97926603320203576  0.98984013126492176  1.00000000000000000
 -0.00351455409857130  0.01152475095647640  0.02434975858384548  0.03699236093773923
  0.04966690390459873  0.06083922801737147  0.07072013121283939  0.08031466257640661
  0.09056515085983328  0.10226936518395857  0.11523740770271851  0.12850202344720654
  0.14130935216823565  0.15382967194876912  0.16670443799742329  0.18020408293890339
  0.19524129237833254  0.20882689270332397  0.21964074105280640  0.22944983861440690
  0.23900984594260660  0.24917941942459304  0.25913937876086562  0.26863821779625202
  0.27838044287941821  0.28827466575899774  0.29902460869249625  0.30993845040393808
  0.32231011538098792  0.33384435416395081  0.34393845513401661  0.35322989833493734
  0.36276893377478914  0.37320413908947142  0.38397123918252068  0.39454775564112465
  0.40541625019957511  0.41647889215103528  0.42706808578858058  0.43797621946935933
  0.44822741235742192  0.45950930247917532  0.47078667861489915  0.48265544659770787
  0.49481568304783680  0.50724383499307923  0.51990288527314310  0.53275680515187240
  0.54470758009522446  0.55574875396047052  0.56745188389921719  0.57837398486741776
  0.58944877230598158  0.60064549873159423  0.61196038362960870  0.62388045744603005
  0.63610688405945603  0.64752927621995571  0.65605976606596317  0.66475519614840695
  0.67383147176402469  0.68228248770478750  0.69001379336512170  0.69681116067714755
  0.70385847183994765  0.71138484505789346  0.71927132781992553  0.72723851775653103
  0.73421540783199790  0.74159190759429672  0.74805874075888434  0.75545804272913630
  0.76289868744536837  0.77167070428642115  0.78163598163465031  0.79214220006253255
  0.80362890055904534  0.81458844501598093  0.82548968779563048  0.83556805736763107
  0.84526524073906306  0.85479129990422420  0.86445855473839350  0.87441186730984333
  0.88483196050129809  0.89552463584494868  0.90656863823389666  0.91772314392612697
  0.92811058625000131  0.93701560715391363  0.94545494402527031  0.95363364228157477
  0.96254171005072187  0.97294621545264648  0.98598471152722522  1.00000000000000000
 -0.00228453986734581  0.00959194507424017  0.01962449247721425  0.03001407732398545
  0.04089177840965016  0.05165335409131419  0.06347422988168738  0.07549258428686952
  0.08583385790532687  0.09433251966889208  0.10187258132613417  0.10888190577866082
  0.11561517064820793  0.12287889144726977  0.13039683033133695  0.13934635022161510
  0.14893669667143888  0.15803938170850887  0.16639732076414929  0.17534375185648510
  0.18456917060862221  0.19581722244764685  0.20784609244694985  0.21932179304429009
  0.22847743452133018  0.23763861546408396  0.24717111741003026  0.25739095308211857
  0.26814543438161692  0.27922434336147089  0.29061539587361979  0.30124179556739666
  0.31201805047607839  0.32266734805187097  0.33438705621678588  0.34632276210877005
  0.35776271829041734  0.36844864040444469  0.37921826079763571  0.39035928817942561
  0.40191663537877098  0.41425061015628101  0.42599211587783997  0.43678745141891301
  0.44681750232818507  0.45738708647843856  0.46837468700897805  0.47896689088707545
  0.48934199218039570  0.49996572224425051  0.51046886130387481  0.52040699320049655
  0.53008069821570636  0.53992463089001019  0.55043886788678509  0.56231814654005297
  0.57432740765118340  0.58693770449872762  0.59898892180015118  0.61127854341364918
  0.62394687721198638  0.63637246577643947  0.64913829974831294  0.66240740430130929
  0.67538148588597480  0.68765030181742437  0.69926789372583498  0.71037600253472089
  0.72113655480654393  0.73235732136282805  0.74420454882647791  0.75523209038293126
  0.76533517878164881  0.77610295312897659  0.78806217815325530  0.80204476692326687
  0.81352477840557091  0.82392016000996904  0.83388917065853985  0.84257683164272046
  0.85137827424750612  0.85956335654606375  0.86788273532548199  0.87653826913106758
  0.88552592659743534  0.89510574063881565  0.90445295308679052  0.91357755207509106
  0.92248694457685798  0.93147515098558253  0.94203720795525270  0.95509379551191997
  0.96744235176322446  0.97839410980475305  0.98879560770754282  1.00000000000000000
  0.00087025472360049  0.00145252029151174  0.00258427617928231  0.00353343466828320
  0.00442931340338343  0.00528588020569961  0.00611316133824463  0.00692633886824578
  0.00773895643712668  0.00852733940747065  0.00930277068491966  0.01006789460961447
  0.01082150138645302  0.01155772824849393  0.01230596286765049  0.01304389176183477
  0.01376717358678341  0.01447355129905511  0.01515983423055226  0.01589885036915934
  0.01666831405123778  0.01747662639217599  0.01829461162104583  0.01908141645574776
  0.01983936682349895  0.02060247049253478  0.02133610165415430  0.02216667444529886
  0.02307143180596127  0.02399961891302413  0.02500022394923962  0.02608945913279102
  0.02710469816602938  0.02811651879463897  0.02905528226890391  0.02999803891040641
  0.03095568665686090  0.03190706591921213  0.03286927442788100  0.03384415271913337
  0.03490805357995861  0.03607053531894415  0.03723713476354695  0.03832942171637156
  0.03935904542805375  0.04046065674275623  0.04151517267376637  0.04251215031558096
  0.04353338424091057  0.04491867800446084  0.04632735236298630  0.04779737681689237
  0.04868981379213778  0.04935183943115660  0.05001227441307542  0.05067723563974216
  0.05137986169498381  0.05212306446586643  0.05279756358467779  0.05377318297436539
  0.05471857535063142  0.05563810663540649  0.05652457772110004  0.05731257818214026
  0.05806954886280433  0.05918139669722661  0.06045277486002368  0.06184034013865178
  0.06391336701016470  0.06606392525790721  0.06822149300816474  0.07044234770491721
  0.07288938137402176  0.07603469150810360  0.07789431480732176  0.08013544607478608
  0.08223170580361389  0.08469365955886667  0.08700336535668210  0.08952950058347126
  0.09256666106567904  0.09606306493341421  0.09890877725426536  0.10135088000037359
  0.10456314299153993  0.11074354660299500  0.11999048801011304  0.12923368179539568
  0.13794193308993846  0.14242554376924443  0.15221647961532131  0.16712412330782456
  0.18022866670469226  0.24741613425330070  0.43640745923181168  1.00000000000000000
 -0.00365094972846366  0.01551476312472469  0.02704271521304570  0.03818813478678910
  0.04886473958192823  0.06251284792919984  0.07711462795553284  0.09192097385015068
  0.10624311327476413  0.11969124690827698  0.13234302729705577  0.14448687418333603
  0.15527042685495654  0.16593190673901223  0.17573290908803135  0.18562518184563753
  0.19523256934039798  0.20433434444421333  0.21333682857031833  0.22233085019989776
  0.23252529421457821  0.24402171114078308  0.25560592932386245  0.26699716981932992
  0.27796012799070463  0.28852285682197998  0.29874926047895156  0.30996666076387780
  0.32094330576036434  0.33195063802257990  0.34362878291739329  0.35632053973013356
  0.36867457207515342  0.37939392733607497  0.38920199549844436  0.39863795072140734
  0.40811987471431449  0.41783553994629624  0.42779125801641937  0.43816901064103192
  0.44908436880516694  0.46025090964761051  0.46968976515629074  0.48014294883596409
  0.49049192885066362  0.50069573700190673  0.51100853529524193  0.52186963765003769
  0.53561249470048655  0.54933948214956296  0.56141662388420210  0.57172188228371357
  0.58146875031443868  0.59248590078153263  0.60429120887955645  0.61539094376438219
  0.62561147476150847  0.63555749704261799  0.64611836225930475  0.65806894042753183
  0.66888073178509555  0.67711273014094053  0.68495946407386354  0.69291829822974993
  0.70093213622897921  0.70877852774926220  0.71575216547167086  0.72232742407045736
  0.72843118873602430  0.73531629998682979  0.74318018124781737  0.75190539364671172
  0.76055987452144080  0.76998180594778431  0.77943628143824728  0.78897796279118371
  0.79773103325412509  0.80635198588334089  0.81534424026518182  0.82419817818875618
  0.83227199793368223  0.84005936844295481  0.84845927163823409  0.85716888001191494
  0.86841714966005190  0.88101135300187461  0.89438293235365518  0.90726037594537023
  0.91950541223674043  0.92985041321668660  0.94048752227955068  0.95145004788896681
  0.96222475234167704  0.97211278486710684  0.98352161075313915  1.00000000000000000
 -0.00224727391054861  0.22669774784052243  0.32090895250916274  0.38525634125350233
  0.43801818909077617  0.47980731774470869  0.51649873166739446  0.54812299597696534
  0.57711804460089167  0.60245497780847823  0.62477943599123231  0.64623408475419819
  0.66672925042381959  0.68512929392091049  0.70104267384866170  0.71510040244434625
  0.72875998994151969  0.74151620987948730  0.75299764771665278  0.76349626309415430
  0.77336776940088781  0.78312944643771254  0.79233507918425905  0.80133247524756446
  0.80973010326228545  0.81759824400654302  0.82479242538472719  0.83153797175820277
  0.83786453981544029  0.84411623072631203  0.85051190462744208  0.85664501948399130
  0.86223189887504204  0.86726353223586983  0.87235089559757950  0.87735332253156417
  0.88232427143494185  0.88714639568058828  0.89168577614672095  0.89591334860491023
  0.89972880255387067  0.90325935544603975  0.90676711654500264  0.91029517298617435
  0.91381379067368951  0.91705486426068283  0.91986224223393487  0.92261313174446513
  0.92531211314437645  0.92800715600022599  0.93059465376338135  0.93304901133154194
  0.93546585521400749  0.93786315312811885  0.94014315872176124  0.94234216685271877
  0.94460898606216992  0.94665765666123858  0.94859865931450604  0.95050845257921379
  0.95242879812796488  0.95435524073095834  0.95624654801425812  0.95810302043385520
  0.95975762714760027  0.96143075240522868  0.96309697283610940  0.96469459119723244
  0.96615828359711597  0.96758272607345874  0.96901113758873603  0.97038233028021947
  0.97169254993816356  0.97310253660105239  0.97456443415975358  0.97604204148412721
  0.97751607975819887  0.97893679754475726  0.98024696172148462  0.98145575910554816
  0.98257704426903769  0.98363315822871578  0.98468875240068821  0.98579210951943452
  0.98683637021684623  0.98785373947045119  0.98884970319124033  0.98983379916221559
  0.99080247664023802  0.99176187513541747  0.99272785005962039  0.99370687356637599
  0.99474542251473252  0.99599152258759915  0.99768185113565444  1.00000000000000000
   2.3689241139678733E-013  -1.0000000000000000     
 F F F F F F F F F F F F F F F F F F F F F F F F F F F F F F F F F F F F F F F F F F F F F F F F F F F F F F F F F F F F F F F F
  <DiscreteSampler_grid>
  grouped_processes
  1 # 1 for a reference and 2 for a running grid.
  10 # Attribute 'min_bin_probing_points' of the grid.
  1 # Attribute 'grid_mode' of the grid. 1=='default',2=='initialization'
  0.0000000000000000 # Attribute 'small_contrib_threshold' of the grid.
  0.5000000000000000 # Attribute 'damping_power' of the grid.
 # binID   n_entries weight   weight_sqr   abs_weight
    10   10   9.187627831452685E-003   1.610393478244702E-004   9.187627831452685E-003
  </DiscreteSampler_grid>
