  0.00949800133510839  0.01655394527669720  0.02646630023266001  0.03750358920798534
  0.04854455158532834  0.06024643158130008  0.07206305168750050  0.08399272918331852
  0.09551004002026003  0.10706969628431431  0.11680010944980619  0.12619396188474730
  0.13539730891407448  0.14489746693469160  0.15476038354189695  0.16464615961994111
  0.17487520170625387  0.18567508563007448  0.19642040096559926  0.20737665924617474
  0.21839375084206158  0.22966363803914941  0.24101864184135399  0.25179183405252942
  0.26188542884590182  0.27189580382038581  0.28234617559013042  0.29299785952182833
  0.30290629200431624  0.31214717736668052  0.32095286945126555  0.32963609924896187
  0.33838655701344916  0.34735795223486621  0.35682743245991755  0.36654823218265581
  0.37621851663696487  0.38570468493864285  0.39506437168540715  0.40467752381189509
  0.41473474877535699  0.42499296561208844  0.43529644651259125  0.44586165605930383
  0.45661317803026791  0.46745247141348234  0.47799882825341566  0.48838418145923301
  0.49847005234264574  0.50851643056897144  0.51861384955573997  0.52858370069881266
  0.53870897848258814  0.54892205924825366  0.55936687766749682  0.57025087010902109
  0.58137731862983444  0.59271399677898173  0.60450958073230265  0.61696475479021828
  0.62995139335795991  0.64265357000750944  0.65466750513610616  0.66622607795224043
  0.67683123756411834  0.68752981581508998  0.69860891960264715  0.71045466437311300
  0.72257512308190186  0.73450313066884931  0.74519994371512388  0.75553071528146654
  0.76533070359422606  0.77582853079322733  0.78614546093572824  0.79605354608636536
  0.80554166440415187  0.81509013333951885  0.82517067553487422  0.83522310290193313
  0.84494108135614021  0.85528182691789656  0.86582879636538879  0.87626162826217979
  0.88616766804790259  0.89609196299519056  0.90664248954428439  0.91745269762789095
  0.92903865531486096  0.94036670850557180  0.95077775831113220  0.96121379547957531
  0.97118249361009157  0.98197462366193000  0.99091301638793250  1.00000000000000000
  0.00002712455699810  0.00003912412211077  0.00005422714911349  0.00007077804604133
  0.00009036093225657  0.00011337532425781  0.00013909007680653  0.00016809935018558
  0.00019942602655292  0.00023432402191450  0.00027145711358885  0.00031179416892867
  0.00035686829768025  0.00040431159758585  0.00045154883896547  0.00049779491805963
  0.00054356886426292  0.00059027949600568  0.00064044611714383  0.00069700974631519
  0.00075673154844542  0.00081980869818477  0.00089060094361400  0.00095639329843592
  0.00102267390348823  0.00109085181626025  0.00116253969301224  0.00123723658891233
  0.00131401774435590  0.00139910201957309  0.00149526255250311  0.00158546593410839
  0.00168018604433337  0.00177877304512370  0.00187889804084810  0.00197759189453239
  0.00207610652587045  0.00217809200237098  0.00228678482563550  0.00240142067636561
  0.00251547336905858  0.00263491859642263  0.00276272556170901  0.00290399259429746
  0.00305913890974716  0.00321686469753244  0.00337171738466812  0.00352831493527945
  0.00368531038358910  0.00384870302999125  0.00401407413308640  0.00417815734342384
  0.00434257954457029  0.00451048086143776  0.00468447194743525  0.00486810569867489
  0.00505565377537362  0.00525912130732741  0.00547233387051890  0.00570131791012952
  0.00593188211657891  0.00617037722586253  0.00643061333957975  0.00669937666087535
  0.00698085093439406  0.00729044039249890  0.00762900748335554  0.00799398465510932
  0.00839418047212237  0.00882877624888772  0.00928340338792064  0.00977620351033381
  0.01030411820537682  0.01088644864655250  0.01151433629787094  0.01215461608129391
  0.01285142242041355  0.01358835972961219  0.01439042576070839  0.01527552120632455
  0.01622481798853333  0.01735970264429029  0.01878481013698870  0.02029232166611387
  0.02185248646312893  0.02365254570746702  0.02570860559221918  0.02831832152617250
  0.03171927653572365  0.03623349514959436  0.04187036971039269  0.05004941486586128
  0.06434340085838189  0.08893284594113793  0.16305198046605132  1.00000000000000000
 -0.00000489271238541  0.00002763227413590  0.00006115222287879  0.00008851628686016
  0.00011372256633459  0.00013987607048910  0.00016828043536986  0.00019984316322687
  0.00023384747499109  0.00026984227286878  0.00030718296487862  0.00034728039622186
  0.00039294693979439  0.00044259551133013  0.00049292403201798  0.00054401074696152
  0.00059570750963226  0.00064665585060300  0.00069877385519005  0.00075351417837017
  0.00081603364841093  0.00087807147138173  0.00093452888229878  0.00099327333525410
  0.00105500373395756  0.00112244988763310  0.00119721202709937  0.00127620248122549
  0.00135400571482201  0.00143197334470298  0.00150980692229051  0.00158903779644730
  0.00166973767290489  0.00175126319632741  0.00184337161104578  0.00194056059591180
  0.00204183505546995  0.00214680535184025  0.00226385253611576  0.00238727280626102
  0.00251083831434627  0.00262955259087023  0.00274387046757302  0.00286132561970758
  0.00298080525426615  0.00310743450589438  0.00323412362497607  0.00336164632943157
  0.00349271151309856  0.00363417638949211  0.00377897654237366  0.00393147154651340
  0.00409646914470566  0.00426689198125272  0.00444277186435848  0.00462012042672961
  0.00480627350852071  0.00500990858034824  0.00523100948222559  0.00547245960135227
  0.00574540410731469  0.00601617160122921  0.00630381482850970  0.00661497998726650
  0.00694149998079235  0.00728503089058895  0.00765424910279965  0.00805965994262576
  0.00851369493545366  0.00900656632308261  0.00953338719419143  0.01009779216383669
  0.01068897961765991  0.01130250055633739  0.01189171852078938  0.01253958717505778
  0.01323104427870655  0.01402166175293743  0.01493132169498936  0.01595724538944607
  0.01725299721688274  0.01857003455787126  0.02007555575289281  0.02175339143808423
  0.02357572433240107  0.02581365131809117  0.02851076504433448  0.03183034833218661
  0.03585625032276939  0.04107590949423767  0.04823565074667455  0.05808137295523492
  0.07613790612798201  0.12060860213371100  0.60105289161876374  1.00000000000000000
 -0.00237623380548088  0.01069320839508481  0.02071771367987148  0.03159098599345959
  0.04232644813111755  0.05352616234361934  0.06394493000163794  0.07391147872025201
  0.08416150273972302  0.09499600125877490  0.10580622135739362  0.11659150111615078
  0.12702798744706306  0.13704929757449763  0.14709890539831455  0.15721843097702487
  0.16678743918145331  0.17684069027116842  0.18711339601441904  0.19961766456822566
  0.21175634221088560  0.22364196771041267  0.23459274035790453  0.24518786711393439
  0.25602018566505375  0.26696984324919593  0.27748645047003850  0.28779156822153601
  0.29869900674193739  0.31000742195491843  0.32142692243072274  0.33318692649616066
  0.34389613874822739  0.35535505748473734  0.36641188105823963  0.37747561523638656
  0.38860941969759777  0.40031194725533120  0.41326115554441267  0.42576388393005671
  0.43692039250846437  0.44646546203751458  0.45527830742492353  0.46459905852065736
  0.47455742924010363  0.48424239798109364  0.49320994111557714  0.50268692586015251
  0.51391239677929346  0.52487510670344983  0.53522906290873362  0.54496242703465791
  0.55445188104324294  0.56359266013550757  0.57358027684207880  0.58345115672586190
  0.59439548902944372  0.60445473761462021  0.61462407318823897  0.62500883179332078
  0.63620398050795945  0.64715079995619973  0.65813276238194585  0.66921761108951905
  0.68031768598861675  0.69148466078521609  0.70281997663218487  0.71308914425951075
  0.72294443734212266  0.73322063037881624  0.74423646770355012  0.75537272810144562
  0.76625142279760317  0.77655476077002283  0.78783323404861016  0.79868621611269075
  0.80971990032778418  0.82096107120684125  0.83194042234778465  0.84279293437567637
  0.85320053113291039  0.86344455740034254  0.87378365479737052  0.88379233819790382
  0.89358835331532793  0.90366210841787098  0.91395784726888496  0.92400921062792374
  0.93375532550950513  0.94332547482500051  0.95271036666254383  0.96200694889184202
  0.97144552225174696  0.98131461637049566  0.99076148140808873  1.00000000000000000
 -0.00258880070003215  0.01028293794868474  0.02062144815410130  0.03189459697440732
  0.04332578179382265  0.05536616776422063  0.06748867099181785  0.07885056836939615
  0.09008667518073445  0.10075174029869509  0.11069010076113932  0.12033293074358448
  0.13050803142009632  0.14165002862239429  0.15272662971490958  0.16303959097344195
  0.17248362236853454  0.18151732542211421  0.19066860927721807  0.20027932740591980
  0.21075662035034007  0.22201718058752209  0.23385549228694599  0.24534486554482016
  0.25647628313573906  0.26749910218910611  0.27864957738065588  0.28979874433894987
  0.30111671955077512  0.31227112168978272  0.32282521323025060  0.33260693518056317
  0.34188947526682079  0.35099767837655199  0.36029523031919986  0.37009580539143738
  0.38049969694055391  0.39120911840701827  0.40182466389852250  0.41275522869240988
  0.42388664482506805  0.43547611618757381  0.44709232110432617  0.45833040809761982
  0.46894111222790502  0.47929558132237926  0.48951853130445061  0.49967097642181491
  0.50939018687485538  0.51916430165525695  0.52959354616125032  0.54034034329817149
  0.55024764591016528  0.55954315294208357  0.56843557225901287  0.57735464082289267
  0.58628164275174299  0.59563813115091313  0.60594731011748360  0.61679527663200051
  0.62792212398163860  0.64039678911975240  0.65206025675427581  0.66233415882025315
  0.67198077712678372  0.68151516053062866  0.69074982805695528  0.70010917626558200
  0.70953743087536147  0.71970373148147138  0.73015946546936628  0.74099853322632447
  0.75158612292819416  0.76243777269259727  0.77343485137011381  0.78415381941686857
  0.79433442352172201  0.80424442894935733  0.81453955377353993  0.82521460167257898
  0.83587956447639422  0.84641157683318025  0.85738121210207796  0.86898094053515196
  0.88150236864507758  0.89374475461858138  0.90462220895482426  0.91494497455713575
  0.92470708722561878  0.93429051351381798  0.94391546196270237  0.95392192897195482
  0.96483024394614436  0.97621590362339905  0.98796149335188443  1.00000000000000000
 -0.00281265441665700  0.01125508014985097  0.02362354612188615  0.03496684942073271
  0.04611769060774162  0.05707877661657121  0.06789064261944956  0.07894176303496163
  0.09022402969623897  0.10149714543369993  0.11279172608443869  0.12387622491641370
  0.13454358269663708  0.14533240055753960  0.15615526941888697  0.16647642099399573
  0.17581698847877586  0.18484501380846924  0.19470600675418176  0.20448226623346355
  0.21480888516867325  0.22456094027291462  0.23572064108118568  0.24690301860225361
  0.25927246331488868  0.27122439691544742  0.28456520924812562  0.29648275920242373
  0.30765566807219902  0.31756707489998309  0.32698659490690973  0.33631654191465238
  0.34562129976950351  0.35523169853996422  0.36508372071441647  0.37474472321884461
  0.38520322673521301  0.39650887639040178  0.40860693846733992  0.42049613978951317
  0.43223900708142249  0.44381598481047874  0.45470627852252227  0.46494879643391884
  0.47518381475688976  0.48587476274862335  0.49725774167763137  0.50909065308784840
  0.52045698927491235  0.53099055929208527  0.54107564204977321  0.55092118898747500
  0.56060599768137764  0.56985529230244036  0.57892413563906908  0.58823406437973436
  0.59699293634715456  0.60586141862532228  0.61502001402746653  0.62431673946673993
  0.63376575105028776  0.64352308498457833  0.65354266367912706  0.66375218237448408
  0.67365838992749472  0.68342481265460453  0.69310725133257778  0.70279921699379611
  0.71289228617809786  0.72317022296151956  0.73371763487287456  0.74417931069597532
  0.75512175233234380  0.76693139546151867  0.77733050979623719  0.78785544017426101
  0.79847964787526771  0.80946938102721799  0.82017236631189772  0.83133729072394535
  0.84333196435026436  0.85562224302631151  0.86689221836345454  0.87727972124533538
  0.88649106608525297  0.89582365965853594  0.90529631206241157  0.91536746343216280
  0.92534315216914931  0.93484584240159352  0.94555018746555364  0.95591454182142788
  0.96690458587470796  0.97747159331974010  0.98881738845780054  1.00000000000000000
  0.01069448210911650  0.01335337942799171  0.01592348840436633  0.01789916146791686
  0.01949278809880249  0.02106355345499937  0.02262346244833461  0.02415580267496422
  0.02563142103350475  0.02707824908068428  0.02848587227273989  0.02988356045225901
  0.03128923350994844  0.03270268929850021  0.03414564203673980  0.03558062140897116
  0.03703000135028474  0.03850244613795006  0.03996715651832489  0.04147779161409516
  0.04289202557499072  0.04426886817401432  0.04565866963307921  0.04705029318135114
  0.04846180526225231  0.04986276882209578  0.05127021360734258  0.05272795237248713
  0.05425709115320211  0.05580647835121489  0.05735609596512783  0.05897685368249064
  0.06058523023558720  0.06216212163036817  0.06377442496985417  0.06543938723586261
  0.06711856824510008  0.06880329237345573  0.07047848403879148  0.07226403420093531
  0.07411530020940496  0.07599787938887520  0.07789223275319634  0.07972267878354904
  0.08153858217558765  0.08344962604396176  0.08545202969068259  0.08749452867960621
  0.08957946596049719  0.09177685290252488  0.09408475657695338  0.09653124513018217
  0.09890736365865299  0.10136601117044911  0.10389564759493361  0.10680994447964993
  0.10986668299274435  0.11297881522075705  0.11599730180322097  0.11872226262101922
  0.12151627278551190  0.12446244740679931  0.12761410171898477  0.13068510365087607
  0.13385729050248252  0.13690894392885722  0.14006246032958614  0.14297582815964802
  0.14591978209384190  0.14900571636880197  0.15256863123585049  0.15619200402855105
  0.15979722126612103  0.16346059637154817  0.16804853024963273  0.17377125572973193
  0.17902944303341584  0.18304182795409926  0.18689073301142206  0.19126535005852219
  0.19683196529511934  0.20228069887650602  0.20769709551795840  0.21391421513985318
  0.22115912494888892  0.22855008174463104  0.23844817774795007  0.25176670102207493
  0.26554571064810328  0.27994351511853366  0.29332692313428538  0.31086837255479277
  0.36230828897226708  0.46010759690943748  0.80067830883347135  1.00000000000000000
 -0.00211003904175347  0.01099982627910304  0.02259458324311310  0.03581010905186652
  0.04984783533692960  0.06516372435642341  0.07949756857935825  0.09371928954861222
  0.10748958453296825  0.12079541777858432  0.13334049483076560  0.14529212423101229
  0.15722841746817634  0.16983648518804006  0.18283348698257418  0.19500110396086001
  0.20650571557218048  0.21818056767958610  0.23002860924613636  0.24141358495182422
  0.25236128927702889  0.26340449578917591  0.27427188751111076  0.28514338345567680
  0.29567596826760051  0.30547430938488723  0.31493131281152098  0.32399290777666789
  0.33347971702972712  0.34315875553103065  0.35274761131476273  0.36215700856430239
  0.37118662345823406  0.37988606107821782  0.38829069218377665  0.39672770873391822
  0.40562405604264673  0.41473425346679804  0.42385544645058282  0.43288683085536250
  0.44156547429441595  0.44990611572123174  0.45767934917340936  0.46526425190322468
  0.47328357496258605  0.48171934454300552  0.49010379515463426  0.49851021951035368
  0.50685006613545425  0.51472893406843079  0.52215363879963561  0.52979661486881191
  0.53748293424262950  0.54611198679845518  0.55584195199650654  0.56548249283546503
  0.57453486027009015  0.58345711980485371  0.59262292848950571  0.60181094514784828
  0.61033727933676130  0.61847898714515981  0.62688431397195521  0.63586812068523324
  0.64527981000603374  0.65463527842783020  0.66378116450368463  0.67323942533009895
  0.68325944174552877  0.69262379334987723  0.70161968416669152  0.71109666983576025
  0.72114968770509169  0.73093744453623044  0.74040662949445324  0.75031203956134340
  0.76143757289894398  0.77215348028880315  0.78219761092439299  0.79268024083670152
  0.80411441439312337  0.81606090939727804  0.82800483222891530  0.84066833271716512
  0.85417911956590464  0.86811827929383600  0.88170065890687888  0.89478507126320983
  0.90813931063307440  0.92137925610988725  0.93411707414388989  0.94629699352173069
  0.95950544354280332  0.97333824794727564  0.98710630550443834  1.00000000000000000
  0.03245855651109546  0.27692288318414410  0.36585966145963750  0.42110852861910952
  0.46162638338400613  0.49451747746891761  0.52119309826100191  0.54509431861202218
  0.56714324605056676  0.58619960356535938  0.60207230668991985  0.61593538365990919
  0.62916338822275542  0.64112006678201416  0.65208685237632469  0.66243049126852860
  0.67245077337790415  0.68221744421095232  0.69184248411702720  0.70125222948799404
  0.71038288465638622  0.71917049712809056  0.72716347437621154  0.73436339174749021
  0.74101146120103334  0.74767081666447011  0.75421946021501873  0.76071331359748029
  0.76715979649157795  0.77324339714238299  0.77894046930986172  0.78438997917022513
  0.78985787416987074  0.79465878339015428  0.79938944367125730  0.80391192567482506
  0.80824355850052021  0.81248704129533800  0.81648629372688597  0.82040603241142718
  0.82439459719122132  0.82833226707957219  0.83221660368914663  0.83605988445079582
  0.83959002465047894  0.84314275204809663  0.84648372602996136  0.84977558703542944
  0.85312569679104722  0.85642386369454415  0.85977763389223305  0.86309911571681708
  0.86633800685385731  0.86955280503822563  0.87278083960645003  0.87583693535317642
  0.87890257731739374  0.88191008035074892  0.88492197703865105  0.88790974758299945
  0.89084598117378178  0.89365919483895295  0.89629609856955050  0.89885899866504515
  0.90138486748049407  0.90384635784620460  0.90624062639647585  0.90855015339689227
  0.91080102384217954  0.91308907748585433  0.91547754185522479  0.91792998068500864
  0.92037729618463870  0.92275925177115636  0.92507424810718086  0.92740516152580088
  0.92976815181517136  0.93212612015156004  0.93442908846798611  0.93662888411713530
  0.93885325801868380  0.94114096165238958  0.94354443077710193  0.94600546148982367
  0.94845977194865871  0.95092701493604237  0.95344217492787575  0.95604818124209068
  0.95909508141601185  0.96246416972064275  0.96598190091167735  0.96966600287933868
  0.97361821993253417  0.97843595314205201  0.98602778421400883  1.00000000000000000
   4.4977254792898021E-008  -1.0000000000000000     
 F F F F F F F F F F F F F F F F F F F F F F F F F F F F F F F F F F F F F F F F F F F F F F F F F F F F F F F F F F F F F F F F
  <DiscreteSampler_grid>
  grouped_processes
  1 # 1 for a reference and 2 for a running grid.
  10 # Attribute 'min_bin_probing_points' of the grid.
  1 # Attribute 'grid_mode' of the grid. 1=='default',2=='initialization'
  0.0000000000000000 # Attribute 'small_contrib_threshold' of the grid.
  0.5000000000000000 # Attribute 'damping_power' of the grid.
 # binID   n_entries weight   weight_sqr   abs_weight
    10   10   9.370025693245030E+005   3.814986236596931E+012   9.370025693245030E+005
  </DiscreteSampler_grid>
