  0.00908289308166427  0.01772647094594813  0.02963926914366430  0.04223424719703903
  0.05375258307500713  0.06397130748782234  0.07378350855756266  0.08318127712389675
  0.09103125705341006  0.09917560672001999  0.10802220221649715  0.11700903429730350
  0.12576980748024627  0.13502037694311686  0.14275946113458271  0.15255321885986767
  0.16436299069423227  0.17619719071705495  0.18805364942137306  0.19819618932433727
  0.20860953962806253  0.21829934086086905  0.22910693617979422  0.23933132339140181
  0.24996131817748085  0.26232704850004773  0.27395086040794331  0.28360315459544949
  0.29294273025410311  0.30319305991315887  0.31445244935709415  0.32462694436152206
  0.33364645620574140  0.34474564777140143  0.35621658078105473  0.36711851698878983
  0.37851697461185302  0.39025152782420935  0.40212927752373129  0.41385460896154053
  0.42537533154797108  0.43514062750423366  0.44358785607017509  0.45161257545687955
  0.46048722983305135  0.47042718040818354  0.48134543498434307  0.49232312485616769
  0.50375223337317077  0.51521688348477535  0.52640514299842323  0.53729292692075847
  0.54748108745556989  0.55703595021606278  0.56666589352639063  0.57587677695853934
  0.58488910826897045  0.59327254376308558  0.60246711539795217  0.61213914404233316
  0.62178552118251096  0.63074720338724877  0.63994135324335311  0.64891858040138573
  0.65711596495640767  0.66495216611139207  0.67283560770552864  0.68126599868553173
  0.68926197960083702  0.69709909730274411  0.70578746701699180  0.71858526432936043
  0.73185547843290066  0.74504850470644268  0.75731324017741652  0.76792231863586202
  0.77826837585337028  0.78927085065877589  0.79979341731283937  0.81025525951640276
  0.82017993823683766  0.83058385903400977  0.84113850586005634  0.85165794856237020
  0.86259341577715620  0.87459759289397132  0.88795001687292796  0.90061451390098635
  0.91140742485434423  0.92142187998516856  0.93177477124154717  0.94273581619173441
  0.95458663718349068  0.96753554549530474  0.97961305623828376  1.00000000000000000
 -0.00000212125784573  0.00000686429594929  0.00001948171039594  0.00003156516972045
  0.00004270504039495  0.00005330045789571  0.00006343180496932  0.00007323295248754
  0.00008289518458318  0.00009293848893443  0.00010303093415481  0.00011269923002131
  0.00012316297451774  0.00013313446583257  0.00014254720786886  0.00015108797534880
  0.00016025983519669  0.00016977039649492  0.00017951130356657  0.00019039509171008
  0.00020314712064262  0.00021765231514550  0.00023282525838436  0.00024407570881270
  0.00025651550118183  0.00026938758422704  0.00028252672309743  0.00029563968518494
  0.00030920027056828  0.00032342620459428  0.00033978915436599  0.00035772128356024
  0.00037553765137989  0.00039263637325614  0.00041084289919885  0.00043009635220047
  0.00044947675562777  0.00046915534703811  0.00048784960532291  0.00050946890297906
  0.00053593136221688  0.00056162898359698  0.00058817109480779  0.00061492431392483
  0.00064404974569751  0.00067551507345970  0.00070907235229134  0.00074363075847562
  0.00077682194819335  0.00081114929731508  0.00084685554367865  0.00088525890931398
  0.00092825985148888  0.00097144431152320  0.00101371694934104  0.00105858072891970
  0.00110384517853020  0.00115010499993919  0.00120170741931657  0.00125462136826889
  0.00131214510199349  0.00137725624551233  0.00145021118980038  0.00153014246356742
  0.00161763823195399  0.00172025183704971  0.00183262826837027  0.00194202755294212
  0.00205458985234449  0.00217023046695956  0.00229347793457612  0.00242221572462774
  0.00257871592644313  0.00275426786668309  0.00293078617297337  0.00311783126912080
  0.00332127198062492  0.00354282141938614  0.00378368798160968  0.00407150816587299
  0.00439896058664374  0.00478855509600179  0.00526564069035818  0.00584223476644030
  0.00652228151696667  0.00722373340623156  0.00799153745666937  0.00897299372019545
  0.01142131098062748  0.01533339469305147  0.01802092298002084  0.02148539096671010
  0.02741858219147754  0.05101533136204760  0.09198395906045088  1.00000000000000000
 -0.00000026589063575  0.00000592664437881  0.00000997084461850  0.00001736652855650
  0.00002603738957731  0.00003766749381453  0.00005144053270955  0.00006819827324667
  0.00008547767178071  0.00010529214767772  0.00012837395938292  0.00015433484435142
  0.00018445210101231  0.00021859533057804  0.00025618748212307  0.00029282483815886
  0.00033277702745939  0.00037815612699582  0.00043090355452655  0.00048498959448927
  0.00053777809868233  0.00059099625365560  0.00064902655463861  0.00071353531570930
  0.00078221471360266  0.00085506018953671  0.00092937043392937  0.00099606424709678
  0.00105371939751886  0.00110715229821481  0.00116692195142342  0.00122962583531704
  0.00129571786408259  0.00136698975873445  0.00144003768848251  0.00150833273876906
  0.00158013515638042  0.00166074270173688  0.00174097266795448  0.00180927910032990
  0.00189677689716407  0.00198776675444882  0.00209034215454720  0.00220635019022564
  0.00232746594403429  0.00245082602621376  0.00258053619816850  0.00273366709106952
  0.00289923354225535  0.00307493125927547  0.00327542737465766  0.00349339911464398
  0.00374306799455209  0.00399195213107679  0.00421371000689224  0.00442007474972666
  0.00462557654054067  0.00483468423636237  0.00506953555463018  0.00533240841044101
  0.00563467047194861  0.00597529352443019  0.00634719530395307  0.00673177233864692
  0.00711133549000731  0.00747535997403650  0.00779114761891845  0.00816734125480083
  0.00854197991664929  0.00894240121437342  0.00935225836627773  0.00975177261341480
  0.01021654558803260  0.01065603119965012  0.01114736398242685  0.01174728374234406
  0.01251077876026042  0.01332786422737385  0.01416873254047743  0.01499447336642912
  0.01596950317025822  0.01718371677816390  0.01849584379267178  0.01979605712872017
  0.02102024764024582  0.02199863395311683  0.02314578981778939  0.02437962455282216
  0.02549192470312344  0.02679928756708816  0.02826743531462738  0.02999368039348695
  0.03186000749976143  0.03362189608162558  0.18584828351059304  1.00000000000000000
 -0.00237468291716286  0.00734559751872997  0.01615580009433062  0.02541846790093098
  0.03431783561769142  0.04190381601075893  0.04911141590087850  0.05728660272527538
  0.06668749714323916  0.07615621740765773  0.08554256758062787  0.09519990214890903
  0.10551798629656489  0.11856464494269080  0.13236612540048748  0.14371632405005225
  0.15514156125980350  0.16632009212078439  0.17708566724014149  0.18863964906413352
  0.19786784069247412  0.20776108516164499  0.21849807996644111  0.22928544714879126
  0.24077028237210835  0.25111835833959334  0.26111572596699339  0.27106757091653999
  0.28130947978560389  0.29171969693504562  0.30203783238367415  0.31276286737007952
  0.32499935341189540  0.33836768343082851  0.35109646358276331  0.36203428835869822
  0.37214192506439625  0.38250430965968624  0.39316029566734162  0.40381884557680259
  0.41481025981477393  0.42616295856532888  0.43730957579223151  0.44830022873535086
  0.45969455087954514  0.47150880930486927  0.48330270418873633  0.49575880011825157
  0.50880220588706127  0.52136849725243117  0.53328893040033121  0.54463869946557586
  0.55570807238089603  0.56707650457564995  0.57865539646551067  0.58979726107583708
  0.60082068315075698  0.61213822239834914  0.62377706203892969  0.63529326115533924
  0.64564487946491966  0.65370084986974086  0.66223414751717968  0.67172489695234816
  0.68178619118850536  0.69090533136431043  0.69911597268974179  0.70743715746057279
  0.71747803598597559  0.72842764035445384  0.73840700413018379  0.74799631376487097
  0.75804033907246637  0.76879741133449697  0.77982033420442876  0.79036079797602166
  0.80045338104894459  0.81078597347199377  0.82253854861535680  0.83500794937531619
  0.84663511526985091  0.85739720223579952  0.86797017327103720  0.87907247369052288
  0.89040861584903619  0.90129838041528243  0.91178995494931747  0.92291267981115921
  0.93409820540736799  0.94350354768394484  0.95244877587572097  0.96171488867641319
  0.97244642728462116  0.98177522206034040  0.99112579310410232  1.00000000000000000
 -0.00291554273399249  0.01201249390615106  0.02325741402533995  0.03510953282987974
  0.04758128461794131  0.06008689748418526  0.07119443651772456  0.08092063097936564
  0.09040378985711153  0.09969785794268193  0.10887031435829646  0.11827017769369841
  0.12813630046039209  0.13795117284464112  0.14742057830625371  0.15655819625957984
  0.16549829251407391  0.17532412336115605  0.18597991761447705  0.19799982657109771
  0.21039953742037634  0.21945426708842988  0.22882804346319371  0.23901381603462235
  0.24962901102717489  0.26046751086921566  0.27176481542520992  0.28485657944541437
  0.29800359922668040  0.31070260530518701  0.32277634302850827  0.33338797539418313
  0.34223405166227155  0.35079159897391687  0.35997644112609006  0.36930020544053976
  0.37861716668101186  0.38821721537894727  0.39826452861629641  0.40856712422961755
  0.42015490271626038  0.43168392155687613  0.44221994148568644  0.45180713473943240
  0.46100778811569376  0.47118675451042585  0.48132444901370952  0.49315639877547512
  0.50461473769836762  0.51748346648102828  0.53080266072274818  0.54316170587480150
  0.55295860999264357  0.56229288404223288  0.57247656807249403  0.58236328931967674
  0.59223668449857858  0.60162934587802341  0.61280557691443216  0.62548336322594267
  0.63934415163432157  0.65184444523398855  0.66395642172565050  0.67329188152889652
  0.68234807954994403  0.69185218765602563  0.70073431702002731  0.70959970691922269
  0.71836263003142753  0.72679444522703018  0.73740745584517242  0.74791375151054007
  0.75942373756820158  0.77103315460708788  0.78274282328316380  0.79448774245347153
  0.80628796818028325  0.81833414857439779  0.83057891483467106  0.84273615864636486
  0.85489882878835188  0.86696333401773207  0.87884835618409662  0.89055588161145094
  0.90090574839922488  0.91018390185194697  0.91939161061147234  0.92806989812069596
  0.93770869196592377  0.94726753435640920  0.95657171042499833  0.96519955112430311
  0.97416905426223310  0.98290560285550577  0.99133147434408797  1.00000000000000000
 -0.00234843472441143  0.00742046134074316  0.01794426722271096  0.02928782062732893
  0.04162970837079973  0.05537327756036162  0.06778075479942089  0.07864312381955438
  0.08842974297145843  0.09736112050610385  0.10626356868946379  0.11521515071764478
  0.12481839162022354  0.13526882837812640  0.14623826567204828  0.15755755750745212
  0.16896051950651741  0.17977527627193499  0.19029016667781268  0.20040250937836787
  0.21036888227313053  0.22038087864272651  0.23215878505440463  0.24559189840312687
  0.25805709070885724  0.27027488523669063  0.28341561344176464  0.29623021789142862
  0.30849850045971372  0.31965597411394597  0.32996893794153809  0.33931055721402265
  0.34821024607017836  0.35679286816486572  0.36700809708439536  0.37780108898457576
  0.38882202474299693  0.39828465236831279  0.40755386733105603  0.41715192127289069
  0.42729139360103036  0.43745936839125688  0.44810919613016309  0.46010655943114193
  0.47331303745727804  0.48650030184911863  0.49911432410379158  0.51199628026856492
  0.52281730630732548  0.53239869432619857  0.54199484552306321  0.55175235162476910
  0.56215228112862814  0.57433660200381598  0.58559268802696085  0.59504219829880167
  0.60365571881271063  0.61222777464557876  0.62076370562433991  0.62867447251658126
  0.63657705475655046  0.64494617843649282  0.65543286759739483  0.66734178303955527
  0.67980380098352866  0.69053485540420478  0.69943779295914144  0.70876707193646227
  0.71814669535549358  0.72725790941472968  0.73584642175496007  0.74439763736284181
  0.75358718319673612  0.76506639686042177  0.77736778266073880  0.78972672329937044
  0.80208740611545115  0.81419319145781099  0.82633487344400780  0.83846739402735804
  0.84891673845029125  0.85926126506355371  0.86938184686865838  0.87962977087256966
  0.89078449790314029  0.90286522012553938  0.91432771729536844  0.92413027576222950
  0.93340771942252942  0.94339291875664699  0.95350954065349813  0.96292546234271725
  0.97166365269255006  0.98036905217631454  0.99050597344700653  1.00000000000000000
  0.00086716004978893  0.00172484702355757  0.00294397516603466  0.00398891231198310
  0.00493331471291572  0.00581101448606513  0.00661343060999347  0.00740573947534913
  0.00819209720048334  0.00897179291858468  0.00972686666464317  0.01049173192773758
  0.01126104750758132  0.01203024993601848  0.01283624408535113  0.01365184705830821
  0.01446955486015199  0.01524643273680158  0.01602833226215440  0.01680540358953161
  0.01757502845654683  0.01834430055782790  0.01914856616646924  0.01998744065712222
  0.02080785783105136  0.02153604554960610  0.02220359594539306  0.02288094653046190
  0.02356858158990555  0.02430182703436324  0.02507976805996925  0.02589826540297700
  0.02670645853858000  0.02750821388113484  0.02830261136250471  0.02910100677150116
  0.02986025128723200  0.03058905835359262  0.03134300369209093  0.03212555358267952
  0.03300759685254751  0.03394359000274553  0.03485310687525979  0.03577709873791910
  0.03660799719452112  0.03742886942891708  0.03826132577494614  0.03914089400056227
  0.04005260647463299  0.04098247092620358  0.04193117052373533  0.04289854301836357
  0.04393985429449623  0.04488844233585649  0.04582253984119577  0.04675544351375217
  0.04776820886572272  0.04883838383676135  0.05002506708451064  0.05133672506366654
  0.05278042183180705  0.05411737957880802  0.05529178224079206  0.05647295537292381
  0.05777537734523014  0.05931375446546153  0.06095073819119424  0.06254163346249572
  0.06424188007411656  0.06592820151460614  0.06762246570984028  0.06906173724340857
  0.07060056026750343  0.07216345855985597  0.07401728881842935  0.07629186971419970
  0.07882136111045800  0.08131785844832354  0.08310212379451277  0.08550836462980685
  0.08850726865485273  0.09135797750715352  0.09502539026237124  0.09973807999622832
  0.10619960932553994  0.11589807071719042  0.12965719593959507  0.13940134108067928
  0.14670589382429922  0.15411422299966454  0.16295743304293070  0.17402185510645382
  0.18816797713795888  0.23720002237498783  0.66406509884723741  1.00000000000000000
 -0.00249379413941459  0.01311340573999104  0.02935128508141834  0.04702513032002292
  0.06264433660140567  0.07401035802577566  0.08460958035284009  0.09595144468766015
  0.10755112605331497  0.11866829915964032  0.12993917492001997  0.14136833105705540
  0.15264607668483776  0.16348971781525184  0.17382624378872383  0.18320569477904428
  0.19289533069936904  0.20275696941474597  0.21284680643744794  0.22288186437546192
  0.23280168201523616  0.24332521602667301  0.25362417012105648  0.26501980054265367
  0.27631739604612948  0.28795027976999832  0.29846730614707490  0.30818179389141298
  0.31775513979535080  0.32742990037034275  0.33676625271792077  0.34573390742153637
  0.35523788947793206  0.36539161909702461  0.37588382508677931  0.38653702059095735
  0.39695938667044861  0.40861124213547761  0.41874777212142544  0.42822352116749018
  0.43806963113392833  0.44798772221071376  0.45774537464189230  0.46719912701109079
  0.47634367687212620  0.48602787206136483  0.49615172406967911  0.50645116421837466
  0.51722937088805165  0.52725514606258195  0.53709881117365832  0.54759481717816116
  0.55900806170500805  0.57090797638696411  0.58250443630696269  0.59348880819020589
  0.60403340582996135  0.61202332850359864  0.61965342935058554  0.62665533195611767
  0.63275943654258560  0.63860788032609372  0.64476875396985145  0.65107384247345090
  0.65756114942824295  0.66406529135289916  0.67156975668015106  0.67960996663521422
  0.68734341190720194  0.69548341653152979  0.70420986194883861  0.71326388545494701
  0.72207994460117197  0.73030624108255970  0.73812675396156402  0.74589393028826523
  0.75431940192734082  0.76353935906257842  0.77394567532631164  0.78440888379701823
  0.79518371903081309  0.80488634517827229  0.81460060788048427  0.82484143130034193
  0.83635408282397672  0.85018837713122386  0.86475666900918480  0.87929169274664354
  0.89380604598191771  0.90688185861780102  0.92106850968797338  0.93696512052748904
  0.95448833256475096  0.97022786306774800  0.98454864949579690  1.00000000000000000
 -0.02304572080974529  0.36038147838819840  0.47481853694346160  0.54139747533012261
  0.59037219050868806  0.62803668009412916  0.65801448045520117  0.68224619727326208
  0.70262481603621851  0.72168363392631518  0.73772269238792743  0.75143203219087074
  0.76446144118287018  0.77662552509415950  0.78771776176196251  0.79730296017462055
  0.80602655023459857  0.81431536687370942  0.82178995509872776  0.82895475855641299
  0.83565196453137291  0.84165456704185870  0.84769036244411078  0.85360593800502227
  0.85919290167486184  0.86444516425837270  0.86929933685167937  0.87404682742754347
  0.87852629996856879  0.88283258751304605  0.88703223794474573  0.89123317700434412
  0.89530872344372292  0.89889872165341167  0.90219631696561187  0.90540341930428536
  0.90857980933052107  0.91179371188476610  0.91489528891411875  0.91771275746876024
  0.92023765843897787  0.92276368908066186  0.92522401279531796  0.92760711306467503
  0.92989336241049081  0.93209151423118441  0.93422053469645161  0.93622898409421074
  0.93806147655671379  0.93989147129129424  0.94165213319216423  0.94342842359984047
  0.94514177246877284  0.94681747155794271  0.94850559714849969  0.95012877123939099
  0.95162972530620593  0.95306832473128389  0.95452591598011316  0.95602768776742597
  0.95752839582697424  0.95893388018937242  0.96021416116055425  0.96142963489203614
  0.96273429860051729  0.96402682561494579  0.96531325618442010  0.96662305281360372
  0.96796651701569103  0.96923998689268553  0.97051467606931174  0.97174508730240750
  0.97298972798532002  0.97422413850737377  0.97536353369328521  0.97645035168563765
  0.97750593496823646  0.97853968128197288  0.97956817418469455  0.98054548839967082
  0.98141678074222616  0.98231226360519996  0.98319319470974442  0.98407757550314501
  0.98497474635315918  0.98590627532714104  0.98698121095901281  0.98810692715396409
  0.98924765165825790  0.99036368459471114  0.99144123132981221  0.99254545295420415
  0.99378217194507956  0.99520045952685998  0.99721739936434040  1.00000000000000000
   2.1274106755225888E-012  -1.0000000000000000     
 F F F F F F F F F F F F F F F F F F F F F F F F F F F F F F F F F F F F F F F F F F F F F F F F F F F F F F F F F F F F F F F F
  <DiscreteSampler_grid>
  grouped_processes
  1 # 1 for a reference and 2 for a running grid.
  10 # Attribute 'min_bin_probing_points' of the grid.
  1 # Attribute 'grid_mode' of the grid. 1=='default',2=='initialization'
  0.0000000000000000 # Attribute 'small_contrib_threshold' of the grid.
  0.5000000000000000 # Attribute 'damping_power' of the grid.
 # binID   n_entries weight   weight_sqr   abs_weight
    10   10   8.783367823174395E-001   2.069461086341557E+000   8.783367823174395E-001
  </DiscreteSampler_grid>
