  0.25244764421200044  0.34063569793084514  0.34793806252835702  0.35535532181026086
  0.36343905516516745  0.37152278852007409  0.38454836562843581  0.40130427036746508
  0.41806017510649440  0.43481607984552362  0.51991133996975714  0.58542284837166525
  0.59133059437476998  0.59723834037787471  0.60314608638097955  0.60905383238408417
  0.61496157838718890  0.62086932439029363  0.62677707039339825  0.63268481639650298
  0.63859256239960760  0.64450030840271233  0.72182086058773753  0.77473646671117091
  0.78253442634396653  0.79033238597676225  0.79267729758082150  0.79389655044623519
  0.79511580331164888  0.79633505617706246  0.79755430904247615  0.79877356190788984
  0.79999281477330353  0.80121206763871722  0.80243132050413091  0.80365057336954460
  0.80486982623495829  0.80608907910037197  0.80730833196578555  0.80852758483119924
  0.80974683769661293  0.81096609056202662  0.81218534342744031  0.81340459629285400
  0.81462384915826769  0.81584310202368138  0.81706235488909496  0.81828160775450864
  0.81950086061992233  0.82072011348533602  0.82193936635074971  0.82315861921616340
  0.82437787208157709  0.82559712494699078  0.82681637781240436  0.82803563067781805
  0.82925488354323174  0.83047413640864542  0.83169338927405911  0.83291264213947280
  0.83413618100899400  0.83536197779327503  0.83658777457755606  0.83781357136183709
  0.83903936814611813  0.84026516493039927  0.84149096171468030  0.84271675849896133
  0.84394255528324236  0.84516835206752350  0.84639414885180453  0.84761994563608556
  0.84884574242036659  0.85007153920464773  0.85129733598892876  0.85252313277320979
  0.85374892955749082  0.87668858462694832  0.88046696287312165  0.88424534111929509
  0.88802371936546842  0.89180209761164186  0.89558047585781519  0.89935885410398864
  0.90313723235016208  0.90691561059633552  0.91069398884250896  0.91447236708868240
  0.91825074533485584  0.92202912358102918  0.92580750182720262  0.92958588007337595
  0.93336425831954939  0.93714263656572283  0.97580477434988644  1.00000000000000000
  0.00000936683836792  0.00006212581623642  0.00011488479410492  0.00013826192739482
  0.00014832910613652  0.00015839628487822  0.00016846346361993  0.00017853064236163
  0.00018859782110333  0.00019866499984504  0.00020873217858674  0.00021879935732845
  0.00022886653607015  0.00023893371481185  0.00024900089355356  0.00025906807229526
  0.00026913525103696  0.00027920242977867  0.00028926960852037  0.00029871441488882
  0.00030804189411402  0.00031736937333923  0.00032669685256443  0.00033602433178963
  0.00034535181101484  0.00035467929024004  0.00036400676946524  0.00037333424869045
  0.00038266172791565  0.00039198920714085  0.00040131668636606  0.00041064416559126
  0.00041997164481646  0.00042929912404167  0.00043859972439826  0.00044721820165858
  0.00045583667891890  0.00046445515617922  0.00047307363343954  0.00048169211069986
  0.00049031058796018  0.00049892906522050  0.00050754754248082  0.00051616601974114
  0.00052478449700146  0.00053340297426178  0.00054202145152210  0.00055063992878242
  0.00055925840604274  0.00056787688330306  0.00072361518323419  0.00120869269648117
  0.00123913410738750  0.00126957551829383  0.00130001692920015  0.00133246502191236
  0.00136541070584679  0.00139835638978123  0.00143276578842133  0.00146842176025679
  0.00150407773209226  0.00166041724819440  0.00171761582677480  0.00177481440535520
  0.00183531757500677  0.00189722161412005  0.00196076075879069  0.00202775735474898
  0.00209475395070726  0.00307175987531069  0.00341436514241427  0.00346869644156752
  0.00352302774072077  0.00357735903987402  0.00363169033902728  0.00368324690495685
  0.00373338245159821  0.00378351799823956  0.00383365354488091  0.00388378909152227
  0.00393392463816362  0.00518929056771600  0.00777843742113001  0.01165837710237275
  0.01747213265246770  0.01985659242257759  0.01985659242258759  0.01985659242259759
  0.01985659242260759  0.01985659242261759  0.01985659242262759  0.01985659242263759
  0.01985659242264759  0.01985659242265759  0.01985659242266758  1.00000000000000000
 -0.00000052077202516  0.00006741842855435  0.00007272752771668  0.00007802696657408
  0.00008330939404123  0.00008859182150838  0.00011406027107159  0.00011872906582947
  0.00012339786058736  0.00012853921274130  0.00013373577829853  0.00013905009688436
  0.00014483409360964  0.00015061809033492  0.00017120592258197  0.00017242414219276
  0.00017364236180355  0.00017486058141434  0.00017607880102512  0.00017729702063591
  0.00017851524024670  0.00017973345985748  0.00018095167946827  0.00018216989907906
  0.00018338811868984  0.00018460633830063  0.00018582455791142  0.00018704277752220
  0.00018826099713299  0.00018947921674378  0.00019076063439544  0.00019211656422291
  0.00019347249405038  0.00019482842387785  0.00019618435370532  0.00019754028353279
  0.00019889621336027  0.00020025214318774  0.00020160807301521  0.00020296400284268
  0.00020431993267015  0.00020567586249762  0.00020703179232510  0.00020838772215257
  0.00020974365198004  0.00021109958180751  0.00021254859993824  0.00021405780704733
  0.00021556701415641  0.00021707622126550  0.00021858542837458  0.00022009463548367
  0.00022160384259276  0.00022311304970184  0.00022462225681093  0.00022613146392001
  0.00022764067102910  0.00022914987813819  0.00023065908524727  0.00023216829235636
  0.00023367749946544  0.00023518670657453  0.00035695165089107  0.00041677393750545
  0.00043519356033639  0.00045426114406367  0.00047476296145858  0.00049526477885349
  0.00051771724914649  0.00054053663694568  0.00068101358090817  0.00117913309315851
  0.00163431768958619  0.00167011385435098  0.00170591001911577  0.00174170618388056
  0.00177750234864536  0.00181273246302459  0.00184669542085556  0.00188065837868653
  0.00191462133651750  0.00194858429434847  0.00198254725217944  0.00238181938361904
  0.00412404563454799  0.00713937466311892  0.01235722646396607  0.02140999960534682
  0.02742272357922513  0.02742272357923513  0.02742272357924513  0.02742272357925513
  0.02742272357926512  0.02742272357927512  0.02742272357928512  1.00000000000000000
  0.06116544802983602  0.06344324413306665  0.06438648826613332  0.06532973239919998
  0.06627297653226663  0.06721622066533328  0.06815946479839995  0.06910270893146660
  0.07004595306453326  0.07098919719759991  0.07193244133066658  0.07287568546373323
  0.07381892959679989  0.07476217372986654  0.07570541786293319  0.07664866199599986
  0.07759190612906651  0.07853515026213317  0.07947839439519983  0.08042163852826648
  0.08136488266133314  0.08230812679439979  0.08325137092746646  0.08443603255032880
  0.08564366825664968  0.08685130396297056  0.08805893966929142  0.08926657537561229
  0.09047421108193315  0.09168184678825403  0.09288948249457490  0.09409711820089577
  0.09530475390721664  0.09651238961353750  0.09772002531985838  0.09892766102617925
  0.10013529673250011  0.10134293243882099  0.10255056814514185  0.10375820385146273
  0.10496591794717734  0.10617367210825555  0.10738142626933375  0.10858918043041196
  0.10979693459149018  0.11100468875256837  0.11221244291364658  0.11342019707472478
  0.11462795123580299  0.11583570539688119  0.11704345955795940  0.11825121371903760
  0.11945896788011581  0.12066672204119402  0.12187447620227222  0.12308223036335043
  0.12428998452442863  0.16196525181377147  0.17197544816136537  0.17757788273127442
  0.18318031730118348  0.18867186189892729  0.19378998315188467  0.19890810440484205
  0.20402622565779943  0.20914434691075684  0.21426246816371428  0.21938058941667171
  0.22449871066962915  0.22981341189127655  0.23716653485177774  0.24451965781227891
  0.27284472468596249  0.36254025769024334  0.45223579069452402  0.54193132369880492
  0.63162685670308560  0.72132238970736640  0.81101792271164708  0.90071345571592787
  0.94199326979109532  0.94961061872542463  0.95722796765975393  0.96134040016195244
  0.96485789650450327  0.96837539284705398  0.97189288918960470  0.97541038553215542
  0.97892788187470614  0.98196798557046316  0.98497332130871929  0.98797865704697552
  0.99098399278523164  0.99398932852348787  0.99699466426174399  1.00000000000000000
  0.14359342654546098  0.15065460707859885  0.15547588082386440  0.16029715456912999
  0.16511842831439558  0.17037426523742238  0.17583566283960805  0.18129706044179369
  0.18675845804397934  0.25288913514966516  0.26848918145776413  0.28408922776586315
  0.29968927407396218  0.32895771203896035  0.42100202203802528  0.51304633203709005
  0.60509064203615504  0.64986031080593187  0.65708543103071515  0.66431055125549854
  0.67153567148028170  0.67876079170506498  0.68598591192984815  0.69321103215463131
  0.70043615237941459  0.70766127260419776  0.79181593582218190  0.83394602427410813
  0.83506215649176141  0.83617828870941469  0.83729442092706796  0.83841055314472113
  0.83952668536237440  0.84064281758002768  0.84175894979768084  0.84287508201533412
  0.84399121423298740  0.84510734645064056  0.84622347866829384  0.84733961088594711
  0.84845574310360039  0.84957187532125356  0.85068800753890683  0.85180413975656011
  0.85292027197421327  0.85403640419186655  0.85515253640951983  0.85626866862717299
  0.85738480084482627  0.85850093306247943  0.85961706528013271  0.86073319749778598
  0.86184932971543915  0.86296546193309243  0.86408159415074559  0.86519772636839887
  0.86631385858605214  0.86742999080370531  0.86854612302135858  0.86966225523901175
  0.87077838745666503  0.87189451967431830  0.87301065189197147  0.87412678410962474
  0.87523556686763648  0.87631793038484851  0.87740029390206042  0.87848265741927234
  0.87956502093648437  0.88064738445369628  0.88172974797090831  0.88281211148812022
  0.88389447500533214  0.88497683852254416  0.88605920203975608  0.88714156555696799
  0.88822392907418002  0.88930629259139193  0.89038865610860396  0.89147101962581587
  0.89255338314302779  0.89363574666023982  0.89471811017745173  0.89580047369466376
  0.90003938619631307  0.90437712926085234  0.90871487232539150  0.91305261538993077
  0.91739035845446992  0.92172810151900908  0.92606584458354824  0.93040358764808739
  0.93474133071262655  0.96109028511724226  0.98101241368911396  1.00000000000000000
  0.03004902203877770  0.03416759803921188  0.03828617403964606  0.04313542936144087
  0.05133126604185980  0.05952710272227873  0.06791446138014048  0.07641083435378569
  0.08490720732743093  0.09340358030107623  0.10189995327472154  0.11039632624836677
  0.11889269922201200  0.12611608882874414  0.13008528949918288  0.13405449016962162
  0.13802369084006036  0.14199289151049910  0.14596209218093781  0.14993129285137660
  0.15390049352181537  0.15786969419225416  0.16183889486269293  0.16580809553313169
  0.16977729620357046  0.17374649687400917  0.17771569754444791  0.18168489821488665
  0.18565409888532539  0.22933564144316082  0.23062223341406535  0.23190882538496987
  0.23319541735587440  0.23448200932677890  0.23576860129768343  0.23705519326858795
  0.23834178523949248  0.23962837721039701  0.24091496918130154  0.24220156115220606
  0.24348815312311059  0.24477474509401509  0.24606133706491962  0.24734792903582414
  0.24863452100672867  0.24992111297763320  0.25120770494853772  0.25249429691944225
  0.25378088889034678  0.25506748086125131  0.25635407283215583  0.25764066480306036
  0.25892725677396489  0.26021384874486941  0.26150044071577394  0.26278703268667841
  0.26407362465758294  0.26536021662848747  0.26664680859939199  0.26793340057029652
  0.26921999254120105  0.27050658451210557  0.27179317648301010  0.27307976845391468
  0.27436636042481921  0.27565295239572374  0.27693954436662827  0.27822613633753279
  0.27951272830843732  0.28079932027934190  0.28208591225024643  0.28337250422115096
  0.28465909619205548  0.28594568816296001  0.28723228013386459  0.28851887210476912
  0.28980546407567365  0.29109205604657817  0.34879558808398947  0.45203089265724222
  0.54398747377073187  0.56160493689708280  0.57922240002343384  0.59683986314978499
  0.66446816248499641  0.76770346705824910  0.83559474724631411  0.84180283215737695
  0.84801091706843978  0.85421291395266197  0.85969882896505379  0.86518474397744560
  0.87067065898983731  0.89635225689582099  0.90744096438090005  1.00000000000000000
 -0.00271604726623998  0.00067591688691236  0.00135183377382471  0.00202775066073707
  0.00270366754764943  0.00337958443456178  0.00405550132147414  0.00473141820838650
  0.00540733509529885  0.00608325198221121  0.00675916886912357  0.00743508575603592
  0.00811100264294828  0.00878691952986064  0.00946283641677300  0.01013875330368535
  0.01081467019059771  0.01149058707751007  0.01216650396442242  0.01284242085133478
  0.01351833773824714  0.01419425462515950  0.01487017151207185  0.01554608839898421
  0.01622200528589656  0.01689792217280892  0.01757383905972128  0.01824975594663364
  0.01892567283354599  0.01960158972045835  0.02027750660737070  0.02098942874941073
  0.02186799804153184  0.02274656733365293  0.02362513662577404  0.02450370591789514
  0.02538227521001624  0.02626084450213734  0.02713941379425844  0.02801798308637954
  0.02889655237850064  0.02977512167062174  0.03065369096274284  0.03153226025486394
  0.03241082954698504  0.03328939883910614  0.03416796813122724  0.03504653742334834
  0.03592510671546944  0.03680367600759054  0.03768224529971164  0.03856081459183274
  0.03943938388395384  0.04031795317607494  0.04119652246819604  0.04281624781988702
  0.04528912893253732  0.04776201004518763  0.05023489115783792  0.05270777227048822
  0.05518065338313852  0.05765353449578882  0.06012641560843911  0.06566683874861955
  0.14453364968005428  0.14905957156868696  0.15233986735706873  0.15562016314545049
  0.15890045893383226  0.16218075472221402  0.16546105051059579  0.16874134629897752
  0.17202164208735923  0.17530193787574097  0.17858223366412271  0.18186252945250442
  0.18514282524088616  0.18842312102926786  0.19170341681764960  0.19498371260603134
  0.19826400839441305  0.20154430418279479  0.20482459997117652  0.20810489575955823
  0.28170791304453469  0.36057472397596957  0.43944153490740429  0.51830834583883900
  0.59717515677027388  0.67604196770170866  0.75490877863314343  0.83377558956457809
  0.91264240049601297  0.96576743078156202  0.98322336885527550  1.00000000000000000
  0.07351320584615068  0.07689696331526752  0.08028072078438436  0.08410945984618066
  0.09204019870062287  0.09997093755506507  0.11224075344260218  0.12938487838920823
  0.14991630124142077  0.22943132890361972  0.23067746499836606  0.23192360109311241
  0.23316973718785874  0.23441587328260508  0.23566200937735141  0.23690814547209774
  0.23815428156684407  0.23940041766159040  0.24064655375633676  0.24189268985108309
  0.24313882594582942  0.24438496204057575  0.24563109813532208  0.24687723423006841
  0.24812337032481474  0.24936950641956107  0.25061564251430740  0.25186177860905373
  0.25310791470380006  0.25435405079854639  0.25560018689329272  0.25684632298803911
  0.25809245908278544  0.25933859517753177  0.26058473127227810  0.26183086736702443
  0.26307700346177076  0.26432313955651709  0.26556927565126343  0.26681541174600976
  0.26806154784075609  0.26930768393550242  0.27055382003024875  0.27179995612499508
  0.27304609221974147  0.27429222831448780  0.27553836440923413  0.27678450050398051
  0.27803063659872684  0.27927677269347317  0.28052290878821950  0.28176904488296589
  0.28301518097771222  0.28426131707245855  0.28550745316720494  0.28675358926195127
  0.28799972535669760  0.28924586145144399  0.29049199754619032  0.29743735916321618
  0.31952361709815863  0.32778375157871631  0.33604388605927404  0.34430402053983189
  0.35256415502038968  0.36082428950094741  0.36908442398150509  0.40356024714054217
  0.50418110432798902  0.60480196151543597  0.66899010226018929  0.67502233375782594
  0.68105456525546260  0.68708679675309925  0.69311902825073590  0.69915125974837256
  0.70518349124600921  0.71121572274364597  0.71724795424128274  0.72328018573891939
  0.72925977313331336  0.73311320410902214  0.73696663508473093  0.74082006606043971
  0.74467349703614849  0.74852692801185727  0.75202978860721803  0.75531570066252196
  0.75860161271782600  0.76188752477312993  0.76517343682843397  0.76845934888373801
  0.79875828562510010  0.84836978117624917  0.84836978117625916  1.00000000000000000
  0.10933315356572475  0.27784669218886682  0.28486005104440038  0.29189618994438776
  0.29968231714631394  0.30746844434824011  0.31526733162904058  0.32308952672588714
  0.33091172182273365  0.40149218536826903  0.50021333831034753  0.52551914310759873
  0.53144208401792381  0.53736502492824889  0.54328796583857397  0.54921090674889905
  0.55513384765922402  0.56105678856954899  0.56697972947987407  0.57290267039019904
  0.57882561130052401  0.58527097739496026  0.59338035995379368  0.60148974251262721
  0.60959912507146063  0.61770850763029406  0.62581789018912748  0.63392727274796079
  0.64203665530679421  0.69833488454734804  0.79705603748942655  0.81353298054340639
  0.81475752990300199  0.81598207926259758  0.81720662862219318  0.81843117798178866
  0.81965572734138425  0.82088027670097985  0.82210482606057544  0.82332937542017093
  0.82455392477976652  0.82577847413936212  0.82700302349895771  0.82822757285855320
  0.82945212221814879  0.83067667157774439  0.83190122093733998  0.83312577029693546
  0.83435031965653106  0.83557486901612665  0.83679941837572225  0.83802396773531784
  0.83924851709491344  0.84047306645450892  0.84169761581410452  0.84292216517370011
  0.84414671453329571  0.84537126389289130  0.84659581325248690  0.84782036261208249
  0.84904491197167808  0.85026946133127357  0.85149401069086916  0.85271856005046476
  0.85394310941006035  0.85516765876965595  0.85639220812925143  0.85761675748884703
  0.85884130684844262  0.86006585620803822  0.86129040556763370  0.86251495492722929
  0.86373950428682489  0.86496405364642048  0.86618860300601597  0.86741315236561156
  0.86863770172520716  0.86986225108480275  0.87108680044439823  0.87231134980399383
  0.87353589916358942  0.87476044852318502  0.87804411203819188  0.88182855209849165
  0.88561299215879130  0.88939743221909096  0.89318187227939072  0.89679953090490316
  0.90002687825688132  0.90325422560885960  0.90648157296083776  0.90970892031281592
  0.91293626766479408  0.91616361501677224  0.95169723431269326  1.00000000000000000
   2.0535253483897861E-011  -1.0000000000000000     
 F F F F F F F F F F F F F F F F F F F F F F F F F F F F F F F F F F F F F F F F F F F F F F F F F F F F F F F F F F F F F F F F
  <DiscreteSampler_grid>
  grouped_processes
  1 # 1 for a reference and 2 for a running grid.
  10 # Attribute 'min_bin_probing_points' of the grid.
  1 # Attribute 'grid_mode' of the grid. 1=='default',2=='initialization'
  0.0000000000000000 # Attribute 'small_contrib_threshold' of the grid.
  0.5000000000000000 # Attribute 'damping_power' of the grid.
 # binID   n_entries weight   weight_sqr   abs_weight
    10   10   3.910157772770565E+003   7.091169225142249E+007   3.910157772770565E+003
  </DiscreteSampler_grid>
