  0.16199880360656782  0.16665748924410789  0.19150555349235276  0.28181370685449852
  0.35438066712692640  0.35545701232648691  0.35653335752604742  0.35760970272560794
  0.35868604792516851  0.35976239312472902  0.36083873832428953  0.36191508352385005
  0.36299142872341056  0.36406777392297107  0.36514411912253164  0.36622046432209215
  0.36729680952165267  0.36837315472121318  0.36944949992077369  0.37052584512033421
  0.37160219031989478  0.37267853551945529  0.37375488071901580  0.37483122591857632
  0.37590757111813683  0.37698391631769734  0.37806026151725791  0.37913660671681843
  0.38021295191637894  0.38128929711593945  0.38236564231549997  0.38344198751506048
  0.38451833271462105  0.38559467791418156  0.38667102311374207  0.38774736831330259
  0.38882371351286310  0.38990005871242361  0.39097640391198418  0.39205274911154470
  0.39312909431110521  0.39420543951066572  0.39528178471022624  0.39635812990978680
  0.39743447510934732  0.39851082030890783  0.39958716550846840  0.40066351070802891
  0.40173985590758943  0.40281620110715000  0.40389254630671051  0.40496889150627102
  0.40604523670583159  0.40712158190539210  0.40819792710495267  0.40927427230451319
  0.41035061750407370  0.41142696270363427  0.41250330790319478  0.41357965310275530
  0.41465599830231586  0.41573234350187638  0.41805702861615435  0.42859419217957084
  0.43913135574298728  0.44966851930640372  0.46020568286982022  0.47074284643323677
  0.49727895394423238  0.52401357116423863  0.52831597069415093  0.53261837022406322
  0.53692076975397551  0.54122316928388781  0.54552556881379999  0.54982796834371228
  0.55413036787362446  0.55843276740353676  0.56273516693344894  0.56703756646336123
  0.57133996599327341  0.57564236552318571  0.57994476505309789  0.60251481847184307
  0.67166730362008942  0.68893267370998668  0.70619804379988405  0.72346341388978153
  0.78964341625604262  0.87557621585157985  0.88608540657426027  0.89614813011874794
  0.90049387563536598  0.90483962115198402  0.90517525854175440  1.00000000000000000
  0.00004123150930840  0.00004358000423720  0.00005172190815511  0.00009075128666908
  0.00015930762623111  0.00027980477741668  0.00049049574030020  0.00086240456715347
  0.00124366026718663  0.00138368551316668  0.00153882005402144  0.00171356159617400
  0.00284128301221777  0.00499195419102541  0.00876207989107707  0.01054577245774701
  0.01090614099273008  0.01126650952771316  0.01162687806269623  0.01202833307229957
  0.01243755449042607  0.01284677590855256  0.01325599732667906  0.01371905137896115
  0.01418374835662966  0.01464844533429818  0.01507738223067404  0.01518356359566020
  0.01528974496064636  0.01539592632563252  0.01550210769061868  0.01560828905560484
  0.01571447042059101  0.01582065178557717  0.01592683315056333  0.01603301451554949
  0.01613919588053565  0.01624537724552182  0.01635155861050798  0.01645773997549414
  0.01656392134048030  0.01667010270546647  0.01677628407045263  0.01688246543543879
  0.01698864680042495  0.01709482816541111  0.01721344190575632  0.01733401760685155
  0.01745459330794678  0.01757516900904201  0.01769574471013724  0.01781632041123247
  0.01793689611232770  0.01805747181342292  0.01817804751451815  0.01829862321561338
  0.01841919891670861  0.01853977461780384  0.01866035031889907  0.01878092601999430
  0.01890150172108953  0.01902207742218476  0.01914265312327999  0.01926322882437521
  0.01938380452547045  0.01951463965135808  0.01965156103767197  0.01978848242398585
  0.01992540381029974  0.02006232519661363  0.02019924658292751  0.02033616796924140
  0.02047308935555529  0.02061001074186917  0.02074693212818306  0.02088385351449695
  0.02102077490081083  0.02115769628712472  0.02129461767343861  0.02143153905975249
  0.02156846044606638  0.02170538183238026  0.02184230321869415  0.02197922460500804
  0.02754444748032306  0.04833264971374342  0.06347982843188149  0.06771968300167977
  0.07208565979833514  0.07652449572999587  0.09073272414667767  0.09073272414668768
  0.09073272414669768  0.09073272414670769  0.09073272414671769  1.00000000000000000
  0.00012047349368194  0.00012958182560127  0.00013527735880316  0.00014163772820576
  0.00014856178985101  0.00015835546763996  0.00017566759593847  0.00019487017486793
  0.00023194103737298  0.00036922636605986  0.00058797630631787  0.00062089777011623
  0.00062461342039784  0.00062832907067946  0.00063204472096107  0.00063576037124268
  0.00063947602152429  0.00064319167180590  0.00064690732208751  0.00065062297236912
  0.00065433862265074  0.00065805427293235  0.00066176992321396  0.00066548557349557
  0.00066920122377718  0.00067291687405879  0.00067663252434040  0.00068034817462202
  0.00068406382490363  0.00068779913841798  0.00069170714132742  0.00069561514423686
  0.00069952314714630  0.00070343115005574  0.00070733915296517  0.00071124715587461
  0.00071515515878405  0.00071906316169349  0.00072297116460293  0.00072687916751237
  0.00073078717042181  0.00073469517333125  0.00073860317624069  0.00074251117915012
  0.00074641918205956  0.00075032718496900  0.00075423518787844  0.00075814319078788
  0.00076205119369732  0.00076605577874655  0.00077040555087617  0.00077475532300578
  0.00077910509513540  0.00078345486726502  0.00078780463939464  0.00079215441152425
  0.00079650418365387  0.00080085395578349  0.00080520372791311  0.00080955350004273
  0.00081390327217234  0.00081825304430196  0.00082260281643158  0.00082695258856120
  0.00083130236069081  0.00083565213282043  0.00084000190495005  0.00084435167707967
  0.00084870144920929  0.00085688705987567  0.00087268618603286  0.00088848531219005
  0.00090428443834724  0.00092008356450443  0.00093588269066161  0.00106093943502547
  0.00147807605334619  0.00155091434158058  0.00162383845783061  0.00169805198438960
  0.00177226551094859  0.00238075757398712  0.00378545465001094  0.00602952978857468
  0.00959881293053045  0.01526127637269412  0.02431172387019587  0.02883467785648589
  0.02883467785649588  0.02883467785650588  0.02883467785651588  0.02883467785652588
  0.02883467785653588  0.02883467785654588  0.02883467785655588  1.00000000000000000
  0.04813015063603724  0.07175081156734792  0.08100162313469585  0.08984513428074632
  0.09855138677200337  0.10771823442729404  0.11772183190269876  0.12772962986698594
  0.13774864509649490  0.16243067129586633  0.24839802968253763  0.29217796205223395
  0.29320737727144208  0.29423679249065027  0.29526620770985840  0.29629562292906658
  0.29732503814827471  0.29835445336748290  0.29938386858669103  0.30041328380589916
  0.30144269902510734  0.30247211424431547  0.30350152946352366  0.30453094468273179
  0.30556035990193997  0.30658977512114810  0.30761919034035629  0.30864860555956442
  0.30967802077877260  0.31070743599798073  0.31173685121718891  0.31276626643639704
  0.31379568165560523  0.31482509687481336  0.31585451209402154  0.31688392731322967
  0.31791334253243786  0.31894275775164599  0.31997217297085417  0.32100158819006230
  0.32203100340927049  0.32306041862847862  0.32408983384768680  0.32511924906689493
  0.32614866428610312  0.32717807950531125  0.32820749472451938  0.32923690994372756
  0.33026632516293569  0.33129574038214388  0.33232515560135201  0.33335457082056019
  0.33438398603976838  0.33541340125897651  0.33644281647818469  0.33747223169739288
  0.33850164691660101  0.33953106213580919  0.34056047735501738  0.34158989257422551
  0.34261930779343369  0.34364872301264188  0.34467813823185001  0.34570755345105819
  0.34673696867026638  0.34776638388947451  0.34879579910868269  0.34982521432789088
  0.35085462954709901  0.35188404476630719  0.35291345998551538  0.35394287520472356
  0.42144500583760580  0.50741236422427705  0.59337972261094840  0.67934708099761976
  0.76531443938429100  0.79451414952075006  0.79862033153331047  0.80272651354587077
  0.80683269555843118  0.81093887757099148  0.81504381049763541  0.81914797724338007
  0.82325214398912483  0.82735631073486959  0.83146047748061436  0.83527037635320966
  0.83883328081986308  0.84239618528651639  0.84595908975316969  0.84952199421982300
  0.85308489868647630  0.91403264161332487  0.92777711550394693  1.00000000000000000
 -0.00020057360331217  0.00923019373044849  0.01846038746089698  0.02826999883933239
  0.03828011729359133  0.09869555571134395  0.18488261402613451  0.23163386933808738
  0.23670846809525403  0.24178306685242071  0.24685766560958736  0.25193226436675403
  0.25700686312392068  0.26208146188108733  0.26715606063825398  0.27223065939542063
  0.27730525815258733  0.28237985690975403  0.28745445566692079  0.30631347274839149
  0.39250053106318200  0.47868758937797273  0.49549823771644752  0.51192109646995165
  0.52834395522345601  0.55793622003901733  0.64412327835380789  0.66741432304275794
  0.66842680870996796  0.66943929437717797  0.67045178004438799  0.67146426571159801
  0.67247675137880802  0.67348923704601804  0.67450172271322806  0.67551420838043807
  0.67652669404764809  0.67753917971485811  0.67855166538206813  0.67956415104927814
  0.68057663671648805  0.68158912238369807  0.68260160805090808  0.68361409371811810
  0.68462657938532812  0.68563906505253813  0.68665155071974815  0.68766403638695817
  0.68867652205416818  0.68968900772137820  0.69070149338858822  0.69171397905579823
  0.69272646472300825  0.69373895039021827  0.69475143605742828  0.69576392172463830
  0.69677640739184821  0.69778889305905822  0.69880137872626824  0.69981386439347826
  0.70082635006068827  0.70183883572789829  0.70285132139510831  0.70386380706231833
  0.70487629272952834  0.70588877839673836  0.70690126406394838  0.70791374973115839
  0.70892623539836841  0.70993872106557843  0.71095120673278844  0.71196369239999846
  0.71297617806720848  0.71398866373441849  0.71500114940162851  0.71601363506883853
  0.71702612073604854  0.71803860640325856  0.71905109207046858  0.72006357773767860
  0.72107606340488861  0.72208854907209863  0.72310103473930865  0.72411352040651866
  0.72512600607372868  0.72613849174093870  0.72715097740814871  0.72816346307535873
  0.72995679618944609  0.81614385450423654  0.90233091281902711  0.96182976625267191
  0.97181323101725348  0.98159142984365366  0.99079571492182639  1.00000000000000000
  0.00515651305516559  0.01139923943518613  0.01764196581520666  0.02526309175050420
  0.03432586377425322  0.05853596896702690  0.14585156646253578  0.14694075373193444
  0.14802994100133310  0.14911912827073176  0.15020831554013042  0.15129750280952906
  0.15238669007892772  0.15347587734832638  0.15456506461772504  0.15565425188712370
  0.15674343915652234  0.15783262642592100  0.15892181369531966  0.16001100096471832
  0.16110018823411698  0.16218937550351561  0.16327856277291428  0.16436775004231294
  0.16545693731171160  0.16654612458111026  0.16763363399510020  0.16872093461004423
  0.16980823522498828  0.17089553583993231  0.17198283645487633  0.17307013706982038
  0.17415743768476441  0.17524473829970844  0.17633203891465249  0.17741933952959651
  0.17850664014454054  0.17959394075948457  0.18068124137442862  0.18176854198937265
  0.18285584260431667  0.18394314321926070  0.18503044383420475  0.18611774444914878
  0.18720504506409280  0.18829234567903685  0.18937964629398088  0.19046694690892491
  0.19155424752386893  0.19264154813881298  0.19372884875375701  0.19481614936870104
  0.19590344998364506  0.19699075059858911  0.19807805121353314  0.19916535182847717
  0.20025265244342122  0.20133995305836525  0.20242725367330927  0.20351455428825330
  0.20460185490319735  0.20568915551814138  0.20677645613308540  0.20786375674802943
  0.21349705532404625  0.22258609480851047  0.25366989600440515  0.34245350900059146
  0.43123712199677783  0.52002073499296408  0.58429680161670261  0.58765513642827738
  0.59101347123985215  0.59437180605142692  0.59773014086300180  0.60108847567457657
  0.60444681048615134  0.60780514529772611  0.61116348010930088  0.61452181492087565
  0.61788014973245031  0.62123848454402508  0.62459681935559985  0.62795515416717462
  0.63131348897874939  0.63467182379032416  0.63803015860189893  0.64138849341347359
  0.64474682822504836  0.70589323220790423  0.74380347245496237  0.76294735580250894
  0.82243277400761905  0.85426611105600991  0.85426611105601991  1.00000000000000000
  0.00711339810359272  0.02014399390516493  0.03606501176481623  0.05237281906838391
  0.06880106361999452  0.09326054218296105  0.12564404778863983  0.12666470841080107
  0.12768536903296229  0.12870602965512354  0.12972669027728478  0.13074735089944603
  0.13176801152160728  0.13278867214376852  0.13380933276592977  0.13482999338809099
  0.13585065401025223  0.13687131463241348  0.13789197525457472  0.13891263587673597
  0.13993329649889721  0.14095395712105846  0.14197461774321971  0.14299527836538095
  0.14401593898754217  0.14503659960970341  0.14605726023186466  0.14707792085402593
  0.14809858147618718  0.14911924209834843  0.15013990272050967  0.15116056334267094
  0.15218122396483219  0.15320188458699344  0.15422254520915468  0.15524320583131596
  0.15626386645347720  0.15728452707563845  0.15830518769779969  0.15932584831996097
  0.16034650894212221  0.16136716956428346  0.16238783018644470  0.16340849080860598
  0.16442915143076722  0.16544981205292847  0.16647047267508971  0.16749113329725096
  0.16851179391941221  0.16953245454157345  0.17055311516373470  0.17157377578589594
  0.17259443640805719  0.17361509703021843  0.17463575765237968  0.17565641827454090
  0.17667707889670214  0.17769773951886339  0.17871840014102464  0.17973906076318588
  0.18075972138534713  0.18178038200750837  0.18280104262966959  0.18382170325183084
  0.18484236387399208  0.18586302449615333  0.18688368511831457  0.22157667883575058
  0.30759396735907651  0.32195068159420992  0.33197298980023554  0.34199529800626116
  0.35201760621228684  0.36203991441831246  0.37206222262433802  0.38206570625086150
  0.39206138379606620  0.39835346256303339  0.40240094007493632  0.40644841758683919
  0.41049589509874207  0.41454337261064500  0.41712513068678075  0.41808949965365688
  0.41905386862053295  0.42001823758740903  0.42098260655428510  0.42194697552116117
  0.42239118019739796  0.42239118019740796  0.42239118019741795  0.42239118019742794
  0.42239118019743793  0.42239118019744792  0.42239118019745792  1.00000000000000000
  0.00719767411549884  0.01943304736017732  0.03835054381503883  0.12471038449207671
  0.13720504736393407  0.14944562737661019  0.16168620738928638  0.17392678740196249
  0.18616736741463857  0.23494768159961874  0.24715681668529751  0.25106545635933974
  0.25245434890727975  0.25384324145521980  0.25523213400315981  0.25662102655109981
  0.25800991909903986  0.25939881164697987  0.26078770419491987  0.26217659674285987
  0.26356548929079993  0.26495438183873993  0.26634327438667993  0.26773216693461999
  0.26912105948255999  0.27050995203049999  0.27189884457844005  0.27328773712638005
  0.27467662967432011  0.27606552222226011  0.27745441477020016  0.27884330731814022
  0.28023219986608022  0.28162109241402028  0.28300998496196028  0.28439887750990034
  0.28578777005784034  0.28717666260578040  0.28856555515372040  0.28995444770166046
  0.29134334024960051  0.29273313176148696  0.29412319604742609  0.29551326033336522
  0.29690332461930430  0.29829338890524343  0.29968345319118256  0.30107351747712169
  0.30246358176306076  0.30385364604899989  0.30524371033493902  0.30663377462087815
  0.30802383890681728  0.30941390319275636  0.31080396747869549  0.31219403176463462
  0.33629213553256682  0.34147325660503181  0.34665437767749674  0.35183549874996167
  0.35701661982242655  0.36219774089489143  0.36737886196735631  0.37255998303982119
  0.37774110411228612  0.38292222518475100  0.38810334625721588  0.39328446732968075
  0.44652078497106901  0.54628992471036741  0.64605906444966565  0.74582820418896412
  0.84559734392826247  0.87692607673234801  0.90182400786750250  0.95695940686907033
  0.96061895968151612  0.96293650102253925  0.96525404236356238  0.96757158370458551
  0.96988912504560854  0.97220666638663167  0.97452420772765480  0.97684174906867793
  0.97915929040970096  0.98105512445709830  0.98294961201138853  0.98484409956567864
  0.98673858711996887  0.98863307467425909  0.99052756222854921  0.99242204978283943
  0.99431653733712955  0.99621102489141977  0.99810551244570989  1.00000000000000000
  0.07385515769322723  0.18682574146702863  0.19735913546914918  0.20755943947314975
  0.21777445986529473  0.22799068845040557  0.23820691703551633  0.24842314562062706
  0.25352752416210622  0.25769889031911841  0.26187025647613060  0.26604162263314279
  0.27021298879015493  0.27438435494716717  0.27855572110417937  0.28272708726119161
  0.28689845341820386  0.29106981957521605  0.29524118573222824  0.29941255188924043
  0.30358391804625257  0.30775528420326476  0.31192665036027695  0.38802273831614958
  0.47558014478804400  0.56313755125993825  0.65069495773183250  0.72927495605017767
  0.73031852342956516  0.73136209080895276  0.73240565818834025  0.73344922556772774
  0.73449279294711534  0.73553636032650282  0.73657992770589031  0.73762349508527780
  0.73866706246466540  0.73971062984405289  0.74075419722344038  0.74179776460282798
  0.74284133198221547  0.74388489936160296  0.74492846674099045  0.74597203412037805
  0.74701560149976554  0.74805916887915302  0.74910273625854062  0.75014630363792811
  0.75118987101731560  0.75223343839670320  0.75327700577609069  0.75432057315547818
  0.75536414053486567  0.75640770791425327  0.75745127529364076  0.75849484267302825
  0.75953841005241585  0.76058197743180334  0.76162554481119082  0.76266911219057842
  0.76371267956996591  0.76475624694935340  0.76579981432874089  0.76684338170812849
  0.76788694908751598  0.76893051646690347  0.76997408384629107  0.77101765122567856
  0.77206121860506605  0.77310478598445365  0.77414835336384114  0.77519192074322874
  0.77623548812261622  0.77727905550200371  0.77832262288139131  0.77936619026077880
  0.78040975764016640  0.78145332501955389  0.78249689239894138  0.78354045977832898
  0.78458402715771647  0.78562759453710407  0.78667116191649156  0.78771472929587905
  0.78875829667526665  0.78980186405465413  0.79084543143404173  0.79523301921780398
  0.81197252018496935  0.82227647921749814  0.83237104927640992  0.84175071675870183
  0.85105505377591806  0.91244259352810042  0.96068233648935941  1.00000000000000000
   1.8888854262391604E-013  -1.0000000000000000     
 F F F F F F F F F F F F F F F F F F F F F F F F F F F F F F F F F F F F F F F F F F F F F F F F F F F F F F F F F F F F F F F F
  <DiscreteSampler_grid>
  grouped_processes
  1 # 1 for a reference and 2 for a running grid.
  10 # Attribute 'min_bin_probing_points' of the grid.
  1 # Attribute 'grid_mode' of the grid. 1=='default',2=='initialization'
  0.0000000000000000 # Attribute 'small_contrib_threshold' of the grid.
  0.5000000000000000 # Attribute 'damping_power' of the grid.
 # binID   n_entries weight   weight_sqr   abs_weight
    10   10   1.117988572723156E+004   1.056909199067158E+009   1.117988572723156E+004
  </DiscreteSampler_grid>
