  0.13965122736776781  0.23584356152539068  0.24252045638411462  0.24919735124283857
  0.25112519558333340  0.25240413631470987  0.25368307704608634  0.25496201777746280
  0.25624095850883927  0.25751989924021573  0.25879883997159220  0.26007778070296866
  0.26135672143434513  0.26263566216572154  0.26391460289709801  0.26519354362847447
  0.26647248435985094  0.26775142509122740  0.26903036582260387  0.27030930655398033
  0.27159243082696205  0.27287845912341274  0.27416448741986343  0.27545051571631407
  0.27673654401276476  0.27802257230921540  0.27930860060566609  0.28059462890211678
  0.28188065719856742  0.28316668549501811  0.28445271379146875  0.28573874208791944
  0.28702477038437013  0.28831079868082077  0.28959682697727146  0.29088285527372210
  0.29216888357017279  0.29345491186662342  0.29474094016307406  0.29602696845952475
  0.29731299675597539  0.29859902505242608  0.29988505334887672  0.30117108164532735
  0.30245710994177805  0.30374313823822868  0.30502916653467932  0.30631519483113001
  0.30760122312758065  0.30888725142403128  0.31017327972048198  0.31145930801693261
  0.32954829358906712  0.34630343645998984  0.35984717975207980  0.37339092304416971
  0.38693466633625956  0.40100273609345255  0.41607526870859940  0.43114780132374608
  0.44622033393889277  0.47588048348112549  0.56524592498218806  0.65461136648325080
  0.74397680798431354  0.78279291018336983  0.79989083686585749  0.81297736520391173
  0.81479567333472469  0.81661398146553765  0.81843228959635062  0.82025059772716358
  0.82206890585797654  0.82388721398878961  0.82570552211960258  0.82752383025041554
  0.82934213838122850  0.83116044651204146  0.83297875464285442  0.83451661095993512
  0.83598652969639775  0.83745644843286038  0.83892636716932301  0.84039628590578563
  0.84186620464224826  0.84333612337871089  0.84480604211517352  0.84627596085163614
  0.84774587958809877  0.84921579832456151  0.85068571706102414  0.85215563579748677
  0.85362555453394939  0.85768297628798906  0.85768297628799905  1.00000000000000000
  0.00013232999875887  0.00017303849048024  0.00019410042802338  0.00021417915366700
  0.00023457812527899  0.00025671624911726  0.00028171098573886  0.00041155296701847
  0.00075254815460740  0.00104810482457669  0.00105777394036486  0.00106744305615304
  0.00107711217194121  0.00108678128772938  0.00109645040351755  0.00110611951930573
  0.00111578863509390  0.00112545775088207  0.00113512686667024  0.00114479598245842
  0.00115446509824659  0.00116413421403476  0.00117380332982293  0.00118347244561111
  0.00119421841138335  0.00120519830804678  0.00121617820471021  0.00122715810137364
  0.00123813799803707  0.00124911789470050  0.00126009779136393  0.00127107768802735
  0.00128205758469078  0.00129303748135421  0.00130401737801764  0.00131499727468107
  0.00132597717134450  0.00133695706800793  0.00134821745909892  0.00136068583091085
  0.00137315420272279  0.00138562257453472  0.00139809094634665  0.00141055931815859
  0.00142302768997052  0.00143549606178245  0.00144796443359439  0.00146043280540632
  0.00147290117721825  0.00148536954903019  0.00149783792084212  0.00151030629265405
  0.00152277466446599  0.00214058415163977  0.00391369644048441  0.00714784963664659
  0.01306689837233779  0.01466953241862151  0.01564403396479306  0.01644120029157552
  0.01725586325786763  0.01816109638190809  0.01906632950594854  0.02004869464778623
  0.02108254690148860  0.02207758554667080  0.02236657835527998  0.02265557116388916
  0.02294456397249834  0.02323355678110752  0.02352254958971671  0.02381154239832588
  0.02410053520693507  0.02438952801554425  0.02467852082415343  0.02496751363276261
  0.02523984105457850  0.02550512085362817  0.02577040065267785  0.02603568045172753
  0.02630096025077721  0.02656624004982689  0.02683151984887657  0.02709679964792625
  0.02736207944697592  0.02762735924602560  0.02789263904507528  0.02815791884412496
  0.02842319864317464  0.04860431470893069  0.05209349923341157  0.05209349923342157
  0.05209349923343157  0.05209349923344157  0.05209349923345157  1.00000000000000000
  0.00001958592898486  0.00002312038898039  0.00002665484897593  0.00003121109171167
  0.00003829681388401  0.00004538253605635  0.00010038208271570  0.00010984711944756
  0.00012021739092479  0.00013152853333655  0.00017643665009359  0.00026948380932759
  0.00029831306394727  0.00033021655395987  0.00038257194678033  0.00056920068173970
  0.00061636195622943  0.00066871603874435  0.00072503035754144  0.00090673481383637
  0.00155014775863808  0.00265012064289787  0.00344663700230262  0.00348499699427633
  0.00352335698625003  0.00356171697822374  0.00360007697019744  0.00363843696217115
  0.00367679695414485  0.00371515694611855  0.00375351693809226  0.00379187693006596
  0.00383205782533063  0.00387475411493077  0.00391745040453090  0.00396014669413104
  0.00400284298373118  0.00404553927333131  0.00408823556293145  0.00413093185253158
  0.00417362814213172  0.00421632443173186  0.00426057329865018  0.00430809607047110
  0.00435561884229202  0.00440314161411294  0.00445066438593386  0.00449818715775479
  0.00454570992957571  0.00459323270139663  0.00464075547321755  0.00468827824503847
  0.00532996039237485  0.00911241999750431  0.01006509399827964  0.01014395120599174
  0.01022280841370385  0.01030166562141596  0.01038052282912806  0.01045938003684017
  0.01053823724455228  0.01061709445226438  0.01069595165997649  0.01077480886768859
  0.01085366607540070  0.01093252328311281  0.01101138049082491  0.01109023769853702
  0.01116413610473864  0.01123288192962760  0.01130162775451656  0.01137037357940552
  0.01143911940429447  0.01150786522918343  0.01157661105407239  0.01164535687896135
  0.01171410270385030  0.01178284852873926  0.01185159435362822  0.01192034017851717
  0.01198908600340613  0.01205783182829509  0.01212657765318404  0.01219532347807300
  0.01226406930296196  0.01233281512785092  0.01370771730938807  0.02343394087512738
  0.04006132245022548  0.06848650359069688  0.11708047357180174  0.18118153332981543
  0.18120284376283838  0.18120284376284837  0.18120284376285836  1.00000000000000000
 -0.00201356808344522  0.33485876735849179  0.33638420138365033  0.33790963540880886
  0.33943506943396734  0.34096050345912587  0.34248593748428441  0.34401137150944294
  0.34553680553460148  0.34706223955976001  0.34858767358491854  0.35011310761007702
  0.35163854163523556  0.35316397566039409  0.35481333690517913  0.35670040712753531
  0.35858747734989149  0.36047454757224773  0.36236161779460391  0.36424868801696014
  0.36613575823931632  0.36802282846167256  0.36990989868402874  0.37179696890638497
  0.37368403912874115  0.40305062753076953  0.43833857820232824  0.43967321510704399
  0.44100785201175974  0.44234248891647548  0.44367712582119129  0.44501176272590703
  0.44634639963062278  0.44768103653533853  0.44901567344005427  0.45035031034477002
  0.45168494724948577  0.45301958415420157  0.45435422105891732  0.45568885796363306
  0.45702349486834881  0.45835813177306456  0.45969276867778036  0.46102740558249611
  0.46236204248721191  0.46369667939192766  0.46503131629664340  0.46636595320135921
  0.46770059010607495  0.46903522701079076  0.47036986391550650  0.47170450082022225
  0.47303913772493805  0.47437377462965380  0.47570841153436960  0.47704304843908535
  0.47837768534380110  0.47971232224851690  0.48104695915323264  0.48238159605794839
  0.48371623296266414  0.48505086986737989  0.48638550677209563  0.48772014367681144
  0.48905478058152718  0.49038941748624293  0.49172405439095868  0.49305869129567442
  0.49439332820039017  0.49572796510510597  0.49706260200982172  0.49839723891453747
  0.49973187581925321  0.50612598112056084  0.51379205044851595  0.52145811977647116
  0.52912418910442638  0.53679025843238171  0.54445632776033692  0.55212239708829203
  0.55978846641624724  0.62240203759439361  0.63865559801246574  0.65270499928505266
  0.66675440055763968  0.68080380183022660  0.73600987068014634  0.81559904980430953
  0.83333487781526361  0.85107070582621791  0.86880653383717210  0.91981313460227188
  0.93544821221801566  0.94498127979335556  0.94972139994303384  1.00000000000000000
  0.08837258418401082  0.09334960808619235  0.09832663198837387  0.10330365589055540
  0.11020592040248728  0.11751204930228241  0.12481817820207755  0.21866425461967370
  0.27158297697382255  0.27322376046661240  0.27486454395940230  0.27650532745219214
  0.27814611094498204  0.27978689443777188  0.28142767793056178  0.28306846142335162
  0.28470924491614152  0.28635002840893137  0.28799081190172127  0.28963159539451111
  0.29127237888730101  0.29291316238009085  0.29455394587288070  0.29619472936567054
  0.29783551285846038  0.29947629635125028  0.30111707984404013  0.30275786333682997
  0.30439864682961981  0.30603943032240966  0.30768021381519950  0.30932099730798940
  0.31096178080077924  0.31260256429356909  0.31424334778635893  0.31588413127914877
  0.31752491477193867  0.31916569826472851  0.32080648175751836  0.32244726525030820
  0.32408804874309805  0.32572883223588789  0.32736961572867779  0.32901039922146763
  0.33065118271425747  0.33229196620704732  0.36842434573241883  0.38782306266903049
  0.40158846926355718  0.41535387585808398  0.41818951736598697  0.41987291139493987
  0.42155630542389277  0.42323969945284567  0.42492309348179857  0.42660648751075148
  0.42828988153970438  0.42997327556865728  0.43165666959761018  0.43334006362656308
  0.43502345765551592  0.43670685168446882  0.43839067811213894  0.44007488977762482
  0.44175910144311076  0.44344331310859664  0.44512752477408252  0.44681173643956845
  0.44849594810505433  0.45018015977054027  0.45186437143602615  0.45354858310151203
  0.45523279476699796  0.45691700643248384  0.45860121809796978  0.46028542976345566
  0.46196964142894159  0.46365385309442753  0.46533806475991341  0.46702227642539934
  0.46870648809088528  0.47039069975637121  0.47207491142185709  0.47375912308734303
  0.47544333475282896  0.47712754641831484  0.47881175808380078  0.55498005729807975
  0.65103474833949870  0.74708943938091776  0.84314413042233682  0.88527865429100727
  0.89751005611684265  0.90285513175705823  0.90356302658716836  1.00000000000000000
  0.08791023095448812  0.10208974472298757  0.12059601441426750  0.13809582770031681
  0.15507677657773167  0.17205772545514655  0.19654044313935948  0.29631158998308010
  0.31951167396874403  0.32788137780609838  0.33625108164345274  0.34462078548080716
  0.35299048931816163  0.36136019315551599  0.36972989699287034  0.41194882586036863
  0.41865961058402146  0.42075147154624215  0.42284333250846284  0.42493519347068348
  0.42702705443290417  0.42911891539512487  0.43121077635734550  0.43330263731956620
  0.43539449828178689  0.43748635924400753  0.43957822020622822  0.44167008116844891
  0.44376194213066961  0.44585380309289024  0.44794566405511094  0.45003752501733163
  0.45212938597955227  0.45422124694177296  0.45631310790399365  0.45840496886621429
  0.46049682982843498  0.46258869079065573  0.46468055175287643  0.46677241271509712
  0.46886427367731781  0.47095613463953850  0.47304799560175920  0.47513985656397989
  0.47723171752620058  0.47927809116776354  0.48076354052061038  0.48224898987345721
  0.48373443922630410  0.48521988857915094  0.48670533793199777  0.48819078728484461
  0.48967623663769144  0.49116168599053833  0.49264713534338517  0.49413258469623200
  0.49561803404907884  0.49710348340192573  0.49858893275477256  0.50007438210761945
  0.50155983146046623  0.50304528081331312  0.50453073016615990  0.50601617951900679
  0.50750162887185368  0.50898707822470046  0.51047252757754735  0.51195797693039413
  0.51344342628324102  0.51492887563608791  0.51641432498893469  0.51789977434178158
  0.51938522369462836  0.52087067304747525  0.52235612240032214  0.52384157175316903
  0.52532702110601581  0.52681247045886270  0.52829791981170959  0.52978336916455648
  0.53126881851740326  0.53275426787025015  0.53423971722309704  0.53572516657594393
  0.53721061592879071  0.53869606528163760  0.54018151463448449  0.54166972278634617
  0.55693845967681421  0.57157477306191795  0.60091541262510484  0.70068655946882530
  0.80045770631254598  0.90022885315626644  0.98142892519632985  1.00000000000000000
  0.00793249692633120  0.00875984092551186  0.00958718492469252  0.01041452892387319
  0.01124187292305385  0.01206921692223451  0.01289656092141517  0.01372390492059583
  0.01455124891977649  0.01537859291895716  0.01620593691813782  0.01703328091731848
  0.01786062491649914  0.01868796891567980  0.01951531291486047  0.02034265691404113
  0.02151206102129928  0.02318000089214272  0.02484794076298616  0.02651588063382961
  0.02818382050467304  0.02985176037551649  0.03151970024635993  0.03318764011720338
  0.03485557998804682  0.03652351985889026  0.03819145972973371  0.03985939960057715
  0.04152733947142059  0.04319601016609080  0.04486474747255589  0.04653348477902098
  0.04820222208548607  0.04987095939195116  0.05153969669841625  0.05320843400488134
  0.05487717131134643  0.05654590861781152  0.05821464592427662  0.05988338323074171
  0.06155212053720679  0.10193010035129900  0.19320812421063863  0.28448614806997841
  0.37576417192931810  0.39710211824126673  0.39872849135137484  0.40035486446148288
  0.40198123757159093  0.40360761068169904  0.40523398379180708  0.40686035690191513
  0.40848673001202324  0.41011310312213128  0.41173947623223933  0.41336584934234744
  0.41499222245245548  0.41661859556256359  0.41822971182217306  0.41984036339654124
  0.42145101497090937  0.42306166654527749  0.42467231811964568  0.42628296969401380
  0.42789362126838199  0.42950427284275011  0.43111492441711824  0.43272557599148642
  0.43433622756585455  0.43594687914022273  0.43755753071459086  0.43916818228895899
  0.44077883386332717  0.44238948543769530  0.44400013701206342  0.44561078858643161
  0.44722144016079973  0.44883209173516792  0.45044274330953604  0.45205339488390417
  0.45366404645827235  0.45527469803264048  0.45688534960700866  0.45904870290273930
  0.46613191656221192  0.47321513022168454  0.49375005561289470  0.58502807947223434
  0.67630610333157415  0.76758412719091373  0.83747163849822126  0.85226810583824675
  0.86578940836563456  0.87419701019922891  0.87419701019923890  1.00000000000000000
 -0.00178432861963907  0.01776068930986894  0.03639208952454426  0.10432772700898160
  0.10637155424255987  0.10841538147613813  0.11045920870971640  0.11250303594329467
  0.11454686317687293  0.11659069041045120  0.11863451764402946  0.12067834487760773
  0.12272217211118600  0.12476599934476426  0.12680982657834253  0.12885365381192079
  0.13089748104549906  0.13294130827907732  0.13498513551265559  0.13702896274623386
  0.13907278997981212  0.14111661721339039  0.14316044444696865  0.14520427168054692
  0.14724809891412521  0.14929192614770351  0.15133575338128177  0.15337958061486007
  0.15542340784843836  0.15746723508201665  0.15951106231559495  0.16155488954917321
  0.16359871678275151  0.16564254401632980  0.21532567260668134  0.31285450902999629
  0.36276853084058241  0.37769167859780456  0.39261482635502670  0.40753797411224901
  0.45453578669618921  0.52614806050343255  0.54176093184824126  0.54321198260769421
  0.54466303336714705  0.54611408412660001  0.54756513488605285  0.54901618564550581
  0.55046723640495876  0.55191828716441160  0.55336933792386456  0.55482038868331740
  0.55627143944277035  0.55772249020222320  0.55917354096167615  0.56062459172112911
  0.56207564248058195  0.56352669324003490  0.56497774399948775  0.56642879475894070
  0.56787984551839366  0.56933089627784650  0.57078194703729945  0.57223299779675230
  0.57368404855620525  0.57513509931565809  0.57658615007511105  0.57803720083456400
  0.57948825159401685  0.58093930235346980  0.58239035311292264  0.58384147037031764
  0.58529271104806313  0.58674395172580862  0.58819519240355411  0.58964643308129949
  0.59109767375904498  0.59254891443679047  0.59400015511453597  0.59545139579228146
  0.59690263647002695  0.59835387714777244  0.59980511782551793  0.60125635850326342
  0.60270759918100891  0.60415883985875440  0.70116951213595879  0.79225640556652976
  0.80043603450532974  0.80861566344412972  0.81638463872162192  0.82378224998330019
  0.83117986124497856  0.90247116357667856  0.95562535921732583  1.00000000000000000
  0.06478488047917684  0.07663847680504751  0.08953669188190014  0.10379058158840854
  0.19656874335911145  0.23958748237474942  0.25546017768940882  0.27133287300406828
  0.28720556831872784  0.35989898094762413  0.38151098935838573  0.38925401195819642
  0.39699703455800706  0.40474005715781786  0.41248307975762860  0.42022610235743929
  0.42796912495724998  0.43571214755706067  0.48511384020378906  0.50313168656579954
  0.52114953292780997  0.53916737928982061  0.58412633672151859  0.58600434340253937
  0.58788235008356027  0.58976035676458105  0.59163836344560194  0.59351637012662284
  0.59539437680764362  0.59727238348866452  0.59915039016968530  0.60102839685070619
  0.60290640353172698  0.60478441021274787  0.60666241689376865  0.60854042357478955
  0.61041843025581033  0.61229643693683122  0.61417444361785201  0.61605245029887279
  0.61793045697989368  0.61980846366091447  0.62168647034193536  0.62356447702295614
  0.62544248370397693  0.62732049038499782  0.62919849706601860  0.63107650374703950
  0.63295451042806028  0.63483251710908106  0.63671052379010196  0.63858853047112274
  0.64046653715214363  0.64234454383316442  0.64422255051418520  0.65933764522708405
  0.68843045272723180  0.68975350733835350  0.69107656194947531  0.69239961656059712
  0.69372267117171882  0.69504572578284063  0.69636878039396233  0.69769183500508414
  0.69901488961620584  0.70033794422732765  0.70166099883844946  0.70298405344957116
  0.70430710806069297  0.70563016267181466  0.70695321728293647  0.70827627189405817
  0.70932495886417990  0.71036127940702998  0.71139759994988006  0.71243392049273013
  0.71347024103558032  0.71450656157843040  0.71554288212128048  0.71657920266413055
  0.71761552320698063  0.71865184374983071  0.71968816429268079  0.72072448483553098
  0.72176080537838105  0.72279712592123113  0.72383344646408121  0.72486976700693129
  0.72590608754978136  0.72694240809263144  0.72797872863548163  0.72901504917833171
  0.81018769969633730  0.90509384984816477  0.96407103935877470  1.00000000000000000
   6.2099924756186674E-012  -1.0000000000000000     
 F F F F F F F F F F F F F F F F F F F F F F F F F F F F F F F F F F F F F F F F F F F F F F F F F F F F F F F F F F F F F F F F
  <DiscreteSampler_grid>
  grouped_processes
  1 # 1 for a reference and 2 for a running grid.
  10 # Attribute 'min_bin_probing_points' of the grid.
  1 # Attribute 'grid_mode' of the grid. 1=='default',2=='initialization'
  0.0000000000000000 # Attribute 'small_contrib_threshold' of the grid.
  0.5000000000000000 # Attribute 'damping_power' of the grid.
 # binID   n_entries weight   weight_sqr   abs_weight
    10   10   2.844922152326079E+006   6.738334467618962E+013   2.844922152326079E+006
  </DiscreteSampler_grid>
