  0.10372900512219199  0.10488708467890209  0.10560750269113746  0.10632792070337281
  0.10704833871560818  0.10776875672784353  0.10848917474007888  0.10920959275231425
  0.10993001076454961  0.11065042877678496  0.11137084678902032  0.11209126480125568
  0.11281168281349105  0.11353210082572640  0.11425251883796175  0.11497293685019712
  0.11569335486243248  0.11641377287466784  0.11713419088690320  0.11785460889913855
  0.11857502691137392  0.11929544492360927  0.12001586293584464  0.12073628094807999
  0.12145669896031536  0.12217711697255071  0.12289753498478607  0.12361795299702143
  0.12433837100925679  0.12507650766456602  0.12601405515606121  0.12695160264755639
  0.12788915013905158  0.12882669763054677  0.12976424512204196  0.13070179261353715
  0.13163934010503231  0.13257688759652750  0.13351443508802269  0.13445198257951788
  0.13538953007101306  0.13632707756250825  0.13726462505400344  0.13820217254549863
  0.13913972003699382  0.14007726752848901  0.14101481501998420  0.14195236251147936
  0.14288991000297455  0.14382745749446973  0.14476500498596492  0.14570255247746011
  0.21938050870476833  0.30485004441862429  0.39031958013248014  0.42208977037199819
  0.42992960384057100  0.43776943730914386  0.44560927077771673  0.45344910424628954
  0.46128893771486240  0.46912877118343532  0.47696860465200830  0.54067302247163629
  0.62614255818549214  0.70894164092874001  0.72479878166952383  0.73282089557621166
  0.73786435734698530  0.74290781911775894  0.74795128088853258  0.75299474265930622
  0.75803820443007985  0.76308166620085349  0.76812512797162713  0.77317106784947520
  0.77821988159712174  0.78326869534476840  0.78831750909241494  0.82043952921897634
  0.90590906493283230  0.93962859393728126  0.94300525801836566  0.94638192209945005
  0.94975858618053444  0.95313525026161872  0.95651191434270311  0.95938901929201226
  0.96168106758681526  0.96397311588161827  0.96626516417642128  0.96855721247122428
  0.97084926076602729  0.97314130906083030  0.97487466699019598  1.00000000000000000
  0.00001427988149970  0.00004475181773848  0.00004602337422617  0.00004729493071386
  0.00004856648720154  0.00004997492217638  0.00005162203822995  0.00005326915428352
  0.00005491627033709  0.00006684456717404  0.00011902083625461  0.00021250055890356
  0.00037814120635379  0.00067544182392392  0.00120283259462196  0.00214660103070781
  0.00382546177719346  0.00682105849184845  0.00722969255213526  0.00744424270723945
  0.00765879286234364  0.00787334301744783  0.00810261815707354  0.00834625351978666
  0.00858988888249978  0.00883352424521290  0.00907935402088918  0.00935601748885791
  0.00963268095682664  0.00990934442479537  0.01018600789276410  0.01193131535164617
  0.01253892822308596  0.01314654109452576  0.01377945726952414  0.01441870271116761
  0.01505794815281108  0.01578265326176326  0.01650855716503420  0.01730124351597494
  0.01841447186430014  0.02049404962217073  0.03647957488296523  0.06514732423044332
  0.10159265691028344  0.10227048907636301  0.10294832124244258  0.10362615340852216
  0.10430398557460174  0.10498181774068131  0.10565964990676088  0.10633748207284047
  0.10701531423892005  0.10769314640499962  0.10837097857107919  0.10904881073715877
  0.10972664290323834  0.11040447506931793  0.11108230723539750  0.11176013940147708
  0.11243797156755665  0.11311580373363624  0.11379363589971581  0.11447146806579539
  0.11514930023187496  0.11574507468437810  0.11633597426231723  0.11692687384025638
  0.11751777341819553  0.11810867299613467  0.11869957257407381  0.11929047215201295
  0.11988137172995210  0.12047227130789123  0.12106317088583038  0.12165407046376953
  0.12224497004170867  0.12283586961964781  0.12342676919758695  0.12401766877552609
  0.12460856835346523  0.12519946793140438  0.12579036750934353  0.12638126708728267
  0.12697216666522179  0.12756306624316094  0.12815396582110009  0.12874486539903923
  0.12933576497697838  0.12992666455491753  0.13051756413285667  0.14523092575394175
  0.14523092575395175  0.14523092575396174  0.14523092575397173  1.00000000000000000
  0.00001025374567855  0.00004581903591484  0.00006166523215477  0.00012200645971131
  0.00020822248429034  0.00032698037787643  0.00034000383885870  0.00035302729984098
  0.00036656224982253  0.00038105791139818  0.00039555357297383  0.00041091463399851
  0.00042704891695154  0.00044318319990456  0.00056506412649814  0.00059817466916237
  0.00063283376348957  0.00066968719451684  0.00070870436417887  0.00074972378787889
  0.00106924648093988  0.00182468919368715  0.00227522926297523  0.00234362098434494
  0.00241201270571464  0.00248040442708435  0.00255599328732977  0.00263211615888445
  0.00270823903043913  0.00278139603243564  0.00284518785439359  0.00290897967635154
  0.00297277149830949  0.00303656332026745  0.00310799506034558  0.00319432742779204
  0.00328065979523850  0.00336699216268496  0.00345632741423196  0.00355241898184455
  0.00364851054945714  0.00374460211706973  0.00442751337759973  0.00755585428544062
  0.01289456901096226  0.01386310931428862  0.01394801836399789  0.01403292741370717
  0.01411783646341645  0.01420274551312573  0.01428765456283500  0.01437256361254428
  0.01445747266225355  0.01454238171196283  0.01462729076167211  0.01471219981138139
  0.01479710886109066  0.01488201791079994  0.01496692696050922  0.01505183601021849
  0.01513674505992777  0.01522165410963705  0.01530656315934632  0.01538513882018116
  0.01545773047988182  0.01553032213958248  0.01560291379928314  0.01567550545898380
  0.01574809711868446  0.01582068877838512  0.01589328043808578  0.01596587209778644
  0.01603846375748710  0.01611105541718776  0.01618364707688842  0.01625623873658908
  0.01632883039628974  0.01640142205599040  0.01647401371569106  0.01654660537539172
  0.01661919703509238  0.01669178869479305  0.01676438035449370  0.01683697201419436
  0.01690956367389503  0.01698215533359568  0.01705474699329634  0.02372747892913130
  0.04049113170308783  0.04826962196199105  0.04826962196200105  0.04826962196201105
  0.04826962196202105  0.04826962196203105  0.04826962196204105  1.00000000000000000
  0.02100604375203448  0.02587234743367783  0.03073865111532119  0.03560495479696454
  0.04047125847860791  0.04587185959794381  0.05144645192269343  0.05702104424744306
  0.06417514908872651  0.16181847777278308  0.25946180645683953  0.32176547402696581
  0.33383971411357555  0.33501825341240182  0.33619679271122804  0.33737533201005432
  0.33855387130888054  0.33973241060770681  0.34091094990653303  0.34208948920535931
  0.34326802850418553  0.34444656780301180  0.34562510710183802  0.34680364640066430
  0.34798218569949052  0.34916072499831680  0.35033926429714302  0.35151780359596929
  0.35269634289479551  0.35387488219362179  0.35505342149244801  0.35623196079127428
  0.35741050009010050  0.35858903938892672  0.35976757868775294  0.36094611798657922
  0.36212465728540544  0.36330319658423166  0.36448173588305793  0.36566027518188415
  0.36683881448071037  0.36801735377953659  0.36919589307836287  0.37037443237718909
  0.37155297167601531  0.37273151097484153  0.37391005027366780  0.37508859170151354
  0.37626715932346094  0.37744572694540829  0.37862429456735563  0.37980286218930304
  0.38098142981125038  0.38215999743319773  0.38333856505514513  0.38451713267709248
  0.38569570029903982  0.38687426792098722  0.38805283554293457  0.38923140316488192
  0.39040997078682932  0.39158853840877667  0.39276710603072401  0.39394567365267141
  0.39512424127461876  0.43472898588327785  0.50169624878483743  0.50681257672868307
  0.51192890467252883  0.51704523261637447  0.52216156056022012  0.52727788850406587
  0.53239421644791163  0.53751054439175727  0.54262687233560303  0.54774320027944867
  0.55285952822329443  0.55797585616714007  0.57380162656207512  0.67144495524613179
  0.75141604135431450  0.75865959409563111  0.76590314683694771  0.77314669957826432
  0.78039025231958092  0.78763380506089764  0.79487735780221425  0.80212091054353085
  0.80936446328484746  0.86787619085647738  0.92200959919337044  0.93268864220010428
  0.94224846972613352  0.95089056803816585  0.95584488312403360  1.00000000000000000
  0.02079999049504595  0.06329601163309465  0.06409202326618928  0.06488803489928392
  0.06568404653237855  0.06648005816547320  0.06727606979856784  0.06807208143166248
  0.06886809306475712  0.06966410469785175  0.07046011633094640  0.07125612796404103
  0.07205213959713568  0.07284815123023031  0.07364416286332495  0.07444017449641958
  0.07523618612951423  0.07603219776260886  0.07682820939570351  0.07762422102879814
  0.07842023266189278  0.07921624429498741  0.08001225592808206  0.08080826756117669
  0.08160427919427134  0.08240029082736597  0.08319630246046061  0.08419126286471983
  0.08522759340512753  0.08626392394553524  0.08730025448594295  0.08833658502635065
  0.08937291556675836  0.09040924610716607  0.09144557664757377  0.09248190718798148
  0.09351823772838919  0.09455456826879688  0.09559089880920460  0.09662722934961229
  0.09766355989002000  0.09869989043042771  0.09973622097083541  0.10077255151124312
  0.10180888205165083  0.10284521259205853  0.10388154313246624  0.12841082875963311
  0.13515886966509755  0.14190691057056196  0.14865495147602639  0.15540299238149088
  0.16215103328695535  0.16879986534774089  0.17524802133777018  0.18169617732779947
  0.18850353958059168  0.19854644684422540  0.20858935410785909  0.21863226137149291
  0.22867516863512671  0.31946834047540162  0.41441677308624403  0.50936520569708632
  0.58447245345326393  0.58962765353609659  0.59478285361892935  0.59993805370176201
  0.60509325378459478  0.61024845386742743  0.61540365395026009  0.62055885403309274
  0.62571405411592540  0.63086925419875806  0.63602445428159071  0.64117965436442337
  0.65507034507353423  0.75001877768437664  0.77451809727541476  0.77923743174407412
  0.78395676621273358  0.78867610068139304  0.79339543515005240  0.79811476961871175
  0.80283410408737110  0.80755343855603057  0.81227277302468992  0.81699210749334927
  0.82171144196200863  0.82643077643066798  0.83115011089932744  0.88435744790181192
  0.92939758341530598  0.94527526954505126  0.95279634396235147  1.00000000000000000
  0.00240033467610676  0.17600023705753529  0.18533380744840386  0.19529895659351884
  0.20545498742840590  0.27489528355277471  0.30747472798970571  0.32676593345863691
  0.34605713892756823  0.37539805714669289  0.37651827274068855  0.37763848833468422
  0.37875870392867989  0.37987891952267555  0.38099913511667122  0.38211935071066688
  0.38323956630466255  0.38435978189865821  0.38547999749265388  0.38660021308664955
  0.38772042868064521  0.38884064427464088  0.38996085986863654  0.39108107546263227
  0.39220129105662793  0.39332150665062360  0.39444172224461926  0.39556193783861493
  0.39668215343261060  0.39780236902660626  0.39892258462060193  0.40004280021459765
  0.40116301580859332  0.40228323140258898  0.40340344699658465  0.40452366259058037
  0.40564387818457603  0.40676409377857170  0.40788430937256737  0.40900452496656309
  0.41012474056055875  0.41124495615455442  0.41236517174855014  0.41348538734254581
  0.41460560293654147  0.41572581853053714  0.41684603412453286  0.41796624971852853
  0.41908646531252419  0.42020668090651986  0.42132689650051552  0.42244711209451119
  0.42356732768850686  0.42468754328250252  0.42580775887649819  0.42692797447049385
  0.42804819006448952  0.42916840565848519  0.43028862125248085  0.43140883684647652
  0.43252905244047218  0.43364926803446785  0.43476948362846352  0.43588969922245918
  0.43700991481645490  0.48974991933343692  0.50471588594046801  0.51001671597983667
  0.51531754601920532  0.52061837605857397  0.52541871618924785  0.53019790283225166
  0.53497708947525535  0.53975627611825916  0.54453546276126286  0.54931464940426666
  0.55409383604727036  0.55887302269027406  0.56416068186283341  0.57104893415163716
  0.57793718644044101  0.60345422647407820  0.64847869926366797  0.65334366602042016
  0.65820863277717223  0.66307359953392442  0.66777888008338493  0.67203305328746910
  0.67628722649155326  0.68054139969563743  0.68479557289972159  0.72133780507204504
  0.81422520338135995  0.90711260169067476  0.97482473055521646  1.00000000000000000
  0.00715958991603663  0.00942594472209355  0.01169229952815047  0.01395865433420738
  0.01622500914026430  0.01849136394632121  0.02075771875237813  0.02470746666373938
  0.02871531779646019  0.03272316892918099  0.03673102006190179  0.04073887119462258
  0.04538905759314024  0.05023273262199315  0.05507640765084604  0.05992008267969895
  0.06570387020392231  0.07255906766776737  0.07941426513161244  0.08626946259545755
  0.09312466005930269  0.09997985752314782  0.10683505498699294  0.11369025245083800
  0.12054544991468308  0.15731258299336220  0.24958316757300553  0.34185375215264885
  0.43412433673229217  0.52639492131193544  0.61866550589157887  0.71093609047122208
  0.76106064114820093  0.78024191536980014  0.79942318959139924  0.81285568158703236
  0.81397329424973897  0.81509090691244557  0.81620851957515217  0.81732613223785877
  0.81844374490056537  0.81956135756327209  0.82067897022597869  0.82179658288868529
  0.82291419555139189  0.82403180821409849  0.82514942087680510  0.82626703353951170
  0.82738464620221830  0.82850225886492490  0.82961987152763150  0.83073748419033810
  0.83185509685304482  0.83297270951575142  0.83409032217845802  0.83520793484116462
  0.83632554750387122  0.83744316016657783  0.83856077282928454  0.83967838549199114
  0.84079599815469774  0.84191361081740435  0.84303122348011095  0.84414883614281766
  0.84526644880552426  0.84638406146823086  0.84750167413093747  0.84861928679364407
  0.84973689945635078  0.85085451211905738  0.85197212478176398  0.85308973744447059
  0.85420730002126111  0.85532353677638828  0.85643977353151557  0.85755601028664286
  0.85867224704177014  0.85978848379689743  0.86090472055202472  0.86202095730715189
  0.86313719406227918  0.86425343081740647  0.86536966757253375  0.86648590432766104
  0.86760214108278833  0.86871837783791550  0.86983461459304279  0.87095085134817007
  0.87206708810329736  0.87318332485842465  0.87429956161355193  0.87618118499854569
  0.87935215008474821  0.88211429516474404  0.88211429516475404  1.00000000000000000
  0.05232309897740686  0.29237453903763466  0.29308241140860258  0.29379028377957056
  0.29449815615053848  0.29520602852150640  0.29591390089247438  0.29662177326344230
  0.29732964563441022  0.29803751800537814  0.29874539037634606  0.29945326274731404
  0.30016113511828196  0.30086900748924988  0.30157687986021781  0.30228475223118573
  0.30299262460215370  0.30370049697312163  0.30440836934408955  0.30511624171505747
  0.30582411408602544  0.30653198645699337  0.30723985882796129  0.30794773119892921
  0.30865560356989713  0.30936347594086511  0.31007134831183303  0.31077922068280095
  0.31148709305376887  0.31219496542473685  0.31302481856355702  0.31394703729495271
  0.31486925602634841  0.31579147475774411  0.31671369348913980  0.31763591222053544
  0.31855813095193114  0.31948034968332684  0.32040256841472253  0.32132478714611823
  0.32224700587751393  0.32316922460890962  0.32409144334030532  0.32501366207170101
  0.32593588080309671  0.32685809953449241  0.32778031826588810  0.32870253699728380
  0.32962475572867950  0.33054697446007519  0.33146919319147089  0.33239141192286659
  0.33331363065426228  0.37725711616404162  0.38186502255608562  0.38647292894812962
  0.39108083534017363  0.39568874173221763  0.40029664812426169  0.40490455451630575
  0.40951246090834981  0.41412036730039387  0.41872827369243787  0.42333618008448187
  0.42794408647652588  0.43255199286856988  0.43715989926061388  0.46303976396248131
  0.46994279511638820  0.47684582627029509  0.48374885742420193  0.49065188857810871
  0.49755491973201549  0.50445795088592227  0.51136098203982905  0.51826401319373594
  0.54829642404343826  0.56558851540103816  0.58288060675863818  0.60017269811623841
  0.62721255060807501  0.63142991180136510  0.63564727299465507  0.63986463418794515
  0.64408199538123523  0.64798017727804313  0.65165168214840785  0.65532318701877257
  0.65899469188913740  0.66266619675950211  0.66633770162986683  0.74427171781530699
  0.82951447854353422  0.91475723927176167  0.94441855351130166  1.00000000000000000
  0.10185253222783418  0.14279391543455136  0.16143120729522362  0.22947192206514622
  0.23604984879616081  0.24262777552717540  0.24920570225819000  0.25552660282196082
  0.26181220456130694  0.26809780630065300  0.27438340803999911  0.28066900977934528
  0.28695461151869139  0.29411744213124602  0.30390717356175079  0.32381587198960571
  0.41637071000682069  0.46108022427394701  0.46610546477021225  0.47113070526647743
  0.47615594576274267  0.48118118625900791  0.48620642675527304  0.49123166725153822
  0.49625690774780340  0.50128214824406858  0.50630738874033376  0.51133262923659895
  0.51635786973286413  0.53095911966611142  0.62351395768332629  0.71606879570054105
  0.79250949889556854  0.79710986169551168  0.80171022449545482  0.80631058729539795
  0.81091095009534109  0.81551131289528422  0.82011167569522736  0.82471203849517050
  0.82931240129511363  0.83391276409505677  0.83851312689500002  0.84311348969494315
  0.84771385249488640  0.85231421529482954  0.90945197962440671  0.91759812601092816
  0.91860833126300279  0.91961853651507741  0.92062874176715215  0.92163894701922677
  0.92264915227130140  0.92365935752337602  0.92466956277545065  0.92567976802752527
  0.92668997327959990  0.92770017853167452  0.92871038378374915  0.92972058903582377
  0.93073079428789840  0.93174099953997302  0.93275120479204765  0.93376141004412228
  0.93477161529619690  0.93578182054827153  0.93679202580034615  0.93773214546346839
  0.93850809010768232  0.93928403475189626  0.94005997939611030  0.94083592404032423
  0.94161186868453817  0.94238781332875210  0.94316375797296603  0.94393970261718008
  0.94471564726139401  0.94549159190560794  0.94626753654982187  0.94704348119403581
  0.94781942583824985  0.94859537048246378  0.94937131512667772  0.95014725977089165
  0.95092320441510569  0.95169914905931963  0.95247509370353356  0.95325103834774749
  0.95402698299196143  0.95480292763617547  0.95557887228038940  0.95635481692460333
  0.95713076156881727  0.95790670621303131  0.96928531328837075  1.00000000000000000
   7.2448452076507076E-012  -1.0000000000000000     
 F F F F F F F F F F F F F F F F F F F F F F F F F F F F F F F F F F F F F F F F F F F F F F F F F F F F F F F F F F F F F F F F
  <DiscreteSampler_grid>
  grouped_processes
  1 # 1 for a reference and 2 for a running grid.
  10 # Attribute 'min_bin_probing_points' of the grid.
  1 # Attribute 'grid_mode' of the grid. 1=='default',2=='initialization'
  0.0000000000000000 # Attribute 'small_contrib_threshold' of the grid.
  0.5000000000000000 # Attribute 'damping_power' of the grid.
 # binID   n_entries weight   weight_sqr   abs_weight
    10   10   6.744478498741582E+005   3.744806439851005E+012   6.744478498741582E+005
  </DiscreteSampler_grid>
