  0.00975680433399797  0.01464724185643409  0.02164300317896814  0.03208931410654335
  0.04587322080927216  0.06042280956725483  0.07527114704081822  0.08964020594399491
  0.10368007402391902  0.11788129663399072  0.13411332918860858  0.14647360026669254
  0.15593301728877432  0.16428140106261349  0.17279084080348767  0.18111339816495056
  0.18915360236653364  0.19698999458402960  0.20551688687778696  0.21526658122563347
  0.22603853529622250  0.23565524664324497  0.24414090690619758  0.25235853472205805
  0.26098248161198639  0.26936224423991162  0.27870424532937849  0.28892594689763851
  0.30002754681966082  0.31031971760714827  0.31885668948414486  0.32747548487945921
  0.33691667293894023  0.34506665663342667  0.35322248808060891  0.36182808312751069
  0.37185118294513914  0.38364631937782623  0.39788450963187239  0.41217714154394847
  0.42412909109709873  0.43581425327320439  0.44762659638862418  0.45970337833393454
  0.47132348990584133  0.48335532800105258  0.49646884641980460  0.50715930412742016
  0.51671229835346699  0.52488732296932361  0.53289632559196187  0.54247384478514726
  0.55097710432619740  0.55909070601437427  0.56642880692034392  0.57410995949542321
  0.58262491482335887  0.59049544532521603  0.59748349909151033  0.60437594514121840
  0.61121081479762096  0.61817809182647798  0.62537294589860426  0.63447681643549092
  0.64760086476421075  0.66074801362233848  0.67253842841354705  0.68378876370037189
  0.69476293792114630  0.70591320442813632  0.71671596414927174  0.72699250279288896
  0.73588359892447852  0.74437044858434165  0.75292161548793080  0.76332073510031984
  0.77448763173897428  0.78387556446404871  0.79340138343257804  0.80449530596843344
  0.81809994159178223  0.83137884388640615  0.84308673453294880  0.85242053904201120
  0.86201120298243028  0.87101931257746323  0.88057570435772847  0.89151498930085393
  0.90107426782506117  0.91265982364592557  0.92539882604999690  0.93943262208422407
  0.95471182840787894  0.96945337247908625  0.98519768201355429  1.00000000000000000
  0.00000184974877314  0.00000565846400738  0.00001228291291599  0.00002080956139280
  0.00003077372483065  0.00004216758971704  0.00005493315791732  0.00006734137202557
  0.00007845623453138  0.00008850920150278  0.00009793175089655  0.00010719488248518
  0.00011679951302863  0.00012779491363908  0.00013892032219512  0.00015114436625047
  0.00016124602299382  0.00017099731329946  0.00018197586150748  0.00019368456506989
  0.00020544179838761  0.00022450871125786  0.00024499060930265  0.00026940670839267
  0.00029761770438942  0.00031562323750121  0.00033588067494242  0.00035590266223757
  0.00037484157084515  0.00039418306045831  0.00041808502716510  0.00044300221634519
  0.00046876654122180  0.00049544731317339  0.00052350258395041  0.00055440515073317
  0.00058861209718767  0.00062010691449509  0.00064665741222517  0.00067158311611546
  0.00069861270118007  0.00072628624891221  0.00075245237425637  0.00077888885696092
  0.00080664309632702  0.00083526529255822  0.00087280110845511  0.00091507075193146
  0.00095856599378561  0.00100708408453200  0.00106385524805461  0.00112059041000508
  0.00117240421052909  0.00122289914956865  0.00127666427871075  0.00133473718181294
  0.00140011611238141  0.00146627048323122  0.00153040336383209  0.00160106207644973
  0.00166625685527779  0.00173109986113341  0.00179465570494517  0.00185594029942461
  0.00191410745089684  0.00197746233386326  0.00206495394789164  0.00216456111235242
  0.00227797328766773  0.00245727526011221  0.00264072789726956  0.00284920143082101
  0.00308919072027991  0.00321788429388860  0.00337236939213896  0.00353587037228421
  0.00369007844620483  0.00382713811995062  0.00398250851470792  0.00417967133317207
  0.00449547370282772  0.00501769603469308  0.00561076824203261  0.00626910048933969
  0.00694791398611468  0.00759845784322437  0.00844303194129859  0.00961193906566745
  0.01158828579927551  0.01443584922807696  0.01719164604416550  0.02268147213738165
  0.02988383328858341  0.05373311661721963  0.08657852903951985  1.00000000000000000
  0.00000637748780799  0.00001243514622390  0.00002102073761643  0.00003729268321364
  0.00006485243736941  0.00009706105072445  0.00013663132747193  0.00018245415525788
  0.00024589052040675  0.00032686056673427  0.00041325267067288  0.00050053957260253
  0.00058878185020030  0.00068558387297870  0.00080277287678240  0.00093754018419935
  0.00107800829570277  0.00122608591944308  0.00137660720547646  0.00152730548601657
  0.00168048186544709  0.00183769701026024  0.00200207717662713  0.00219178873191507
  0.00240351980005672  0.00262421751126429  0.00283575389408099  0.00304212660721589
  0.00326066560418016  0.00350268383052357  0.00376328889982357  0.00404307206436977
  0.00430513038143095  0.00460860119780076  0.00494923604698267  0.00530096294580140
  0.00563743489978936  0.00596393300384200  0.00628077003965243  0.00655549542189256
  0.00684872737851726  0.00709955287285508  0.00736072508755544  0.00762923183433127
  0.00791967701704929  0.00821500255473887  0.00856005646775700  0.00898257139342006
  0.00939517614179936  0.00975763016102595  0.01014545623427417  0.01061789240533464
  0.01109307189469305  0.01149784611805267  0.01189377711866200  0.01230725964844841
  0.01274429514623636  0.01327616054039398  0.01380468171235867  0.01438521183799771
  0.01491945517522135  0.01550043214721400  0.01606303847768978  0.01669461217810962
  0.01727852537821092  0.01782121240226806  0.01839891948789105  0.01901775753874778
  0.01965608242866504  0.02025612083017823  0.02093879306125174  0.02186055072655105
  0.02293344734409577  0.02398444811832096  0.02475718943401008  0.02581696152147583
  0.02695348802877806  0.02809306358696664  0.03021234699900997  0.03342744632345149
  0.03626662703431329  0.03918127159421576  0.04199066505496143  0.04421640417149200
  0.04579965300887718  0.04739122150417097  0.04956268311406539  0.05283442694855670
  0.05600588981541089  0.06054526642246853  0.06776551449513385  0.07498576256779915
  0.10507182783766811  0.13661061256209051  0.36893151863672130  1.00000000000000000
 -0.00306453340605551  0.01193064733153192  0.02318583890325604  0.03287027709160335
  0.04230375402376362  0.05412433019805549  0.06711448051513705  0.08136118822756891
  0.09320947837342469  0.10482371400828508  0.11617298785327505  0.12603207038817463
  0.13547927355645142  0.14480380148033020  0.15557315191990739  0.16672605492646286
  0.17815985814632473  0.19133807185113116  0.20595927897510566  0.22613657351858535
  0.23944001644929311  0.25123113560848198  0.26161445781017900  0.27172157065502078
  0.28194720159581949  0.29410860952040180  0.30732808823341262  0.32004850726231643
  0.33190763855658689  0.34344244085315107  0.35518071315153482  0.36831256404749996
  0.38194444908244513  0.39549858310441005  0.40792782394352334  0.41770518639178422
  0.42720716411838205  0.43651438792678066  0.44608048745493101  0.45720430953738267
  0.46972466257071915  0.48032290683883377  0.48884952487191757  0.49736509092362025
  0.50736720803164037  0.51833472358726673  0.52850394393775701  0.53851899411229531
  0.55004370147372539  0.56302926410144871  0.57561966678429977  0.58754963298868168
  0.59928068501804432  0.60991691956998406  0.61959672296479418  0.62948484515768899
  0.63961600178392930  0.65275846154819550  0.66647357470189861  0.67717964728474844
  0.68661268092212191  0.69641759628731637  0.70643958203967883  0.71576661992135615
  0.72399405780776815  0.73253077556883428  0.74201927061516015  0.74890533356555022
  0.75483689248854480  0.76062260691663719  0.76564873126240596  0.77276335397010831
  0.78086029716219130  0.78985957457943845  0.80313882715550011  0.81743058805749957
  0.83125044665122738  0.84584706503147478  0.85724149256941151  0.86649442644200014
  0.87534360208330775  0.88390953731159261  0.89220810639821191  0.90035391133938947
  0.90890527332696747  0.91857599316499539  0.92789951405905879  0.93648570306254697
  0.94725494754343387  0.95863895731824444  0.96714843270636475  0.97376093480259063
  0.97994830919890252  0.98629003536919591  0.99317540379677505  1.00000000000000000
 -0.00227972156270382  0.00781406349928318  0.01640573586416626  0.02470589498914629
  0.03349535847885707  0.04265385826415458  0.05270116678060781  0.06418260175471947
  0.07628904852797172  0.08746968049384150  0.09678089809447056  0.10512967863258915
  0.11472907158095046  0.12500891170307921  0.13665770127137239  0.14755903364059580
  0.15766112937556595  0.16699676688419807  0.17483359765296477  0.18242015981567627
  0.19088594828383257  0.20092791248745662  0.20994883164209951  0.21806391624263563
  0.22636419752581569  0.23517427704914665  0.24436401215145270  0.25517094852673539
  0.26756376028684536  0.27976529918459198  0.29095882513022964  0.30124191873952838
  0.31110907962305773  0.31851851175692691  0.32607624472450381  0.33374399219402889
  0.34236468225265532  0.35077948074545351  0.35866840279623041  0.36667166410781105
  0.37354895934594556  0.38018142917345304  0.38772407989247687  0.39582311761094580
  0.40460303401593878  0.41188800486408911  0.41854891300421532  0.42577010570166496
  0.43333424777953261  0.44549501167980537  0.46085996123576217  0.47507853584576620
  0.48878333275988939  0.50316557017045338  0.51706520038518555  0.53001618569058129
  0.54111462585997061  0.55021370583530649  0.55875793956566500  0.56862398955605120
  0.57784931099752801  0.58650526698088512  0.59480331642091511  0.60337986944098754
  0.61331102000595383  0.62501141334685073  0.63774783719521033  0.65336996767633404
  0.66884227786191097  0.68204235422241077  0.69382679976394346  0.70476963854885188
  0.71741235957303318  0.72996393585856201  0.74255069484416036  0.75849108955680800
  0.77603478228779832  0.79035197542704050  0.80396982681746865  0.81535439959428990
  0.82664613547899102  0.83772381526775330  0.84893198337999032  0.85954670704037028
  0.87029802547407042  0.88156063326779666  0.89249550279502632  0.90317596125199062
  0.91395242047494618  0.92528862982439697  0.93750464816626633  0.95035873020227002
  0.96273624495127930  0.97508756147370923  0.98764030455021867  1.00000000000000000
 -0.00337921176333111  0.01266847615946233  0.02587116712768699  0.03768419211910475
  0.04966118702096934  0.06141994770421960  0.07485775676675180  0.08599786576325101
  0.09464079976187954  0.10345604084361928  0.11138433734837078  0.11989792861983463
  0.12832707285533218  0.13806538816595104  0.14923983483835862  0.16135758671283490
  0.17430711838343182  0.18834444743697668  0.20212290685311426  0.21604386584419977
  0.23099140718026015  0.24585009246203368  0.25661784028173923  0.26616605519305919
  0.27627250558381800  0.28628358853847286  0.29614208386425150  0.30455062922444887
  0.30930953858184440  0.31351043226971120  0.31908349033827765  0.32466076062559879
  0.33012508234546500  0.33940264858009017  0.34897976146820425  0.35892460669366544
  0.37064015300086861  0.38319272061492748  0.39637242077418516  0.40913150709655532
  0.42117893984635574  0.43192566697702772  0.44228556534423563  0.45241404032024124
  0.46335815491755106  0.47510747039043527  0.48497386973009859  0.49342402258316242
  0.50217590341416873  0.51184718896996795  0.52191622395802084  0.53292914077920750
  0.54367018648263266  0.55500052116501275  0.56750258578019597  0.57941451321926785
  0.59149600189028595  0.60343867242629534  0.61411479269403257  0.62613678655043981
  0.63865258804519498  0.65041793584796315  0.66082936749389343  0.66957431875905693
  0.67758675243800370  0.68555801680513140  0.69415125115709575  0.70422403862743344
  0.71570292972343186  0.72714279586936892  0.73703693326960473  0.74621288329653679
  0.75544687014174861  0.76464080299523807  0.77465999114678952  0.78591031479169915
  0.79801920073043753  0.80955258980082523  0.82057753332313788  0.83122620559525462
  0.84122890960279417  0.85159445566438075  0.86266848685122210  0.87418311374522917
  0.88569381659408075  0.89667297814476987  0.90884412010626425  0.92277143138383666
  0.93616616804004016  0.94577721014720684  0.95288585789912816  0.96019944138236990
  0.96906674034620122  0.97921989615906901  0.98878927315086440  1.00000000000000000
  0.00081805644539329  0.00181952204362706  0.00335041090787951  0.00460687817917489
  0.00578966597543129  0.00688652539160394  0.00795824301471579  0.00896176319256040
  0.00992895894278269  0.01089156839313277  0.01184505775332092  0.01280271934906344
  0.01386299920179410  0.01488236710838756  0.01585019724987895  0.01683611122397171
  0.01782374282689264  0.01882815641809337  0.01991421605618082  0.02101976521240622
  0.02222312721422952  0.02343752141565072  0.02463718845773429  0.02580941166689573
  0.02696525741931329  0.02812403623915710  0.02938088586100871  0.03058815041825871
  0.03187468226493510  0.03324933322457256  0.03466927364523274  0.03598086712193951
  0.03742634306665715  0.03873760407737199  0.03947317304307005  0.04019705810496357
  0.04090901314719772  0.04168947209486001  0.04246448035295478  0.04312985320477205
  0.04376596586503595  0.04461847799771800  0.04574960115733474  0.04689172863154688
  0.04821227087686405  0.04970259700056115  0.05122848316910122  0.05265355800364337
  0.05395035594499344  0.05512462356169711  0.05622277213251432  0.05733446097792327
  0.05850007223746720  0.05969334697229463  0.06095619697270969  0.06248430014705177
  0.06433422891214999  0.06638688693892453  0.06833123633254123  0.07021789294764498
  0.07202859931636398  0.07385360774047080  0.07587907243234657  0.07789426950888617
  0.07992837286994704  0.08192162308364774  0.08395876865186032  0.08656847757014566
  0.08946299874609906  0.09205907879120634  0.09383479404106038  0.09537441002137811
  0.09704839220668732  0.09873437935887419  0.10065642159752250  0.10343959343000693
  0.10846743141154988  0.11424358919437062  0.11980873896476030  0.12575680604932632
  0.13335005359135010  0.14490825568633467  0.15466690044154555  0.16132211930516591
  0.16787367957719335  0.17385624656001999  0.17911139216771441  0.18905899350985048
  0.19940423841046462  0.21516170446859637  0.24713572818120441  0.28636712136427733
  0.32578785782447334  0.34753524130839331  0.84673679123884693  1.00000000000000000
 -0.00357991672834116  0.01275213177684952  0.02629015132816891  0.03911928292741849
  0.05226786504755301  0.06784886769924441  0.08447524985004301  0.09630817337245165
  0.10598742416927476  0.11542101218378918  0.12636759642405340  0.13987195952123069
  0.15288571108596702  0.16424099157694638  0.17480353153762751  0.18476846207552869
  0.19310411278262446  0.20079014945342474  0.20909451016883798  0.21877206562091950
  0.23103091131684225  0.24422706583675988  0.25725862307272984  0.26892738880204659
  0.27899033175040672  0.28846593147354388  0.29797762145759255  0.30777785318670148
  0.31736280378315146  0.32695929227705550  0.33712323950747608  0.34835935969780346
  0.35965114352968092  0.37089069068217395  0.38395414918708332  0.39674388443150183
  0.40403805417686883  0.40999308319645089  0.41614554199531484  0.42318255956076284
  0.43073893970515886  0.43763831583587953  0.44407651233943507  0.45145717433000349
  0.46208968429505487  0.47320172078094919  0.48382517807654185  0.49490153856365332
  0.50272575039016543  0.50990195878047162  0.51976400505694464  0.53205336344407939
  0.54434515910806658  0.55581661291911832  0.56864679075168101  0.58254441973089399
  0.59576253879871466  0.60658548852928418  0.61462743319287361  0.62246531453376042
  0.63028942189747961  0.63881556239064319  0.64837403387176062  0.65795266208601544
  0.66933916144383954  0.68197978042464069  0.69417224480255602  0.70632939517247384
  0.71705054574269400  0.72655091825395079  0.73638619608070688  0.74684435201644406
  0.75834804669056610  0.77053537363270563  0.78265444933705708  0.79470259287815526
  0.80666029687619967  0.81753114609557209  0.82766420766434579  0.83740041646450247
  0.84500385752526674  0.85414907454030331  0.86460572841651695  0.87481511809972134
  0.88476356763112540  0.89452123062746336  0.90460186643521889  0.91491003743376276
  0.92378112739074114  0.93336823102980304  0.94294404581685853  0.95232894584204175
  0.96270779192554978  0.97397604262518467  0.98619997367765677  1.00000000000000000
  0.00087174189302725  0.25299754940996760  0.36572573931876301  0.44038498598460879
  0.49857853156711324  0.54744692880876800  0.59060808673412413  0.62671346308288256
  0.65869020618171670  0.68578508623139767  0.71021370928720529  0.73332407394424681
  0.75382231311310210  0.77211865833208793  0.78843777839113427  0.80435798115932156
  0.81843158949069661  0.83066678071422362  0.84240436688893772  0.85312316349930739
  0.86274292678646325  0.87132108903577332  0.87931930885294862  0.88665068143662307
  0.89362763510236420  0.90026295021457281  0.90676548248987854  0.91278228841486320
  0.91795953680077647  0.92249629236393105  0.92668727991347455  0.93063127334973494
  0.93436677140885493  0.93777410759554547  0.94093238613810792  0.94389779414938413
  0.94675498909113764  0.94958750709351480  0.95219818751190910  0.95470631619837443
  0.95709854056521559  0.95886196329928375  0.96044409296976219  0.96193778805697094
  0.96350956541640598  0.96498128501294822  0.96642343619386772  0.96771462639234784
  0.96907359237289148  0.97036761095368407  0.97178194009814645  0.97291992522613091
  0.97402450883328717  0.97507911492731492  0.97619132612758330  0.97723860292317610
  0.97825227384535496  0.97921683626871492  0.98007730515136027  0.98091840083449922
  0.98182507993105272  0.98268083262318651  0.98346534437091504  0.98417894368660264
  0.98483174642422089  0.98546394111498514  0.98613290607919635  0.98682827191066524
  0.98752994883285239  0.98821876702911660  0.98877933186979672  0.98929943800466280
  0.98980520988166354  0.99027584599702445  0.99073488834942758  0.99120539671160568
  0.99166806672289409  0.99212463761089664  0.99260331118945211  0.99311855941992955
  0.99366770397829407  0.99408919701809217  0.99445501247339774  0.99477102414540652
  0.99508829704627499  0.99541801349564207  0.99576089351482644  0.99612048922782903
  0.99648596052057903  0.99685655075285218  0.99723312715690737  0.99762546852946998
  0.99800103625715475  0.99846425749892787  0.99910617876180430  1.00000000000000000
   7.1632253267745132E-014  -1.0000000000000000     
 F F F F F F F F F F F F F F F F F F F F F F F F F F F F F F F F F F F F F F F F F F F F F F F F F F F F F F F F F F F F F F F F
  <DiscreteSampler_grid>
  grouped_processes
  1 # 1 for a reference and 2 for a running grid.
  10 # Attribute 'min_bin_probing_points' of the grid.
  1 # Attribute 'grid_mode' of the grid. 1=='default',2=='initialization'
  0.0000000000000000 # Attribute 'small_contrib_threshold' of the grid.
  0.5000000000000000 # Attribute 'damping_power' of the grid.
 # binID   n_entries weight   weight_sqr   abs_weight
    10   10   1.314669524452753E-003   3.184486530847596E-006   1.314669524452753E-003
  </DiscreteSampler_grid>
