  0.00960335743936694  0.01457722828977755  0.02310508272263375  0.03389674026297942
  0.04615313357114540  0.05804441538315427  0.06864285434985944  0.07859434618360836
  0.08849138972500714  0.09841085372292098  0.10730464501476211  0.11614144880614409
  0.12530235592532879  0.13546183842096424  0.14668148361905406  0.15749700575377881
  0.16788308849395753  0.17809354627839682  0.18786374408785653  0.19749942293717243
  0.20743680649564181  0.21799534317925445  0.23072611796959666  0.24525538288944090
  0.25978202039036197  0.27240611535171022  0.28198401820561841  0.29054593892404718
  0.29796943910165158  0.30473334786618894  0.31171500205207425  0.31975012607092346
  0.32912900666863681  0.34077309771201109  0.35618345534767470  0.36960298592695351
  0.38267327171547311  0.39423149740694391  0.40458611252812066  0.41358059009861442
  0.41957521792067182  0.42589256860739472  0.43198198954393052  0.43798542083756681
  0.44524513244062652  0.45359170097120000  0.46173298010932462  0.46985712837955784
  0.47841535439420962  0.48749176020029428  0.49783734583532735  0.51217673928233387
  0.52850774635711717  0.54504695916411927  0.56061950401416993  0.57290741733749850
  0.58359083264657130  0.59417579213968796  0.60474618524306112  0.61511357951591727
  0.62540053391406092  0.63529621181144302  0.64535903902360769  0.65516998337575849
  0.66584408773236237  0.67790001433849156  0.69437490816827718  0.71381265158593721
  0.73082689072720941  0.74617760200530825  0.75857176011967542  0.77046623226219102
  0.78256495768035239  0.79444559264181802  0.80565899606391556  0.81622770379397369
  0.82677630717301120  0.83506630382126912  0.84316712730763865  0.85207778550737312
  0.86305895020619294  0.87477403575084589  0.88653399884002593  0.89844296420710068
  0.91260446764300251  0.92253406335792720  0.93321501049456701  0.94083472409989688
  0.94561957625626958  0.95027762639174052  0.95519093893409179  0.96341336401108091
  0.97205125350555599  0.98376252831302879  0.99061720971883105  1.00000000000000000
 -0.00000325163899931  0.00000728186033733  0.00002003687175805  0.00003517847639007
  0.00004872592193294  0.00006138113021210  0.00007313150674319  0.00008373937962199
  0.00009186620549437  0.00009961323724902  0.00010760521822081  0.00011679262891361
  0.00012889195767772  0.00014172493100779  0.00015379894083893  0.00016491971582428
  0.00017646198044241  0.00018841312205964  0.00020213228273587  0.00021664732190226
  0.00023378720970184  0.00025012025679267  0.00026352145200399  0.00027406684684199
  0.00028367870774060  0.00029791710110242  0.00031085184946373  0.00032409324030890
  0.00033687753015242  0.00035094133867952  0.00036852148006428  0.00039222819192623
  0.00041895665728753  0.00044265739231748  0.00047127778746114  0.00050317354869025
  0.00053521938217779  0.00056825115274741  0.00060473823136761  0.00063124653085117
  0.00065465491837776  0.00067955801104651  0.00070719955565425  0.00073991468971712
  0.00077261158441453  0.00080547865462499  0.00084034956699537  0.00088233762672799
  0.00092083826311779  0.00095604674046958  0.00099179563585917  0.00103380262198195
  0.00108683528517193  0.00115026807312069  0.00122764824570073  0.00130085181932413
  0.00135978379243071  0.00141720046134414  0.00148848243439828  0.00155656321880523
  0.00161801143959589  0.00167944903892886  0.00173880180957919  0.00180250814112558
  0.00188144309819016  0.00196409630455680  0.00206726123748667  0.00218868897070377
  0.00232616780167649  0.00246843698296248  0.00260795963776412  0.00273772915994057
  0.00287636387121516  0.00304950448551580  0.00324938890942143  0.00348308157825589
  0.00384530854465394  0.00431276878864569  0.00493326326102942  0.00563094090383736
  0.00623902050471281  0.00677754684182115  0.00740394561364948  0.00843442108843573
  0.00970943581455397  0.01099767703205583  0.01244436360667575  0.01387174398912809
  0.01706502571357769  0.02291076831417244  0.02748615898656688  0.03144179061419144
  0.03732876409163575  0.05557522136885774  0.09986754501058040  1.00000000000000000
  0.00000313320666016  0.00001169524370792  0.00002558939199465  0.00004078198855195
  0.00006321336237168  0.00009925523684810  0.00015251227891426  0.00020982660657611
  0.00026748076335866  0.00032451800016796  0.00038801682981464  0.00046281679820287
  0.00055577298225246  0.00065220072351243  0.00073637651285595  0.00082211582236060
  0.00091364882904836  0.00101349961459664  0.00113187289746217  0.00124536455291571
  0.00135841291786706  0.00148043623607056  0.00161721533285967  0.00177933976483205
  0.00198781364186740  0.00220422198082864  0.00241183442265351  0.00261697795263914
  0.00282986799909317  0.00306204551041479  0.00330951459511133  0.00354812164898997
  0.00373701622683756  0.00391217706744836  0.00407758338743145  0.00425406230519936
  0.00443677134842691  0.00462419364426126  0.00481508320321485  0.00500792808935874
  0.00520009802123010  0.00541383389759916  0.00562307263936570  0.00582027091037048
  0.00600528433697378  0.00617718792778505  0.00637944559955651  0.00656325153579350
  0.00672334348275543  0.00688791953859853  0.00709124324894128  0.00728877693272934
  0.00748956442078447  0.00772150922364362  0.00796239005125081  0.00822758845960024
  0.00856735996374821  0.00903210066248666  0.00945296349598268  0.00996961180174697
  0.01040690559015853  0.01079314442532076  0.01119456063413573  0.01163587671674931
  0.01211641813260111  0.01264154453481932  0.01324319352398917  0.01381857643432960
  0.01455397995214700  0.01534663945071887  0.01608511164433645  0.01682946182669064
  0.01770456809288755  0.01872677151119475  0.01985183941705120  0.02099138848380533
  0.02230994525862899  0.02356679796944400  0.02498447714712805  0.02665358456155786
  0.02859366387427371  0.03266112655478964  0.03672858923530557  0.04301112848627262
  0.04935923738218983  0.05312781433822568  0.05601407857501924  0.05845388584236346
  0.06212866655173469  0.06686241138959988  0.07322800037167884  0.08072671544948895
  0.09181622191491894  0.10872257372814940  0.24933789250094698  1.00000000000000000
 -0.00292189903128427  0.01404418823125308  0.02923989689652496  0.04594200129921268
  0.06328571540309738  0.07546261077357548  0.08412255305229846  0.09154424801070082
  0.09882445420029208  0.10630961709287874  0.11393820209537266  0.12334402918629700
  0.13369117079574896  0.14430997838348542  0.15557686128681764  0.16710441927631120
  0.17968488654256806  0.19017166795900906  0.19815597354078918  0.20697904514510923
  0.21570031098092149  0.22440114557359020  0.23241367241383673  0.24096775304810766
  0.25026769915010361  0.25842030744803030  0.26620077031498529  0.27414719191193232
  0.28430310262932168  0.29376065788083416  0.30108527593661372  0.30834569392192213
  0.31727625120265773  0.32900247644409147  0.34029657893093979  0.35153590536837925
  0.36508602192783729  0.38012692033180956  0.39452620432078528  0.40703666436427360
  0.41863039197840601  0.43036034692803721  0.44243481955067643  0.45428480418238681
  0.46326892786958085  0.47292116511010962  0.48336881114476660  0.49509829253196613
  0.51074021920884571  0.52497665140621730  0.53878463621353312  0.55136573054630045
  0.56264482730286169  0.57397658441510913  0.58616007341949505  0.59984875834178608
  0.61323225367074508  0.62301802429869912  0.63118396593078696  0.63916880960684441
  0.64768751079014319  0.65873067490591186  0.67037350612921487  0.68348713344283818
  0.69407856710919957  0.70252339078430415  0.71057571586536261  0.71891673992927563
  0.72927722462067823  0.73966017731556155  0.74969363392939370  0.75964512669260220
  0.76797922486361236  0.77596049129876543  0.78529986678122388  0.79873455605151222
  0.81112496853336824  0.82197498012357328  0.83228066580203397  0.84335210031774355
  0.85292268806446947  0.86406106698651297  0.87529449449703411  0.88581720518036822
  0.89605686421880404  0.90537504412161973  0.91452782771304575  0.92388882718299059
  0.93272969150469709  0.94165077683862342  0.95011378856779849  0.95952225371938971
  0.97007272449579629  0.98056404676964770  0.99011298670665771  1.00000000000000000
 -0.00451458469624860  0.01964654879597533  0.03274389718462879  0.04392371295223152
  0.05379202498175453  0.06258320727043008  0.07109295595155758  0.08122924263411604
  0.09371697415314657  0.10642718952417017  0.11543337714022738  0.12438359742495582
  0.13379374021589530  0.14365038209907743  0.15317311494718375  0.16091177181615654
  0.16895583834935726  0.17822482388770267  0.18626316682135052  0.19624353062056804
  0.20672185375198388  0.21743447536006907  0.22698947759600388  0.23573854092951960
  0.24492777273875294  0.25332585280660874  0.26002000659172231  0.26929638812221141
  0.27849292885186128  0.28888140041315968  0.29924358584157451  0.31056512807372827
  0.32184727356522419  0.33323430092804851  0.34508064989642001  0.35727706078796440
  0.36938569189116588  0.38062140191976063  0.39172230916191225  0.40178110313220733
  0.41300007336780031  0.42661239996653622  0.43990272670994929  0.45374998595697191
  0.46751936225444518  0.48238086227306920  0.49552011850812122  0.50659978904075198
  0.51738736221883552  0.52936703480606884  0.54047189019004027  0.54998157843322892
  0.55843348012585836  0.56765800902282515  0.57679904266711746  0.58787677318646059
  0.59949737897550393  0.61144374437095739  0.62399665364419277  0.63691340187911405
  0.64819180158999212  0.65711864627936190  0.66558614722967435  0.67397072189250817
  0.68231475154925403  0.69070549964739758  0.69760151726739139  0.70390656965527909
  0.71024121373124993  0.71738430637464201  0.72519913068218445  0.73334430699072195
  0.74117522281775416  0.74853280539681422  0.75734532163860069  0.76819017220996966
  0.77936354396261454  0.79009626674925237  0.80047267586863480  0.81017754514289664
  0.82035980375211481  0.83053697502164203  0.83947104766269554  0.84826342415616052
  0.85656812103190860  0.86512725995388651  0.87578332996991959  0.88946711501287068
  0.90334325251011438  0.91684727121882870  0.92997377056500063  0.94569683516357816
  0.95975355971944498  0.97390763379362799  0.98746091236184252  1.00000000000000000
 -0.00273883896254549  0.01105723932219587  0.01862721360807768  0.02666976739002947
  0.03470209662580594  0.04409607707081260  0.05524158054255669  0.06717241007883608
  0.08079235558527964  0.09355013537227030  0.10936089093851337  0.12228882674793104
  0.13341203018626696  0.14350521028761956  0.15327420122055144  0.16469945078086951
  0.17864920828459629  0.19422480104954107  0.21077317966908360  0.22373318872402448
  0.23458655620958876  0.24395410268971982  0.25324300310505676  0.26377113970865373
  0.27546310310189981  0.28622417475552270  0.29571005824670593  0.30468596975216639
  0.31369642362835215  0.32380048096191949  0.33395251813266746  0.34160677827041191
  0.34942833511706917  0.35758745678414516  0.36529218506197425  0.37452062653463686
  0.38422323784461138  0.39468552748759117  0.40836277663842241  0.42435523940367786
  0.43957609763520583  0.45390268573297066  0.46701882914621412  0.47645916356203610
  0.48665340954462827  0.49719335776005064  0.50766197632898080  0.51687359840647429
  0.52582137464452283  0.53422769275882165  0.54185657626053207  0.54802480964913192
  0.55344376550174790  0.55904227312329724  0.56497974920701999  0.57273715466893960
  0.58040927738465242  0.58788684675158753  0.59579546336240197  0.60407036292331717
  0.61495645568476376  0.62904743046767053  0.64464374684210046  0.65927402912386868
  0.67114774972506841  0.68206484093237851  0.69262913205984977  0.70329362875423029
  0.71504441034510169  0.72665872682730692  0.73842436680279944  0.75238512400118651
  0.76853605002295267  0.78254849711466012  0.79551800662981809  0.80771892566749937
  0.81950284534929418  0.83042934597023499  0.84111297838097820  0.85171557039559209
  0.86218146607174095  0.87293734845280169  0.88285121712828174  0.89249049448866669
  0.90081442917317911  0.90822524096053669  0.91723382542525389  0.92642659710912212
  0.93701679484004541  0.94609340056769697  0.95305625847639308  0.95996109931992535
  0.96846887375210511  0.97884098943104381  0.98964462112431728  1.00000000000000000
  0.00052161092331564  0.00287618083628029  0.00533137608595114  0.00751605574785517
  0.00942678607287232  0.01115207715491947  0.01289845660400767  0.01452244693965404
  0.01617175075332494  0.01792260353757859  0.01967725989125057  0.02143940887525539
  0.02312345215939883  0.02477452291280334  0.02636914913860978  0.02768355988455007
  0.02881508073964449  0.03000827028027213  0.03123743916669901  0.03255942813841669
  0.03385801193912349  0.03502791660666883  0.03609143914074150  0.03744433512688634
  0.03883882114499081  0.04016294440620567  0.04140106095616701  0.04234593368632532
  0.04318258142497512  0.04403321489684067  0.04503428472704742  0.04629293442034142
  0.04724595827899949  0.04817048424700980  0.04906141736153028  0.04989139471816034
  0.05121034998603481  0.05270614997573200  0.05414588729645925  0.05544969008194803
  0.05639361428859246  0.05715432036067709  0.05792481716263578  0.05858043342045209
  0.05915029083743919  0.05966637945385760  0.06025609086734365  0.06092266701602409
  0.06178700532474570  0.06296419924533123  0.06433822454612892  0.06555129068740645
  0.06675006030827825  0.06793945274789243  0.06920380392234253  0.07043169705938099
  0.07155310526896028  0.07260410708121988  0.07359253393621308  0.07458561098187538
  0.07562124510315398  0.07709659643191860  0.07864751858399825  0.08019473524781864
  0.08179843424103762  0.08362821005101147  0.08508748204908247  0.08649524551913866
  0.08821187165804331  0.09024159791721349  0.09170965170637395  0.09245866864813540
  0.09316184357449099  0.09383197127864726  0.09463140375969213  0.09585149678856872
  0.09820801986033949  0.10216495448256746  0.10421370155607557  0.10813151741430507
  0.11237334368037771  0.11803971448583493  0.12483024013085907  0.13323878997248870
  0.13883320940211200  0.14284790651744922  0.15708718663949434  0.17738838997691603
  0.18840301802336440  0.19678041718825717  0.20145638957827236  0.20885507199099815
  0.21621230873872727  0.23493173510999191  0.25107788899632910  1.00000000000000000
 -0.00286370856713711  0.01329101481786655  0.02809465140329780  0.04130869504084311
  0.05556399024000235  0.07188023940489546  0.08876946170132527  0.10465081167718888
  0.11971987650810262  0.13461471224696298  0.14889689073935014  0.16292534636038036
  0.17450939284193287  0.18590669223988421  0.19739786661289374  0.20905463955528952
  0.22005902057785171  0.22853521250750633  0.23449302606156261  0.24068883254274068
  0.24689446557052322  0.25339316690536645  0.26290212770081101  0.27163788957928275
  0.28218753889410236  0.29582262210625743  0.30972576089719595  0.32136114301178192
  0.33081787599685347  0.33953363176186035  0.34943872574724949  0.36094848190106732
  0.37191342050608600  0.38074712172459141  0.38796239980650660  0.39496169865808733
  0.40417443165451450  0.41458532153647432  0.42390814850419190  0.43276325412067890
  0.44191506081688353  0.45509482852139144  0.46803165393923601  0.48338875180049096
  0.50081321330774875  0.51636682778872967  0.53072378261923758  0.54288049010789174
  0.55202107413504808  0.55910120389461282  0.56527881724052897  0.57162049159597139
  0.58010070282033399  0.58992908407116007  0.59783993528100043  0.60585084091872476
  0.61877835354019739  0.63087795520443402  0.64235789904080609  0.65497534620071474
  0.66743512966282248  0.67965201531756614  0.68937227722097638  0.69697065751341558
  0.70484017469907800  0.71312545320898202  0.72264564342190984  0.73263444123880828
  0.74266683832173963  0.75277578906087872  0.76331099835456317  0.77380846496023281
  0.78371073821459403  0.79353751701311270  0.80379731756495787  0.81439600169568360
  0.82475075346565796  0.83408171967333422  0.84215520737908156  0.85013079628484500
  0.85697274595218398  0.86328136021833679  0.87018313996066343  0.87862001734559614
  0.88648278828235794  0.89347052313874731  0.90401903491799152  0.91593702060299942
  0.92735307141890333  0.93944227856146234  0.95272314299258898  0.96344808771367396
  0.97104828763876083  0.97961117573016387  0.98894921769523592  1.00000000000000000
  0.01170185790488528  0.25047332213087148  0.36307756382149697  0.43716386906332727
  0.49364900479060830  0.54010903523858966  0.58168942351059461  0.61790951225616431
  0.65050999064706783  0.67896861924639196  0.70294181602875261  0.72467965092866549
  0.74399228673526807  0.76179735679104454  0.77828581901386618  0.79249574916836163
  0.80587474228573408  0.81805542653608732  0.82918715194545556  0.83944649028896634
  0.84857675386796982  0.85695120354537235  0.86475799441663159  0.87173796952439853
  0.87806311630724776  0.88357048188437215  0.88873161426478253  0.89363539215567356
  0.89833231310054429  0.90283001379785455  0.90726751697317498  0.91201403389787827
  0.91669524807695557  0.92091621933275392  0.92492516707616979  0.92883793256503788
  0.93257601631440223  0.93612958080806263  0.93950671786513962  0.94254865314487168
  0.94520768177328873  0.94768588934633258  0.95018444182308759  0.95243585470032122
  0.95516645601966399  0.95744170600156331  0.95932453295366771  0.96087865284374518
  0.96225886697611784  0.96367066273731949  0.96509963501718088  0.96650212440851657
  0.96795559596019221  0.96930106680142492  0.97065992836288273  0.97197683948768676
  0.97326450406112341  0.97454765795699472  0.97582370109373884  0.97701479214526976
  0.97809303851548701  0.97910432019645721  0.97997689861309600  0.98080876440244336
  0.98164018085677596  0.98248033210922714  0.98327970481784033  0.98403274576144906
  0.98475732982309216  0.98547058809296828  0.98615461521793668  0.98686545136574955
  0.98759448528184335  0.98832399009809790  0.98911179467998434  0.98962077339317622
  0.99010315991412445  0.99054919077576886  0.99099995061682578  0.99145484157810648
  0.99199501295703962  0.99254832432523410  0.99306636916501656  0.99355478609019199
  0.99403110333109301  0.99451991045379373  0.99502145507366346  0.99553649717646264
  0.99603571530061275  0.99656427928585567  0.99708733951258199  0.99753916267380971
  0.99802410296206490  0.99853723871952804  0.99909917116744695  1.00000000000000000
   1.5244788336457755E-016  -1.0000000000000000     
 F F F F F F F F F F F F F F F F F F F F F F F F F F F F F F F F F F F F F F F F F F F F F F F F F F F F F F F F F F F F F F F F
  <DiscreteSampler_grid>
  grouped_processes
  1 # 1 for a reference and 2 for a running grid.
  10 # Attribute 'min_bin_probing_points' of the grid.
  1 # Attribute 'grid_mode' of the grid. 1=='default',2=='initialization'
  0.0000000000000000 # Attribute 'small_contrib_threshold' of the grid.
  0.5000000000000000 # Attribute 'damping_power' of the grid.
 # binID   n_entries weight   weight_sqr   abs_weight
    10   10   1.062239083254250E-005   9.813131070450571E-010   1.062239083254250E-005
  </DiscreteSampler_grid>
