  0.05549708375528754  0.67110193663143891  0.67553720659621119  0.67997247656098336
  0.68440774652575553  0.68900464090574731  0.69397367044789859  0.69894269999004988
  0.70391172953220127  0.70942475226964408  0.71933165384737041  0.72968873718447769
  0.80163463456182060  0.87358053193916363  0.87584639021558719  0.87670981551844118
  0.87757324082129529  0.87843666612414939  0.87930009142700338  0.88016351672985749
  0.88102694203271148  0.88189036733556558  0.88275379263841969  0.88361721794127368
  0.88448064324412778  0.88534406854698189  0.88620749384983588  0.88707091915268999
  0.88793434445554398  0.88879776975839808  0.88966119506125219  0.89052462036410618
  0.89138804566696028  0.89225147096981439  0.89311489627266838  0.89397832157552248
  0.89484174687837659  0.89570517218123058  0.89654995830286488  0.89739149549833175
  0.89823303269379862  0.89907456988926548  0.89991610708473224  0.90075764428019911
  0.90159918147566598  0.90244071867113285  0.90328225586659971  0.90412379306206647
  0.90496533025753334  0.90580686745300021  0.90664840464846708  0.90748994184393394
  0.90833147903940070  0.90917301623486757  0.91001455343033444  0.91085609062580131
  0.91169762782126818  0.91253916501673493  0.91338070221220180  0.91422223940766867
  0.91506377660313554  0.91590531379860241  0.91674678824563138  0.91758766689414695
  0.91842854554266240  0.91926942419117785  0.92011030283969342  0.92095118148820887
  0.92179206013672432  0.92263293878523989  0.92347381743375534  0.92431469608227079
  0.92515557473078636  0.92599645337930181  0.92683733202781726  0.92767821067633283
  0.92851908932484828  0.92935996797336373  0.93020084662187930  0.93104172527039475
  0.93188260391891020  0.93272348256742577  0.93356436121594122  0.93440523986445667
  0.93524611851297224  0.93608699716148769  0.93692787581000314  0.93811938110836124
  0.94005730002582022  0.94199521894327931  0.94393313786073840  0.94587105677819738
  0.94780897569565647  0.94974689461311557  0.95056248933275012  1.00000000000000000
 -0.00002083922196739  0.00132884758384142  0.00161668802339521  0.00182065541742515
  0.00186135668651477  0.00190205795560439  0.00194305610454724  0.00198710570591665
  0.00203115530728605  0.00207520490865546  0.00211917086088757  0.00216304140009565
  0.00220691193930373  0.00225078247851182  0.00230842485813257  0.00237819630812997
  0.00244796775812738  0.00252263894631919  0.00259815021729661  0.00283393174714677
  0.00405057466531560  0.00578723022105470  0.00658164490911464  0.00687262525666115
  0.00690264025475554  0.00693265525284994  0.00696267025094433  0.00699268524903872
  0.00702270024713311  0.00705271524522750  0.00708273024332190  0.00711274524141629
  0.00714276023951068  0.00717277523760507  0.00720279023569946  0.00723280523379386
  0.00726282023188825  0.00729283522998264  0.00732285022807703  0.00735286522617142
  0.00738288022426582  0.00741289522236021  0.00744354819061567  0.00747603240377990
  0.00750851661694412  0.00754100083010834  0.00757348504327256  0.00760596925643678
  0.00763845346960100  0.00767093768276522  0.00770342189592944  0.00773590610909366
  0.00776839032225788  0.00780087453542210  0.00783335874858632  0.00786584296175054
  0.00789832717491476  0.00793081138807898  0.00796329560124320  0.00799577981440742
  0.00802826402757164  0.00806189780910732  0.00809706234818434  0.00813222688726136
  0.00816739142633838  0.00820255596541540  0.00823772050449242  0.00827288504356944
  0.00830804958264646  0.00834321412172348  0.00837837866080051  0.00841354319987753
  0.00844870773895454  0.00848387227803156  0.00851903681710858  0.00855420135618561
  0.00858936589526263  0.00862453043433965  0.00865969497341667  0.00869485951249369
  0.00898979484518514  0.00965117202369098  0.01378981621103934  0.01971081980151525
  0.02318170233576118  0.02318170233577118  0.02318170233578118  0.02318170233579118
  0.02318170233580118  0.02318170233581118  0.02318170233582117  0.02318170233583117
  0.02318170233584117  0.02318170233585117  0.02318170233586117  1.00000000000000000
  0.00006393981192328  0.00006765582424599  0.00007137183656871  0.00007508784889142
  0.00007921446631683  0.00008349766320987  0.00008778086010291  0.00013270859363330
  0.00019045107087795  0.00019160956841558  0.00019276806595322  0.00019392656349085
  0.00019508506102848  0.00019624355856612  0.00019740205610375  0.00019856055364138
  0.00019971905117902  0.00020087754871665  0.00020203604625428  0.00020319454379192
  0.00020435304132955  0.00020551153886719  0.00020667003640482  0.00020782853394245
  0.00020898703148009  0.00021014552901772  0.00021130402655535  0.00021255640509988
  0.00021384586174006  0.00021513531838024  0.00021642477502043  0.00021771423166061
  0.00021900368830079  0.00022029314494097  0.00022158260158116  0.00022287205822134
  0.00022416151486152  0.00022545097150170  0.00022674042814189  0.00022802988478207
  0.00022931934142225  0.00023060879806243  0.00023189825470262  0.00023318771134280
  0.00023447716798298  0.00023579050445834  0.00023722572410525  0.00023866094375216
  0.00024009616339908  0.00024153138304599  0.00024296660269290  0.00024440182233981
  0.00024583704198673  0.00024727226163364  0.00024870748128055  0.00025014270092746
  0.00025157792057437  0.00025301314022129  0.00025444835986820  0.00025588357951511
  0.00025731879916202  0.00025875401880894  0.00026018923845585  0.00026162445810276
  0.00035489281199789  0.00058216755669616  0.00095335506123779  0.00156448734265849
  0.00249168764463455  0.00259858855239836  0.00270548946016218  0.00281762846880952
  0.00293661368964924  0.00305559891048897  0.00318541930036239  0.00331785487153226
  0.00374445359641647  0.00489922419651446  0.00522900111210512  0.00559262854851168
  0.00597164748422275  0.00638019587813705  0.00907200110425830  0.01488368020963586
  0.02164743664482416  0.02334307589846801  0.02509905931170081  0.03145233705594937
  0.04336592515153382  0.04336592515154382  0.04336592515155382  0.04336592515156382
  0.04336592515157382  0.04336592515158381  0.04336592515159381  1.00000000000000000
  0.03525369962056485  0.03878833824661089  0.04395002207729938  0.05624731100828092
  0.07357403031492525  0.13005057238787482  0.21247087524333602  0.29489117809879734
  0.32091674612438176  0.33162026276086576  0.34232377939734987  0.35302729603383398
  0.36373081267031804  0.37443432930680204  0.45306446809262113  0.53548477094808244
  0.61790507380354365  0.62937110820227637  0.63415393276718390  0.63893675733209154
  0.64371958189699907  0.64850240646190671  0.65328523102681435  0.65806805559172199
  0.66285088015662963  0.66755422992681190  0.67194398412743639  0.67633373832806087
  0.68072349252868547  0.68511324672930995  0.69047746855702241  0.69700285499598136
  0.70352824143494030  0.71005362787389936  0.71657901431285842  0.72310440075181737
  0.73501621047725396  0.81743651333271516  0.89587573999097680  0.89674443253725111
  0.89761312508352542  0.89848181762979973  0.89935051017607415  0.90021920272234845
  0.90108789526862276  0.90195658781489707  0.90282528036117149  0.90369397290744580
  0.90456266545372011  0.90543135799999441  0.90630005054626883  0.90716874309254314
  0.90803743563881745  0.90890612818509176  0.90977482073136617  0.91064351327764048
  0.91151220582391479  0.91238089837018910  0.91324959091646352  0.91411828346273782
  0.91498697600901213  0.91585566855528644  0.91671086132519730  0.91737629067763116
  0.91804172003006512  0.91870714938249898  0.91937257873493294  0.92003800808736691
  0.92070343743980076  0.92136886679223473  0.92203429614466859  0.92269972549710255
  0.92336515484953641  0.92403058420197037  0.92469601355440434  0.92536144290683819
  0.92602687225927216  0.92669230161170602  0.92735773096413998  0.92802316031657384
  0.92868858966900780  0.92935401902144177  0.93001944837387562  0.93068487772630959
  0.93135030707874344  0.93201573643117741  0.93268116578361127  0.93334659513604523
  0.93401202448847909  0.93467745384091305  0.93534288319334702  0.93600831254578087
  0.93667374189821484  0.93733917125064870  0.96471530596415189  1.00000000000000000
  0.00269883473714192  0.21365242079452901  0.21897150825572476  0.22429059571692050
  0.22966100927096428  0.23559634459165138  0.24153167991233851  0.24746701523302561
  0.29650649170565874  0.37763617499494412  0.42838347670549592  0.45096303348763539
  0.47354259026977502  0.50330453918035778  0.50999211311578863  0.51667968705121947
  0.52336726098665032  0.53005483492208127  0.53674240885751223  0.54342998279294308
  0.55011755672837392  0.55680513066380477  0.57454290382632123  0.65567258711560672
  0.73680227040489232  0.81793195369417770  0.83410064676782780  0.83504775619355587
  0.83599486561928393  0.83694197504501211  0.83788908447074018  0.83883619389646824
  0.83978330332219631  0.84073041274792437  0.84167752217365255  0.84262463159938061
  0.84357174102510868  0.84451885045083674  0.84546595987656481  0.84641306930229299
  0.84736017872802105  0.84830728815374912  0.84925439757947718  0.85020150700520525
  0.85114861643093331  0.85209572585666149  0.85304283528238956  0.85398994470811762
  0.85493705413384569  0.85588416355957375  0.85683127298530182  0.85777838241102988
  0.85872549183675806  0.85967260126248612  0.86061971068821419  0.86156682011394226
  0.86251392953967032  0.86346103896539839  0.86440814839112645  0.86535525781685452
  0.86630236724258258  0.86724947666831076  0.86819658609403882  0.86914369551976689
  0.87009080494549496  0.87103791437122302  0.87198502379695109  0.87293213322267915
  0.87387924264840722  0.87482635207413528  0.87577332141444797  0.87672025930453079
  0.87766719719461372  0.87861413508469666  0.87956107297477959  0.88050801086486241
  0.88145494875494534  0.88240188664502828  0.88334882453511121  0.88429576242519403
  0.88524270031527696  0.88618963820535990  0.88713657609544272  0.88808351398552565
  0.88903045187560858  0.88997738976569152  0.89092432765577434  0.89187126554585727
  0.89281820343594021  0.89376514132602314  0.89471207921610596  0.89565901710618889
  0.90438681505038643  0.91458535591761270  0.91458535591762269  1.00000000000000000
  0.08671402533849079  0.30149242771983120  0.31131818877299572  0.32181963504033334
  0.33241346180363518  0.33923101989709720  0.34568950231220474  0.35214798472731235
  0.35860646714241989  0.36506494955752744  0.37152343197263493  0.37798191438774248
  0.38444039680285003  0.39089887921795752  0.41508324857549050  0.49665997461506683
  0.57823670065464317  0.65981342669421961  0.69555512917703866  0.70774865680229238
  0.71994218442754621  0.73213571205280004  0.74432923967805376  0.77706696503773642
  0.79330097996904070  0.79803453170949568  0.80276808344995065  0.80750163519040563
  0.81223518693086061  0.81696873867131548  0.82170229041177045  0.82643584215222543
  0.83116939389268041  0.83590306368795442  0.84063683290035796  0.84537060211276149
  0.85010437132516514  0.85428862186678822  0.85514838394636450  0.85600814602594066
  0.85686790810551694  0.85772767018509311  0.85858743226466938  0.85944719434424555
  0.86030695642382182  0.86116671850339799  0.86202648058297426  0.86288624266255043
  0.86374600474212671  0.86460576682170287  0.86546552890127915  0.86632529098085531
  0.86718505306043159  0.86804481514000775  0.86890457721958403  0.86976433929916019
  0.87062410137873647  0.87148386345831264  0.87234362553788891  0.87320338761746508
  0.87406314969704135  0.87492291177661752  0.87542202730576135  0.87588562152341409
  0.87634921574106683  0.87681280995871957  0.87727640417637220  0.87773999839402495
  0.87820359261167769  0.87866718682933032  0.87913078104698306  0.87959437526463580
  0.88005796948228854  0.88052156369994117  0.88098515791759391  0.88144875213524665
  0.88191234635289928  0.88237594057055202  0.88283953478820476  0.88330312900585750
  0.88376672322351013  0.88423031744116287  0.88469391165881561  0.88515750587646824
  0.88562110009412098  0.88608469431177372  0.88654828852942646  0.88701188274707909
  0.88747547696473184  0.88793907118238458  0.88840266540003721  0.88886625961768995
  0.88932985383534269  0.88966507116953530  0.88966507116954530  1.00000000000000000
 -0.00291947806889556  0.00740621039227909  0.01481242078455817  0.02235318662063156
  0.03047877005665006  0.03860435349266857  0.04229235926655561  0.04329647659835840
  0.04430059393016120  0.04530471126196400  0.04630882859376680  0.04731294592556960
  0.04831706325737240  0.04932118058917520  0.05032529792097800  0.05132941525278080
  0.05233353258458360  0.05333764991638640  0.05434176724818920  0.05534588457999200
  0.05635000191179480  0.05735411924359760  0.05835823657540039  0.05936235390720319
  0.06036647123900599  0.06137058857080879  0.06237470590261159  0.06337882323441439
  0.06438294056621718  0.06538705789801999  0.06639117522982280  0.06739529256162559
  0.06839940989342838  0.06940352722523119  0.07040764455703399  0.07141176188883679
  0.07241587922063958  0.07341999655244238  0.07442411388424519  0.07542823121604798
  0.07643234854785079  0.07743646587965358  0.07844058321145639  0.07944470054325918
  0.08044881787506199  0.08145293520686478  0.08245705253866759  0.08346116987047038
  0.08446528720227318  0.08546940453407600  0.08647352186587881  0.08747763919768162
  0.08848175652948442  0.08948587386128724  0.09048999119309005  0.09149410852489286
  0.09249822585669568  0.09350234318849848  0.09450646052030129  0.09551057785210409
  0.09651469518390692  0.09751881251570972  0.09852292984751253  0.09952704717931535
  0.10053116451111815  0.10153528184292096  0.10253939917472377  0.10354351650652659
  0.13663416507986334  0.17005847639949725  0.17528428634750676  0.18051009629551629
  0.18573590624352579  0.19096171619153529  0.19618752613954479  0.20141333608755432
  0.20663914603556383  0.21186495598357338  0.21709076593158294  0.22231657587959250
  0.22754238582760208  0.28814317483940322  0.37371794427344618  0.44357074336997060
  0.46740909921456414  0.49124745505915768  0.55415494248974673  0.62726465726133374
  0.64042156922189752  0.65307541020873716  0.66537774061190047  0.67079246441523244
  0.67079246441524243  0.67079246441525242  0.67079246441526241  1.00000000000000000
  0.01153879960378007  0.01370471436794620  0.01587062913211234  0.01803654389627847
  0.02020245866044460  0.02472250523946465  0.03021005888691362  0.03569761253436259
  0.04118516618181155  0.12362345086703305  0.13230827374397341  0.13973026940771199
  0.14715226507145060  0.15457426073518926  0.16199625639892790  0.16941825206266653
  0.17684024772640511  0.18426224339014369  0.23814820092416719  0.32798788809178875
  0.41782757525941056  0.43832373761112448  0.43937842218526735  0.44043310675941028
  0.44148779133355315  0.44254247590769608  0.44359716048183895  0.44465184505598188
  0.44570652963012475  0.44676121420426768  0.44781589877841055  0.44887058335255348
  0.44992526792669635  0.45097995250083922  0.45203463707498215  0.45308932164912502
  0.45414400622326795  0.45519869079741082  0.45625337537155375  0.45730805994569662
  0.45836274451983955  0.45941742909398242  0.46047211366812535  0.46152679824226828
  0.46258148281641115  0.46363616739055408  0.46469085196469695  0.46574553653883988
  0.46680022111298280  0.46785490568712568  0.46890959026126861  0.46996427483541153
  0.47101895940955441  0.47207364398369733  0.47312832855784026  0.47418301313198313
  0.47523769770612606  0.47629238228026899  0.47734706685441186  0.47840175142855479
  0.47945643600269772  0.48051112057684059  0.48156580515098346  0.48262048972512639
  0.48367517429926926  0.48472985887341219  0.48578454344755506  0.48683922802169799
  0.48789391259584086  0.48894859716998379  0.49000328174412666  0.49105796631826953
  0.49211265089241246  0.49316733546655533  0.49422202004069826  0.49527670461484113
  0.49633138918898406  0.49738607376312693  0.49844075833726986  0.49949544291141273
  0.50627744194654578  0.51831232724120146  0.53034721253585726  0.54238209783051294
  0.55441698312516863  0.59200045753425468  0.68184014470187637  0.72598117446293620
  0.75100981160792768  0.78951696913251790  0.85804007480408051  0.87185452174912281
  0.88497604617023984  0.91016031283236631  0.96548188130060830  1.00000000000000000
  0.14556580384572354  0.16496365635438434  0.18490582573356970  0.25137162854952261
  0.32475097521946206  0.39813032188940162  0.47150966855934118  0.54488901522928079
  0.61826836189922030  0.69164770856915980  0.76502705523909931  0.79471146907969403
  0.79949167612726102  0.80427188317482790  0.80905209022239488  0.81383229726996187
  0.81861250431752874  0.82339271136509573  0.82817291841266261  0.83295312546022959
  0.83773333250779658  0.84251353955536357  0.84729374660293055  0.85207395365049754
  0.85950825700620581  0.86900926705049597  0.87851027709478613  0.88801128713907629
  0.89751229718336645  0.90701330722765672  0.91651431727194699  0.94515757328919758
  0.95609614862623349  0.95894205594494430  0.95970728513986836  0.96047251433479230
  0.96123774352971636  0.96200297272464030  0.96276820191956436  0.96353343111448830
  0.96429866030941225  0.96506388950433630  0.96582911869926025  0.96659434789418430
  0.96735957708910825  0.96812480628403230  0.96889003547895625  0.96965526467388019
  0.97042049386880425  0.97118572306372819  0.97195095225865225  0.97271618145357619
  0.97348141064850024  0.97424663984342419  0.97501186903834813  0.97577709823327219
  0.97654232742819613  0.97730755662312019  0.97807278581804413  0.97883801501296819
  0.97950081432698721  0.98008650534621611  0.98067219636544511  0.98125788738467401
  0.98184357840390291  0.98242926942313191  0.98301496044236081  0.98360065146158981
  0.98418634248081871  0.98477203350004761  0.98535772451927661  0.98594341553850551
  0.98652910655773440  0.98711479757696341  0.98770048859619231  0.98828617961542131
  0.98887187063465021  0.98945756165387910  0.99004325267310811  0.99062894369233701
  0.99121463471156590  0.99180032573079491  0.99238601675002380  0.99297170776925281
  0.99355739878848170  0.99414308980771060  0.99472878082693961  0.99531447184616850
  0.99590016286539740  0.99648585388462640  0.99707154490385530  0.99765723592308431
  0.99824292694231320  0.99882861796154210  0.99941430898077110  1.00000000000000000
   1.2470062622933784E-009  -1.0000000000000000     
 F F F F F F F F F F F F F F F F F F F F F F F F F F F F F F F F F F F F F F F F F F F F F F F F F F F F F F F F F F F F F F F F
  <DiscreteSampler_grid>
  grouped_processes
  1 # 1 for a reference and 2 for a running grid.
  10 # Attribute 'min_bin_probing_points' of the grid.
  1 # Attribute 'grid_mode' of the grid. 1=='default',2=='initialization'
  0.0000000000000000 # Attribute 'small_contrib_threshold' of the grid.
  0.5000000000000000 # Attribute 'damping_power' of the grid.
 # binID   n_entries weight   weight_sqr   abs_weight
    10   10   3.350667264212916E+003   4.499971685264587E+007   3.350667264212916E+003
  </DiscreteSampler_grid>
