  0.01167152994553241  0.47987228601627036  0.48057790536587403  0.48128352471547764
  0.48198914406508131  0.48269476341468492  0.48340038276428854  0.48410600211389221
  0.48481162146349582  0.48551724081309944  0.48622286016270311  0.48692847951230672
  0.48763409886191039  0.48833971821151401  0.48904533756111762  0.48975095691072129
  0.49045657626032491  0.49116219560992858  0.49186781495953219  0.49257343430913580
  0.49327905365873947  0.49398467300834309  0.49469029235794670  0.49539591170755037
  0.49610153105715399  0.49680715040675766  0.49751276975636127  0.49821838910596489
  0.49892400845556856  0.49962962780517217  0.50043498587498481  0.50135053264643725
  0.50226607941788959  0.50318162618934192  0.50409717296079426  0.50501271973224660
  0.50592826650369893  0.50684381327515127  0.50775936004660360  0.50867490681805594
  0.50959045358950839  0.51050600036096072  0.51142154713241306  0.51233709390386539
  0.51325264067531773  0.51416818744677006  0.51508373421822240  0.51599928098967474
  0.51691482776112707  0.51783037453257941  0.51874592130403185  0.51966146807548419
  0.52057701484693653  0.54811280878186275  0.56210311850920813  0.57609342823655341
  0.59008373796389879  0.60407404769124429  0.64427016728465791  0.64823282796686099
  0.65078425774587034  0.65333568752487969  0.65588711730388916  0.65843854708289851
  0.66098997686190786  0.66354140664091721  0.66609283641992656  0.66863788036960503
  0.67118107137486216  0.67372426238011940  0.67626745338537653  0.67881064439063377
  0.68135383539589101  0.68389702640114813  0.68644021740640537  0.68898341146484621
  0.69152660770455465  0.69406980394426321  0.69661300018397165  0.69915619642368021
  0.70169939266338865  0.70424258890309721  0.70678578514280566  0.71217667333220591
  0.72199376466392229  0.75080875635825117  0.83115942141221244  0.91151008646617393
  0.96081215766069472  0.96675282336139690  0.97269348906209907  0.97863415476280124
  0.98401682331255214  0.98934454887503476  0.99467227443751738  1.00000000000000000
  0.00000816169467005  0.00013845954567691  0.00014510190021712  0.00015174425475732
  0.00015838660929753  0.00016502896383773  0.00017167131837793  0.00017831367291814
  0.00018495602745834  0.00019159838199855  0.00019824073653875  0.00020488309107895
  0.00021152544561916  0.00021816780015936  0.00022481015469957  0.00023145250923977
  0.00023809486377997  0.00024473721832018  0.00025137957286038  0.00025802192740059
  0.00026466428194079  0.00027130663648099  0.00027794899102120  0.00028459134556140
  0.00029123370010161  0.00029913944912893  0.00030710441011074  0.00031506937109255
  0.00032303433207435  0.00033099929305616  0.00033896425403797  0.00034692921501978
  0.00035489417600159  0.00036285913698339  0.00037082409796520  0.00037878905894701
  0.00038675401992882  0.00039471898091063  0.00040268394189244  0.00041064890287424
  0.00041861386385605  0.00042657882483786  0.00043454378581967  0.00048721705687034
  0.00059801793381738  0.00070206297474341  0.00079824632339264  0.00112296978682402
  0.00116117501259184  0.00119938023835965  0.00123997312330628  0.00128132060349458
  0.00132387821137014  0.00136862638609135  0.00141337456081257  0.00202475187895122
  0.00267276587713624  0.00270574537811190  0.00273872487908756  0.00277170438006322
  0.00280468388103888  0.00283766338201454  0.00287064288299021  0.00290531259250673
  0.00294100454919083  0.00297669650587493  0.00301238846255903  0.00304808041924314
  0.00308377237592724  0.00311946433261134  0.00315803173087420  0.00319665923384581
  0.00323528673681743  0.00327391423978905  0.00331254174276067  0.00335116924573229
  0.00343089884298210  0.00359188245571401  0.00375292417188301  0.00391400292695855
  0.00523424241775975  0.00761655288062949  0.01107858086938186  0.01613010937976432
  0.02348048685444994  0.03416683109691617  0.04969618539586463  0.07235975100059369
  0.08908356601504551  0.08908356601505552  0.08908356601506552  0.08908356601507553
  0.08908356601508553  0.08908356601509554  0.08908356601510554  1.00000000000000000
  0.00002620037249376  0.00006481019393274  0.00006751105847346  0.00007021192301418
  0.00007291278755491  0.00007561365209563  0.00007838729058311  0.00008117746435926
  0.00008396763813541  0.00008675781191155  0.00010437325273427  0.00011189198458247
  0.00011257150563697  0.00011325102669147  0.00011393054774597  0.00011461006880047
  0.00011528958985498  0.00011596911090948  0.00011664863196398  0.00011732815301848
  0.00011800767407298  0.00011868719512748  0.00011936671618198  0.00012004623723648
  0.00012072575829098  0.00012140527934548  0.00012208480039999  0.00012276432145449
  0.00012344384250899  0.00012415016260784  0.00012490649821271  0.00012566283381759
  0.00012641916942246  0.00012717550502733  0.00012793184063221  0.00012868817623708
  0.00012944451184195  0.00013020084744683  0.00013095718305170  0.00013171351865657
  0.00013246985426144  0.00013322618986632  0.00013398252547119  0.00013473886107606
  0.00013549519668094  0.00013625153228581  0.00013700786789068  0.00013776420349556
  0.00013859174081629  0.00013943357425678  0.00014027540769728  0.00014111724113777
  0.00014195907457826  0.00014280090801876  0.00014364274145925  0.00014448457489975
  0.00014532640834024  0.00014616824178074  0.00014701007522123  0.00014785190866172
  0.00014869374210222  0.00014953557554271  0.00015037740898321  0.00015121924242370
  0.00015206107586420  0.00015290290930469  0.00017928645792776  0.00021699669468969
  0.00022517443646941  0.00023335217824914  0.00024220529541715  0.00025130746706363
  0.00026040963871012  0.00027034026678398  0.00028047136787688  0.00029060246896978
  0.00044763729181757  0.00072899808940311  0.00118436162205923  0.00140102316190304
  0.00152206629173742  0.00179692361191928  0.00292602735956855  0.00475312964525876
  0.00773827674072892  0.01257589173210081  0.02046340204554845  0.03327072284327728
  0.05411026637212580  0.07114633519411948  0.07114633519412948  0.07114633519413949
  0.07114633519414949  0.07114633519415950  0.07114633519416950  1.00000000000000000
  0.04768400986989345  0.07022929691296943  0.13256851875664485  0.18792048980560264
  0.18902300221038287  0.19012551461516314  0.19122802701994338  0.19233053942472361
  0.19343305182950385  0.19453556423428411  0.19563807663906435  0.19674058904384459
  0.19784310144862485  0.19894561385340509  0.20004812625818533  0.20115063866296559
  0.20225315106774583  0.20335566347252607  0.20445817587730633  0.20556068828208657
  0.20666320068686680  0.20776571309164707  0.20886822549642731  0.20997073790120757
  0.21107325030598784  0.21217576271076807  0.21327827511554834  0.21438078752032860
  0.21548329992510884  0.21658581232988910  0.21768832473466937  0.21879083713944963
  0.21989334954422987  0.22099586194901014  0.22209837435379040  0.22320088675857067
  0.22430339916335090  0.22540591156813117  0.22650842397291143  0.22761093637769170
  0.22871344878247193  0.22981596118725220  0.23091847359203244  0.23202098599681267
  0.23312349840159291  0.23422601080637317  0.23532852321115341  0.23643103561593365
  0.23753354802071391  0.23863606042549415  0.23973857283027439  0.24084108523505465
  0.24194359763983489  0.24304611004461513  0.24414862244939539  0.24525113485417563
  0.24635364725895587  0.24745615966373613  0.24855867206851637  0.24966118447329660
  0.31150969305749227  0.37949943760801658  0.39528651444525198  0.41107359128248755
  0.42686066811972301  0.46645485058851005  0.55525343227301671  0.64405201395752321
  0.71140866852106033  0.72254716348987880  0.73368565845869727  0.74482415342751573
  0.75596264839633409  0.76710114336515245  0.82987805898258837  0.87834814959406449
  0.88515524214238095  0.89196233469069741  0.89708372588801366  0.89998265831826330
  0.90288159074851282  0.90578052317876245  0.90867945560901209  0.91157838803926161
  0.91447732046951125  0.91688696520738522  0.91778696939889948  0.91868697359041374
  0.91958697778192799  0.92048698197344225  0.92138698616495651  0.92228699035647077
  0.92318699454798503  0.92408699873949929  0.92435354391733815  1.00000000000000000
  0.03999799092610686  0.32059806952420200  0.32869613904840406  0.33709731751066047
  0.34590462879715367  0.35911002092755451  0.39633777097796996  0.39727179250269734
  0.39820581402742478  0.39913983555215216  0.40007385707687954  0.40100787860160697
  0.40194190012633435  0.40287592165106173  0.40380994317578917  0.40474396470051655
  0.40567798622524393  0.40661200774997136  0.40754602927469874  0.40848005079942612
  0.40941407232415350  0.41034809384888093  0.41128211537360831  0.41221613689833569
  0.41315015842306313  0.41408417994779051  0.41501820147251789  0.41595222299724532
  0.41688624452197270  0.41782026604670008  0.41875428757142746  0.41968830909615484
  0.42062233062088222  0.42155635214560960  0.42249037367033704  0.42342439519506442
  0.42435841671979180  0.42529243824451918  0.42622645976924656  0.42716048129397394
  0.42809450281870132  0.42902852434342875  0.42996254586815613  0.43089656739288351
  0.43183058891761089  0.43276461044233827  0.43369863196706565  0.43463265349179303
  0.43556667501652047  0.43650069654124785  0.43743471806597523  0.43836873959070261
  0.43930276111542998  0.44023678264015736  0.44117080416488474  0.44210482568961212
  0.44303884721433956  0.44397286873906694  0.44490689026379432  0.44584091178852170
  0.44677493331324908  0.44770895483797646  0.44864297636270384  0.44957699788743122
  0.45051101941215865  0.45144504093688603  0.45237906246161341  0.45331308398634079
  0.45424710551106817  0.45518112703579555  0.45611514856052293  0.45704917008525037
  0.45798319160997775  0.50824675268388297  0.58809230982872929  0.64725083229474101
  0.65237109387401249  0.65749135545328408  0.66261161703255556  0.66773187861182703
  0.67285214019109840  0.67797240177036988  0.68309266334964125  0.68821291168590404
  0.69333307815324186  0.69845324462057967  0.70357341108791749  0.71007499047148570
  0.73209884204172759  0.74491701160707080  0.75725307106066087  0.76927232344179419
  0.84030888571031204  0.90890485445658364  0.90890485445659364  1.00000000000000000
  0.00623792012532550  0.22230826177379306  0.23673009668240430  0.25891051649329933
  0.34253324993388867  0.42615598337447802  0.50977871681506726  0.59340145025565660
  0.67702418369624606  0.75352418117741593  0.78120371126183907  0.80888324134626233
  0.83397471600004047  0.83500887102204868  0.83604302604405689  0.83707718106606521
  0.83811133608807342  0.83914549111008174  0.84017964613208995  0.84121380115409816
  0.84224795617610648  0.84328211119811469  0.84431626622012301  0.84535042124213122
  0.84638457626413943  0.84741873128614775  0.84845288630815596  0.84948704133016428
  0.85052119635217249  0.85155535137418070  0.85258950639618902  0.85362366141819723
  0.85465781644020555  0.85569197146221376  0.85672612648422197  0.85776028150623029
  0.85879443652823850  0.85982859155024671  0.86086274657225492  0.86189690159426324
  0.86293105661627145  0.86396521163827966  0.86499936666028798  0.86603352168229619
  0.86706767670430440  0.86810183172631272  0.86913598674832093  0.87017014177032914
  0.87120429679233746  0.87223845181434567  0.87327260683635388  0.87430676185836209
  0.87533976420499937  0.87637042264149878  0.87740108107799819  0.87843173951449749
  0.87946239795099690  0.88049305638749631  0.88152371482399561  0.88255437326049502
  0.88358503169699432  0.88461569013349373  0.88564634856999314  0.88667700700649243
  0.88770766544299184  0.88873832387949114  0.88976898231599055  0.89079964075248996
  0.89183029918898926  0.89286095762548867  0.89389161606198808  0.89492227449848738
  0.89669156702602837  0.90408745951760128  0.91148335200917407  0.91887924450074698
  0.92627513699231978  0.93367102948389258  0.93885287834782116  0.94165802600271398
  0.94446317365760679  0.94726832131249961  0.95007346896739253  0.95287861662228535
  0.95568376427717816  0.95838575079604782  0.95933085972363852  0.96027596865122922
  0.96122107757882003  0.96216618650641073  0.96311129543400154  0.96405640436159223
  0.96500151328918304  0.96594662221677374  0.96665627161661782  1.00000000000000000
 -0.00303116255464050  0.00089359948534029  0.00178719897068057  0.00268079845602086
  0.00357439794136114  0.00446799742670143  0.00536159691204171  0.00625519639738200
  0.00714879588272228  0.00804239536806257  0.00893599485340285  0.00982959433874314
  0.01072319382408343  0.01161679330942371  0.01251039279476400  0.01340399228010428
  0.01429759176544457  0.01519119125078485  0.01608479073612514  0.01697839022146542
  0.01787198970680571  0.01876558919214599  0.01965918867748628  0.02055278816282657
  0.02162339347985573  0.02277499999046644  0.02392660650107715  0.02507821301168785
  0.02622981952229856  0.02738142603290927  0.02853303254351998  0.02968463905413069
  0.03083624556474140  0.03198785207535210  0.03313945858596282  0.03429106509657352
  0.03544267160718423  0.03659427811779493  0.03774588462840565  0.03889749113901635
  0.04004909764962707  0.04120070416023777  0.09691378219646893  0.11354826417653918
  0.12372532090217546  0.13390237762781174  0.14407943435344800  0.15425649107908437
  0.16443354780472075  0.23909836702537107  0.33189132889559259  0.42468429076581438
  0.51747725263603583  0.54603074438969956  0.55193358339008092  0.55783642239046216
  0.56373926139084352  0.56964210039122487  0.57554493939160623  0.58144777839198758
  0.58735061739236893  0.59325345639275040  0.59915629539313175  0.61819630964732630
  0.62714301372480130  0.62945558815813940  0.63176816259147750  0.63408073702481560
  0.63639331145815370  0.63870588589149180  0.64101846032482979  0.64333103475816789
  0.64564360919150598  0.64795618362484408  0.65026875805818229  0.65258133249152039
  0.65489390692485849  0.65720648135819659  0.65951905579153469  0.66183163022487279
  0.66414420465821089  0.66645677909154899  0.66876934865996862  0.67108191774277814
  0.67339448682558778  0.67570705590839730  0.67801962499120683  0.68033219407401635
  0.68264476315682587  0.68495733223963540  0.68726990132244492  0.72162111438932730
  0.74605369965235391  0.74605369965236390  0.74605369965237389  1.00000000000000000
  0.01614617904027297  0.22992809277550419  0.23068951888434164  0.23145094499317906
  0.23221237110201651  0.23297379721085396  0.23373522331969140  0.23449664942852885
  0.23525807553736627  0.23601950164620372  0.23678092775504117  0.23754235386387862
  0.23830377997271607  0.23906520608155349  0.23982663219039094  0.24058805829922839
  0.24134948440806583  0.24211091051690325  0.24287233662574070  0.24363376273457815
  0.24439518884341560  0.24515661495225305  0.24591804106109047  0.24667946716992792
  0.24744089327876537  0.24820231938760282  0.24896374549644024  0.24972517160527768
  0.25063125792844532  0.25161904774780963  0.25260683756717400  0.25359462738653837
  0.25458241720590269  0.25557020702526706  0.25655799684463138  0.25754578666399575
  0.25853357648336006  0.25952136630272443  0.26050915612208880  0.26149694594145312
  0.26248473576081749  0.26347252558018180  0.26446031539954618  0.26544810521891049
  0.26643589503827486  0.26742368485763923  0.26841147467700355  0.26939926449636792
  0.27038705431573223  0.31825620198697074  0.37070146380443031  0.37733255464483495
  0.38008337153272531  0.38283418842061562  0.38558500530850592  0.38833582219639623
  0.39108663908428659  0.39383745597217690  0.39658827286006726  0.39933908974795757
  0.40208990663584793  0.40484072352373829  0.40759154041162865  0.41034235729951901
  0.41309317418740932  0.41584399107529968  0.41859481195387238  0.42134563453514023
  0.42409645711640814  0.42684727969767600  0.42959810227894391  0.43234892486021181
  0.43509974744147967  0.44852446286816661  0.53503026609236204  0.55143132228747116
  0.56200732948998022  0.57258333669248918  0.58315934389499824  0.59373535109750741
  0.60535016302054379  0.66853069262755949  0.67493218316833437  0.68133367370910924
  0.68773441386039480  0.69411547777926752  0.70049654169814024  0.70687760561701285
  0.71274979170959607  0.71847157435244779  0.72419335699529952  0.74048259032740960
  0.82698839355160492  0.91349419677580046  0.92176843086878468  1.00000000000000000
  0.08783143361409501  0.11223498563785317  0.17618867517908787  0.26584914276708821
  0.35550961035508877  0.44517007794308910  0.53483054553108955  0.62449101311908994
  0.67264303317449070  0.68392756332159421  0.68956960357484798  0.69259789985104292
  0.69562619612723786  0.69865449240343280  0.70168278867962774  0.70471108495582269
  0.70773938123201752  0.71076767750821257  0.71379597378440751  0.71682427006060245
  0.71985256633679751  0.72288086261299245  0.72590915888918739  0.72893745516538233
  0.73189234582607443  0.73484122544648556  0.73779010506689657  0.74073898468730759
  0.74368786430771860  0.74663674392812962  0.74958562354854064  0.75593467034068362
  0.76283962458808274  0.76974457883548186  0.77664953308288109  0.78355448733028032
  0.79045944157767956  0.86565137999411890  0.87600809346393682  0.87713353303568320
  0.87825897260742969  0.87938441217917607  0.88050985175092245  0.88163529132266893
  0.88276073089441531  0.88388617046616169  0.88501161003790807  0.88613704960965456
  0.88726248918140094  0.88838792875314732  0.88951336832489381  0.89063880789664018
  0.89176424746838656  0.89288968704013305  0.89401512661187943  0.89514056618362581
  0.89626597296134614  0.89739132723138892  0.89851668150143182  0.89964203577147461
  0.90076739004151740  0.90189274431156030  0.90301809858160309  0.90414345285164588
  0.90526880712168878  0.90639416139173157  0.90751951566177436  0.90864486993181726
  0.90977022420186004  0.91089557847190294  0.91202093274194573  0.91314628701198852
  0.91427164128203142  0.91539699555207421  0.91652234982211700  0.91764770409215990
  0.91877305836220269  0.91989841263224548  0.92102376690228827  0.92214912117233117
  0.92327447544237395  0.92439982971241674  0.92552518398245953  0.92665053825250232
  0.92777589252254522  0.92890124679258801  0.93002660106263080  0.93115195533267370
  0.93227730960271649  0.93340266387275928  0.93452801814280206  0.93565337241284496
  0.93677872668288775  0.94323900890286749  0.96056434461225149  1.00000000000000000
   4.5514262423977642E-009  -1.0000000000000000     
 F F F F F F F F F F F F F F F F F F F F F F F F F F F F F F F F F F F F F F F F F F F F F F F F F F F F F F F F F F F F F F F F
  <DiscreteSampler_grid>
  grouped_processes
  1 # 1 for a reference and 2 for a running grid.
  10 # Attribute 'min_bin_probing_points' of the grid.
  1 # Attribute 'grid_mode' of the grid. 1=='default',2=='initialization'
  0.0000000000000000 # Attribute 'small_contrib_threshold' of the grid.
  0.5000000000000000 # Attribute 'damping_power' of the grid.
 # binID   n_entries weight   weight_sqr   abs_weight
    10   10   7.505199830874597E+004   4.565998414177934E+010   7.505199830874597E+004
  </DiscreteSampler_grid>
