  0.00929314239221511  0.01673335468874111  0.02693520318357546  0.03725655283161112
  0.04723500421969885  0.05658159814424406  0.06601103984748555  0.07532623730735059
  0.08500047484278603  0.09527154647515669  0.10565177542974270  0.11618485988269371
  0.12697475211460399  0.13776007714047273  0.14841943147354716  0.16015847025793356
  0.17138283636344975  0.18299294351448622  0.19386919897076213  0.20372185694020428
  0.21308700043159404  0.22259026252439107  0.23274673570111354  0.24344802944280888
  0.25398723626582637  0.26409650904074911  0.27422435698557152  0.28425875844375292
  0.29436585900769291  0.30504761483963483  0.31634595977293284  0.32786482251579047
  0.33896189732010862  0.34991407975040872  0.36057373804017717  0.37102418478494092
  0.38129990154285015  0.39139074321209916  0.40135437289987874  0.41135293188935806
  0.42236002832951380  0.43342316297514072  0.44412404570138780  0.45483647685434386
  0.46590193690966358  0.47759130320628540  0.48929359780139686  0.50076221505878893
  0.51135698118993389  0.52187090884887088  0.53333043304412486  0.54537727675805647
  0.55887773650564310  0.57206238778245055  0.58507651447129849  0.59746532473971237
  0.60844228729249061  0.61844230046283133  0.62870733741204698  0.63875600912185304
  0.64799268954272660  0.65680574513833112  0.66639164614202206  0.67734997326065094
  0.68821039932256922  0.69808970373219592  0.70764559566139662  0.71710370692551395
  0.72645498620478766  0.73570033076275521  0.74527723689459247  0.75533730730870763
  0.76608789114519149  0.77634081730262883  0.78702385463777536  0.79707952874090116
  0.80662081805187724  0.81636046437017828  0.82628682289887645  0.83653686800503857
  0.84689028659031207  0.85677000112035118  0.86599935630816782  0.87529243929764877
  0.88399638490248400  0.89341179381153557  0.90318689803812113  0.91286096069078126
  0.92243779173302587  0.93226253756404154  0.94225981701083061  0.95211883876952219
  0.96195744938046268  0.97173110356872394  0.98294183121763801  1.00000000000000000
  0.00108966275434229  0.00160445997754592  0.00191944108082293  0.00217661813690336
  0.00240595293013684  0.00261674393995043  0.00280691355078512  0.00298816435947286
  0.00316417531429087  0.00333923484045049  0.00351493243685634  0.00369354827120661
  0.00387456472857625  0.00405787101704133  0.00424251996341433  0.00442821328000916
  0.00461478545129055  0.00480565471905300  0.00500809702676466  0.00523521355318050
  0.00545464669964417  0.00565482025647886  0.00585213978371396  0.00606358594759786
  0.00629339352060920  0.00652421207943697  0.00675868524882423  0.00700428089593906
  0.00725941352554007  0.00751838819335606  0.00778153927451973  0.00805067635847959
  0.00833489314032244  0.00862805205261494  0.00891637728146755  0.00921922378420304
  0.00953281700315543  0.00986360248187683  0.01019202587666159  0.01051555107372875
  0.01083998099002735  0.01119524370917529  0.01157054116058166  0.01194856936995813
  0.01231813019154557  0.01269188393643796  0.01308398816451674  0.01350255545980484
  0.01398497449279234  0.01453712626460884  0.01514807456525613  0.01582695858829625
  0.01656843412619225  0.01726295918189383  0.01789482313580482  0.01852895074581508
  0.01909773250082980  0.01961465058205723  0.02012562709924304  0.02067955550490989
  0.02129945478165781  0.02196074523073903  0.02261304793918410  0.02325827207522164
  0.02393674411349639  0.02473206692089711  0.02558245198005531  0.02635046600290333
  0.02712271820184947  0.02797851707402736  0.02895654773786047  0.02999607278324771
  0.03107540908752449  0.03217510583794200  0.03317043485636700  0.03443328046510068
  0.03572206411218327  0.03706886483471244  0.03838921557141405  0.04074757932001722
  0.04311392522290992  0.04498077845308445  0.04680518735950909  0.04894317802681807
  0.05115820885781286  0.05305784479940450  0.05576603738107359  0.05904891336003831
  0.06295016156634223  0.06984063970799784  0.08058630906867878  0.08949022783339583
  0.10009920947849155  0.13739361400643554  0.23764945369299104  1.00000000000000000
 -0.00000238471535196  0.00000790261011835  0.00002175490337226  0.00003334160568822
  0.00004328532093334  0.00005256534190801  0.00006146565361183  0.00007055991831763
  0.00008065310077145  0.00009138174342141  0.00010209083395759  0.00011267161616446
  0.00012369271997558  0.00013623789611093  0.00014866048293011  0.00016046701369728
  0.00017155774439559  0.00018307403132618  0.00019563672772852  0.00020970583009124
  0.00022488206217024  0.00024033023888705  0.00025539869683544  0.00027114337953141
  0.00028780399462633  0.00030567703215190  0.00032431054839175  0.00034230216901873
  0.00035995959515958  0.00037959607221552  0.00039995186066012  0.00042123521519119
  0.00044377620955724  0.00047151193210374  0.00050108640211256  0.00053027969179652
  0.00056098447485921  0.00059429892478103  0.00062716253653696  0.00065963080557316
  0.00069347179839783  0.00072944786739807  0.00076805305517891  0.00080865629812800
  0.00085019363766186  0.00089297935352204  0.00093802310655992  0.00098225576731160
  0.00102781722644283  0.00107588587873155  0.00112662250890932  0.00118266843731956
  0.00124427711942131  0.00131270967576394  0.00139246189641620  0.00148473179817514
  0.00158148811285354  0.00167684118619628  0.00177086297252080  0.00187251713172119
  0.00198407387814955  0.00210992854759600  0.00224513121366801  0.00238452369925699
  0.00253431997198334  0.00270174738739324  0.00287165902720474  0.00304805909360506
  0.00322353612566517  0.00340793252237375  0.00360546793207850  0.00381925125915744
  0.00406560845121131  0.00435446167702341  0.00470520012593589  0.00511372973006559
  0.00556755855425999  0.00604976908612881  0.00651020167233867  0.00694710442446853
  0.00740247877348397  0.00790682153584144  0.00849340165992774  0.00914012660725986
  0.00997521443433243  0.01098206619282750  0.01210788884354568  0.01341199212457530
  0.01479700108995471  0.01640698554413495  0.01862917010490152  0.02656853964319364
  0.03478259635319092  0.04945863747921334  0.39605842612722342  1.00000000000000000
 -0.00234577812306351  0.00995714814517894  0.02086919358227932  0.03208011095779768
  0.04381352159702708  0.05539605736453066  0.06766967109590762  0.08024295502977909
  0.09293653670561162  0.10558892133991987  0.11763181863305563  0.12835715593281791
  0.13851501403828723  0.14808811162400229  0.15770257141837113  0.16797172413307476
  0.17846241184988704  0.18831135599488957  0.19740871022413040  0.20728954463149021
  0.21761955351277318  0.22808525725665435  0.23728373079552989  0.24598325016095232
  0.25475868674682889  0.26366157309900440  0.27307404394752194  0.28319565825545479
  0.29332566672365040  0.30303704576357487  0.31267616760783024  0.32272112235774314
  0.33309478265364051  0.34288399557563104  0.35313552146433486  0.36489376521559380
  0.37652239033268736  0.38632061088632408  0.39587985020688105  0.40527809286641642
  0.41509583645563913  0.42453231265156816  0.43411907823889828  0.44430547213106869
  0.45461120703241126  0.46460143841546936  0.47395745671566691  0.48351574891408977
  0.49283172900160854  0.50246983083960295  0.51222765789682734  0.52226356244583150
  0.53391136869657652  0.54547297678130435  0.55650581613376826  0.56706879200543225
  0.57723004763731545  0.58725560986720304  0.59720172578211073  0.60774842028384501
  0.61918968649858508  0.63116944092676686  0.64266504580146377  0.65343080093471428
  0.66385040637424630  0.67443442651334784  0.68534236713412899  0.69608695124722708
  0.70678228050473246  0.71863556757824243  0.73012083660850291  0.74266380230262186
  0.75554163990497636  0.76738795522144698  0.77852303457335348  0.78875772182196946
  0.79835149947503525  0.80841179791166140  0.81813571750930114  0.82781636145747139
  0.83731496926733284  0.84663991615004797  0.85639284791759607  0.86681984006991686
  0.87909928943980431  0.89218392988977047  0.90457415682452202  0.91603649519921515
  0.92685601108604432  0.93726466586109669  0.94695249368503942  0.95722074614477282
  0.96862175782882387  0.97969179370698067  0.98998383327738937  1.00000000000000000
 -0.00316009417377435  0.01165902917059657  0.02354107078737291  0.03485432320922162
  0.04535364803614868  0.05595945968192215  0.06614965272538700  0.07566064971834546
  0.08467502653132120  0.09392591194494539  0.10368980864693848  0.11400076507494394
  0.12397616808826115  0.13401175843441904  0.14423455190134599  0.15472043985606102
  0.16498551293417368  0.17543844942167638  0.18608472276535409  0.19647671234419956
  0.20637520378931254  0.21616504271532205  0.22608352386263886  0.23617556528897238
  0.24659144748411174  0.25797571160534000  0.26893708080123130  0.27957006656921662
  0.29003046466167864  0.30197376788493130  0.31337625547444664  0.32441319785941369
  0.33516052913276967  0.34560210871430447  0.35647131869537246  0.36775053067488062
  0.37879698637858755  0.38965619927144851  0.40156350159236920  0.41559425561514640
  0.42832553913360838  0.44156845095437203  0.45339244238703424  0.46399660353768951
  0.47407283851684900  0.48450387577894377  0.49515213507791694  0.50589028705957984
  0.51647769865281123  0.52663708879433357  0.53642357945978736  0.54541627697351103
  0.55455290515526012  0.56401043135904050  0.57333772759654111  0.58257868311282468
  0.59233818450576348  0.60276719492101516  0.61397351150491686  0.62500290188411811
  0.63419124655608883  0.64385294072045196  0.65421377081667487  0.66520042795776246
  0.67621865553536298  0.68730493569412310  0.69756948371381455  0.70808612108054514
  0.71810969240305411  0.72862661371561144  0.73922502412491509  0.74999383328233649
  0.76009544986582311  0.76971774875398336  0.77935834888729816  0.78887881405751370
  0.79867623998887716  0.80802853943110375  0.81763875645966322  0.82882520281749927
  0.83952551972560019  0.85034787678960744  0.86154057856786392  0.87372990708021836
  0.88497612691468686  0.89573389945648096  0.90671921184664561  0.91759679623438040
  0.92799824106858964  0.93793429785086047  0.94749530664817050  0.95760124728168039
  0.96878815507045080  0.98062963866636821  0.99062102136059504  1.00000000000000000
 -0.00115111052981024  0.00415551347807869  0.00942611994037467  0.01466233638939386
  0.02072653365016725  0.02731248063590810  0.03434680897265639  0.04111061783495674
  0.04862422572381201  0.05608834629058092  0.06352633495984883  0.07095320628547061
  0.07876270430845980  0.08625092109110236  0.09311322262680798  0.09961654126582091
  0.10600872213337953  0.11235788075511256  0.11865246157878986  0.12506361213028416
  0.13158600459809508  0.13861302844413423  0.14573030622083663  0.15347879271722434
  0.16115222683793948  0.16934079354347883  0.17782996007444979  0.18662710064068494
  0.19509621925406659  0.20375556108474391  0.21253441972578241  0.22139974396301851
  0.23026049295693912  0.23910912832710071  0.24809368792308983  0.25743955052953571
  0.26721787933586877  0.27673132370106190  0.28615698540228030  0.29548959235437777
  0.30533944725264595  0.31450961115939063  0.32345772857525601  0.33209904081131797
  0.34112565565706837  0.35048295797546408  0.35999471171282393  0.36939207429183102
  0.37857728636622795  0.38769370604576658  0.39693526747711555  0.40657139746402093
  0.41672820976201908  0.42695208760323355  0.43685828528791326  0.44647247124428663
  0.45583136951418457  0.46517971616153886  0.47470223201291684  0.48425222207208840
  0.49399169104705787  0.50407323524865422  0.51511279239033336  0.52657134679850348
  0.53770524401418285  0.54853712474886940  0.55911504734115025  0.57052654028203142
  0.58407920148211767  0.59633518115333173  0.60840984562221923  0.61988597724457584
  0.63116187137133906  0.64230917182547453  0.65419636501557432  0.66606122516204080
  0.67725879131255451  0.68897134365413704  0.70084354659152159  0.71265578610484936
  0.72485739073870503  0.73804053845237583  0.75213998500902202  0.76606290811646005
  0.77975689354208400  0.79433226243598742  0.81098342374767307  0.82853075645749774
  0.84702255584382058  0.86638667202664044  0.88641647118025868  0.90659808034019562
  0.92719908118404304  0.94919139763251359  0.97316385889404688  1.00000000000000000
 -0.00179420102446254  0.00854128155527217  0.01783650459607905  0.02778912379669640
  0.03861906163484292  0.05029178212382492  0.06186585493733698  0.07335180260365781
  0.08460394021681374  0.09585571117548616  0.10729748215891297  0.11914504765561977
  0.13096837149420629  0.14244011789513167  0.15439135828014139  0.16630276502599456
  0.17685746219302345  0.18765616074278493  0.19879040137367907  0.20940128898676807
  0.21891707581837067  0.22863143784797343  0.23879307415968115  0.24895487941588201
  0.25881152580049599  0.26781063416224554  0.27762075239809014  0.28670516568159909
  0.29724483774140148  0.30836592666081364  0.31975452647543895  0.33196513921615090
  0.34391970129622296  0.35547675235233656  0.36548725225137990  0.37552424070712564
  0.38568038478557154  0.39625621053388227  0.40622287256149908  0.41660166905948925
  0.42681159436657151  0.43734057152730582  0.44769621727648123  0.45833919404295309
  0.46937447914903863  0.48070249220649608  0.49195927062450023  0.50302127997244395
  0.51426796075290737  0.52499906061919299  0.53568367640869285  0.54694330959422122
  0.55855910334541992  0.56955379441689424  0.57969011051880881  0.59043710637747893
  0.60146962412029670  0.61166163299969445  0.62078244164287899  0.63002425197097123
  0.63992759132509680  0.65050205529326077  0.66158511723844227  0.67309890602150524
  0.68441039582649033  0.69546565793500092  0.70622712872248483  0.71659074539804835
  0.72686726314056926  0.73703607694427131  0.74677146956822771  0.75610703227391285
  0.76555899434341002  0.77592067456663283  0.78694043191401675  0.79758825979925951
  0.80777215407627700  0.81726549178275143  0.82657901214512919  0.83537526538184914
  0.84415035090271628  0.85267703170169051  0.86206532191060903  0.87207858654146342
  0.88178710375869351  0.89193357124200712  0.90240834057811115  0.91259932754920048
  0.92272202134522385  0.93301193553665673  0.94413403483045688  0.95555491016652705
  0.96639601377933748  0.97702948147296609  0.98837989991556441  1.00000000000000000
 -0.00289532243453464  0.01048229004377375  0.02168210910553590  0.03182707630742849
  0.04142493030972322  0.05086746128999943  0.06025463046256335  0.06993399070679947
  0.08093789017293879  0.09293253236411682  0.10457734670676910  0.11499578833483759
  0.12495631623562838  0.13452323913896777  0.14391715749658382  0.15362465329357425
  0.16383677461942561  0.17423994957933106  0.18458549709108699  0.19603799284826029
  0.20831104316081744  0.22092485180902310  0.23307696984280737  0.24466959624998191
  0.25609272633383845  0.26719242876269933  0.27803993178110087  0.28835496958909906
  0.29828572270885695  0.30811882574171623  0.31851244714724153  0.32933913500331335
  0.34020186175888112  0.35079800103591841  0.36151684304608389  0.37184673230993559
  0.38149022899950913  0.39100539224414915  0.40119298255104613  0.41169848672843357
  0.42284517565835772  0.43427317348703004  0.44556941197721689  0.45662716379926815
  0.46787046602855553  0.47857121111566564  0.48777140768232025  0.49658084733515778
  0.50580931937198548  0.51575406194362505  0.52557021538939686  0.53507093353923263
  0.54515163359086416  0.55699867899183431  0.56877039683882769  0.58041765209591145
  0.59141167277402595  0.60173525662878935  0.61147819199370945  0.62136300601985606
  0.63168885295762678  0.64230605285349784  0.65244014496053038  0.66304710542722534
  0.67403663412338488  0.68590038965092870  0.69731568495258878  0.70831148396854882
  0.71920042665601314  0.73035862392331496  0.74173032912458547  0.75208535506927365
  0.76059733442620359  0.76977387450942281  0.77923741326106422  0.78876392787263816
  0.79805086128642522  0.80743653175703745  0.81800819639313205  0.82981764174461636
  0.84147252540881479  0.85223808226810194  0.86209232540380298  0.87153602246841977
  0.88123212678660579  0.89089808950281424  0.90100468015154689  0.91072213105387723
  0.92172948816606592  0.93420327793659252  0.94679753809217038  0.95859186259005258
  0.96863846411216825  0.97894309211807951  0.98921211051690727  1.00000000000000000
 -0.02176342234170903  0.35413542201463688  0.46160585068937926  0.52801565541974271
  0.57553743521676026  0.61424816551114059  0.64316193837815472  0.66865031677824249
  0.69029452346689113  0.70847233349219074  0.72452102216568515  0.73866994034573219
  0.75132331679454090  0.76280602301792799  0.77372771254372763  0.78370465787455024
  0.79297559206561330  0.80164928732293295  0.80947690302324660  0.81675737452452879
  0.82361259998500247  0.83033586304444162  0.83669268781799766  0.84284284660301956
  0.84869385470272862  0.85409947382784956  0.85908312706260348  0.86393120991222350
  0.86885589433056154  0.87363098607736001  0.87800699970897911  0.88208930603886826
  0.88607616795182953  0.89008407561956637  0.89415853741779561  0.89796953376872490
  0.90131847734207582  0.90440536917968140  0.90736164908940786  0.91029284181729597
  0.91322114040571922  0.91610507654163398  0.91875931130937027  0.92117250177538590
  0.92352698262360366  0.92587325033115397  0.92816316972649837  0.93042374441494147
  0.93259223682433257  0.93474718285189906  0.93691675548170683  0.93878093219847691
  0.94058267036655929  0.94241159751161618  0.94423286478842494  0.94604284012504936
  0.94786348096934625  0.94960966353940113  0.95128693387527241  0.95294037226335371
  0.95449392179565284  0.95607551236157340  0.95766917427737208  0.95918206412882434
  0.96059185822217108  0.96199293209606906  0.96342485502015551  0.96487239062717778
  0.96629242950710681  0.96766347592281932  0.96897818895837484  0.97021969906116001
  0.97136583679475685  0.97248635798622851  0.97361171322300055  0.97474563139690273
  0.97588047991409521  0.97701470110471578  0.97810809954774269  0.97921348094432137
  0.98032269627440682  0.98141746874324898  0.98250514523478705  0.98357903303380756
  0.98467000388940384  0.98579813848252662  0.98695738531822008  0.98805846991316504
  0.98917871331450491  0.99031359024876475  0.99146273646464345  0.99267361035348056
  0.99394553012110509  0.99538767529226369  0.99730429388552255  1.00000000000000000
   3.6530783417906722E-017  -1.0000000000000000     
 F F F F F F F F F F F F F F F F F F F F F F F F F F F F F F F F F F F F F F F F F F F F F F F F F F F F F F F F F F F F F F F F
  <DiscreteSampler_grid>
  grouped_processes
  1 # 1 for a reference and 2 for a running grid.
  10 # Attribute 'min_bin_probing_points' of the grid.
  1 # Attribute 'grid_mode' of the grid. 1=='default',2=='initialization'
  0.0000000000000000 # Attribute 'small_contrib_threshold' of the grid.
  0.5000000000000000 # Attribute 'damping_power' of the grid.
 # binID   n_entries weight   weight_sqr   abs_weight
    10   10   1.086019476298950E-006   3.540037054340059E-012   1.086019476298950E-006
  </DiscreteSampler_grid>
