  0.00933593626794122  0.01734944289074475  0.02810992917247530  0.03956855166326976
  0.05094189383088619  0.06205394846122884  0.07288402118587843  0.08329156806514913
  0.09316569007256695  0.10266243713703775  0.11246702281844023  0.12267941880550759
  0.13347160677389983  0.14436991697598114  0.15509601203768641  0.16561288006633285
  0.17528130130707537  0.18474428996918940  0.19416241451088956  0.20364553172580332
  0.21361741119461528  0.22367566651730847  0.23389416509231087  0.24400817310992251
  0.25401604743094319  0.26390388294313655  0.27379414512896821  0.28381781004066425
  0.29382258020013946  0.30372868907250461  0.31372702341000414  0.32438083977136761
  0.33541707994363673  0.34616684512443713  0.35640946115870309  0.36656510181259483
  0.37723689338205513  0.38845215887522055  0.39938173981154013  0.40969627833831429
  0.41973452747468065  0.42992904166071472  0.44029753311335623  0.45081518648803726
  0.46147797082346320  0.47198832491300541  0.48254019518680480  0.49342726061020065
  0.50400349892520624  0.51405486162657366  0.52348975684799637  0.53332939384356348
  0.54366593675919939  0.55389849999877905  0.56425308955473419  0.57534536222837485
  0.58661976339670507  0.59754657199492700  0.60808352187047487  0.61895872462565626
  0.63010699974226547  0.64109045417485833  0.65217468397405354  0.66340683922577504
  0.67447409935448421  0.68533266081344835  0.69590773232288972  0.70658539709744406
  0.71757775874143559  0.72838863139588661  0.73897991500032079  0.74944859388455531
  0.76076200099780089  0.77227960724154898  0.78351066026463023  0.79452556899090399
  0.80606043717113607  0.81685051964755329  0.82628179090527354  0.83530776776203874
  0.84432828719961772  0.85413095057523247  0.86410368949479854  0.87377923525665468
  0.88364772375465928  0.89383458284924622  0.90382624641337783  0.91367922340223817
  0.92390269901516320  0.93425957615066735  0.94459689028363425  0.95478432143387371
  0.96565178899955917  0.97654249797591897  0.98783996086935921  1.00000000000000000
 -0.00000627561645711  0.00003685493418058  0.00007412382331959  0.00010659571498167
  0.00014096342376459  0.00017826017899406  0.00021812118532501  0.00026222395304734
  0.00031125479908751  0.00036135935094466  0.00041224646215654  0.00046577472013623
  0.00052304366836875  0.00058156280147841  0.00064024866200756  0.00070047230660375
  0.00076626012015269  0.00083691664571428  0.00090979718527576  0.00098270993848535
  0.00105522335307180  0.00112948590795661  0.00120727932416692  0.00129133112461726
  0.00138107800913111  0.00148203047356571  0.00158597908854296  0.00169801475043560
  0.00181346204635027  0.00193177663106162  0.00205220459522282  0.00217315645128898
  0.00229208197078645  0.00241210488704045  0.00253713588147287  0.00266653369083064
  0.00279823636115228  0.00293091598245956  0.00306556611224192  0.00320646297226990
  0.00335777091666028  0.00351772877037498  0.00368637010207231  0.00386511216724984
  0.00404891380065264  0.00423445032683205  0.00443016969895539  0.00463568296835183
  0.00484831401315078  0.00507285708414762  0.00531286074308886  0.00556607722839066
  0.00583403470989585  0.00612182333944520  0.00641996711326877  0.00671786519815835
  0.00701764932204046  0.00733684624838724  0.00768417610062039  0.00805884846352190
  0.00845151946909650  0.00884376143188019  0.00927814427028658  0.00974121853155631
  0.01023311729299566  0.01076368002010665  0.01132438644156525  0.01191360623273559
  0.01253246355793029  0.01316982775427456  0.01386220950454925  0.01464433462782822
  0.01551235360852278  0.01645933740190575  0.01745077878370915  0.01851946306502055
  0.01969987513795767  0.02098952160268644  0.02241654096388944  0.02397395209293834
  0.02571682122735971  0.02761407706404610  0.02981101612094631  0.03245913078264599
  0.03518924315518373  0.03810335032319403  0.04193653153942527  0.04650545171229479
  0.05238592418137854  0.05982022961353885  0.06959120675777605  0.07827982293488910
  0.10342719048813892  0.17065509757193248  0.67042168985379347  1.00000000000000000
  0.00000276346530341  0.00013120849274109  0.00025755913937090  0.00041580731326854
  0.00060144627270342  0.00080362903074625  0.00103964913842392  0.00128655679848233
  0.00154159806339572  0.00180857209905116  0.00208842363764863  0.00239431439815341
  0.00270185271545276  0.00300897937093470  0.00332592752614570  0.00366780045094291
  0.00399889514830734  0.00431598349741567  0.00464543162861579  0.00498464898196530
  0.00537202879599939  0.00579274616644798  0.00623049498188020  0.00667456454290132
  0.00712471513918292  0.00759332806469776  0.00808311799120774  0.00858650344338630
  0.00907999686481322  0.00957100471428714  0.01006581272444355  0.01057627663745345
  0.01111307442392033  0.01164179809766184  0.01216365715056548  0.01268677080504118
  0.01322798402034549  0.01380504202297750  0.01439846954495184  0.01500554188403493
  0.01563165573873061  0.01625897281093419  0.01690225876221042  0.01757001700128678
  0.01821997335946597  0.01888584478341216  0.01962039276093790  0.02045700032278148
  0.02134041464421108  0.02227849266569943  0.02317988558807979  0.02406369960609592
  0.02493155503094559  0.02583807278934023  0.02681227273194024  0.02781931248308583
  0.02886127205225558  0.02997290726374444  0.03113138616267515  0.03233034031755228
  0.03363450991265309  0.03503723964784661  0.03650870580069628  0.03813114133113225
  0.03991896610243700  0.04166207525782227  0.04342188056174690  0.04527539613262790
  0.04706412246101471  0.04892429672864123  0.05093255011020768  0.05321882185031554
  0.05565592828076599  0.05798980403292612  0.06013953155996951  0.06242829570914840
  0.06503177530637218  0.06801816951194306  0.07143752633142125  0.07502434383353188
  0.07883221520957173  0.08295118433443428  0.08713998462683122  0.09149482104478912
  0.09605335926962755  0.10110784056851184  0.10843494124225207  0.12115520023025642
  0.13664586981671939  0.18180300951247813  0.21960820376639870  0.24699868540811215
  0.27260359482881241  0.29256325364616276  0.31140577397277519  1.00000000000000000
 -0.00271264759778342  0.00967183693865467  0.02002525249329924  0.03011966963454647
  0.04000775340398934  0.04985576841911774  0.05976167066088081  0.06984245886396463
  0.07999145734275513  0.08994720703511774  0.09974853621247261  0.10942800955532643
  0.11916630750909796  0.12930483828602390  0.13942874801392821  0.14975764523530338
  0.16002873119829883  0.17073355733691634  0.18175178825464161  0.19225559402177575
  0.20229539479626676  0.21225865382842468  0.22185454585993658  0.23120846627835170
  0.24023522670705968  0.24962017629492972  0.26020101912698662  0.27109699739418552
  0.28206797910964548  0.29291753132356402  0.30292564699634700  0.31327654155032358
  0.32394254739019590  0.33474703492722918  0.34527275818651293  0.35527844267301195
  0.36532873883492428  0.37522857188728981  0.38503150496163302  0.39524653504046781
  0.40519494306989456  0.41481389434986538  0.42439328709791352  0.43480916920826346
  0.44543411528711779  0.45606470517986436  0.46618913426533398  0.47630732952149135
  0.48599477064188762  0.49537672659701354  0.50549483430512621  0.51632054742290356
  0.52755780406234842  0.53855532305674247  0.55002354271550757  0.56180632490386806
  0.57394853112973387  0.58636135064505113  0.59847574905188505  0.61052570761828107
  0.62230041767204247  0.63334274058057682  0.64396686816483406  0.65461439925391995
  0.66547474115193905  0.67639893841419108  0.68719293445570817  0.69798991437591151
  0.70884420842131723  0.71941104611093987  0.72982732368884840  0.74041472597729807
  0.75114050765374862  0.76240370516187306  0.77376361205938249  0.78513287040082369
  0.79619157648985628  0.80715493778851033  0.81824659197213334  0.82922391317196409
  0.84059055339523703  0.85252073233156767  0.86498524747877426  0.87649884140600964
  0.88644252801433787  0.89668474749031923  0.90623293948707995  0.91536120635195883
  0.92446596299439610  0.93391673006938214  0.94443154111010685  0.95565230288878233
  0.96683236723403077  0.97807702066516899  0.98872876193347459  1.00000000000000000
 -0.00235629355007331  0.00910995834289269  0.01946649467507525  0.02989017606234111
  0.04040154258701523  0.05093095408131801  0.06178561142896176  0.07283025954864239
  0.08404944118330086  0.09585296767579085  0.10749623742908195  0.11931977923766038
  0.13110029987043698  0.14297181624060540  0.15531121497180370  0.16729801412132264
  0.17900555985706118  0.19079158529608239  0.20228875075935548  0.21320872042916830
  0.22371694421468558  0.23458397604672551  0.24637134556517426  0.25801176395855913
  0.26883723460717951  0.27917648026790765  0.28960663709386558  0.30013803857128979
  0.31064665074305942  0.32071192410401872  0.33063869326467382  0.34045310614254648
  0.35073848963968646  0.36176412547687198  0.37283833722673831  0.38386510706433236
  0.39465333700600536  0.40559706367084647  0.41685382068476690  0.42795670522053059
  0.43863056258354299  0.44859070359369646  0.45851953450265659  0.46901424440867256
  0.47934321512460637  0.48910721218030301  0.49892695253764641  0.50934161884424178
  0.51945876998560025  0.52882927294050119  0.53826977742761439  0.54830684350505654
  0.55872202171319552  0.56929600342601983  0.58010513574527689  0.59128249472428940
  0.60234268970688998  0.61330569964595671  0.62416563617536880  0.63398780905688223
  0.64360409471518165  0.65293408017924903  0.66248292740491155  0.67230903697740252
  0.68249731765248423  0.69262121022781864  0.70247765150464558  0.71234837818537089
  0.72254011203832336  0.73219176281547760  0.74096717523604372  0.74961823319922505
  0.75884628514201236  0.76839341508804249  0.77801995415474579  0.78756385060125478
  0.79734812770633390  0.80829108540135430  0.81877147259424787  0.82997883783785853
  0.84011592748112884  0.85137772518553245  0.86204191807049768  0.87328308969581414
  0.88347792788476365  0.89347719142215809  0.90297611677015999  0.91279798684365321
  0.92321265061776459  0.93413587218191385  0.94473209861549079  0.95541660205172507
  0.96625508682600880  0.97766556042486874  0.98864045545315526  1.00000000000000000
 -0.00202765178422253  0.00967442840255888  0.01983786542922648  0.02949503198723374
  0.03928420467746433  0.04923187513556208  0.05987955277461440  0.07080116650189035
  0.08146065959576303  0.09214942231688544  0.10340690928795822  0.11478829474687480
  0.12672728871062197  0.13896573624215136  0.15080384016338441  0.16157742912199680
  0.17217459285150299  0.18297904981216148  0.19355527541577547  0.20383770087430200
  0.21418615834257126  0.22509421443746108  0.23556372434727729  0.24656258315874363
  0.25882859254973428  0.27204127724590665  0.28429614289234739  0.29649062076098442
  0.30835972666290307  0.31905011325002786  0.32913701313306748  0.33943541021650125
  0.35026796084880435  0.36096469832805084  0.37157325965084631  0.38194855240220532
  0.39242225912011930  0.40369040179836935  0.41430331228539230  0.42421261077641265
  0.43359140192183476  0.44242889044278744  0.45133272357678461  0.46088474337131308
  0.47040622416790717  0.47983510089244258  0.48899167575481611  0.49834877233031982
  0.50820391710401558  0.51889554441494667  0.52949364546884747  0.54018453554662604
  0.55060274811837084  0.56110600843405600  0.57188917022310837  0.58360009813560876
  0.59565422120408240  0.60723669051375795  0.61732770148627214  0.62701384580954411
  0.63694065303610370  0.64724572853881535  0.65845583339092850  0.66950401314065844
  0.68195688317813807  0.69350926532094093  0.70463136870927967  0.71484807768726610
  0.72467361118041362  0.73438684620896832  0.74349029955736956  0.75248136039318325
  0.76167794259040500  0.77140035548856023  0.78159891893815125  0.79208081726634738
  0.80239473063546196  0.81202677793848610  0.82290743266851762  0.83407342606181067
  0.84566477605267609  0.85625542696837265  0.86656884839242876  0.87721004842258188
  0.88836826410746128  0.89918340783538964  0.90921636067621148  0.91969753074468430
  0.93019466157185382  0.94057374701145713  0.95077740053995308  0.96092584278297677
  0.97118802511075675  0.98115979217102478  0.99073572979928148  1.00000000000000000
  0.01120368399752151  0.01321065745831828  0.01563342887347832  0.01753004487369909
  0.01924788878269906  0.02094353441440171  0.02270430793324471  0.02446051682637297
  0.02618283775560047  0.02788409629725661  0.02956529536348218  0.03130846170594086
  0.03307252910449502  0.03483296763388818  0.03658897266779562  0.03833397425724944
  0.04008827428189737  0.04186238387848085  0.04365116878455703  0.04544370660736010
  0.04724217335370852  0.04903665424628959  0.05082117865934393  0.05266069981399036
  0.05454183225281491  0.05645784736004046  0.05836003223196939  0.06021689775252388
  0.06207707860897561  0.06395547386610025  0.06588986186159099  0.06783108818648970
  0.06983578986057966  0.07178498935431218  0.07373940415302506  0.07572769103763261
  0.07772780777493538  0.07976221300174401  0.08190880029783217  0.08419650437515003
  0.08658077115113125  0.08899465818079731  0.09140320750569259  0.09381941658846742
  0.09619839683182906  0.09863098479156175  0.10122255076260125  0.10397265159442542
  0.10652207434113775  0.10913982136057017  0.11167306690030911  0.11436922306176529
  0.11711136040487333  0.11997602880507542  0.12265591173193682  0.12528369746926019
  0.12806758792867684  0.13101061989134108  0.13419191664955299  0.13738455995494697
  0.14089926596722899  0.14447488580757223  0.14743606056908198  0.15022796657369730
  0.15324927988979686  0.15721523155600034  0.16183380256452984  0.16554772235203852
  0.16850156917568379  0.17179353874680311  0.17637649970758856  0.18222500520390514
  0.18720186018067633  0.19135520057619496  0.19410070265327925  0.19729563910430326
  0.20100342300285420  0.20538658630113787  0.20943512222375274  0.21346804152951770
  0.21784411448384441  0.22313444176716501  0.23084732625622270  0.23904489586892488
  0.24668246767557012  0.25323903956908395  0.26128436058670090  0.27326402288324741
  0.29357800208201790  0.31742989058865978  0.33224246525235585  0.34887780476432595
  0.38274915600879689  0.42015127791950868  0.56047731184657557  1.00000000000000000
 -0.00264117496055561  0.00891718460395347  0.01960367797472380  0.03087340156606088
  0.04225043487818960  0.05232477410798349  0.06186136006129907  0.07170540880229982
  0.08159139092887017  0.09089398233407146  0.09922859403317405  0.10762904904650836
  0.11669515701124307  0.12601128307439474  0.13581289617025744  0.14567471285537312
  0.15400306861938903  0.16227257311751714  0.17103632742855726  0.17997020474702291
  0.18870259651987337  0.19703908403510617  0.20527967849303652  0.21399249587915034
  0.22330485078000686  0.23255807558805461  0.24135497990863214  0.25041629033837121
  0.25953305870016613  0.26858930982147977  0.27776476966870373  0.28690046662650232
  0.29652938109366456  0.30633150199514980  0.31635412424437659  0.32664007712630938
  0.33752971385624841  0.34906169195253700  0.36137619208830746  0.37462754021209466
  0.38827055815347167  0.40167994285525782  0.41490809116713229  0.42827031583912750
  0.44220203938207497  0.45655568234747140  0.47105476280363323  0.48603240510293838
  0.50075342431612468  0.51545494317091667  0.52995489498103587  0.54532550542376046
  0.55991050625833028  0.57386870901625375  0.58715312811586284  0.59931113694004245
  0.61106631291651914  0.62263798112013757  0.63433056833952262  0.64578123629832618
  0.65652419138484297  0.66678521515409905  0.67667049834855797  0.68635137566604965
  0.69607090689459050  0.70596622951641752  0.71577720794605704  0.72546826069269055
  0.73555450600604200  0.74608466923446382  0.75623868795269367  0.76581079413135122
  0.77554612046915128  0.78501943976837274  0.79410626330040490  0.80333503298348019
  0.81280784858578092  0.82334553888620043  0.83335852961709989  0.84292600067064705
  0.85316153566843245  0.86316909422610655  0.87292151900637371  0.88193870684112929
  0.89081525411341966  0.89972591215430842  0.90917369078067189  0.91862244802294368
  0.92796773481266925  0.93715757507515884  0.94720729742878806  0.95783043361417264
  0.96868816234741084  0.97926312201648114  0.98969951855181360  1.00000000000000000
  0.03182127006605790  0.14858665166754023  0.23174727283215663  0.28471044579331822
  0.32610781285550050  0.36159449969694513  0.39208749086621336  0.41851305064681649
  0.44266285112123593  0.46452015552242276  0.48426539827498938  0.50179859601565313
  0.51838347976171495  0.53476655081537328  0.55106171885415367  0.56638093379997667
  0.58031037632429350  0.59229253391135550  0.60381370752961938  0.61465367300542118
  0.62636364629447294  0.63777920124565801  0.64863947175813486  0.65888580814899544
  0.66889273643011538  0.67844444389962932  0.68717514925184586  0.69513838282295737
  0.70275391410773336  0.71023793607174390  0.71767458083275448  0.72502662084889258
  0.73234030748766632  0.73954617088858177  0.74651971777916781  0.75336987442855596
  0.75991149944776826  0.76657602784626311  0.77291954922534190  0.77848749397662886
  0.78406704517369286  0.78948648081069928  0.79483936353826590  0.80010613068167347
  0.80527569228988705  0.81043205003458296  0.81550222125614735  0.82041369902897632
  0.82540408670369159  0.83022369459026957  0.83463908688961885  0.83887096818587026
  0.84300759053084728  0.84713424182665986  0.85117613457045094  0.85510283428410194
  0.85889120919536688  0.86251487500164326  0.86615067542952173  0.86941764721808767
  0.87273927671151541  0.87608883009590155  0.87944272503270127  0.88283269435447775
  0.88625073888946837  0.88964220205597877  0.89298229903385840  0.89627874607483027
  0.89946263676869365  0.90266913101411739  0.90587800587509359  0.90906938383884195
  0.91219857131168514  0.91522024818455561  0.91813597050796725  0.92092232782075767
  0.92374598800208896  0.92662252817929702  0.92957862791372659  0.93263354490767669
  0.93574669437249836  0.93875201012593834  0.94181573788229567  0.94481832368103258
  0.94766229010081371  0.95063923114929483  0.95390132894735058  0.95774631971380719
  0.96282815595295523  0.96953517869539685  0.97548901630006835  0.98017911428462501
  0.98457611728118910  0.98903468044954379  0.99405533628442622  1.00000000000000000
   1.1388797914534653E-015  -1.0000000000000000     
 F F F F F F F F F F F F F F F F F F F F F F F F F F F F F F F F F F F F F F F F F F F F F F F F F F F F F F F F F F F F F F F F
  <DiscreteSampler_grid>
  grouped_processes
  1 # 1 for a reference and 2 for a running grid.
  10 # Attribute 'min_bin_probing_points' of the grid.
  1 # Attribute 'grid_mode' of the grid. 1=='default',2=='initialization'
  0.0000000000000000 # Attribute 'small_contrib_threshold' of the grid.
  0.5000000000000000 # Attribute 'damping_power' of the grid.
 # binID   n_entries weight   weight_sqr   abs_weight
    10   10   1.196086675235031E-002   6.462166737320021E-004   1.196086675235031E-002
  </DiscreteSampler_grid>
