  0.00942802693070207  0.01617656306710956  0.02580576689092796  0.03919416255285474
  0.05371659154182565  0.06937743900809158  0.08326951161341729  0.09588378323371155
  0.10811141762415055  0.12143852734205819  0.13569531471472560  0.14877808250785166
  0.16081944678275453  0.17193277636476145  0.18259293479148822  0.19292965499018119
  0.20295368174423342  0.21384823899739183  0.22452312483393452  0.23459136511984127
  0.24476432813684734  0.25644554334258990  0.26875255383850111  0.28112878102562827
  0.29365696831841437  0.30890199210115704  0.32288303262519630  0.33540140781612904
  0.34778356143673256  0.35867336763545737  0.36677762535337577  0.37451501429417910
  0.38224708908942295  0.38975263504280083  0.39689513791358877  0.40350173987691401
  0.40976007558764349  0.41604247148819162  0.42194181069427805  0.42746817697031270
  0.43298332198909423  0.43951770816250135  0.44831311664238033  0.45828751441931836
  0.46844933951701295  0.47712868971063632  0.48650237309199412  0.49648436960362663
  0.50615196249180605  0.51641576195139172  0.52679415774667437  0.53671478408988982
  0.54774380170060788  0.55873424961156304  0.56978964421758937  0.58300511772331010
  0.59553563169366364  0.60784703432264486  0.61940851774509986  0.62851833712347904
  0.63515461732245559  0.64221605753536493  0.64979497295521815  0.65707078661161467
  0.66421544837284352  0.67316033316016277  0.68318719951597906  0.69257434295938169
  0.70328463123954266  0.71457066216236853  0.72539641381816555  0.73738098922472017
  0.74974282822160732  0.76325883574237641  0.77795208205474775  0.79287813990244616
  0.80722508608049504  0.81969075092030774  0.82976991552911095  0.83801940023909438
  0.84581935067331560  0.85410466664442763  0.86481765642186803  0.87777752844387902
  0.89069498213107978  0.90342562549973138  0.91669707642635823  0.92745555574810823
  0.93754195498913473  0.94832922480930415  0.95975447886765219  0.96943470429659107
  0.97782429386547054  0.98726967408633803  0.99019754637171287  1.00000000000000000
  0.00000336168495375  0.00000688794546908  0.00001316857763684  0.00002177701556791
  0.00003174560305288  0.00004188203153779  0.00005067793235771  0.00005829712383979
  0.00006503690762457  0.00007085340391154  0.00007740107166911  0.00008451801839318
  0.00009325536804943  0.00010403837838004  0.00011590618597906  0.00012792104346400
  0.00013843110336902  0.00014887326718204  0.00016084583898824  0.00017276854521669
  0.00018642168515627  0.00020159369833895  0.00021724852865416  0.00023288356462079
  0.00025068296323178  0.00026970523530388  0.00028876862386296  0.00030716761532279
  0.00032249755030063  0.00033875381875328  0.00035625008585199  0.00037431272214871
  0.00039250600315071  0.00041218983141561  0.00043353732587183  0.00045891903942051
  0.00048149402970268  0.00050675758791921  0.00053330194655471  0.00056175071714765
  0.00058882733041905  0.00062093133063782  0.00065783766820749  0.00069639677176050
  0.00073333861832292  0.00076990575822984  0.00080808882380513  0.00084692267460283
  0.00087977840857397  0.00090707900771770  0.00093586082260268  0.00096667600351789
  0.00100136707491131  0.00103773945811137  0.00107279480632479  0.00111085580015222
  0.00114878078062096  0.00119617400950513  0.00125630789604046  0.00132191600969389
  0.00140140735628471  0.00149356793134453  0.00159073874290189  0.00168933412675376
  0.00178872813504788  0.00189243326228903  0.00200499012625350  0.00212519992472519
  0.00226526267388713  0.00242375331831578  0.00263198816328009  0.00283375570398965
  0.00304659075803663  0.00327784808612945  0.00355134531417289  0.00382983811975148
  0.00416031585659982  0.00447745482550656  0.00479719060545838  0.00515698215911742
  0.00556030583010355  0.00609493462616231  0.00664865772970489  0.00727120102582865
  0.00819231794483779  0.00988228938280430  0.01160495030797878  0.01367163285501459
  0.01677848805095950  0.02283533642939297  0.02777017463813588  0.03241881472356150
  0.04036140167343354  0.06171962110661856  0.23962549808475753  1.00000000000000000
  0.00000181095117074  0.00001101369153792  0.00002404472473812  0.00003850724024664
  0.00006249017451580  0.00009748507819861  0.00015645530545071  0.00021247512298387
  0.00027630606637516  0.00034916294033568  0.00043945922189935  0.00055761356067541
  0.00067996059938661  0.00081352667317328  0.00094777159799987  0.00109827090339418
  0.00125147314310674  0.00143405177654283  0.00162085675648868  0.00179712957564587
  0.00197725408599501  0.00216683225007394  0.00236942907890752  0.00256280010448792
  0.00281893245249436  0.00308635416222323  0.00339390895221154  0.00373929791168579
  0.00407001391775569  0.00438147871277959  0.00470242096894349  0.00504638805523551
  0.00542822185914760  0.00587616193703831  0.00628977811450068  0.00660397369757607
  0.00688676771864652  0.00719209221838178  0.00750203251766710  0.00779363023036248
  0.00808924469962149  0.00841914288189028  0.00881524963972529  0.00922856923809586
  0.00965431326088055  0.01014361552884849  0.01072654202859083  0.01135202334345119
  0.01197231367414551  0.01261108403057386  0.01329461632172541  0.01412970416852570
  0.01502568654245586  0.01576380407428287  0.01639095075433158  0.01698328036386063
  0.01759802034508690  0.01840389420880606  0.01937804277431819  0.02009193287071567
  0.02085743026096411  0.02159343246284534  0.02233517576903393  0.02320437356326087
  0.02419659689797970  0.02555275090927077  0.02719216148832855  0.02904833264492705
  0.03106456432845511  0.03307123218759268  0.03468728256153294  0.03628735680050169
  0.03746369854455252  0.03856161543714643  0.03934423129426764  0.04012131836706847
  0.04092856317875487  0.04208226131924631  0.04336725189395812  0.04463453447232892
  0.04597978511036910  0.04741950392116049  0.04858510734282966  0.04992089734619611
  0.05307879679850771  0.05932869248226050  0.06471622339650930  0.06778108362348127
  0.07050928639661119  0.07287032135321993  0.07504131200273995  0.07784238667509845
  0.08109806689910021  0.08437252675254124  0.10086123035648999  1.00000000000000000
 -0.00227304803594321  0.00902123761297253  0.02005902251473147  0.02997939007827248
  0.04048691689303111  0.05143858912727763  0.06397990527318644  0.07840666338763677
  0.09324282568689737  0.10652128831976791  0.11783408233664505  0.12870656920300833
  0.13856926089328839  0.14857335090095369  0.15667174519406343  0.16374658967467043
  0.17097702647661409  0.17870617843968939  0.18705454570067576  0.19587266529870942
  0.20530387496744473  0.21553939571365838  0.22830615153236905  0.24377724617652921
  0.26011794331051286  0.27690531067211194  0.29249874922985619  0.30678579835776781
  0.32041187353836359  0.33264617067068508  0.34090807532150846  0.34939557186971060
  0.35851034580206553  0.36932518483666321  0.37920506319418157  0.38703848420423692
  0.39447076560050526  0.40221554968208706  0.40870576661811342  0.41495866465699599
  0.42109962477860791  0.42846852514838474  0.43765258689661157  0.44904488985487229
  0.45874684689583928  0.46703948645208460  0.47440640148125895  0.48240698123597997
  0.49110142658045569  0.50100258367008565  0.51260019424143655  0.52540896697687645
  0.53814910350634082  0.55055436105354305  0.56225424189937656  0.57319675543582949
  0.58500825361151487  0.59770045734328203  0.60769000706080556  0.61631731370944398
  0.62443988954417640  0.63490278770533670  0.64717848036229897  0.65979439656741456
  0.67101850472982361  0.68076835476469588  0.69102779060340302  0.70100546029935895
  0.71039766101032364  0.71946174980117317  0.72884019608123718  0.73931812657932694
  0.75262690934028231  0.76460824135943073  0.77690909505288408  0.78863478815241972
  0.79969831913224554  0.81189947335110924  0.82378425234743169  0.83412643366616224
  0.84363457521533103  0.85396958966228209  0.86769390579196104  0.88381499863580115
  0.89856202192236434  0.91253564355360373  0.92523656382534936  0.93673624488014984
  0.94819519137066477  0.95811908277302893  0.96573149769404854  0.97358899330478854
  0.98125209465175456  0.98751592880387140  0.99389107977375757  1.00000000000000000
 -0.00165886583809480  0.00749578286875057  0.01583453877994940  0.02495472418807174
  0.03503222387681669  0.04576422687860612  0.05889848276529375  0.07282570608098418
  0.08566025911771448  0.09722261278074795  0.10889638573839588  0.12146056875368061
  0.13479045794445041  0.14738112996683744  0.15866122512647451  0.17000423100158563
  0.18227712103198404  0.19440689024105282  0.20639250391517561  0.21658682284053729
  0.22647068711930859  0.23615149050536527  0.24612974211477201  0.25622469782598528
  0.26637493506570498  0.27744710685206631  0.28921232883429998  0.30007266998994681
  0.31264727214534588  0.32416035151947736  0.33334937046180096  0.33971669990609560
  0.34532611443952782  0.35243825961556458  0.36024683629986315  0.36862426227737494
  0.37806069099243589  0.38884039566200845  0.40031526801489004  0.41664148471279361
  0.43137005488026359  0.44401085560068559  0.45475049458493622  0.46407759545182320
  0.47167509813868846  0.48070323776878265  0.49180690415138573  0.50279271644585644
  0.51123863498134803  0.51935685264395526  0.52740770122867542  0.53907573502904504
  0.54949875120587977  0.55885766604830689  0.56714475273208098  0.57563707846794954
  0.58317230393322550  0.59383994959580311  0.60551786481169356  0.61807324856410717
  0.63140093777475192  0.64542023429151119  0.66114711951060323  0.67044768396824916
  0.68008814606803858  0.68685529587606842  0.69252183953228208  0.69802485399564784
  0.70342087757401051  0.71162985006519297  0.72331116679404595  0.73347529396604538
  0.74452534931381686  0.75508022937067543  0.76527332712019502  0.77497842976053644
  0.78414273643645904  0.79599865563689809  0.80854825845575706  0.82053404142592246
  0.83175891570310467  0.84229974667825713  0.85282549696806209  0.86340083907216014
  0.87462582970937053  0.88642738615185079  0.89817751663339152  0.91035683482684004
  0.92156826541317682  0.93265363798619172  0.94198560428399614  0.95133321171613583
  0.96162469087921965  0.97483665281662613  0.98746877365994579  1.00000000000000000
 -0.00227255272602730  0.01009464649331137  0.02088031919608142  0.03247157056643869
  0.04428104258644398  0.05670289535789600  0.07145153380012589  0.08729614121485306
  0.09860714789486892  0.10863515426354091  0.11790764772787732  0.12761444466170171
  0.13796159828344023  0.14895208542617247  0.16070758054693401  0.17234811067451761
  0.18202723444471999  0.18924269031589791  0.19570580302521581  0.20253979171493466
  0.20993442550393285  0.21938724201359536  0.22939083220918530  0.23892810253628835
  0.24966703600237386  0.26012282217170696  0.26954787784079404  0.27886816072909776
  0.28886872927395618  0.29998830718634600  0.31140503790344393  0.32108636156664544
  0.33023898591138917  0.33937926155623627  0.34882407521503261  0.35856196705645088
  0.36802548022684634  0.37770300429265219  0.38794707299102937  0.39752379734624177
  0.40719193409759230  0.41797761587868698  0.42884200704396935  0.44002867715352556
  0.45269726072707595  0.46566165158533579  0.47859182066053757  0.48755821303995278
  0.49409111756023594  0.50095915685239489  0.50873732429558327  0.51617030215761273
  0.52231163735128716  0.52837098976297137  0.53479170999876668  0.54099168369756812
  0.54756517332004284  0.55454287649978651  0.56265043971975071  0.57298882423889519
  0.58343049336317387  0.59311049225481738  0.60253804392992838  0.61294080289996722
  0.62417564966436767  0.63729818093280277  0.65011716412990550  0.66211137260632036
  0.67451985994561003  0.68809447615355901  0.70243513462451390  0.71713356497020864
  0.72957577046666000  0.74012075980396042  0.74972609127325907  0.75897834217928684
  0.76917570463076457  0.77935727180632963  0.78921289431934827  0.79920584771117165
  0.80814768236015089  0.81673930460375244  0.82530097425424986  0.83345728558543308
  0.84518259416398156  0.85716906712322904  0.87079848077780186  0.88589160821778656
  0.90109113227652471  0.91430030994429279  0.92831070492284962  0.94213462302572981
  0.95584410357980409  0.97009040527895674  0.98424766666511654  1.00000000000000000
  0.00065772455197827  0.00237486138668895  0.00447710400179879  0.00631498528068576
  0.00803105382400751  0.00965883436490551  0.01131226030627327  0.01304371580129364
  0.01487639027884632  0.01683139718892335  0.01883902717219181  0.02060233316010311
  0.02231533105308345  0.02411695924514604  0.02595243290188481  0.02784096482291148
  0.02969231970584795  0.03134784975708434  0.03287310613785731  0.03445180297701526
  0.03609998541633538  0.03775099407769485  0.03945081638728348  0.04143952882198552
  0.04343753640122339  0.04530928497006777  0.04717902404504633  0.04901379491527344
  0.05069512789992588  0.05223177287537505  0.05366418291456340  0.05514580606062788
  0.05677888508422198  0.05885113260830431  0.06079181509091763  0.06224154621605581
  0.06367042590569674  0.06536047033760990  0.06710074337318363  0.06880729625764358
  0.07055813012495103  0.07215790991767145  0.07326900132750933  0.07567785950420712
  0.07858369497156548  0.08161732090823179  0.08499703872560081  0.08875261115599092
  0.09339682641886708  0.09726688883226184  0.10084254219809466  0.10425255568032017
  0.10665279627314718  0.10929575558265826  0.11227951692723485  0.11496605708418148
  0.11729488055169336  0.11934424695446567  0.12182044226354619  0.12341396204463317
  0.12492957437585621  0.12708210545433235  0.13084981979382737  0.13541246805964163
  0.13844535137261038  0.14094198876374017  0.14358895723798623  0.14679283045141628
  0.15016237079251138  0.15334380001565812  0.15708495387634910  0.16103646722574577
  0.16448590762146093  0.16793517184039580  0.17188364386829336  0.17968340677772096
  0.18285212289957087  0.18484668534875648  0.18719717200613020  0.19028341221188394
  0.19347012000476824  0.19621445888360925  0.20071998919644138  0.20567700036787379
  0.21033044017620722  0.21311676538509836  0.21758560302881519  0.22215858622770024
  0.22507017647637603  0.23351078164965991  0.26040106528568135  0.30509592967933186
  0.34490654027528134  0.41426475654192607  0.48297685907244886  1.00000000000000000
 -0.00174823520547732  0.00879030484774036  0.01700111321925311  0.02529431987439458
  0.03290801977130100  0.04133921949943649  0.05373069715329815  0.06625600019565978
  0.07774885052797753  0.09034294505034818  0.10434667347980738  0.11857848637125051
  0.13327322652626952  0.14759967823448442  0.16102279622102109  0.17108757642447053
  0.18018835078166645  0.18838890464419564  0.19704811822071747  0.20637378609642087
  0.21723589860432277  0.23087886618486855  0.24232225356922218  0.25243601787737957
  0.26262665840496707  0.27284087984359962  0.28375024363607565  0.29492750630340753
  0.30515562029538407  0.31367481858268331  0.32005282055988155  0.32612775787986947
  0.33229923035000114  0.33921991758487607  0.34674984807067177  0.35419999129096297
  0.36248676831021132  0.37134159504235054  0.38134846640488002  0.39141025499998239
  0.40200642190760283  0.41070743042405644  0.41964171909041337  0.42791644536626039
  0.43448069000892475  0.44134623767120884  0.44863104717528918  0.45671456771537972
  0.46765700805489319  0.48011150900405331  0.49019167033041111  0.49946061456701535
  0.51001258468469324  0.52205156789295137  0.53328558085820554  0.54432754381204673
  0.55808450952047972  0.57147088291982295  0.58403264875907468  0.59579613137672871
  0.60720270522802688  0.61849830175987963  0.62951804030654834  0.63961723828190165
  0.64966249619751604  0.65985696072267175  0.66998705559273497  0.68065555274213418
  0.69212270523273756  0.70372291992338953  0.71520472556721149  0.72629732039083472
  0.73604713051014237  0.74447264239130040  0.75267785227535666  0.76069740818035758
  0.77023617039549908  0.77925074225581215  0.78814029760778248  0.79861706680763112
  0.81013180326822420  0.82236246778663080  0.83434878234939103  0.84547007661740081
  0.85476654104638039  0.86367951341397298  0.87356492782563699  0.88366536137275620
  0.89255871506064643  0.90120050210211855  0.90991752341519039  0.92396239305707761
  0.94207658287922902  0.96140290072712298  0.98094359369957873  1.00000000000000000
 -0.00508413792577075  0.25266710566122269  0.36675464824228104  0.44242421581519653
  0.50127054090166223  0.55390543521946312  0.59609584906055957  0.62832983438988699
  0.65828615476961549  0.68226472911464797  0.70573686507764322  0.72907274352420770
  0.74923439289076377  0.76678284333901248  0.78265117199809264  0.79700531874774239
  0.81006030960013875  0.82183827486637284  0.83377619992778362  0.84547644886468243
  0.85601410490674801  0.86576893040350777  0.87448607068685635  0.88166661075871244
  0.88809158278477329  0.89443825193236914  0.90024308024031541  0.90549661478731136
  0.91030132280460718  0.91508003377745062  0.91937989247591967  0.92357033904944597
  0.92748967593862675  0.93101147118213146  0.93424903830270289  0.93730724763192097
  0.94028759094243763  0.94325287640910949  0.94619809707932823  0.94895628659873743
  0.95148649394626728  0.95397293873154387  0.95638738328319950  0.95852290900397485
  0.96025764008431291  0.96182305993654504  0.96341546858802640  0.96495193180870797
  0.96639846440104527  0.96776077053101206  0.96908191601019789  0.97042469247200847
  0.97177818536514038  0.97301140072130143  0.97406858954942799  0.97503516305916815
  0.97596149433439716  0.97686902967052425  0.97776746808176473  0.97870660330850878
  0.97958502359564825  0.98048296555670200  0.98141079060224479  0.98233668608866276
  0.98326978539364529  0.98416435564601212  0.98490545596733059  0.98559458390935240
  0.98623041384466481  0.98680796582451724  0.98738869528919038  0.98793549970550498
  0.98844312709107141  0.98895081202584190  0.98946784091904472  0.98995528461794835
  0.99042240065912024  0.99088093977081426  0.99133599724501098  0.99173958685050267
  0.99212895742196983  0.99251486645461318  0.99289822088688495  0.99331536670138731
  0.99376557349343009  0.99422777389929173  0.99468559006265944  0.99513822881358105
  0.99558499278303980  0.99603619051568892  0.99651004157035272  0.99705316046458492
  0.99768448581220304  0.99841091945093829  0.99918927917033928  1.00000000000000000
   6.9836031584226875E-014  -1.0000000000000000     
 F F F F F F F F F F F F F F F F F F F F F F F F F F F F F F F F F F F F F F F F F F F F F F F F F F F F F F F F F F F F F F F F
  <DiscreteSampler_grid>
  grouped_processes
  1 # 1 for a reference and 2 for a running grid.
  10 # Attribute 'min_bin_probing_points' of the grid.
  1 # Attribute 'grid_mode' of the grid. 1=='default',2=='initialization'
  0.0000000000000000 # Attribute 'small_contrib_threshold' of the grid.
  0.5000000000000000 # Attribute 'damping_power' of the grid.
 # binID   n_entries weight   weight_sqr   abs_weight
    10   10   5.911038854903137E-004   7.571638828004080E-007   5.911038854903137E-004
  </DiscreteSampler_grid>
