  0.00987358414150511  0.01527388376518559  0.02195799673518221  0.03053699964947897
  0.03967785014975612  0.04935042820747400  0.05973243070905471  0.07077076506127203
  0.08199724200097089  0.09306183923209362  0.10381903028629633  0.11453166771326645
  0.12561898977264180  0.13712650826362807  0.14854985955831621  0.16009020413421690
  0.17187423250609121  0.18428569490065205  0.19442296331042516  0.20404563703342454
  0.21397216002597336  0.22435766868756696  0.23441195959724209  0.24447820615792504
  0.25452872417271988  0.26538949222179320  0.27568169154730476  0.28609879507418234
  0.29678605466721614  0.30783637850013784  0.31902955684805573  0.33030615771221300
  0.34145034221789589  0.35242833505969801  0.36365796032555486  0.37465309641222910
  0.38535042143450038  0.39498441417722119  0.40442783779307834  0.41438112968167440
  0.42542787667146581  0.43700850818133524  0.44869415465719198  0.45941243573931423
  0.46964915107509236  0.47977060693683021  0.49008563938509569  0.50034151979309016
  0.51008021107746049  0.51983929359716596  0.52983804393552314  0.54017746768278629
  0.55088169355209515  0.56187872084772095  0.57299393336990967  0.58418845050625678
  0.59524139343270399  0.60598132945720384  0.61653136711458656  0.62692179095165257
  0.63689872428691552  0.64644000368297772  0.65570194327341846  0.66476745891320888
  0.67419241285008269  0.68381894138585564  0.69335478440154630  0.70274313010603018
  0.71228943693872260  0.72209290625014932  0.73208924827353028  0.74203877196879908
  0.75218073598850499  0.76263326615249794  0.77328023300586013  0.78400400707007867
  0.79472263721299163  0.80553260095080970  0.81644889147930300  0.82776495742973411
  0.83917337534734582  0.85042021546647795  0.86179270835016308  0.87273375550663690
  0.88368989862683478  0.89476633167135866  0.90401845069264630  0.91357815806186959
  0.92349250852100706  0.93356282485743303  0.94264999929454840  0.95137084633891900
  0.96017311903320257  0.97066694623011562  0.98087419399471454  1.00000000000000000
  0.00002596558108243  0.00004054383234433  0.00005719676305625  0.00007600547187102
  0.00009730447048511  0.00011922586511490  0.00014294711049168  0.00017020009438729
  0.00019950025944634  0.00023219155352062  0.00026860456993985  0.00031014358065308
  0.00035476390731673  0.00040234187494121  0.00044954603793280  0.00049726086026814
  0.00054887012136321  0.00060449893601405  0.00066638526912349  0.00072875269329325
  0.00078969969634685  0.00085158245466546  0.00091358851442517  0.00098297534033019
  0.00105702180376163  0.00113452473938168  0.00121574630654023  0.00130027597768184
  0.00138795194623375  0.00147842214302768  0.00157037282423861  0.00166811375877281
  0.00176102431680134  0.00185271116396558  0.00195088839831158  0.00205825833100161
  0.00217401546067475  0.00229077079830013  0.00240829511279349  0.00252831194610176
  0.00265957682037372  0.00278990112175698  0.00292239353835711  0.00305818158655285
  0.00319540796771284  0.00334083297311002  0.00350072822226253  0.00366498065965047
  0.00383337813076220  0.00400841835729204  0.00419053553415851  0.00438314325444975
  0.00459445615361082  0.00482138099313366  0.00503847375088074  0.00525176358249251
  0.00547543298341062  0.00570873408462929  0.00594961621182701  0.00620260130262701
  0.00647442235979493  0.00676840784451036  0.00709779642659871  0.00747119376251236
  0.00786742329247321  0.00824901780594268  0.00862537193243047  0.00899373995420024
  0.00941167088049246  0.00983927731514618  0.01030514488450507  0.01081399101295920
  0.01134748336454043  0.01194963961529296  0.01258259878776538  0.01325818700819807
  0.01396806580542790  0.01470527345288410  0.01552740607264460  0.01651377448500062
  0.01761622461839881  0.01906245750135854  0.02053744715487545  0.02203635519343734
  0.02371191399222868  0.02557655647401561  0.02802829391834207  0.03116775987904196
  0.03531934848319771  0.04073518417021510  0.04800334227492913  0.05801280952572269
  0.07601056804760607  0.12378522851681895  0.54084845819494953  1.00000000000000000
 -0.00000502556865021  0.00002708784859908  0.00005737550664938  0.00008441395976902
  0.00011037858377446  0.00013835740728357  0.00017016831247582  0.00020242781547716
  0.00023423603516899  0.00026721515807223  0.00030460833675784  0.00034490501674090
  0.00038504603868790  0.00042569345611778  0.00046663938604983  0.00051031556689821
  0.00055640952935667  0.00060617672867674  0.00065772910824251  0.00071000030860208
  0.00076252508989435  0.00081551070459038  0.00087085463993864  0.00093036729964798
  0.00099285155496023  0.00106006405494587  0.00112710335995545  0.00119931817273327
  0.00127398097613153  0.00135151814310068  0.00143089037167806  0.00151085885619095
  0.00159213297302581  0.00167559449588391  0.00175930180053786  0.00184798615458015
  0.00193684040420507  0.00202907552666862  0.00212751066025964  0.00223202943708295
  0.00234826801030325  0.00247336366653455  0.00260396492223336  0.00274411109984844
  0.00288704316295278  0.00302608755042152  0.00315986867215363  0.00329279449233896
  0.00343614211402153  0.00359324946769978  0.00375786865295593  0.00393308095924335
  0.00411179542830740  0.00429504440027101  0.00450612662822787  0.00471229999407783
  0.00492784806293195  0.00515824023826051  0.00540037112796020  0.00564629411434704
  0.00589465368421238  0.00615381500022932  0.00643070059994861  0.00674989614723117
  0.00707602344861298  0.00741508199422227  0.00777381074517867  0.00814738996422341
  0.00855433779561148  0.00898897439155597  0.00943904342649335  0.00992492018319380
  0.01047246407927691  0.01107369106504644  0.01170357031830061  0.01242678663794155
  0.01331506716023993  0.01427020877322827  0.01522343158400342  0.01626004644470970
  0.01732357233872278  0.01851461568928114  0.01991147634577293  0.02167364336104278
  0.02362839380439627  0.02559502161532139  0.02776204895595463  0.03034699171880059
  0.03369592997374168  0.03840540984327680  0.04459081691609635  0.05322097867739508
  0.06535786118287024  0.08942079593042616  0.43254340795095048  1.00000000000000000
 -0.00233454112119421  0.01035210634314697  0.02135248699117069  0.03180490783909420
  0.04221474015472634  0.05257845279364769  0.06268897623304366  0.07253790412815650
  0.08257259436253224  0.09242124003310141  0.10197274719282892  0.11150321176855067
  0.12123610682501648  0.13129872120909877  0.14183900535775765  0.15298529285124876
  0.16448782702477327  0.17570489758996041  0.18592017106782593  0.19540858328685293
  0.20470395517816170  0.21461937392868480  0.22479698072065976  0.23426922635902644
  0.24362759250063373  0.25425779989466180  0.26595994679201318  0.27770054591980464
  0.28923267770337330  0.30127196039299037  0.31335875782730754  0.32448165488475750
  0.33528607369589397  0.34714609855577028  0.35823567345945101  0.36860552830416465
  0.37857206220031220  0.38807413935335106  0.39764297876563354  0.40735607993477468
  0.41764669460574388  0.42905202219510957  0.44034766873914188  0.45142187956287344
  0.46238654055631995  0.47287446994001181  0.48343217768640112  0.49397019757188931
  0.50440398147610277  0.51388417832400779  0.52368190392742187  0.53394020275397058
  0.54383966620411783  0.55336462771914763  0.56319407721105308  0.57467021679114083
  0.58587901538700082  0.59639440012621769  0.60610105035147066  0.61593338152001931
  0.62572200596464655  0.63596717060037999  0.64653452385679455  0.65715060267269332
  0.66702104498910542  0.67811825954870852  0.68922179866422606  0.69941963848546163
  0.70914808234691140  0.71886418989834922  0.72929043387115922  0.74010444496424410
  0.75138704449130456  0.76257462094560535  0.77355114031578820  0.78478161237764932
  0.79595383231214090  0.80665915276068667  0.81720550505394707  0.82761527317284611
  0.83833769627942223  0.84902669441550349  0.86006072029956226  0.87120448150448460
  0.88249319485858690  0.89314380825556972  0.90337379699583342  0.91394637067788087
  0.92418139786461462  0.93440229031192101  0.94451942859080951  0.95475251632799962
  0.96550883713202640  0.97673717737573762  0.98840312027364696  1.00000000000000000
 -0.00220610861090777  0.01063486510062786  0.02254099533073017  0.03448053659965227
  0.04692868085269720  0.05925103300708828  0.07122208628677620  0.08358849614465963
  0.09644457321001189  0.10899724483782670  0.12080609133104778  0.13225176621996765
  0.14341339091684061  0.15385335274871506  0.16388153076062600  0.17422221270985547
  0.18512302231620992  0.19564508707071626  0.20555816350215389  0.21562929151892224
  0.22541527266673850  0.23494797011889468  0.24445726416477317  0.25402251298240108
  0.26531105991168558  0.27680579372200925  0.28862466701660050  0.29979642422300884
  0.31095671395316238  0.32192267567430161  0.33316338786151722  0.34305369523341761
  0.35307213936997273  0.36333829340201818  0.37423926411769404  0.38470642815681516
  0.39486392218314448  0.40515028650467283  0.41585657651081570  0.42640982925176507
  0.43674831519649787  0.44704849360829391  0.45719397361812819  0.46731646642546504
  0.47707683454871153  0.48606485034820401  0.49458181222234809  0.50328059966177252
  0.51259621831879887  0.52197668280079190  0.53168305692609052  0.54153016524034880
  0.55144899490365973  0.56138351731369140  0.57132843805798361  0.58098887883330852
  0.59044794541045809  0.59956117905046358  0.60921702424213886  0.61935575655642172
  0.62966198024006248  0.63985904924814019  0.64994026026836216  0.66000191204482006
  0.67039641660832161  0.68021751737876901  0.69002998125505244  0.70050078276002936
  0.71152790961449086  0.72235963272504411  0.73327318636087890  0.74457243979012810
  0.75601835643539550  0.76759373275436116  0.77942366957451614  0.79180405926605824
  0.80486810450901825  0.81718046569343894  0.82849041820834413  0.83967641525814696
  0.85086740575325948  0.86230281868112268  0.87339902958718574  0.88368203922554156
  0.89336424360434397  0.90289337121499491  0.91220789787566647  0.92150867287916149
  0.93115512044523363  0.94119596369034142  0.95114386234979598  0.96068042921200147
  0.97041286179886288  0.98009816507660608  0.99003803399471579  1.00000000000000000
 -0.00192890061932969  0.00790509064147359  0.01670082098357680  0.02633840091445572
  0.03626223654189432  0.04592188406128008  0.05653352950170325  0.06721628961229488
  0.07848619684905117  0.08990707761456232  0.10171687413954134  0.11337621472461572
  0.12501334156749119  0.13676758286088542  0.14772071410785578  0.15828702185743337
  0.16877713318070756  0.17992960743321765  0.19113113557534370  0.20195462510591999
  0.21250342327753038  0.22262155269204489  0.23282110266886039  0.24366545926809813
  0.25511070171521766  0.26691232779402313  0.27847212907161567  0.28959333624082539
  0.30080015944608351  0.31190013639728326  0.32249393173389734  0.33244337546719827
  0.34192095492850672  0.35090949683131922  0.36000009018890644  0.36943586070294288
  0.37942317399809738  0.38969580384658803  0.40081790027303377  0.41267664789295194
  0.42421623460435631  0.43520039647308967  0.44600591975221282  0.45696890608138879
  0.46849866544117175  0.48047274676293039  0.49230586489316247  0.50349424363420936
  0.51440702318761655  0.52497571320849001  0.53533976417942974  0.54631082799603914
  0.55815413505294342  0.56981797402358558  0.58035540175144129  0.58980576139981200
  0.59872947464232051  0.60806501683418357  0.61795930217982442  0.62811967636963806
  0.63808558101274726  0.64771738436118598  0.65770252424300490  0.66825901350327099
  0.67910916436265167  0.69034889397348687  0.70174622908772211  0.71317964700147507
  0.72420014310384195  0.73506712009165698  0.74588148102624929  0.75621962268705667
  0.76605888541521150  0.77604531901431228  0.78642510167810697  0.79678157529104932
  0.80697155380616503  0.81722342017115757  0.82745195251393033  0.83806576209932282
  0.84876282811557602  0.85906699281087029  0.86800343966030369  0.87689692531062025
  0.88599410546608348  0.89530876039619933  0.90458389739878475  0.91355496765495714
  0.92387255367123600  0.93524575095542384  0.94682127732401922  0.95743069466101660
  0.96838171386116667  0.97904886740581154  0.98987622771889727  1.00000000000000000
  0.01074491742389952  0.01315061628037032  0.01565123425980941  0.01752534789390951
  0.01905008736643395  0.02052038582100707  0.02197737558497091  0.02341971715498610
  0.02481812726461633  0.02621497878487895  0.02760790533389574  0.02900121918180246
  0.03041346081487669  0.03180263400831800  0.03316819028136909  0.03451988349430296
  0.03588141640325290  0.03727255587308127  0.03868541880374303  0.04011327552421548
  0.04154715481116088  0.04298336642190205  0.04446622901674790  0.04597679539128526
  0.04751018326735780  0.04903905306175176  0.05051223810182666  0.05203009601843758
  0.05355270353241762  0.05507555822533832  0.05662338704175190  0.05821158534406615
  0.05981647638095364  0.06140621397605008  0.06296181859025042  0.06463461185657139
  0.06634013384094573  0.06809294653628249  0.06990393077117545  0.07173058848529373
  0.07353551911652852  0.07535032026797869  0.07723858187157470  0.07917026751016282
  0.08116645542368368  0.08320522735311234  0.08521737133051739  0.08720507590810103
  0.08916573745289803  0.09111834250738118  0.09319150840689308  0.09540493379488202
  0.09790020060768777  0.10041250943196901  0.10289914850997846  0.10532391118228437
  0.10753846099371024  0.10982824636394954  0.11232212337106488  0.11497014609349335
  0.11769609847639749  0.12043450577622106  0.12312098321454185  0.12587834607690754
  0.12880103858957231  0.13184802906662829  0.13513987069849726  0.13865229656318781
  0.14223623493081392  0.14566710058696813  0.14931282163816506  0.15305308818914651
  0.15659057236743534  0.16026919154984645  0.16414040817211573  0.16829619328451995
  0.17344000270915899  0.17909378647047450  0.18496315715663422  0.19072867934244508
  0.19641153921059590  0.20205530497527383  0.20735680225326059  0.21232562529845087
  0.21675602726061638  0.22122362704336695  0.22606901415699351  0.23306234148235211
  0.24180350192359898  0.24994956422505674  0.25759798552642860  0.26725466010634807
  0.28709555364343536  0.31752265086307896  0.79617778683787288  1.00000000000000000
 -0.00231090297312542  0.01349838535111950  0.02801552318239903  0.04317662610739861
  0.05781633071925019  0.07187549730944691  0.08537188507570842  0.09813364921731239
  0.11002437646271195  0.12149731954677692  0.13244887180091222  0.14387688920620664
  0.15618200145712713  0.16897445826563795  0.18213133136095472  0.19552783773604679
  0.20884045377127147  0.22023448118643896  0.23056770626446246  0.24038752647980127
  0.25030276260855744  0.26061477367771174  0.27048295780531922  0.27999460420576644
  0.28907898311300240  0.29819158848783694  0.30714651580629954  0.31602346279947424
  0.32511809097480854  0.33447204851376916  0.34413634900250301  0.35396731449712177
  0.36394078821262849  0.37392642351603123  0.38244537446050303  0.39066286755825702
  0.39887093911031624  0.40726429249953833  0.41596901094193783  0.42446038674700137
  0.43292395741667011  0.44149523200718088  0.44978603322104332  0.45784445287481862
  0.46601465506624767  0.47477245731535284  0.48427323108878817  0.49452172798544580
  0.50448557507348935  0.51415125600859768  0.52287065933553534  0.53122093557160555
  0.53947497505333730  0.54772840318691407  0.55620793296747939  0.56486319679310160
  0.57364458592902567  0.58277633784898475  0.59227339358956799  0.60178424198940272
  0.61118368557355884  0.62060954957036008  0.63003092928084270  0.64025878839049377
  0.64957720602118818  0.65914565275349490  0.66787662442116902  0.67678964941249919
  0.68583921251820479  0.69471708369300400  0.70379040493937850  0.71303804178646291
  0.72326828764423801  0.73398695022777305  0.74473634603646044  0.75513204572494108
  0.76547572554955745  0.77582897017223296  0.78621725944591903  0.79677918370169309
  0.80795397289352666  0.82070321411683267  0.83423528328562868  0.84773830020044538
  0.86106732627721705  0.87506557458735590  0.88722586766448086  0.89795217504230418
  0.90834141304002380  0.91996376419941273  0.93233758105794451  0.94505835914062497
  0.95864055621498212  0.97265120264852434  0.98644785083656206  1.00000000000000000
 -0.00310107592502871  0.27290378881055022  0.36008034535369088  0.41823791065665211
  0.45852894357506058  0.49102156565587757  0.51946161960940418  0.54434033543580695
  0.56617682465034602  0.58449874877276686  0.60147857942692351  0.61719837223563312
  0.63119367204843158  0.64373082721049701  0.65554328260317141  0.66679870667807040
  0.67680118517695098  0.68713099894433849  0.69712307127999740  0.70616754667136727
  0.71431944197771458  0.72181864567564036  0.72917700655662310  0.73608853950464470
  0.74290594713724512  0.74947051954833566  0.75545028628273470  0.76109516227433638
  0.76661398664400060  0.77197448353081821  0.77720078209651122  0.78239993108891781
  0.78740730323179131  0.79221826335546619  0.79656614916774005  0.80082327209181825
  0.80501329033301272  0.80929305244483341  0.81359861005231016  0.81776704256759103
  0.82167574036716040  0.82532830484780739  0.82881065276239030  0.83228178646340389
  0.83572388750882509  0.83911482514006508  0.84268852532241034  0.84622129471375451
  0.84985412325880272  0.85352936098409826  0.85708962816736267  0.86054505813219795
  0.86387063113727180  0.86710291710957899  0.87025132300236019  0.87323395298840012
  0.87610082014464485  0.87886063827156224  0.88163855618214060  0.88442099506722549
  0.88722422696860359  0.89008247085099679  0.89301639798274146  0.89580624500167694
  0.89859081025388010  0.90121148342991131  0.90378240130327447  0.90635540802038950
  0.90892873651572437  0.91146899647802204  0.91394794996713791  0.91645882380264720
  0.91889735101619352  0.92133145229454039  0.92378517196688270  0.92623432994777777
  0.92861804061640274  0.93091452657698726  0.93324536146450399  0.93571400094827728
  0.93819629023763718  0.94070506252336350  0.94319269703759190  0.94563759992325880
  0.94808565528810163  0.95059943783730871  0.95322766009150517  0.95587564633466982
  0.95860445799207350  0.96179967364140362  0.96532814782319987  0.96897708806030780
  0.97292921606095439  0.97754376098105389  0.98497918307185495  1.00000000000000000
   1.7721116390934469E-009  -1.0000000000000000     
 F F F F F F F F F F F F F F F F F F F F F F F F F F F F F F F F F F F F F F F F F F F F F F F F F F F F F F F F F F F F F F F F
  <DiscreteSampler_grid>
  grouped_processes
  1 # 1 for a reference and 2 for a running grid.
  10 # Attribute 'min_bin_probing_points' of the grid.
  1 # Attribute 'grid_mode' of the grid. 1=='default',2=='initialization'
  0.0000000000000000 # Attribute 'small_contrib_threshold' of the grid.
  0.5000000000000000 # Attribute 'damping_power' of the grid.
 # binID   n_entries weight   weight_sqr   abs_weight
    10   10   5.387001404127663E+004   1.302194277752460E+010   5.387001404127663E+004
  </DiscreteSampler_grid>
