  0.00872511578329200  0.01983949159801379  0.03049974868074271  0.04128016911623016
  0.05120191611096972  0.06063727171189311  0.07095322869811946  0.08152866950303581
  0.09407215962853553  0.10727046174747792  0.11892469970057726  0.12985113374548943
  0.14064864212549144  0.15141088757831211  0.16215921546664536  0.17345402367613186
  0.18588436525520344  0.19907499158701253  0.21188077180103032  0.22434593355196297
  0.23592277425448946  0.24606650541488911  0.25735983657700168  0.26725279403192914
  0.27664017326523782  0.28609626047169084  0.29536687034783171  0.30653883371996160
  0.31697601491362809  0.32664273380090131  0.33647073615381279  0.34594506891144272
  0.35481080532900117  0.36350195876312402  0.37259269531850842  0.38307681696440177
  0.39293767070074537  0.40081726209867852  0.40980251641078408  0.42150998941420209
  0.43674512586355974  0.44963534641104158  0.46083021720419748  0.47265928179302841
  0.48585715085993558  0.49805357456018778  0.50829735145942345  0.51737341316984786
  0.52567624699722637  0.53361705087387346  0.54167103689150975  0.55043817436214537
  0.56005866671518989  0.57107225173023501  0.57972594309168313  0.58924758569676838
  0.59899687558612758  0.60965419749797412  0.62025172865033473  0.62982936833782932
  0.63917761860632671  0.64991437319432999  0.66209403732571492  0.67328572968632183
  0.68361190026006524  0.69292413439844036  0.70290102527924103  0.71355683866296338
  0.72287607887542193  0.73423885771328190  0.74692323745392553  0.75674544548507350
  0.76768192348339281  0.78026985919093439  0.79214672336498115  0.80043590807446752
  0.80889581786346343  0.81781182754622905  0.82671889640135054  0.83493621646608174
  0.84268543581653321  0.85028083881969485  0.86155967253599874  0.87478943929666408
  0.88581804541816911  0.89542998207642399  0.90479959753114947  0.91474224080520328
  0.92634657938537091  0.93928234797856736  0.95191088472665464  0.96273451237143315
  0.97192684135978968  0.98080386914067030  0.99136558705228617  1.00000000000000000
  0.00000230052264129  0.00000367786177257  0.00000554462967877  0.00000800917634343
  0.00001065089553774  0.00001378565844941  0.00001774974330745  0.00002068187820855
  0.00002376088276425  0.00002718007157929  0.00003212897255111  0.00003759999845961
  0.00004266870605132  0.00004722369921558  0.00005214771453614  0.00005762080324841
  0.00006451067597293  0.00007227265047755  0.00008065867132843  0.00008963082184758
  0.00009946613161292  0.00010920924713751  0.00011920354997602  0.00012927196315439
  0.00013929153298009  0.00014864256942508  0.00015835354173386  0.00016851705396458
  0.00017908898347087  0.00018999581989677  0.00020168810299999  0.00021337417665781
  0.00022541633830031  0.00023807818975398  0.00025248813265262  0.00026878919814837
  0.00028643187179527  0.00030377963699339  0.00032140783413014  0.00033767041371219
  0.00035005991772854  0.00036460391309445  0.00038303241206970  0.00040553847238115
  0.00042919275829012  0.00045105360766921  0.00047264401813367  0.00049549414006814
  0.00051931151953371  0.00054917393559183  0.00058372188465969  0.00062157737189753
  0.00066315075018265  0.00071013374948433  0.00076467193064716  0.00082577943945437
  0.00089248144060413  0.00096441173745876  0.00103540005856946  0.00110420356706897
  0.00117379958486477  0.00126831270437646  0.00135099149704239  0.00142470559021478
  0.00149568395871472  0.00156350602657982  0.00165689063509544  0.00175266141259795
  0.00184588564859262  0.00195031368318899  0.00206327139390344  0.00222560758484637
  0.00247384346635642  0.00262682744153968  0.00278139074583728  0.00294657888328726
  0.00311533887032429  0.00329282453551503  0.00346929777960435  0.00365974043331970
  0.00390585607220153  0.00416461919971621  0.00443629911946582  0.00477838677410414
  0.00518618199312794  0.00559658041169635  0.00611500858348654  0.00678467903647569
  0.00772721792363283  0.00919126801813229  0.01161227365193809  0.01518028681768064
  0.02356437112843672  0.05527488857880521  0.18329046245910166  1.00000000000000000
 -0.00000086492157441  0.00000322705709911  0.00000933818644953  0.00001645909321721
  0.00002386571415687  0.00003177137160531  0.00004032554387340  0.00004862639714050
  0.00005671228558724  0.00006401167818387  0.00007187486694060  0.00007945141538032
  0.00008666542070388  0.00009429383600359  0.00010170769201167  0.00011030536317851
  0.00011844665199933  0.00012737913859880  0.00013668756377006  0.00014572127173480
  0.00015497891921010  0.00016493690454396  0.00017634887803468  0.00018803210773588
  0.00019937291703865  0.00020964923377198  0.00022060303479031  0.00023074819979503
  0.00024125159916575  0.00025276473535173  0.00026424384727530  0.00027617770701270
  0.00028905740923634  0.00030326603227528  0.00031917480737635  0.00033492842484998
  0.00035047661860979  0.00036405642315120  0.00037904893459775  0.00039467105094769
  0.00041348707430748  0.00043493114918257  0.00045773138833939  0.00047604317702605
  0.00049607001429242  0.00051821623228899  0.00054010381462701  0.00056378364520588
  0.00058250291150818  0.00060134904368194  0.00062377439253332  0.00065082549539986
  0.00068034762797268  0.00070922175812684  0.00074173993955065  0.00078342589352461
  0.00083346173708087  0.00088639024098818  0.00093986689366067  0.00100202492776311
  0.00106150096326055  0.00111138106496632  0.00116121305282151  0.00121351627945098
  0.00126461741403992  0.00131370161451809  0.00136681212624186  0.00142170932492254
  0.00148463720619231  0.00157819537063289  0.00167484442619152  0.00177784830247894
  0.00190088606885096  0.00203449214450809  0.00218357267999626  0.00234652717652698
  0.00251470042615231  0.00269405420708286  0.00287705100072420  0.00309881127934360
  0.00341535853868545  0.00382696846672165  0.00426836320502502  0.00478366820047325
  0.00536001876603763  0.00623839422875097  0.00754557079863764  0.00901533704869549
  0.01055684505555818  0.01232294689845497  0.01488706702364667  0.01924027780469954
  0.02871240809700008  0.03833967273356713  0.08617347462949539  1.00000000000000000
 -0.00249490256002967  0.00828121581237492  0.01762659863485360  0.02685098356991108
  0.03700580185670922  0.04736276327887916  0.05762073801254842  0.06927327834884262
  0.08265161590729064  0.09726702450772155  0.11139597916381651  0.12490510641878065
  0.13705232852090315  0.14746727466671947  0.16038686331928614  0.17283537400711999
  0.18466625229119013  0.19716885417152966  0.20956918166717370  0.22247384187141134
  0.23442031685689893  0.24384964052381267  0.25173967119722457  0.25978592531859013
  0.26857046320404726  0.27873816211738733  0.28984348597835879  0.30147279594269338
  0.31377778441500848  0.32564638532949797  0.33661639822852213  0.34716595957789259
  0.35842832324031471  0.37046539137505935  0.38073479857041803  0.38871272390056788
  0.39616762685806328  0.40444964426830210  0.41415933737699950  0.42325997190755144
  0.43287234575097233  0.44421594156736577  0.45711488486674612  0.47114232450361410
  0.48489713952396185  0.49755481664359286  0.50901199476195769  0.51880050635410746
  0.52876456397723348  0.53917860859355893  0.54807924633206540  0.55733841981000631
  0.56804536203279055  0.58029800049822533  0.59412484828278656  0.60575054089518887
  0.61703693421084815  0.62774516057055896  0.63856658329820792  0.64992775081774290
  0.66185467955840782  0.67212820677128782  0.68018966592068475  0.68737231120698750
  0.69385770785574907  0.70058341371692689  0.70928042958081938  0.71751509440306704
  0.72573924633550280  0.73425444505134052  0.74275899094896569  0.75166822001910383
  0.76212073530496016  0.77310454247591864  0.78381614293491286  0.79470835397380124
  0.80364027990692755  0.81422861345340491  0.82447972218480770  0.83424600278174776
  0.84296585673708935  0.85129429903155363  0.86242991826551529  0.87422085335645949
  0.88611423234407427  0.89710536992990242  0.91002514194010142  0.92186261333918040
  0.93390744522763824  0.94393258247526723  0.95425851606463996  0.96370310186650765
  0.97257922534741781  0.98191541096565083  0.99075173292730312  1.00000000000000000
 -0.00231516706890169  0.00822124786352354  0.01925922236959998  0.02965664802168614
  0.04371574860783755  0.05690375729913838  0.07408781387401178  0.09181309628192338
  0.10802655486491547  0.12278304657035019  0.13647536791167153  0.14934834435196315
  0.16093366719929483  0.16949654294378758  0.17611821135652583  0.18327289101886740
  0.19145893052693269  0.19943936582669344  0.20773142022630509  0.21672659986643886
  0.22675431312387642  0.23740612352623641  0.24779634298282976  0.25775766591329574
  0.26721557489370235  0.27708218386860212  0.28697552939335641  0.29678822396017518
  0.30719441743486892  0.31828210113023486  0.32935801651360797  0.33934150291560228
  0.34795432785181757  0.35650438096203418  0.36517844216332118  0.37285126635915933
  0.37998006113553873  0.38692818272824331  0.39558150353120397  0.40524475440315322
  0.41475889330948351  0.42409091400072463  0.43197743310762166  0.44053422100215356
  0.45221193034625407  0.46305782338631185  0.47390739872375026  0.48501828587237800
  0.49614253946730330  0.50644183015265853  0.51624629283720491  0.52602778678157525
  0.53579497452637814  0.54617753170606675  0.55692939571069733  0.56870630260515631
  0.58152011107168478  0.59439313588379861  0.60596692539639552  0.61585355608174608
  0.62617313946506648  0.63680593185016532  0.64749948716838779  0.65663230614284518
  0.66516359972504058  0.67262444356036399  0.67990841169184657  0.68905313378694755
  0.69938445910517733  0.71016920666705274  0.72151737842356978  0.73328115441578623
  0.74739668065322173  0.76203550191766078  0.77431144039408673  0.78426193064604077
  0.79419011126604688  0.80259673207267956  0.81064156621668171  0.81911004330577752
  0.82823484014446735  0.83775424187211789  0.84819874107979654  0.85889388120917609
  0.87023929992338267  0.88151962030614750  0.89387726366459752  0.90549551645622517
  0.91719515038721011  0.92579694007132241  0.93401555936342096  0.94247313169547509
  0.95286771664380265  0.96580767744265505  0.97969200729739803  1.00000000000000000
 -0.00390572972766954  0.01551726602135803  0.03228021509577200  0.04771942388236877
  0.06135701914771630  0.07528351558857467  0.08857997443605109  0.10060578889931468
  0.11310515803887577  0.12378838841374692  0.13461449076505283  0.14472238439828849
  0.15540520262658183  0.16679086803246845  0.17899585486091604  0.19468422462275492
  0.20853069085467177  0.21772156405654255  0.22547346195248394  0.23319463338692253
  0.24120760868271190  0.25031410409711013  0.25891239901799634  0.26697881175529214
  0.27484557084059102  0.28295633990051700  0.29252673077267061  0.30409555862749760
  0.31409255159715438  0.32238034093771223  0.33022332931220072  0.33804237902153567
  0.34669365125788404  0.35588319945198155  0.36408251729373498  0.37192251037003193
  0.38036303562857876  0.39028651902858008  0.40041625964404454  0.41037247987041880
  0.42101540900112333  0.43192786158984503  0.44188550997446108  0.45047693212806073
  0.45846859932917228  0.46612670292959579  0.47495964543932673  0.48514544056079495
  0.49526709928643275  0.50598653999116527  0.51542772760160449  0.52572663065918290
  0.53729718967014217  0.54942955863499743  0.56147496935038688  0.57057258997534810
  0.57990678184478850  0.58958283360890196  0.59939327543535770  0.61018910610243793
  0.62270491315553123  0.63486741447479178  0.64844712042970321  0.66150947412126182
  0.67324383645763841  0.68409338889314886  0.69448877492584904  0.70549917293561037
  0.71764214347475275  0.73006583010594706  0.74140981349919066  0.75099853476967127
  0.76019685123367420  0.76944435658267551  0.77773677514597161  0.78593731233882114
  0.79466241352900013  0.80378108205934140  0.81248118288625193  0.82169225162191761
  0.83174456034557842  0.84210842249391138  0.85244578594505938  0.86358168435069593
  0.87412998531116537  0.88398556432625830  0.89383273970778621  0.90540538511734914
  0.91598671735367942  0.92537408801268128  0.93554249128890110  0.94647323294818642
  0.95616085130936146  0.96902134847220522  0.98293748653692126  1.00000000000000000
  0.00069603559827859  0.00221612974350708  0.00378691392116590  0.00505957069134510
  0.00623962264627317  0.00740145634092429  0.00858238860662274  0.00978055937014725
  0.01097925747168698  0.01220938006640463  0.01350182284315827  0.01481940398331445
  0.01614864415792147  0.01747736088540076  0.01875269395620304  0.02002226864675071
  0.02136969214029554  0.02282131116234789  0.02431786096340489  0.02576331777826065
  0.02729514740897060  0.02887156084758871  0.03046526337952022  0.03222568389141460
  0.03406262373768347  0.03599036321165400  0.03803808481617287  0.04007572878079157
  0.04188109085220343  0.04344833461393059  0.04497731375338702  0.04653118531561135
  0.04817162998409859  0.04988944498440445  0.05164202491831197  0.05362276845450321
  0.05541306400131066  0.05725726558609878  0.05891497982741498  0.06077377792538353
  0.06277428764699579  0.06502511214001849  0.06734063113437136  0.06961955609815619
  0.07195432101985413  0.07438377163338604  0.07667628448907468  0.07894364074877211
  0.08133052942166558  0.08341249640448381  0.08538346206382461  0.08738179080907159
  0.08926404839109864  0.09136561488123229  0.09366900007433296  0.09628164167871554
  0.09883406050520802  0.10110658261684591  0.10336584109210088  0.10552019208754991
  0.10783934049916954  0.11045982322832477  0.11364275371750709  0.11588263897565158
  0.11807616628579003  0.12000763896427831  0.12209459705047040  0.12407034776277680
  0.12621251243798531  0.12872772153376907  0.13124293616483479  0.13334943999013821
  0.13536669855134459  0.13741042428729761  0.14009415405328751  0.14321705859417386
  0.14634313188985831  0.14927000801435247  0.15206854400588313  0.15545608642942232
  0.15851970676283542  0.16082445054230790  0.16276826907899961  0.16445570005457077
  0.17029818778938649  0.18412441024543305  0.19830370275489198  0.21424828843325330
  0.23644932567517482  0.26120888968545347  0.28090374460635809  0.29657974761080386
  0.31731550205786380  0.32985725284413636  0.68331155487800554  1.00000000000000000
 -0.00508144479335596  0.01629112919262405  0.03509720875817380  0.05154848126728299
  0.06547337707390802  0.07708859077996763  0.08700722792758951  0.09462372253601926
  0.10150362571709035  0.10766159836681032  0.11459071027285844  0.12344629765695096
  0.13285888087101680  0.14219574180210906  0.15318284486216938  0.16739973594441668
  0.17926540425932622  0.19039532722850838  0.20028397035143844  0.21033774037615235
  0.22084476356827920  0.23110914193094798  0.24181679837101328  0.25457152076084810
  0.26761843682629444  0.28077432240783062  0.29195874465720884  0.29960379561156847
  0.30659975780018350  0.31301231820465125  0.31990912565008817  0.32827556469655667
  0.33694740501734100  0.34487854996769374  0.35283848937965318  0.36233122260429457
  0.37129809290609378  0.37911799244541822  0.38621064345639361  0.39351684819487059
  0.40283189416918924  0.41382127777585037  0.42538770920989871  0.43509297624302934
  0.44561616743428478  0.45736379137870303  0.46900333526207372  0.48090010891662383
  0.49285308512627762  0.50285085730514445  0.51239691228420103  0.52246734477315571
  0.53325254725760829  0.54344747055937792  0.55388392725648927  0.56318336839021543
  0.57151195182376957  0.58074102525088145  0.59004563900327922  0.60007879395464414
  0.61091183842455121  0.62122739188103449  0.63165212286149597  0.64214858375623629
  0.65327307873760132  0.66418086309084268  0.67446150308439734  0.68459857471572139
  0.69538593369841462  0.70747323560114894  0.71766692499967655  0.72744515339355176
  0.73736204196645583  0.74788097696615397  0.75897322848915105  0.76846254976282369
  0.77839826138764945  0.79029255287463185  0.80102420467299784  0.81129191166866099
  0.82215126216562895  0.83263472274633543  0.84197298081552718  0.85155310329327527
  0.86217350411192883  0.87447295299646888  0.88823485575237215  0.90128919614122283
  0.91440252207039563  0.92635816355270584  0.93751098479039274  0.94775867370820444
  0.95832133703773170  0.96900871269563260  0.98278081029977149  1.00000000000000000
 -0.02705087365429467  0.40071549417156455  0.51821003494386086  0.58980324133712603
  0.64206372255193811  0.68229560248240950  0.71520508113752446  0.74052507441768789
  0.76219462839405516  0.78312460588971755  0.80193564594627409  0.81781108424740145
  0.83127942312152592  0.84282378518995271  0.85315799386637570  0.86237727705905320
  0.87133013916078927  0.87959167922305981  0.88720988314312399  0.89405920043241205
  0.89986166733438144  0.90541752444005219  0.91055772598832607  0.91546832005305578
  0.91962219432510861  0.92360518368394340  0.92745046708868961  0.93115839373537335
  0.93481964856806143  0.93811983690630163  0.94088286555090328  0.94338495328442251
  0.94577067567117934  0.94801305833717775  0.95014427530325474  0.95221829256170643
  0.95429779394119441  0.95640639017084916  0.95836426629748439  0.95992990203121065
  0.96124679581558170  0.96254665440743559  0.96383233848317862  0.96516446904620734
  0.96646430920056248  0.96767023345380254  0.96883694849665025  0.97002102969680781
  0.97114379434299025  0.97220927893643538  0.97326910155449686  0.97431755377415818
  0.97536633311234711  0.97641211457775956  0.97745232242023361  0.97842465888340902
  0.97929471205627683  0.98011747401618221  0.98088473402501630  0.98160817357750441
  0.98230361616046358  0.98296648457230984  0.98365657603026824  0.98435067523697439
  0.98504703219642942  0.98573621607851880  0.98631572816339930  0.98688293891422552
  0.98744344685764818  0.98799710874250257  0.98853526770505729  0.98901444214779888
  0.98947919392706907  0.98993487806721370  0.99037219218429506  0.99078848556897881
  0.99120087967341775  0.99162745543830322  0.99205689729264324  0.99250465527081744
  0.99299430015574863  0.99348396606812184  0.99394517629531209  0.99438596600196538
  0.99479460072836856  0.99520331041334376  0.99561210231413033  0.99601272400143914
  0.99640943832613493  0.99679633347940577  0.99720296962284205  0.99763010904031513
  0.99809267130636414  0.99862948766510107  0.99929532784609154  1.00000000000000000
   5.8551021487899936E-006  -1.0000000000000000     
 F F F F F F F F F F F F F F F F F F F F F F F F F F F F F F F F F F F F F F F F F F F F F F F F F F F F F F F F F F F F F F F F
  <DiscreteSampler_grid>
  grouped_processes
  1 # 1 for a reference and 2 for a running grid.
  10 # Attribute 'min_bin_probing_points' of the grid.
  1 # Attribute 'grid_mode' of the grid. 1=='default',2=='initialization'
  0.0000000000000000 # Attribute 'small_contrib_threshold' of the grid.
  0.5000000000000000 # Attribute 'damping_power' of the grid.
 # binID   n_entries weight   weight_sqr   abs_weight
    10   10   2.992520163448542E+004   5.380761202799334E+009   2.992520163448542E+004
  </DiscreteSampler_grid>
