  0.00913505499035417  0.01733503944332461  0.02682542334383586  0.03610964115646468
  0.04697706803722320  0.05758417646686209  0.06852018810760138  0.07956878463968377
  0.09004547884644266  0.10145782893467437  0.11292284409265099  0.12472710101635337
  0.13622310262637821  0.14634528493321333  0.15507026733079066  0.16355886071601788
  0.17331827004645009  0.18407043615296226  0.19291988259483245  0.20064899762063068
  0.20841772627480309  0.21752855236123592  0.22806682916401130  0.23868352630795842
  0.24920557575975669  0.25910926511444121  0.26838430669514213  0.27728400233865641
  0.28617821048252989  0.29548953379291976  0.30513531917097259  0.31479037421541151
  0.32545853468784747  0.33614357793481464  0.34645079482439739  0.35749150074479685
  0.36998762576767330  0.38213228039503544  0.39283596094975487  0.40315659568438705
  0.41365345326386727  0.42475458993959059  0.43603860948946177  0.44691637631018477
  0.45824994673445907  0.46935575649832262  0.48104876594650520  0.49240389852487931
  0.50278008466100321  0.51305616749186334  0.52151588255072456  0.53016957705893997
  0.53907279546621745  0.54882986153817759  0.56030112743771265  0.57259968014070295
  0.58421045530710380  0.59530092526403344  0.60602473172712223  0.61688464828861378
  0.62826056352878668  0.63942386875450730  0.65039659235579594  0.66080474980597559
  0.67426794033856008  0.68898163367492460  0.70281156480361540  0.71552793983916529
  0.72610160341669827  0.73654988194341342  0.74608776801985899  0.75575057836882831
  0.76554574987668733  0.77552108889556870  0.78595423545110110  0.79675921853592779
  0.80807146166622623  0.81799243451706949  0.82743282848054378  0.83736891084337384
  0.84697392428572571  0.85660830533424326  0.86628142087869775  0.87658303175942853
  0.88809979479010670  0.89867383378120569  0.90860134904025025  0.91800199678990435
  0.92746847211184336  0.93691606856380860  0.94720496344712657  0.95687331730902747
  0.96693139597445266  0.97789435236136146  0.98856948501090414  1.00000000000000000
  0.00000242962155768  0.00000355234382515  0.00000497054075957  0.00000662665070907
  0.00000848663881154  0.00001098344052198  0.00001383298872161  0.00001682462291195
  0.00002020071363800  0.00002405103852585  0.00002844172126753  0.00003303102396334
  0.00003812345898489  0.00004378290677680  0.00004988521324272  0.00005636976504028
  0.00006246396437598  0.00006816251523193  0.00007397153251642  0.00008039479140041
  0.00008691700916058  0.00009335157678966  0.00009994558097109  0.00010783329567465
  0.00011606301262949  0.00012432472401699  0.00013311203801084  0.00014268637833487
  0.00015234293625493  0.00016263807488145  0.00017448291514839  0.00018700124370157
  0.00020079652789815  0.00021518805895414  0.00022964314065842  0.00024388823694865
  0.00025843417520687  0.00027152872787604  0.00028491524532201  0.00029943339617153
  0.00031638882276740  0.00033761853852972  0.00035900579803315  0.00038113048710490
  0.00040241374359745  0.00042233023014193  0.00044486730166564  0.00046758013158279
  0.00049236211565453  0.00051785707521428  0.00054336250531875  0.00056859702657168
  0.00059725416631500  0.00062864212954550  0.00066157266207912  0.00069665942932241
  0.00073472181190116  0.00077612575307135  0.00081920036090138  0.00086683905281571
  0.00091774882359466  0.00097499291457194  0.00104261320240637  0.00111850491733114
  0.00118996711967436  0.00124936608041454  0.00131119274727335  0.00138302225716782
  0.00146330069877379  0.00154806852890391  0.00163579361646406  0.00172898394590158
  0.00183362222229391  0.00198117022284451  0.00214401913214975  0.00232667062490034
  0.00252078731072783  0.00273182871572205  0.00295286730447071  0.00319080285904160
  0.00342951872561910  0.00367352195675944  0.00394906396884891  0.00429404458554405
  0.00471613695763860  0.00530368551961337  0.00599929749114257  0.00682039809955714
  0.00782041672738592  0.00934809226591037  0.01159828156714218  0.01488000222716004
  0.02052398094985184  0.03453755916218969  0.17211390398420895  1.00000000000000000
 -0.00000215479838232  0.00000583474296885  0.00001528584771540  0.00002492569606450
  0.00003400019441106  0.00004231623496445  0.00004960798269627  0.00005617279581070
  0.00006288976457649  0.00007001209038495  0.00007765205620327  0.00008537358033299
  0.00009381634868924  0.00010212510434587  0.00011029320707074  0.00011849663674552
  0.00012698994781181  0.00013590650640355  0.00014556692352255  0.00015572382222166
  0.00016645147994160  0.00017756425315162  0.00018828125093360  0.00019986850550746
  0.00021122196591540  0.00022290520344878  0.00023483427640918  0.00024684809653884
  0.00025861336831537  0.00027043062505812  0.00028285445644480  0.00029565519498356
  0.00030985279421203  0.00032404392595252  0.00033951041825396  0.00035559773718560
  0.00037225912050367  0.00039284957372519  0.00041278947737826  0.00043095152034406
  0.00044881697212857  0.00046739833090811  0.00048679501833117  0.00050839196635813
  0.00053154032770204  0.00055547085473826  0.00057959218914504  0.00060263408589080
  0.00062642292451361  0.00065423854051297  0.00068371586512367  0.00071475470790800
  0.00074451981120402  0.00077557357302082  0.00080914380666292  0.00084687984084722
  0.00088749852710903  0.00093437195220208  0.00097682255303016  0.00101557214806851
  0.00105151529957565  0.00109721803233931  0.00114645508896098  0.00119776450439182
  0.00124900862830815  0.00130198338042255  0.00136087790414959  0.00144064704684351
  0.00153166741389151  0.00164638865938980  0.00175872424251721  0.00188091223554100
  0.00201667462424998  0.00217340641585876  0.00234303801762396  0.00253761802028256
  0.00274971773328217  0.00298787004185802  0.00324995833919898  0.00352350259742923
  0.00382444965905843  0.00420261490915597  0.00464132564685435  0.00509440739410255
  0.00567658338451387  0.00632603971627909  0.00730365955702869  0.00894358545877346
  0.01132532406115216  0.01541435671522706  0.02040099009641097  0.02304947276686106
  0.04833279718942010  0.13570787441824633  0.25669865672453651  1.00000000000000000
 -0.00203765719447196  0.00944248775589008  0.02031507891217230  0.03142457105903337
  0.04159243261571974  0.05248092883984324  0.06378466222394950  0.07419804653975162
  0.08465340245751117  0.09625702410970531  0.10826646784037980  0.11825234776142896
  0.12778021374515847  0.13779062559240596  0.14780385862001547  0.15846949465976068
  0.17015132351348744  0.18282179839049501  0.19445366644313164  0.20446783039957608
  0.21422318918426733  0.22430049510120373  0.23386304409884459  0.24334674606446946
  0.25263033916106142  0.26259676484163913  0.27311891553444734  0.28403170367407160
  0.29637636839833631  0.30832466255352275  0.32067021639803922  0.33213181894908156
  0.34365964166187529  0.35551126000994854  0.36783815357941624  0.37870067790320305
  0.38788797801237646  0.39708579666376431  0.40647473557926928  0.41565309771630549
  0.42424232023540948  0.43308079547883427  0.44275850541966161  0.45317562447030496
  0.46269115858624310  0.47170644964995145  0.48053621557251236  0.48874075079354889
  0.49676394087836195  0.50535892317182640  0.51473121345747308  0.52467618300079066
  0.53393312799189863  0.54337812188952961  0.55313788204663938  0.56337052717724179
  0.57456132867751686  0.58505287142659723  0.59521944222839074  0.60596119137439231
  0.61795028527703977  0.63085770322823786  0.64305199454570172  0.65407261738867195
  0.66369594426381284  0.67298182370573922  0.68197700798009930  0.69170591046982355
  0.70205479267838222  0.71288848432923646  0.72392387848243644  0.73572107493610428
  0.74861808076995451  0.76015050319382249  0.77192277462614423  0.78388270490317069
  0.79534116694163259  0.80570350465987939  0.81550313667029173  0.82551603626553471
  0.83588124547053788  0.84690554946857166  0.85817694279993550  0.86959392136484559
  0.88135789552683963  0.89313318822993659  0.90434105504561113  0.91487987147393757
  0.92546136578522165  0.93715775209586527  0.94851292798967690  0.96008885689353785
  0.97182055660349542  0.98397173174346575  0.99237012581859285  1.00000000000000000
 -0.00334730511398188  0.01146784882653123  0.02241072584821627  0.03222125973121834
  0.04153855252513954  0.05069949418455477  0.06026320082361477  0.07059271737856335
  0.08128863653485099  0.09270360980785003  0.10350709080027923  0.11329356210852422
  0.12331238968798930  0.13417039047770604  0.14474555360062508  0.15415320829019555
  0.16369343417788276  0.17405229026035127  0.18508691574681854  0.19535647210204410
  0.20581898567758317  0.21683211259191928  0.22927601439670162  0.24225362853280527
  0.25427760700062646  0.26446109981039506  0.27477244419574282  0.28529577355917141
  0.29526839620986012  0.30455745969504600  0.31354754131484469  0.32247862819446482
  0.33150121663093607  0.34050023915021205  0.34899342756489116  0.35720044395848105
  0.36512187237517796  0.37338313659383698  0.38238874803353778  0.39247461450084398
  0.40218263154222544  0.41086526404284784  0.41944391897276456  0.42904382821461506
  0.43966460739380520  0.45060705650085497  0.46197683368049192  0.47331346775005956
  0.48443845707092725  0.49586230448598717  0.50675517302468209  0.51774049764437480
  0.52867438330722016  0.53988941970666082  0.55178246559937905  0.56393226621852144
  0.57593847659794972  0.58686888894921707  0.59717898435655226  0.60641006019183863
  0.61542019156302563  0.62510589496199942  0.63526990193293420  0.64554942673221838
  0.65394045326322270  0.66312471438898946  0.67332713820625179  0.68473701231979134
  0.69615182633253492  0.70771507780544418  0.71904151441174480  0.73101933282060050
  0.74263339766011016  0.75313557796986352  0.76337072721086130  0.77369500964936933
  0.78429038669399964  0.79538175504683484  0.80650857554145250  0.81729071020132826
  0.82793766870853702  0.83829221011429500  0.84886841147342029  0.86033575300149778
  0.87287438657235050  0.88564413226559591  0.89806809945340860  0.91027155844279461
  0.92220633162306431  0.93374116836652399  0.94461461939060742  0.95558669112890415
  0.96709762985831793  0.97850659669255635  0.98926975897188996  1.00000000000000000
 -0.00295556163848571  0.00927190550042042  0.02078306328210885  0.03277090546281837
  0.04429978633203472  0.05516008726997128  0.06543454318266485  0.07496876393085124
  0.08362423249367938  0.09198714363004720  0.10132178772577646  0.11172627727599561
  0.12073413705842430  0.12921480374829947  0.13823823951388628  0.14860420861988805
  0.16077685009246739  0.17451904549533909  0.18830039508474430  0.20140815356800090
  0.21386266562464568  0.22563656246818192  0.23761964600713895  0.24889448535745889
  0.25890437153671275  0.26862476230849180  0.27819761516771785  0.28724625481298283
  0.29611954213615649  0.30496672251925028  0.31470505675979960  0.32646832940296600
  0.33910321833716711  0.35090749857351589  0.36121404740751711  0.37068100421738859
  0.38064252784080005  0.39066948832886494  0.40033922004790307  0.41009202298415198
  0.42001564132127922  0.43041521800867044  0.44083478904384182  0.45114605593646051
  0.46105850388237951  0.47056044042471429  0.47975380543439999  0.48956322206271713
  0.49980751013066860  0.51164832176843589  0.52261495930056001  0.53233773584051458
  0.54242593450160781  0.55202973246663323  0.56201877936368738  0.57060133840230831
  0.57903445566981371  0.58970533926028745  0.60294246813761498  0.61508901353732881
  0.62647034530212309  0.63718033532629970  0.64796520565496452  0.65895102604396327
  0.67094518675264347  0.68397897356030357  0.69646803658964918  0.70739253843914796
  0.71766463319162155  0.72806751659704927  0.73958758072604736  0.75266918644733116
  0.76613840847010473  0.77831049127142282  0.78920986864677822  0.80035754732962339
  0.81221610857724924  0.82416620594500489  0.83647922031875455  0.84944602706276484
  0.86256641452363536  0.87518479380879832  0.88610356249043620  0.89529571183729639
  0.90386469701055316  0.91247190096844744  0.92146492476159569  0.93032692353824165
  0.94029688312527571  0.94954877302650742  0.95818539138031389  0.96570126654541799
  0.97362681232112158  0.98325999821362398  0.99197182964094610  1.00000000000000000
  0.00069551133234319  0.00190023259483829  0.00339424600792628  0.00479275621722941
  0.00605447494859880  0.00721200974476146  0.00828324358099099  0.00933552685379499
  0.01038038111554888  0.01140661677633720  0.01248889871544255  0.01360170380556227
  0.01473168992605074  0.01588216421989331  0.01701039697426867  0.01814246741391125
  0.01926899998127831  0.02042534539737576  0.02172429555554331  0.02307267309407124
  0.02441770846234907  0.02572059840388085  0.02699150071296479  0.02828294661528005
  0.02962142948909416  0.03102391652868994  0.03245957044306792  0.03387447417235442
  0.03533242040180811  0.03686234280105914  0.03845183603381865  0.04006462699846101
  0.04154519240590089  0.04302937376702760  0.04443461529754179  0.04578223701455579
  0.04712417674887311  0.04847886139454322  0.04991240988142946  0.05148681082263631
  0.05305648731248069  0.05448861004036406  0.05585039716339997  0.05719342449970165
  0.05870029899350832  0.06019783870789969  0.06160590516967807  0.06284621599506751
  0.06404427946664872  0.06518837458305833  0.06642605455161855  0.06764152590477705
  0.06897075277923967  0.07060708890414646  0.07272672219301000  0.07476210940076687
  0.07650110557918052  0.07808830436512587  0.07966579043794821  0.08129990058438297
  0.08281423322835087  0.08419078553591100  0.08563732802647069  0.08738982714139309
  0.08905677454230719  0.09083014365150938  0.09257539297742272  0.09514599780094983
  0.09759733331726633  0.09980162885233325  0.10155524803282850  0.10321612295014648
  0.10505958559137726  0.10731044008579849  0.10917905783214543  0.11109037274642876
  0.11298977195548611  0.11535272314130048  0.11750925150981829  0.11966225560754511
  0.12170279638506282  0.12692490957594632  0.13679034887946462  0.14568832701851783
  0.15238427300656690  0.15836271592070739  0.16437541996626034  0.17433661269760817
  0.18860758700487390  0.20524443530201256  0.22009302990423990  0.26146028836300117
  0.30464129465769441  0.33847744043416556  0.48570373997818878  1.00000000000000000
 -0.00255239874392303  0.01101715852955376  0.02166874027004313  0.03138270978898159
  0.04072797311121157  0.05010985554951106  0.05964809492980637  0.06963913955188369
  0.08089467534010089  0.09228834153893381  0.10232929783225736  0.11181717874861201
  0.12199158507598333  0.13319671059478153  0.14405032098077583  0.15495700386812583
  0.16624917820793311  0.17766731497300822  0.18909399692590273  0.20146841324595480
  0.21194240735985426  0.22303238051442950  0.23348709643036772  0.24510550055416061
  0.25652246834124309  0.26566541301653829  0.27443771819861773  0.28369084898825675
  0.29346077868068854  0.30377394875290908  0.31404759348477845  0.32415738461842131
  0.33383390201244445  0.34293158500038234  0.35124993525137438  0.35966944049752569
  0.36827480954428254  0.37761037363783934  0.38731887049426461  0.39678990200465641
  0.40679888258129332  0.41744097388666429  0.42785466742237965  0.43860887827333656
  0.44910764836056655  0.45965167595499667  0.47037267153434209  0.48133213284849052
  0.49054391658050961  0.50023620091568421  0.50912545429175693  0.51751898143269004
  0.52595911442473842  0.53420276824069957  0.54218624158641926  0.55025896952210107
  0.55864346735413428  0.56758015976551346  0.57686156798322874  0.58657400969786277
  0.59661457221883374  0.60794175177954990  0.62105519784754448  0.63326881103239230
  0.64490849507397818  0.65563358664881877  0.66579524270443624  0.67609085940973346
  0.68576012914626738  0.69463823147786319  0.70297122547732271  0.71158674981176784
  0.72206569179257352  0.73548360915122868  0.74963131740560651  0.76099102904336824
  0.77049266354223689  0.77971882176916063  0.78986051319055561  0.80157491702365491
  0.81396394516405679  0.82572177636068522  0.83700632013795995  0.84753822331119022
  0.85852212137153239  0.87033651700107806  0.88427902181395346  0.89855945649170765
  0.91220110862552606  0.92473772004282551  0.93609183320075984  0.94692588159485880
  0.95850548728967744  0.97125263248140803  0.98552892181860419  1.00000000000000000
 -0.02564722601904945  0.34191886373660163  0.44917935531104630  0.51692735707222637
  0.56769071920266101  0.60767862225387892  0.64122553619777445  0.66934987184589478
  0.69400583582288178  0.71472340139856172  0.73276363287501700  0.74848650322036292
  0.76174292176026326  0.77378156365996409  0.78559594464975835  0.79644053204437870
  0.80598785417527963  0.81505001775031072  0.82371697019685219  0.83178529579695026
  0.83912197397749977  0.84604592801720235  0.85272789763778079  0.85897136523620110
  0.86484511969737221  0.87041282407067666  0.87570254698751404  0.88059201340034288
  0.88540206308340852  0.89007416000036355  0.89458348336974125  0.89840118072333397
  0.90181393404133958  0.90513801622327128  0.90856114741047278  0.91201510747405290
  0.91528003184519613  0.91819032576903370  0.92085543033589090  0.92340169593101140
  0.92590895008760576  0.92843940654638524  0.93092295864156638  0.93328830982237043
  0.93550783792195835  0.93761806028257733  0.93959182024423549  0.94150050665374396
  0.94342237304387799  0.94542878819013787  0.94737200891717055  0.94915250624834391
  0.95079360676917901  0.95238906564402881  0.95405269203808651  0.95579347092477340
  0.95751294931699760  0.95904802494832930  0.96044646288858015  0.96174842368725599
  0.96299177124522817  0.96421048520757247  0.96540895713187824  0.96659059564163341
  0.96774485549508671  0.96885065269491655  0.96991345833743614  0.97096218815397206
  0.97200153272895728  0.97309526837119864  0.97420522021261791  0.97531787209887255
  0.97644473205434357  0.97769396403501529  0.97899676705336136  0.98025619598163227
  0.98140430741792850  0.98244675409306303  0.98347008092040866  0.98443911994931121
  0.98533218335044503  0.98621336355730171  0.98709048290537937  0.98797258495593365
  0.98888496461158892  0.98983850731866840  0.99078846306441570  0.99172105575585145
  0.99257184290169076  0.99339160585102715  0.99417089886048793  0.99498860116025700
  0.99585828112366537  0.99692820401011928  0.99831290085590019  1.00000000000000000
   2.0215761686729590E-006  -1.0000000000000000     
 F F F F F F F F F F F F F F F F F F F F F F F F F F F F F F F F F F F F F F F F F F F F F F F F F F F F F F F F F F F F F F F F
  <DiscreteSampler_grid>
  grouped_processes
  1 # 1 for a reference and 2 for a running grid.
  10 # Attribute 'min_bin_probing_points' of the grid.
  1 # Attribute 'grid_mode' of the grid. 1=='default',2=='initialization'
  0.0000000000000000 # Attribute 'small_contrib_threshold' of the grid.
  0.5000000000000000 # Attribute 'damping_power' of the grid.
 # binID   n_entries weight   weight_sqr   abs_weight
    10   10   1.552562103903430E+007   1.507366976316211E+015   1.552562103903430E+007
  </DiscreteSampler_grid>
