  0.00931614314571368  0.01657173705301289  0.02550412325849675  0.03623261928804866
  0.04674924103573514  0.05772536022680879  0.07037737867802075  0.08425387448382293
  0.09682802125768901  0.10789393883386922  0.11897364510511055  0.12945827872777527
  0.13964086540695389  0.15016260948472190  0.16001667348553941  0.17272973259512403
  0.18442535739321209  0.19345884775097102  0.20120651380648283  0.20876093050042424
  0.21540649132747175  0.22165211092515397  0.22857595944933198  0.23593742124500264
  0.24311057837824404  0.25141299873694195  0.26761834437166410  0.27565945175405537
  0.28220671412407289  0.28945809690978769  0.29625953388652754  0.30274737001382795
  0.30918161650863740  0.31606730883998019  0.32275529148135357  0.32857367188381786
  0.33532425004769939  0.34523078305425103  0.35662246253834878  0.36857647106214059
  0.38003495362361117  0.39114989689104046  0.40186251923871025  0.41108543517698520
  0.42124225369996066  0.43194143375346883  0.44241530848367139  0.45352163050955119
  0.46552408488630992  0.47847339837707004  0.49266764045944017  0.50786049546878731
  0.52237573779902524  0.53417386221670271  0.54498130231331710  0.55514269205653100
  0.56476009669657989  0.57394441463750356  0.58282250329893903  0.59163104345843209
  0.60071340735981948  0.60946883058979762  0.61871439099487868  0.62851977504843737
  0.63936665880760879  0.65030196850255251  0.66199085552294545  0.67518865062405309
  0.69092469695730296  0.70606159203056729  0.72066547382397017  0.73440602220735607
  0.74811753194533692  0.76069867762741927  0.77320755060286039  0.78665889827906443
  0.80063490196980802  0.81420513612739831  0.82651998906836388  0.83818539676787751
  0.84982914275029653  0.86113708150444401  0.87264893458572568  0.88220044272406406
  0.89081306593402076  0.89889524733489801  0.90823099746539104  0.91793628977754338
  0.92646954016662908  0.93516179240307673  0.94505524466265345  0.95505019878360886
  0.96557246948122455  0.97755177789483405  0.98877057353619069  1.00000000000000000
  0.00000220213541956  0.00000301565040904  0.00000423432066805  0.00000603755167470
  0.00000838432425927  0.00001101791864155  0.00001391922212513  0.00001747303959446
  0.00002182382213328  0.00002610787328751  0.00002982588833488  0.00003257544007439
  0.00003575456713496  0.00003888910471011  0.00004210040780646  0.00004549507700761
  0.00004994840659802  0.00005536446967130  0.00006285503885209  0.00007208589854465
  0.00008243630504537  0.00009332531531373  0.00010435022781237  0.00011443484599672
  0.00012341547153285  0.00013250724228505  0.00014208762854860  0.00015240255097799
  0.00016157531452731  0.00017051969871816  0.00017999942412462  0.00019040060794388
  0.00020049148427311  0.00021210036266434  0.00022307170810499  0.00023332757354501
  0.00024428790972406  0.00025744633428920  0.00027402516412569  0.00028990457611229
  0.00030606998772114  0.00032283892469626  0.00034085473417288  0.00036065159203978
  0.00038077942486319  0.00039930908338944  0.00041513163475281  0.00043548086205760
  0.00045296051586742  0.00047160317867171  0.00049069449634672  0.00051215267626141
  0.00053417675959715  0.00055682542961025  0.00057859989984501  0.00059812242592076
  0.00062087448970132  0.00065724348007507  0.00069692973234812  0.00073734954581959
  0.00077783728033768  0.00081982680509153  0.00086621893048987  0.00092068713891360
  0.00098016917033693  0.00104941403093710  0.00112966463289717  0.00122253602280013
  0.00132281311360559  0.00143495820878992  0.00155811384661179  0.00169702034665627
  0.00185677098286374  0.00201780782093680  0.00214769142416649  0.00224755497007716
  0.00235835929555628  0.00247798754643747  0.00262514755159663  0.00278986762955772
  0.00293175591673045  0.00306647985205370  0.00320262908994551  0.00336971778861604
  0.00366815343011852  0.00409340022764786  0.00464289644063836  0.00534092235638617
  0.00624036358905509  0.00763494569462103  0.01075867700221137  0.01633287017001243
  0.02271168004232366  0.03976428903520799  0.14877528272654425  1.00000000000000000
 -0.00000285894119709  0.00000647836907666  0.00001538326005541  0.00002386084591164
  0.00003193709002045  0.00003912636852568  0.00004623549092297  0.00005316153201678
  0.00005994320607888  0.00006728451764371  0.00007453400129648  0.00008160512641834
  0.00008824944453732  0.00009469458650931  0.00010129564578069  0.00010814849301869
  0.00011530394784180  0.00012277279650220  0.00013080485123563  0.00014027751865593
  0.00015143875534323  0.00016100772018408  0.00017055239189824  0.00018025711101914
  0.00018950528577393  0.00019911978717713  0.00020844976883092  0.00022055140793075
  0.00023908733564784  0.00025541060901509  0.00027098113046048  0.00028648684145525
  0.00030273917497148  0.00032018151676465  0.00033923791070436  0.00036132045743861
  0.00037336487714551  0.00038656155720152  0.00039886193741845  0.00041008435499073
  0.00042146753681809  0.00043487552132248  0.00045078159058039  0.00046649031525284
  0.00048063130738121  0.00049799238273925  0.00052084988462063  0.00054738777294303
  0.00057526940639483  0.00060125453280885  0.00062859917830297  0.00065690012213222
  0.00068647769997429  0.00072110077010462  0.00075561056169102  0.00079152778907911
  0.00082760648147334  0.00086585964022306  0.00091037944166888  0.00095946389471971
  0.00101790308959295  0.00108530925323752  0.00115853941162366  0.00123659239414879
  0.00132201942567040  0.00141512568102103  0.00151549527048813  0.00162387351023905
  0.00173698399139711  0.00184837186392657  0.00196126823315069  0.00208821093078515
  0.00221289757293656  0.00234771684168982  0.00251730441308179  0.00273688501663812
  0.00301356919299601  0.00332652845367830  0.00371935930086614  0.00419376407014834
  0.00471758538931637  0.00530922741871334  0.00609342943938812  0.00683952106147519
  0.00749058779546659  0.00820247442119426  0.00878671954799585  0.01006410049990176
  0.01243631060438288  0.01452138525256691  0.01660078934801176  0.01903308558677768
  0.02602899471505455  0.05166543658596479  0.26276366279174429  1.00000000000000000
 -0.00280752039288971  0.01112945006740712  0.02141066066792293  0.03282176935556295
  0.04250485070690829  0.05474283052109262  0.06655264919097359  0.07786927955568530
  0.08935147678819465  0.10042660289179176  0.11213770483116993  0.12411974332617716
  0.13627610214664496  0.14975478640608803  0.16209273395730578  0.17397575736443210
  0.18504199066355587  0.19509934576272431  0.20563424715422918  0.21593490447574834
  0.22684129402481298  0.23858765537465604  0.25055560431800755  0.26286274065764936
  0.27558592249607977  0.28780478772627915  0.30007685527604055  0.31238375172344285
  0.32344259023964878  0.33609394022431766  0.34783855225132043  0.35912049810890911
  0.37027083484842210  0.38277454833708624  0.39626993086046530  0.40901650375693543
  0.42204715301935086  0.43442500992642363  0.44372931338178673  0.45157396848419512
  0.45888310013840250  0.46555113384548918  0.47233392717946743  0.47938569643159346
  0.48692650716402375  0.49567896844197790  0.51049669710230383  0.52538323823743860
  0.53919475242029924  0.55308285742336682  0.56671955979138056  0.57881255121224828
  0.58902794787978308  0.59918754719176637  0.60967030663086808  0.62114927006467280
  0.63411951983921899  0.64684124383457342  0.65845409362831708  0.67028552336467295
  0.68150264256055981  0.69091785179312404  0.69946891557721202  0.70784618197766702
  0.71410307999515499  0.71929565112836924  0.72477647497996112  0.73123045922086982
  0.73779224381336272  0.74415200553727046  0.75126091797351879  0.75830401777186751
  0.76531841237462672  0.77351856457945301  0.78321988339387849  0.79406892725943756
  0.80464885458297553  0.81408802862343033  0.82061032871558048  0.82796224243868588
  0.83683297359159958  0.84545592053200802  0.85428072562722801  0.86303255355320263
  0.87255737335547967  0.88314078323237022  0.89495983704363624  0.90736629901629207
  0.91950570934441789  0.93221291350476254  0.94476658301953087  0.95704585028829081
  0.96898334369019434  0.98033891995799094  0.99059918164208349  1.00000000000000000
 -0.00407202761665370  0.01537219367803809  0.03271768440167468  0.04934086177016148
  0.06522092760657569  0.08043210646810335  0.08835777363118322  0.09477808837638571
  0.10260260728859640  0.11021306168999789  0.11714821022287586  0.12338497837097186
  0.12912339449710744  0.13550181481580842  0.14229205596950759  0.14849449566756573
  0.15459634659374960  0.16045726140697067  0.16632933914621736  0.17238545575634701
  0.17901266661950802  0.18623314864144433  0.19382499828204738  0.20064574018036702
  0.20571616139867527  0.21298592337854189  0.22274210329363539  0.23363364721371765
  0.24442773007727286  0.25506184443887953  0.26719236986019324  0.27810067580903691
  0.29046100028961291  0.30336445374536680  0.31633249296406113  0.32985289171570870
  0.34409281588795282  0.35705344846815168  0.36757523369544770  0.37754272006354350
  0.39026299424714128  0.40018960762739419  0.40876920249790949  0.41796037059435776
  0.42675411009646713  0.43474799661048846  0.44180856431933474  0.44810603540617527
  0.45373453310957074  0.46258713506445964  0.47557006840643279  0.49034495264864558
  0.50433246287529820  0.51467261833270306  0.52469575366365850  0.53479165865219358
  0.54359788590110059  0.55267960151039908  0.56309669714112864  0.57385000931896968
  0.58663256463314783  0.59914717485329572  0.61069582106793174  0.62263366173436430
  0.63408072944012139  0.64552179438371282  0.65711224354126407  0.66789642083097733
  0.67832309670290625  0.68884273017396480  0.69974281010900596  0.71180561541978604
  0.72430689130268722  0.73782843387355457  0.75080445089983316  0.76292335206726525
  0.77498923082493665  0.78685372558113731  0.79858226333409399  0.80964537498251354
  0.82125959755524758  0.83309586631357047  0.84523215681119257  0.85802457244387886
  0.87098352719312622  0.88372300816227911  0.89671992535958600  0.91005005813736717
  0.92253952893544910  0.93418700315115688  0.94555949426906405  0.95615791151511509
  0.96630216914304168  0.97651420103455344  0.98761641118375820  1.00000000000000000
 -0.00202101196749831  0.00812529067749175  0.01646208339842917  0.02456843912655380
  0.03397486583577791  0.04334679064516913  0.05345543981656377  0.06328909615937645
  0.07903920659296640  0.09680028486913199  0.11226673065917046  0.12527703050975753
  0.13697851057399896  0.14741989796797123  0.15732961882382432  0.16881566410338197
  0.18236772834612419  0.19590247238500472  0.20701516635080347  0.21732121142628630
  0.22728528069059037  0.23735655739938252  0.24814514297301266  0.25988004081686289
  0.27079559607607873  0.28195678283944275  0.29271711782362775  0.30380208805600134
  0.31609375086811486  0.32904175423824933  0.34218161216908566  0.35500770399691034
  0.36760552288935033  0.38047135603299137  0.39308963093546206  0.40534363078959323
  0.41748912252184966  0.43023127122492349  0.44418770787697348  0.45703418017192254
  0.46873841221041601  0.48010655982382106  0.49182788861604099  0.50340695580134087
  0.51421155493627291  0.52468679611294411  0.53524493116672878  0.54611547880327782
  0.55901292801287217  0.57257416192079436  0.58856739066840380  0.60306994452950113
  0.61763260655385255  0.63158824864853791  0.64564457337646308  0.65928081373999259
  0.67094197661147892  0.68007798076975801  0.68883565342976949  0.69799750516160830
  0.70670460357498344  0.71298326562084680  0.71898215177462821  0.72533368385358699
  0.73154106613440095  0.73821368262458520  0.74458514870436132  0.75069031965639854
  0.75654395089582660  0.76291188343693928  0.76940937848075963  0.77833216995149290
  0.78761206383557347  0.79632993945942943  0.80478637737564018  0.81211776927878676
  0.81804806908081595  0.82399746527943629  0.83059856992947911  0.84177643768398080
  0.85577444297957828  0.87028899756394285  0.88432512232522642  0.89714386538749380
  0.90876150622270513  0.91885038137485231  0.92588010675925070  0.93413405002770444
  0.94379473223175925  0.95461055409278106  0.96326229078737613  0.97025768245872468
  0.97766215721358296  0.98613983619061940  0.99358639436375040  1.00000000000000000
  0.00084257928817693  0.00193063516227114  0.00319818002566261  0.00414385322198396
  0.00495699502554086  0.00575518656825180  0.00653915326674241  0.00732416872562175
  0.00811351669871913  0.00889824937153016  0.00965731928886271  0.01036276336854042
  0.01109018399219146  0.01179185476114734  0.01249336417490693  0.01328186729004400
  0.01413537518009965  0.01501238601581146  0.01589933140241065  0.01678001330044444
  0.01764411684379933  0.01851002039605171  0.01938533030218446  0.02025479262815730
  0.02117662184386744  0.02219212989005936  0.02328406024004639  0.02427389909645921
  0.02519015272909194  0.02616020257221017  0.02714933694683629  0.02823030323923547
  0.02954637300629467  0.03085980831922689  0.03215916308659768  0.03343271002526718
  0.03481310215652913  0.03615743572026667  0.03738965800410030  0.03860391228095577
  0.03989233237017775  0.04124121734882607  0.04264828164520479  0.04408289621859563
  0.04563824879855245  0.04732965213827783  0.04907718542611227  0.05070810265730512
  0.05229792507426705  0.05388485858326163  0.05544065244586203  0.05699805526422359
  0.05876901833333387  0.06050483753065355  0.06226860143950094  0.06486524287310375
  0.06737049708944903  0.06987706062325222  0.07252852465145428  0.07512212277381138
  0.07792130340798237  0.08103785820135451  0.08421940470770432  0.08731650911065612
  0.09046601611553207  0.09429646958737280  0.09703412440499212  0.09958965032072814
  0.10229627653707150  0.10496537650827900  0.10794736615945286  0.11102462478609666
  0.11562620478638624  0.12106118281210089  0.12598221388986894  0.12997086152640422
  0.13492737180295783  0.13975518087201050  0.14405077776500747  0.14953636803581172
  0.15580831822056329  0.16190760269491991  0.16836794925074272  0.17529606693786989
  0.18210868225019169  0.18924991136286598  0.22839737947320124  0.27026520171023871
  0.31384685402229767  0.35776332693295360  0.39142795746478287  0.41761780722894576
  0.44898027228235182  0.55353921728908806  0.80282802801846709  1.00000000000000000
 -0.00326061507310665  0.01304330033265877  0.02597981658935442  0.03755409677311224
  0.04900007458550781  0.05918183248941430  0.06881750450579338  0.07957728064696644
  0.09231775139706667  0.10691078267392101  0.12025403388404392  0.13127890565183969
  0.14206082525385005  0.15262865149477411  0.16273774411344580  0.17364058147088995
  0.18611636022771921  0.19958033423049251  0.21375922929138721  0.22561759355097352
  0.23603815219132074  0.24590770663721881  0.25747995880308627  0.27050383387421312
  0.28349507487454834  0.29698733559261542  0.31284398671050578  0.32410065811690619
  0.33505346689708815  0.34557376940281592  0.35556263992606230  0.36695301237696443
  0.37653936313465014  0.38310011370400404  0.38965540238326457  0.39634368753301280
  0.40294694951896454  0.40941955947947534  0.41623405599163860  0.42366966839000592
  0.43151993825040424  0.43956785116125607  0.45268022763397692  0.46308180570581581
  0.47206111526194422  0.48028574063408019  0.48886433228044079  0.49861083458534378
  0.50875305284822037  0.52009245161286022  0.53246597733163714  0.54467406599529000
  0.55627729507837909  0.56752942923866190  0.57889522794566117  0.59077109488453483
  0.60225822893315362  0.61484874919234811  0.62691870894166535  0.63748891395969043
  0.64679813933341235  0.65572738526260821  0.66459315288377252  0.67418386709919398
  0.68585457444035824  0.69962635637931225  0.71357523643087095  0.72607444962806178
  0.73822780707056723  0.75017710216004319  0.76044128494022267  0.77076884963940961
  0.78104000849601751  0.79166668004254692  0.80287109733681228  0.81385500277143419
  0.82524980583956853  0.83482708170293030  0.84235431348940237  0.84981117815477769
  0.85729720631797701  0.86474832810678481  0.87250860376779793  0.88011504680212194
  0.88696853971678624  0.89337725196637652  0.90123518463431251  0.91085812291649348
  0.92275890943595817  0.93575484101468398  0.94689406170322388  0.95740012113235440
  0.96790296630942729  0.97848259551561600  0.98938911872445923  1.00000000000000000
 -0.01970779819917622  0.40402444469468729  0.51882197398081631  0.59839768937251592
  0.65072976310216013  0.68917960741609818  0.72064218164392635  0.74713593721567362
  0.77106347251466001  0.79143901894238566  0.80891283068784969  0.82350111229112133
  0.83580354182302896  0.84653935538803038  0.85621748581703438  0.86550233978544389
  0.87427134287838471  0.88221229295377701  0.88967211834422755  0.89696944123172806
  0.90334436003499674  0.90939760999571195  0.91446006793358037  0.91872611019776607
  0.92249482582958076  0.92649809434018926  0.93078988100537108  0.93464664620430082
  0.93807822024806553  0.94120158517335262  0.94421063993081056  0.94711775503157403
  0.94998219898616276  0.95251896488727494  0.95509538896418289  0.95734467762567699
  0.95904015980247670  0.96037920358609719  0.96169739965823819  0.96306424229029441
  0.96450658952878021  0.96582389930744728  0.96695336153297018  0.96799568009798886
  0.96903106889333002  0.97013499949891602  0.97127035461161570  0.97229024331680713
  0.97324827941038861  0.97420241171806832  0.97516621789309876  0.97615364273961380
  0.97714284042249755  0.97811259909841253  0.97901437518054024  0.97982904897257106
  0.98059002104649973  0.98132246949916602  0.98202737656890715  0.98272515496415036
  0.98341055294125723  0.98401270547507724  0.98465974541287826  0.98531896642077321
  0.98592155621911171  0.98649373634631865  0.98706102096561610  0.98764686297121296
  0.98826759230821071  0.98882048493109997  0.98934672640481280  0.98984690503704653
  0.99032120413403735  0.99077019078384199  0.99119963716309256  0.99161603273007437
  0.99202349279677804  0.99245257630061534  0.99287785304491472  0.99330520254939569
  0.99375532151410351  0.99419405509472780  0.99460512218692543  0.99499323612762969
  0.99536748369051153  0.99570370186149060  0.99603244579324213  0.99635429195189806
  0.99667571867582849  0.99699884097891256  0.99733010090799235  0.99771292149597335
  0.99813610867428226  0.99860786482325115  0.99921837875179109  1.00000000000000000
   5.9070581703255387E-006  -1.0000000000000000     
 F F F F F F F F F F F F F F F F F F F F F F F F F F F F F F F F F F F F F F F F F F F F F F F F F F F F F F F F F F F F F F F F
  <DiscreteSampler_grid>
  grouped_processes
  1 # 1 for a reference and 2 for a running grid.
  10 # Attribute 'min_bin_probing_points' of the grid.
  1 # Attribute 'grid_mode' of the grid. 1=='default',2=='initialization'
  0.0000000000000000 # Attribute 'small_contrib_threshold' of the grid.
  0.5000000000000000 # Attribute 'damping_power' of the grid.
 # binID   n_entries weight   weight_sqr   abs_weight
    10   10   3.897598998978014E+006   1.430091005898516E+014   3.897598998978014E+006
  </DiscreteSampler_grid>
