  0.00892753647282704  0.01825501675214021  0.03010246649618882  0.04150246670434356
  0.05273045419971251  0.06345084783812807  0.07417847621871601  0.08488621377770406
  0.09540278789586829  0.10596875613655059  0.11733669277677147  0.12780174897825153
  0.13766879829640999  0.14820879376918464  0.15867144052639304  0.16876903664944948
  0.17840515542651431  0.18869269867306149  0.19999790394181813  0.21160224188635601
  0.22262716521908485  0.23282092916971694  0.24271496567613488  0.25248985500282994
  0.26243518480205680  0.27217028079171907  0.28191187702922188  0.29171561060399265
  0.30165581096357480  0.31182017067868784  0.32293272665953743  0.33425165904940152
  0.34639393496297305  0.35843202469167901  0.36861253030225716  0.37828146048836336
  0.38677863713660049  0.39638841872363423  0.40680667337654353  0.41726190262295593
  0.42779049345086440  0.43888977802038859  0.44976702510796435  0.46106466168506793
  0.47178933309639093  0.48312061945573614  0.49416107916990815  0.50538288397908993
  0.51613595224441666  0.52597164649286166  0.53526602144662982  0.54520341941453632
  0.55516908182228808  0.56466667225302314  0.57421161003571941  0.58480930116925844
  0.59617281021074819  0.60682850418431677  0.61681724536884941  0.62621264265789445
  0.63560961285175210  0.64561827871982069  0.65634838159989739  0.66714009071598535
  0.67782157038828572  0.68761443788019527  0.69602463945710979  0.70350644465038192
  0.71114166835965953  0.71931529325760923  0.72825572570068720  0.73801435425979167
  0.74842707897365057  0.76030483152722272  0.77168437668247170  0.78226498764475816
  0.79338054493301502  0.80590202128321675  0.81932185460317897  0.83147158950717648
  0.84323238831570524  0.85494320748758112  0.86688053457078340  0.87831724465580041
  0.88927551738012833  0.90043734511788320  0.91345118198160347  0.92493486976231976
  0.93595646672558475  0.94714542571721982  0.95722173116978015  0.96571834449065208
  0.97361305553058930  0.98204483795304520  0.99103125768525657  1.00000000000000000
  0.00000214333334647  0.00000395068368713  0.00000541898585962  0.00000723793006592
  0.00000947389395580  0.00001198589432801  0.00001469039006768  0.00001776615672242
  0.00002099710727357  0.00002462754167663  0.00002843101050801  0.00003257446155323
  0.00003712932230782  0.00004151195432300  0.00004609698757626  0.00005065076407780
  0.00005564177919249  0.00006106047447046  0.00006657860334828  0.00007263133989772
  0.00007946972198551  0.00008683747947404  0.00009427735704381  0.00010197730201715
  0.00011005888918831  0.00011834270723128  0.00012716841877014  0.00013647638061267
  0.00014768029174516  0.00015989206527460  0.00017259498059245  0.00018534772354223
  0.00019826729288212  0.00021175903208256  0.00022617130268887  0.00024204660431238
  0.00025737908892482  0.00027310857043134  0.00028953745419856  0.00030619635028882
  0.00032569269425932  0.00034270042785101  0.00036000340015430  0.00037762383316028
  0.00039597032573244  0.00041532669773257  0.00043522463492097  0.00045583180719813
  0.00048069663945784  0.00050661938483240  0.00053556820925823  0.00056860809524529
  0.00060340155367487  0.00063648506104751  0.00066652982884817  0.00069877898570911
  0.00073441751958914  0.00077143019487067  0.00081488814352359  0.00086212479910407
  0.00090800596311147  0.00095291132038589  0.00100075525128041  0.00105135595033905
  0.00110451289893046  0.00115864351513027  0.00121168016937339  0.00127088519402107
  0.00134202627974265  0.00143065886804577  0.00152460607142106  0.00162267806989040
  0.00172667959336760  0.00183701247597501  0.00196636101972882  0.00211032369714611
  0.00225344044873916  0.00240595507262054  0.00257245162886189  0.00275640294115047
  0.00294906890926375  0.00314784240888638  0.00336994972187040  0.00367013317454249
  0.00399977541784234  0.00438701635723105  0.00488739905111337  0.00538525678512834
  0.00598898575781651  0.00714226693072097  0.00897805080661071  0.01116457791560194
  0.01520038776285875  0.02474779486741449  0.31972543697800981  1.00000000000000000
 -0.00000188377185162  0.00000522170255264  0.00001365811849758  0.00002254245381179
  0.00003144998952932  0.00004011514965402  0.00004792308488528  0.00005524745367072
  0.00006273007048982  0.00006971458503325  0.00007654132509409  0.00008336101120728
  0.00008992276915879  0.00009632932951220  0.00010279289366000  0.00010919512041558
  0.00011608098964757  0.00012357839807424  0.00013191733572569  0.00014163727350049
  0.00015199705833461  0.00016432403871411  0.00017641074677322  0.00018735891821657
  0.00019840799355511  0.00020981877800981  0.00022117789422957  0.00023232842786022
  0.00024396350680834  0.00025605538366365  0.00026840523884092  0.00028136385854216
  0.00029430580105371  0.00030745144222219  0.00032059032418264  0.00033428490954207
  0.00034852884083102  0.00036305057296687  0.00037886131105510  0.00039402413236570
  0.00041169001484919  0.00043050437602112  0.00045111811133100  0.00047354142068470
  0.00049680073522677  0.00052262213107000  0.00054987339338074  0.00058096214676966
  0.00061185087173941  0.00064148715426894  0.00067032823733153  0.00069796187982986
  0.00072382677094140  0.00075264871605492  0.00078147144435599  0.00081280223376065
  0.00084549991769201  0.00088285357034093  0.00092215890760038  0.00096470484900692
  0.00101125598893389  0.00106134950897367  0.00111530782361430  0.00117651749230208
  0.00124129215161003  0.00130750934935848  0.00137641999534049  0.00144763644914131
  0.00152602805741955  0.00160503812241683  0.00168774916869459  0.00177945904520644
  0.00188320039306360  0.00199271568675291  0.00211147150474940  0.00224373656147062
  0.00242203286739707  0.00263365613619842  0.00285366968246214  0.00308373437222721
  0.00333833923159442  0.00363593316027587  0.00399808796641160  0.00438897361747859
  0.00480948783972103  0.00536125303016859  0.00613296415029830  0.00709759856283202
  0.00802033223945123  0.00926627792474221  0.01117611647387500  0.01514409388514034
  0.01956228008989406  0.03319331019632299  0.07166155451193036  1.00000000000000000
 -0.00270707469390171  0.01072974538448788  0.02154519715558811  0.03019543310805962
  0.03878076634870605  0.04724312993555647  0.05632065617056097  0.06682261280427342
  0.07662565467262961  0.08628095412258054  0.09821298433174103  0.11174526458517753
  0.12710727399175006  0.14373011002428959  0.15585133344168267  0.16650377697866395
  0.17647383884636006  0.18621905241443684  0.19584811043259670  0.20590423541684727
  0.21729433218557231  0.22852489938748993  0.23945273343797288  0.25029274845909283
  0.26091605639622273  0.27189673281641513  0.28083823985063905  0.29032258355480545
  0.29935033600318378  0.30825730069421231  0.31676517840760143  0.32562440901887812
  0.33504953134659349  0.34543618828992634  0.35704571121805545  0.36786292146886113
  0.37945230800372576  0.39133874748298925  0.40357627393204232  0.41493458947629369
  0.42631881046257897  0.43735504160299166  0.44992852299460229  0.46074949989117692
  0.47000099060943368  0.47876762804875561  0.48746337999776634  0.49739403886339789
  0.50703266853616014  0.51612400148395154  0.52581065868479437  0.53615312946233662
  0.54565501865974453  0.55447016124269322  0.56376435779205258  0.57375588060531135
  0.58423799659942011  0.59481964942100141  0.60594565688276503  0.61670078490639657
  0.62652962550598834  0.63620650759274811  0.64599513325151359  0.65620555376060996
  0.66616488442822597  0.67636171140984491  0.68704985050900391  0.69889644921830696
  0.71172173208080947  0.72419165741988589  0.73586945966652972  0.74678337921791471
  0.75718679502109743  0.76727799731365653  0.77720325223074582  0.78749014806239848
  0.79799293276049832  0.80750694115584520  0.81597175248057086  0.82399292654848666
  0.83276865602320582  0.84379721890916914  0.85605829822907864  0.86784077622104894
  0.87920716212603334  0.89142249153507735  0.90322660597970061  0.91449542291705355
  0.92516433098640705  0.93542628907158121  0.94524533377720321  0.95571674704659970
  0.96618457522313228  0.97725710560953094  0.98826933018786800  1.00000000000000000
 -0.00248631557796628  0.00921203696522624  0.01949597585062254  0.02910831614226864
  0.03942223284332640  0.04896451006773472  0.05858681281126865  0.06837032254590712
  0.07792637408196063  0.08739429756078471  0.09791741124701778  0.10864325057974808
  0.12034110565309943  0.13248881925912750  0.14463358846821309  0.15656672200322613
  0.16831348421204284  0.18029734321171831  0.19172846137184033  0.20282666568148727
  0.21368933344190044  0.22490219563639960  0.23571770420616167  0.24630083416445808
  0.25577755113423478  0.26459851396620870  0.27369937684937057  0.28323123891212942
  0.29306503161315456  0.30303276623443554  0.31285590788212259  0.32258403954531351
  0.33244180508385374  0.34259539840499392  0.35270980470274294  0.36181444235830718
  0.37036551598325612  0.37948787490896368  0.38924450031096941  0.39863055863230534
  0.40779461279725981  0.41753813993981187  0.42909764424888414  0.44150236573269952
  0.45317013483187707  0.46415551490210250  0.47518566170238652  0.48464251304110656
  0.49289680513497597  0.50099295208440697  0.50867766584132235  0.51593110073623794
  0.52256149813215691  0.52930463841991060  0.53640557125741584  0.54567672660392774
  0.55770821951699612  0.56935549330902047  0.58120282437894510  0.59312988817070811
  0.60513968038452992  0.61758730152494534  0.63031988871219680  0.64275549622102068
  0.65534399879652094  0.66662457617641568  0.67750252010567713  0.68803326245612217
  0.69792972009371457  0.70662798364252466  0.71547024063573328  0.72415161708587084
  0.73415201987125678  0.74598292728823901  0.75790707487988407  0.76976159035216440
  0.78084212369518724  0.79251293080185858  0.80432604764880100  0.81634245360001778
  0.82742636770250999  0.83815596851356733  0.84960858355384006  0.86080954972796697
  0.87256344286699927  0.88635180524038293  0.89883667495915109  0.91017863979058622
  0.92147580935083961  0.93331224338788843  0.94526972254161645  0.95692445660205738
  0.96833057627886376  0.97952359745251827  0.99020135829057443  1.00000000000000000
 -0.00215110926112248  0.00858796191724476  0.01750521623720509  0.02755833031699835
  0.03819990998309403  0.04870679626053845  0.05786339027639770  0.06687803290883318
  0.07614896633932645  0.08535501960518128  0.09380903202370666  0.10228788365313818
  0.11134671563783362  0.12036374103990424  0.12954559926226680  0.13974147733277748
  0.15151462594642834  0.16477726289973621  0.17811019609104881  0.19099043074228408
  0.20351069676853203  0.21617364336812600  0.22859956207993029  0.23965841471049371
  0.24974110835795996  0.25824410721482427  0.26679972544540653  0.27558742764354233
  0.28378834906423761  0.29213304949376129  0.30093055390615120  0.30978078671743631
  0.31842611583387631  0.32761965897128381  0.33773800147406619  0.34936200279969831
  0.36284782558778056  0.37447608582641345  0.38425927607625265  0.39301408605224231
  0.40192202805647642  0.41114209517688388  0.42111933490783066  0.43165862969665952
  0.44257815074064172  0.45416671109888790  0.46545571539884789  0.47711996036518223
  0.48968229414974457  0.50164870874860679  0.51245784382411208  0.52249311748810057
  0.53245099657862183  0.54271829595692689  0.55227609523239085  0.56212857656886250
  0.57349777327922757  0.58506177527166892  0.59688791526412077  0.60763741255958237
  0.61816205001863478  0.62928082021425524  0.64113717880796450  0.65395939081006382
  0.66597551361100582  0.67766134305962211  0.68906823322233091  0.70015263686298435
  0.71054174396421654  0.72051295353722467  0.73102878471884658  0.74204364163047787
  0.75269180428780724  0.76308635859431373  0.77376143498229399  0.78496764004997233
  0.79603496078735081  0.80647988079313671  0.81729373104083003  0.82889825744562118
  0.84077870020077072  0.85277668586744193  0.86521858947033525  0.87734871199941111
  0.88821022883256462  0.89875129721427272  0.90879374596137896  0.91855781057911501
  0.92880274452129397  0.93899352988670737  0.95029061760843814  0.96106142306644449
  0.97165297869492240  0.98122591866846032  0.99050873654063831  1.00000000000000000
  0.00086689274376699  0.00151909393734518  0.00262934183691169  0.00348607763672765
  0.00426171671553156  0.00497031450844208  0.00563416857748223  0.00630563509121496
  0.00698896634635855  0.00768753195475163  0.00840128354104148  0.00912633481556171
  0.00985904774010962  0.01060277648266738  0.01135054319518172  0.01210208266145158
  0.01288346438676768  0.01368793685568159  0.01451027826637586  0.01531474606313328
  0.01613980163367127  0.01697408703144222  0.01777842930322672  0.01859583206469008
  0.01941553097022514  0.02021681434844582  0.02096297468604500  0.02178837727918906
  0.02271305155079158  0.02369273998753830  0.02467262641657633  0.02565536900988131
  0.02664959088576643  0.02765879605381371  0.02870978192692182  0.02979254270020388
  0.03096077833017274  0.03209978577222670  0.03320465331381633  0.03431667437752526
  0.03544931423518681  0.03663335369727198  0.03792993544994054  0.03919443273273348
  0.04046393448110756  0.04160212531152245  0.04275167259429576  0.04396822627863502
  0.04517692913789987  0.04644956036686481  0.04773445301965067  0.04905313633431103
  0.05034106727311059  0.05168357610886473  0.05301210952995103  0.05441327753594092
  0.05592067478560983  0.05755374890276700  0.05923253784073308  0.06083911090329534
  0.06246602769969328  0.06438118461515521  0.06652028157867269  0.06874367626868795
  0.07119304851511930  0.07372525102893832  0.07613650528784076  0.07872561778766604
  0.08134183453492941  0.08391556626142187  0.08666125405763091  0.08964758764425695
  0.09293070938432563  0.09612877935233795  0.09871585467090244  0.10133330840192538
  0.10382027687170253  0.10708749700355846  0.11147295091547044  0.11490638852240562
  0.11807493810168504  0.12174166215269352  0.12607509149821849  0.13119901884490909
  0.13672226097356110  0.14330917151978229  0.15011370354758630  0.15806694879439362
  0.16949627999952868  0.18141946696241448  0.19159538622674219  0.20341780606136226
  0.22889710459769949  0.26569366370122915  0.33434622554549431  1.00000000000000000
 -0.00363342370750864  0.01687211748274220  0.02936059865226094  0.04177060079462738
  0.05424943379298935  0.06543328718552313  0.07551203986929134  0.08599466326730137
  0.09764763414132333  0.10917067049576008  0.12012719477287225  0.13191611639196046
  0.14464804497373790  0.15791480802727315  0.17232982483531240  0.18714963209707622
  0.19928393467013100  0.20979910942570248  0.21974816532249034  0.23012795686406565
  0.24138836922492443  0.25277551606341364  0.26386791349834060  0.27393735001005864
  0.28311239339360295  0.29257389817852553  0.30249162879204339  0.31273585872133208
  0.32239229380580015  0.33176541625723388  0.34071741724145194  0.34973734078243579
  0.35853823199553003  0.36689711624849231  0.37490278267474259  0.38244412750256790
  0.38997112366900377  0.39747055937823333  0.40512208058780691  0.41288008270516324
  0.42095808137728158  0.42881814045559263  0.43578705975653076  0.44418126677952124
  0.45273016265393135  0.46251786885582885  0.47436873586049272  0.48565377895426065
  0.49637138592440588  0.50641789103340740  0.51581922347431297  0.52473152528915301
  0.53324454240808794  0.54156834304090118  0.55027616116014377  0.55933018671597301
  0.56985658075932766  0.57932540930759513  0.58888642906767907  0.59887028592381020
  0.60998360918204186  0.62138487898527806  0.63104858547778409  0.64023853008067255
  0.64987857269503391  0.66008844841803460  0.67045573650518819  0.68073111494263672
  0.69124867918290467  0.70242151496877347  0.71389458312130483  0.72553563806708843
  0.73779089791330277  0.75017965092665639  0.76279679056613114  0.77384627388066352
  0.78536347761252712  0.79748723956995926  0.81000822381678195  0.82220887807474408
  0.83429818709831016  0.84628878192874424  0.85783649451546740  0.86931586496192459
  0.88088843366629432  0.89229687570775362  0.90189153480856910  0.91144654057671159
  0.92346287211716782  0.93435598513706708  0.94466749805825023  0.95363954710884991
  0.96323601178048412  0.97484354892112712  0.98567140271507181  1.00000000000000000
 -0.01140066000506423  0.33136758800617699  0.43984062855720479  0.50421109611059001
  0.54862196491110349  0.58589108176442373  0.61589432597429472  0.64076084221672780
  0.66353572585127529  0.68452428134203169  0.70111943770815577  0.71613749036521401
  0.73073008180246080  0.74509265047534801  0.75746119507490839  0.76886227322019862
  0.77896044915252327  0.78843082166970846  0.79713181613966766  0.80535563132916499
  0.81305312525287343  0.82013501699031921  0.82661751120496529  0.83309928447016746
  0.83960016090133882  0.84599066410366730  0.85201681480167879  0.85755458154446584
  0.86283176552241636  0.86815824039743350  0.87322384998608860  0.87759164692049341
  0.88149317890461376  0.88541447672835993  0.88931707365762347  0.89309764506057676
  0.89665175835612343  0.89993928182212812  0.90309469214826676  0.90613221868388505
  0.90899889722739891  0.91186705529779288  0.91481534941049047  0.91758711353127653
  0.92011735618280588  0.92246223604714439  0.92481721818519336  0.92707955411190202
  0.92941294773106309  0.93185218308201612  0.93418018153648608  0.93645456708789332
  0.93869044607410890  0.94055407493039855  0.94233417774975281  0.94407616125390581
  0.94581984037545108  0.94761090979799467  0.94946589649646917  0.95135946230191348
  0.95323918332622393  0.95521825780202474  0.95698101014636472  0.95863284319723652
  0.96020414424235589  0.96168872081616097  0.96308667365758405  0.96446087972972816
  0.96586891794981078  0.96723052808877996  0.96845700475580843  0.96964847285516342
  0.97074152617359966  0.97184650103430770  0.97298318834635866  0.97414770655838911
  0.97533797577936332  0.97656018250320786  0.97784392229177775  0.97913455214638379
  0.98030720400861371  0.98139090701408471  0.98243940738751534  0.98347257255143328
  0.98458990819654502  0.98577903295625713  0.98700826613874093  0.98822352141830894
  0.98945346480881513  0.99065170296881555  0.99187493462238641  0.99315576699357389
  0.99444650729948980  0.99594425723390512  0.99771406706236587  1.00000000000000000
   6.9906053876976820E-007  -1.0000000000000000     
 F F F F F F F F F F F F F F F F F F F F F F F F F F F F F F F F F F F F F F F F F F F F F F F F F F F F F F F F F F F F F F F F
  <DiscreteSampler_grid>
  grouped_processes
  1 # 1 for a reference and 2 for a running grid.
  10 # Attribute 'min_bin_probing_points' of the grid.
  1 # Attribute 'grid_mode' of the grid. 1=='default',2=='initialization'
  0.0000000000000000 # Attribute 'small_contrib_threshold' of the grid.
  0.5000000000000000 # Attribute 'damping_power' of the grid.
 # binID   n_entries weight   weight_sqr   abs_weight
    10   10   2.787542737279423E+007   6.924542749626900E+015   2.787542737279423E+007
  </DiscreteSampler_grid>
