  0.03276287965014160  0.03562462485328469  0.03848637005642778  0.04134811525957087
  0.04772515935504945  0.05454251728357390  0.06135987521209834  0.07010367146447166
  0.07923434280740060  0.08836501415032960  0.09749568549325865  0.12834922856688721
  0.21811786190006635  0.30788649523324546  0.37526538309198176  0.37631693649222342
  0.37736848989246502  0.37842004329270668  0.37947159669294833  0.38052315009318999
  0.38157470349343159  0.38262625689367324  0.38367781029391490  0.38472936369415656
  0.38578091709439821  0.38683247049463981  0.38788402389488147  0.38893557729512312
  0.38998713069536478  0.39103868409560644  0.39209023749584804  0.39314179089608969
  0.39419334429633135  0.39524489769657301  0.39629645109681466  0.39734800449705632
  0.39839955789729797  0.39945111129753963  0.40050266469778129  0.40155421809802294
  0.40260577149826460  0.40365732489850625  0.40470887829874791  0.40576043169898957
  0.40681198509923122  0.40786353849947288  0.40891509189971453  0.40996664529995619
  0.41101819870019785  0.41206975210043950  0.41312130550068116  0.41417285890092281
  0.41522441230116447  0.41627596570140613  0.41732751910164773  0.41837907250188938
  0.41943062590213104  0.42048217930237269  0.42153373270261435  0.42258528610285595
  0.42363683950309761  0.42468839290333926  0.42573994630358092  0.42679149970382257
  0.42784305310406417  0.42889460650430583  0.42994615990454749  0.43099771330478914
  0.43204926670503074  0.43310082010527240  0.43415237350551406  0.43520392690575571
  0.43625548030599737  0.43730703370623902  0.44261200796362937  0.44887293281987517
  0.45513385767612102  0.46139478253236688  0.46765570738861278  0.47391663224485869
  0.48017755710110455  0.48643848195735040  0.49269940681359620  0.49896033166984205
  0.54846286088947804  0.56684152646958164  0.58522019204968523  0.60359885762978904
  0.65302771568238516  0.66723673340673006  0.68057811158816084  0.73069410000045198
  0.82046273333363096  0.91023136666681015  0.98016407183289089  1.00000000000000000
 -0.00003437515524714  0.00007110013266604  0.00017781125595742  0.00028619885952635
  0.00083747603220921  0.00122009086255570  0.00130749198347607  0.00133920662208944
  0.00137062487916188  0.00140204313623431  0.00143275162877987  0.00146292630346463
  0.00149310097814938  0.00152327565283414  0.00155523285497160  0.00158790949444878
  0.00162058613392597  0.00165326277340315  0.00169856194521376  0.00174597515141382
  0.00179338835761388  0.00252485170225287  0.00316319900050734  0.00327372959690756
  0.00338487204868139  0.00350449342384701  0.00362411479901264  0.00375107116768727
  0.00388053100833359  0.00428361621827470  0.00429986397005772  0.00431611172184073
  0.00433235947362374  0.00434860722540676  0.00436485497718977  0.00438110272897279
  0.00439735048075580  0.00441359823253881  0.00442984598432183  0.00444609373610484
  0.00446234148788785  0.00447858923967087  0.00449483699145388  0.00451108474323690
  0.00452733249501991  0.00454358024680292  0.00455982799858594  0.00457607575036895
  0.00459232350215196  0.00460857125393498  0.00462481900571799  0.00463959531146767
  0.00465306024044105  0.00466652516941444  0.00467999009838782  0.00469345502736120
  0.00470691995633459  0.00472038488530797  0.00473384981428135  0.00474731474325474
  0.00476077967222812  0.00477424460120151  0.00478770953017489  0.00480117445914827
  0.00481463938812166  0.00482810431709504  0.00484156924606842  0.00485503417504181
  0.00486849910401519  0.00488196403298858  0.00489542896196196  0.00490889389093534
  0.00492235881990873  0.00493582374888211  0.00494928867785549  0.00496275360682888
  0.00497621853580226  0.00498968346477565  0.00500314839374903  0.00543610650374028
  0.00770143400374781  0.01089981961073974  0.01543264388189639  0.01870277115509589
  0.01870277115510589  0.01870277115511589  0.01870277115512589  0.01870277115513589
  0.01870277115514589  0.01870277115515589  0.01870277115516589  0.01870277115517589
  0.01870277115518588  0.01870277115519588  0.01870277115520588  1.00000000000000000
 -0.00000467750389523  0.00006616238675162  0.00007021544411123  0.00007426850147084
  0.00007833470657097  0.00008241189986229  0.00008648909315362  0.00009363407106889
  0.00012263777028584  0.00020201797606893  0.00024909584755658  0.00026949406174850
  0.00029137168472562  0.00030412248000927  0.00031668197782973  0.00032978407971827
  0.00034388101747194  0.00035797795522561  0.00037326736308999  0.00038895784960568
  0.00040274955726547  0.00040522609630209  0.00040770263533871  0.00041017917437532
  0.00041265571341194  0.00041513225244856  0.00041760879148517  0.00042008533052179
  0.00042256186955841  0.00042503840859502  0.00042751494763164  0.00042999148666826
  0.00043246802570487  0.00043494456474149  0.00043742110377811  0.00043989764281472
  0.00044237418185134  0.00044485072088796  0.00044732725992458  0.00045002113871188
  0.00045277763115290  0.00045553412359393  0.00045829061603496  0.00046104710847599
  0.00046380360091702  0.00046656009335805  0.00046931658579908  0.00047207307824011
  0.00047482957068113  0.00047758606312216  0.00048034255556319  0.00048309904800422
  0.00048585554044525  0.00048861203288628  0.00049136852532731  0.00049412501776833
  0.00049688151020936  0.00049976544395384  0.00050283353634613  0.00050590162873842
  0.00050896972113070  0.00051203781352299  0.00051510590591528  0.00051817399830757
  0.00052124209069985  0.00052431018309214  0.00052737827548443  0.00053044636787672
  0.00053351446026901  0.00053658255266129  0.00053965064505358  0.00054271873744587
  0.00054578682983816  0.00054885492223045  0.00055192301462273  0.00056701252397296
  0.00093299926175503  0.00153658134945246  0.00252712516150334  0.00415967036794096
  0.00446259612441818  0.00468959571200126  0.00492016611849779  0.00515140040324966
  0.00686961648496458  0.01129726330929433  0.01859775936856792  0.02300821878882268
  0.02300821878883268  0.02300821878884268  0.02300821878885268  0.02300821878886268
  0.02300821878887268  0.02300821878888267  0.02300821878889267  1.00000000000000000
  0.00517791112263996  0.16735387579905181  0.16804108493143685  0.16872829406382192
  0.16941550319620699  0.17010271232859206  0.17078992146097710  0.17147713059336217
  0.17216433972574724  0.17285154885813228  0.17353875799051735  0.17422596712290242
  0.17491317625528746  0.17560038538767253  0.17628759452005760  0.17697480365244264
  0.17766201278482771  0.17834922191721275  0.17903643104959782  0.17972364018198289
  0.18041084931436796  0.18109805844675300  0.18178526757913807  0.18247247671152314
  0.18315968584390818  0.18384689497629325  0.18453410410867832  0.18522131324106336
  0.18590852237344843  0.18659573150583350  0.18728294063821854  0.18811397645185601
  0.18901141435604368  0.18990885226023138  0.19080629016441908  0.19170372806860675
  0.19260116597279445  0.19349860387698212  0.19439604178116981  0.19529347968535749
  0.19619091758954518  0.19708835549373288  0.19798579339792055  0.19888323130210825
  0.19978066920629592  0.20067810711048362  0.20157554501467131  0.20247298291885898
  0.20337042082304668  0.20426785872723435  0.20516529663142205  0.20606273453560975
  0.20696017243979742  0.20785761034398512  0.24852464244806555  0.33339034006704932
  0.34015157124391937  0.34691280242078942  0.35367403359765948  0.36043526477452947
  0.36719649595139942  0.37395772712826941  0.38071895830513941  0.38748018948200935
  0.39424142065887935  0.40017917628296185  0.40586333925861828  0.41154750223427472
  0.41723166520993116  0.42291582818558754  0.42859999116124398  0.43428415413690036
  0.43996831711255674  0.44565248008821312  0.45133664306386950  0.45702080603952594
  0.52115453551507085  0.52952980433706121  0.53790507315905156  0.54628034198104192
  0.55465561080303216  0.56303087962502241  0.57140614844701276  0.57978141726900301
  0.63259032334903720  0.71812015155586972  0.77739365555655471  0.79449178390861708
  0.81158991226067922  0.82868804061274148  0.89562605159562914  0.92661666478719584
  0.93860453821538292  0.94490623638884230  0.94813800255457559  1.00000000000000000
  0.04862415393193568  0.05289408885102236  0.05716402377010904  0.06143395868919573
  0.06782430270908033  0.07492017692866085  0.08201605114824136  0.15332440941560033
  0.23019437724401198  0.23893631364036946  0.24767825003672692  0.25642018643308434
  0.26516212282944179  0.27390405922579930  0.28264599562215686  0.29138793201851443
  0.37487246582451889  0.41974607862472202  0.42574045801714094  0.43173483740955987
  0.43753818703583508  0.43853683800160675  0.43953548896737848  0.44053413993315022
  0.44153279089892189  0.44253144186469362  0.44353009283046535  0.44452874379623702
  0.44552739476200875  0.44652604572778049  0.44752469669355216  0.44852334765932389
  0.44952199862509562  0.45052064959086729  0.45151930055663902  0.45251795152241076
  0.45351660248818243  0.45451525345395416  0.45551390441972589  0.45651255538549756
  0.45751120635126930  0.45850985731704103  0.45950850828281276  0.46050715924858443
  0.46150581021435616  0.46250446118012789  0.46350311214589962  0.46450176311167135
  0.46550041407744308  0.46649906504321481  0.46749771600898649  0.46849636697475822
  0.46949501794052995  0.47049366890630168  0.47149231987207341  0.47249097083784514
  0.47348962180361687  0.47448827276938854  0.47548692373516027  0.47648557470093200
  0.47748422566670373  0.47848287663247546  0.47948409593607905  0.48049089295237335
  0.48149768996866760  0.48250448698496184  0.48351128400125615  0.48451808101755039
  0.48552487803384470  0.48653167505013895  0.48753847206643325  0.48854526908272750
  0.48955206609902174  0.49055886311531605  0.49156566013161029  0.49257245714790460
  0.49357925416419884  0.49458605118049315  0.49559284819678739  0.49659964521308164
  0.49760644222937594  0.49861323924567019  0.49962003626196450  0.54354644012785558
  0.55718756988649099  0.57082869964512650  0.58446982940376191  0.59811095916239743
  0.65195875039380524  0.68125160304651577  0.69823713909162088  0.74216148012766248
  0.82810765341843851  0.84487146536509194  0.84487146536510194  1.00000000000000000
  0.07555937369664506  0.23693633705177650  0.24470600743688625  0.25270507077599114
  0.26119466829595395  0.26968426581591676  0.28561040684761968  0.30270064510230643
  0.31979088335699318  0.35066551579644123  0.43415728715610657  0.51764905851577181
  0.60114082987543738  0.66951749319473874  0.68276593043919087  0.69601436768364311
  0.70926280492809524  0.72251124217254747  0.73259580541597003  0.73948654433049255
  0.74637728324501518  0.75046147961001541  0.75143452549274048  0.75240757137546543
  0.75338061725819039  0.75435366314091545  0.75532670902364041  0.75629975490636547
  0.75727280078909043  0.75824584667181538  0.75921889255454045  0.76019193843726540
  0.76116498431999036  0.76213803020271542  0.76311107608544038  0.76408412196816533
  0.76505716785089040  0.76603021373361535  0.76700325961634030  0.76797630549906537
  0.76894935138179032  0.76992239726451528  0.77089544314724034  0.77186848902996530
  0.77284153491269036  0.77381458079541532  0.77478762667814027  0.77576067256086534
  0.77673371844359029  0.77770676432631536  0.77867981020904031  0.77965285609176538
  0.78062590197449033  0.78159894785721529  0.78257199373994035  0.78354503962266531
  0.78451808550539037  0.78549113138811533  0.78646417727084039  0.78743722315356535
  0.78841026903629030  0.78938331491901537  0.79035636080174032  0.79132940668446539
  0.79230513506271982  0.79328228640174414  0.79425943774076846  0.79523658907979278
  0.79621374041881710  0.79719089175784141  0.79816804309686584  0.79914519443589016
  0.80012234577491448  0.80109949711393880  0.80207664845296311  0.80305379979198743
  0.80403095113101175  0.80500810247003618  0.80598525380906050  0.80696240514808482
  0.80793955648710913  0.80891670782613345  0.80989385916515777  0.81087101050418209
  0.81184816184320652  0.83381875990325238  0.83963961534488074  0.84546047078650910
  0.85128132622813746  0.85612682589380396  0.86001364081101406  0.86390045572822427
  0.86778727064543437  0.86974174181620278  0.86974174181621278  1.00000000000000000
 -0.00299199255729514  0.01395391306051197  0.02838838323487677  0.05189374185356941
  0.14576639339840355  0.19180583492911385  0.19955818525218399  0.20731053557525417
  0.21506288589832440  0.22281523622139465  0.23056758654446488  0.23831993686753503
  0.24607228719060520  0.29631226010750794  0.32840711395577604  0.34762890276512870
  0.36685069157448136  0.39622298650661625  0.39732337185953426  0.39842375721245221
  0.39952414256537022  0.40062452791828823  0.40172491327120619  0.40282529862412420
  0.40392568397704220  0.40502606932996021  0.40612645468287817  0.40722684003579618
  0.40832722538871413  0.40942761074163214  0.41052799609455015  0.41162838144746811
  0.41272876680038612  0.41382915215330413  0.41492953750622208  0.41602992285914009
  0.41713030821205810  0.41823069356497605  0.41933107891789406  0.42043146427081202
  0.42153184962373003  0.42263223497664798  0.42373262032956599  0.42483300568248394
  0.42593339103540195  0.42703377638831991  0.42813416174123786  0.42923454709415587
  0.43033493244707383  0.43143531779999184  0.43253570315290979  0.43363608850582780
  0.43473647385874575  0.43583685921166376  0.43693724456458172  0.43803762991749973
  0.43913801527041768  0.44023840062333564  0.44133878597625364  0.44243917132917160
  0.44353955668208961  0.44463994203500756  0.44574032738792557  0.44684071274084353
  0.44794109809376154  0.44904148344667949  0.45014186879959750  0.45124225415251545
  0.45234263950543346  0.45344302485835142  0.45454341021126937  0.45564379556418738
  0.45674418091710534  0.45784456627002335  0.46364164583076217  0.47319202949346384
  0.48274241315616545  0.49229279681886701  0.50184318048156851  0.51139356414427006
  0.52192058535444552  0.61579323689927989  0.70966588844411405  0.79249492253142961
  0.79904406368819414  0.80559320484495867  0.81214234600172319  0.81869148715848772
  0.82524062831525224  0.83178976947201677  0.83833891062878141  0.84488805178554593
  0.85143719294231057  0.90891618287296649  0.97201109488528559  1.00000000000000000
  0.13034122784932453  0.25533367429217413  0.26066734858434820  0.26600102287652233
  0.27139466215941277  0.27736626385451307  0.28333786554961338  0.28930946724471368
  0.34351005140927848  0.40112223829361099  0.41471377842027485  0.42830531854693854
  0.44189685867360223  0.45548839880026593  0.52605853899778066  0.55600461612273810
  0.57353745073008677  0.59107028533743544  0.62500983435825230  0.62601229158313998
  0.62701474880802766  0.62801720603291533  0.62901966325780312  0.63002212048269080
  0.63102457770757847  0.63202703493246615  0.63302949215735393  0.63403194938224161
  0.63503440660712929  0.63603686383201696  0.63703932105690475  0.63804177828179243
  0.63904423550668010  0.64004669273156778  0.64104914995645557  0.64205160718134324
  0.64305406440623092  0.64405652163111859  0.64505897885600638  0.64606143608089406
  0.64706389330578173  0.64806635053066952  0.64906880775555720  0.65007126498044487
  0.65107372220533266  0.65207617943022034  0.65307863665510801  0.65408109387999580
  0.65508355110488348  0.65608600832977115  0.65708846555465894  0.65809092277954662
  0.65909338000443429  0.66009583722932208  0.66109829445420976  0.66210075167909743
  0.66310320890398522  0.66410566612887290  0.66510812335376057  0.66611058057864836
  0.66711116239578439  0.66810940784286010  0.66910765328993571  0.67010589873701132
  0.67110414418408693  0.67210238963116264  0.67310063507823825  0.67409888052531386
  0.67509712597238947  0.67609537141946507  0.67709361686654079  0.67809186231361640
  0.67909010776069201  0.68008835320776762  0.68108659865484333  0.68208484410191894
  0.68308308954899455  0.68408133499607016  0.68507958044314587  0.68607782589022148
  0.68707607133729709  0.69156709188703203  0.69863628448167681  0.70570547707632159
  0.71277466967096637  0.71984386226561115  0.72691305486025592  0.78751474444506919
  0.87316875327213417  0.92095317631195428  0.92966263413122407  0.93819029232696127
  0.94508414325773804  0.95197799418851481  0.95551830927530923  1.00000000000000000
  0.21442406972249356  0.22137954211088220  0.22833501449927085  0.23843124339920160
  0.24895400620539115  0.31305534290516934  0.38307038877610067  0.45308543464703205
  0.52310048051796343  0.56430486234274413  0.56843242553119833  0.57255998871965241
  0.57668755190810650  0.58081511509656070  0.58494267828501478  0.58907024147346898
  0.59319780466192318  0.59732536785037738  0.60145293103883146  0.60558049422728566
  0.60970805741573986  0.61383562060419394  0.61796318379264803  0.62209074698110223
  0.64566595676720695  0.71568100263813839  0.78569604850906982  0.85571109438000126
  0.91676152713224135  0.91749464476725240  0.91822776240226356  0.91896088003727472
  0.91969399767228577  0.92042711530729693  0.92116023294230809  0.92189335057731914
  0.92262646821233030  0.92335958584734135  0.92409270348235251  0.92482582111736367
  0.92555893875237472  0.92629205638738588  0.92702517402239704  0.92775829165740809
  0.92849140929241925  0.92922452692743041  0.92995764456244145  0.93069076219745261
  0.93142387983246366  0.93215699746747482  0.93289011510248598  0.93362323273749703
  0.93435635037250819  0.93508946800751935  0.93582258564253040  0.93655570327754156
  0.93728882091255261  0.93787688659688750  0.93840626349741973  0.93893564039795185
  0.93946501729848408  0.93999439419901631  0.94052377109954843  0.94105314800008066
  0.94158252490061278  0.94211190180114501  0.94264127870167713  0.94317065560220936
  0.94370003250274159  0.94422940940327371  0.94475878630380594  0.94528816320433806
  0.94581754010487029  0.94634691700540241  0.94687629390593464  0.94740567080646687
  0.94793504770699899  0.94846442460753122  0.94899380150806334  0.94952317840859557
  0.95005255530912780  0.95058193220965992  0.95111130911019215  0.95164068601072427
  0.95217006291125650  0.95269943981178862  0.95322881671232085  0.95375819361285308
  0.95428757051338520  0.95481694741391743  0.95534632431444955  0.95587570121498178
  0.95640507811551401  0.95693445501604613  0.95714879433313993  1.00000000000000000
   2.0816660127245994E-010  -1.0000000000000000     
 F F F F F F F F F F F F F F F F F F F F F F F F F F F F F F F F F F F F F F F F F F F F F F F F F F F F F F F F F F F F F F F F
  <DiscreteSampler_grid>
  grouped_processes
  1 # 1 for a reference and 2 for a running grid.
  10 # Attribute 'min_bin_probing_points' of the grid.
  1 # Attribute 'grid_mode' of the grid. 1=='default',2=='initialization'
  0.0000000000000000 # Attribute 'small_contrib_threshold' of the grid.
  0.5000000000000000 # Attribute 'damping_power' of the grid.
 # binID   n_entries weight   weight_sqr   abs_weight
    10   10   1.322442284901484E+004   1.583897351252000E+009   1.322442284901484E+004
  </DiscreteSampler_grid>
