  0.00970324538563840  0.01509762962400207  0.02418827451710670  0.03598667735442519
  0.04670816879463145  0.05587198894944834  0.06445193178800289  0.07286202812772963
  0.08186360481016768  0.09119241827057052  0.10062224301790829  0.11059428258409337
  0.12145581866163262  0.13252161774229818  0.14320821778000073  0.15367777638265218
  0.16408922769662795  0.17463264178478896  0.18516324655714031  0.19534378947925773
  0.20533831017979595  0.21510423776331955  0.22480027285696910  0.23486257822413145
  0.24499396821110500  0.25597100562885611  0.26661473542514752  0.27707640851487353
  0.28664928558565078  0.29649986582726418  0.30633794823647614  0.31636407087124468
  0.32598414587176294  0.33630667665411601  0.34797532906771428  0.35988072856734921
  0.37143915176414999  0.38307295646433226  0.39469326235749302  0.40631958169853460
  0.41773154818341773  0.42914642290581428  0.44076474030736768  0.45239788506902345
  0.46368412982487300  0.47538511586101956  0.48600244112451607  0.49638822787962000
  0.50610429300112791  0.51537467614258936  0.52444550454491967  0.53299085084152598
  0.54121198188121189  0.55017584964248967  0.55958089158508351  0.56903384864196993
  0.57864358244995673  0.58906955433102248  0.59915981806827656  0.60866023048155860
  0.61824093474365682  0.62829417432099788  0.63868840358428647  0.64811332719998405
  0.65826776635314599  0.66872879847993771  0.67984458278403270  0.69137001958870292
  0.70272046066645355  0.71343211188734557  0.72468984262504799  0.73530713117618818
  0.74622720063849834  0.75726085094739592  0.76876499486935879  0.77955145841024576
  0.78996222254550819  0.80005438515010674  0.81041074300308069  0.82016003352177969
  0.83043053045747950  0.84088509880924212  0.85104982915394778  0.86077181473506748
  0.87058112692086653  0.88071764252339291  0.89091083865590770  0.90145165627875012
  0.91263141896806221  0.92388346316243786  0.93506093733072437  0.94680360622172832
  0.95942654991377141  0.97257002810209359  0.98617707982808300  1.00000000000000000
  0.00110645341414181  0.00158198471397688  0.00186228982147896  0.00208055841373992
  0.00227370863483518  0.00245058376644581  0.00262298314330076  0.00278839052882414
  0.00294958740766806  0.00311161702416091  0.00327088902761509  0.00342970118447861
  0.00359231918533700  0.00376162399921255  0.00394288973126156  0.00413638082594333
  0.00432880139921415  0.00450870182169362  0.00468252656255229  0.00486073783061724
  0.00504765202899960  0.00524293364597579  0.00543995344939839  0.00564982274284407
  0.00585993405722793  0.00608774155188174  0.00631976867083396  0.00656564114919079
  0.00681441910669294  0.00707354727565982  0.00733793595962360  0.00761698194089239
  0.00789954823858946  0.00818345880411953  0.00846519492999277  0.00877321373868994
  0.00911097635869541  0.00946145198056221  0.00980588177396203  0.01014171602240868
  0.01046051593052682  0.01076955845907515  0.01107213332231266  0.01135104570676275
  0.01163693876118651  0.01192221662527686  0.01220771124143175  0.01252378880970255
  0.01285217662331681  0.01320271847587541  0.01354892152077058  0.01390661014877609
  0.01432263801289278  0.01477396255640303  0.01522525790400980  0.01572526965929584
  0.01623252699581004  0.01673164873339998  0.01721220480899438  0.01767696365055299
  0.01817807040180886  0.01873182943410825  0.01929183739505514  0.01982036004297588
  0.02035155295751013  0.02091918165148024  0.02151910679619429  0.02215316495533179
  0.02288066749706194  0.02372094073791953  0.02464930995756512  0.02560655141763011
  0.02651461308880279  0.02738772828128519  0.02830819370779940  0.02931137983368060
  0.03032776377006782  0.03139247354176876  0.03258700905209586  0.03400379813969125
  0.03580944569861454  0.03756336425546410  0.03897875714918773  0.04049662879826327
  0.04205985835814710  0.04402855254386175  0.04665430168125109  0.04991112855358383
  0.05329622863348508  0.05480878607146866  0.05923094833609097  0.06438889026183089
  0.06930904148281083  0.07112730935271273  0.41219432878065376  1.00000000000000000
 -0.00000169020161555  0.00000580164949674  0.00001822544391719  0.00003036925397680
  0.00004188872405892  0.00005315985974887  0.00006431529991216  0.00007526804971433
  0.00008607771804575  0.00009682973012147  0.00010750794884260  0.00011917266444659
  0.00013180939709973  0.00014556475184637  0.00015797413918677  0.00017151889921648
  0.00018412213063404  0.00019927934264545  0.00021418266719157  0.00022913215972111
  0.00024432570693414  0.00026003114586149  0.00027645303332147  0.00029393481026120
  0.00031313873847542  0.00033451102356784  0.00035857835507254  0.00038362227002756
  0.00040943735676055  0.00043602922122951  0.00046356314983541  0.00049206177840992
  0.00052076564854593  0.00055127545493187  0.00058123140217330  0.00061167620629054
  0.00064267042763848  0.00067496379043533  0.00071006455992228  0.00074837787186053
  0.00078792216484245  0.00082849028905663  0.00086947525874580  0.00090953299359612
  0.00095217055590924  0.00099682760528789  0.00104544726297658  0.00109902126273610
  0.00115590882754170  0.00121799338437153  0.00128714949244484  0.00136379797829483
  0.00144722865876294  0.00153666553141161  0.00163180504443365  0.00173279539179095
  0.00183655382339825  0.00194087743355857  0.00205487354625434  0.00217616620523270
  0.00229835488205471  0.00242120795703087  0.00255495631440453  0.00269807340436520
  0.00286684337139633  0.00305549654994275  0.00324916673445134  0.00344521280346424
  0.00365125311196550  0.00388022523476440  0.00413707039427823  0.00447105785453092
  0.00482539229757903  0.00515301273814951  0.00551453391100386  0.00589180754779767
  0.00630951427775038  0.00679925638582527  0.00737316715813777  0.00803254511167012
  0.00884373752972579  0.00974433022781029  0.01068977458521845  0.01166471320560510
  0.01274696834236878  0.01400272868902087  0.01581179308917184  0.01834799601269640
  0.02113226637005861  0.02420273454902769  0.02792820978102296  0.03440191211880893
  0.04213459227601115  0.05114575294499007  0.06944714527497590  1.00000000000000000
 -0.00381027978004712  0.01224873081297307  0.02397771626108280  0.03463143733637367
  0.04545200725339046  0.05631900931627452  0.06709950891401793  0.07752484180318435
  0.08871757305592015  0.10077677344749873  0.11269349089465182  0.12429848474170416
  0.13531782748385948  0.14571473159656681  0.15627635700601628  0.16704721290918545
  0.17778507022589093  0.18841098068198381  0.19895625544551965  0.20983540230665207
  0.22097726235489942  0.23190553930378091  0.24279086423406723  0.25367804100026570
  0.26472211709821125  0.27578117752066933  0.28629971862816589  0.29624925330970253
  0.30610597157737679  0.31710545884941660  0.32912630047291758  0.34029150609743664
  0.35069071588643730  0.36082763937686779  0.37148087186716089  0.38144309464794168
  0.39108726067561328  0.40111824601436896  0.41165440289708638  0.42211016243396482
  0.43256081211985908  0.44274804543636198  0.45291109571795390  0.46295443636590433
  0.47270848780771774  0.48193276061668261  0.49087975811312906  0.49919980366553035
  0.50766377396287510  0.51579978884936262  0.52480145669677203  0.53529693921046950
  0.54597590287823161  0.55673130919299196  0.56725293637612606  0.57702664073912568
  0.58605527485304476  0.59493021037806182  0.60409057077419015  0.61417835858744874
  0.62497876953248088  0.63654564537804215  0.64847416392763180  0.65995271076045636
  0.67078577395092431  0.68071203090637278  0.69070430637192748  0.70117101883689203
  0.71260766425673716  0.72379304047757820  0.73516892380174470  0.74626223461519459
  0.75671697137819283  0.76631305202360744  0.77541381675118470  0.78437057482930517
  0.79345430709179077  0.80314018647412078  0.81322530181660291  0.82345876673618246
  0.83359981781689729  0.84387271643775219  0.85399234533828838  0.86345184438033462
  0.87258257636713432  0.88180994203383756  0.89130566374985287  0.90124259740128054
  0.91128208680633271  0.92301266142145522  0.93547803354400993  0.94845135609409215
  0.96137179125576233  0.97367712156441077  0.98640535638907589  1.00000000000000000
 -0.00218498810133024  0.00881516047844262  0.01731287984118043  0.02634507942389010
  0.03555312133902897  0.04506070408253811  0.05530437161654723  0.06622998331120206
  0.07832667068333703  0.08965077358411616  0.10069480820354675  0.11176179402479734
  0.12306176511407275  0.13408835519274481  0.14462074736604397  0.15460134900551528
  0.16427035169945539  0.17414391613210728  0.18399784877645881  0.19363680864339466
  0.20373878900093831  0.21421880997999856  0.22469025032684511  0.23515825155380918
  0.24576755072100501  0.25756017449973023  0.26965013436230778  0.28063218613443341
  0.29084298225712335  0.30136436313210824  0.31245014622275830  0.32360183237162893
  0.33481316893035262  0.34585068239197170  0.35693642963250427  0.36836493367470291
  0.37966508429214085  0.39085896216413341  0.40242162432459216  0.41421135678071547
  0.42553949422887394  0.43626076520952806  0.44669762277102676  0.45735090636683734
  0.46819095301886782  0.47879120855217344  0.48941923119856717  0.50005576054649414
  0.51130122247660770  0.52257476047626794  0.53321655814345492  0.54329963900900580
  0.55288228751628454  0.56194340270089149  0.57088570544672135  0.58029931056306994
  0.59146870537447271  0.60401320420148052  0.61655660989740713  0.62784508024897268
  0.63631934618839392  0.64547445022809768  0.65456040032994089  0.66349271394613807
  0.67247675871577683  0.68185232940294915  0.69238014691333916  0.70466884128745699
  0.71708463702487235  0.72912103909851778  0.74028027341149227  0.75152128856875733
  0.76242393325521840  0.77261691697796886  0.78257490923721762  0.79306617237917665
  0.80430541032999647  0.81513042057861451  0.82527057853814345  0.83553023413733418
  0.84599543353829354  0.85699400501557965  0.86727886742512239  0.87756908793995003
  0.88826817938047009  0.89912808631337571  0.90922100121082305  0.91869066552113576
  0.92820323733644838  0.93813256733339501  0.94858606402865175  0.95885766576762010
  0.96882388387739715  0.97913635034738289  0.98912385680708237  1.00000000000000000
 -0.00133223340345735  0.00526528212428732  0.01141872785862539  0.01788477170202496
  0.02433384595556526  0.03076668109502340  0.03720429534311850  0.04366403603574388
  0.05016998404189913  0.05671783874658483  0.06373503181322404  0.07173290804138359
  0.07966345628799044  0.08703614825928430  0.09406501406924572  0.10100895820958598
  0.10798512894429337  0.11500975474442611  0.12218379866586584  0.12954557283527252
  0.13690462880772872  0.14384645681887478  0.15104065853835194  0.15776791694010103
  0.16539388168417574  0.17267711920156528  0.18043963683266473  0.18789022787640153
  0.19522214466364704  0.20251689656612187  0.20975495857070031  0.21726046493097612
  0.22488922719469676  0.23221727585474722  0.23926040472591112  0.24672498796872699
  0.25460317379969155  0.26274927071480503  0.27062066466548462  0.27857175864416639
  0.28624014881235882  0.29383091030744640  0.30188082718781839  0.31075694977501955
  0.32050865478195101  0.33040021239073125  0.33985252118157022  0.34903142421497108
  0.35832810912703394  0.36726365722842996  0.37613757332481385  0.38515339780674446
  0.39400592341607665  0.40328049480754286  0.41284790714874670  0.42261703085044444
  0.43308529097387705  0.44366969273502621  0.45434637634291225  0.46472383201094258
  0.47479813340893329  0.48502353084517125  0.49566947302650566  0.50667735462782859
  0.51802051985273878  0.52885192314374141  0.53883656870476437  0.54921203105064798
  0.55967405391572256  0.56987270436969395  0.57968143574232844  0.58999304393498686
  0.60171827232403852  0.61454045097321264  0.62787543658054645  0.64208413592236990
  0.65515972919459398  0.66760911454856953  0.67998199071665633  0.69282941929892472
  0.70606580955823861  0.71977352799763683  0.73374301085474536  0.74789383960172540
  0.76200022076833218  0.77735316556913536  0.79540327436259339  0.81467713491756422
  0.83379181338609498  0.85307353073250103  0.87420730755839604  0.89547966563794379
  0.91867572198732506  0.94334714652225116  0.97011618401173427  1.00000000000000000
 -0.00218916676353248  0.00788062980287300  0.01719884431616860  0.02845186423512925
  0.03987556442155081  0.05074986564440960  0.06141312143643583  0.07351393730037389
  0.08472593517316182  0.09441290575303975  0.10439184491002480  0.11486692060856754
  0.12518828054876568  0.13570873660139976  0.14642599504425660  0.15803783581610517
  0.16977864972552276  0.18130766972189255  0.19287737089044688  0.20372055878618928
  0.21361265247338346  0.22243636802239969  0.23154874180997653  0.24054309240035093
  0.24938629246304261  0.25860178617245161  0.26793866930165067  0.27851483820071149
  0.28996553956220972  0.30174236283723249  0.31321797755209857  0.32413825780477334
  0.33472508305265147  0.34531366836351934  0.35553394630705848  0.36535846011924566
  0.37535460117272634  0.38551505833345062  0.39615951584494707  0.40631121859307823
  0.41658118669460509  0.42545526699561542  0.43487981215174493  0.44499058048687490
  0.45688998068443532  0.46749243830051446  0.47797661610294140  0.48787778035941459
  0.49806686966515784  0.50873574417484568  0.51956624275877639  0.53058033839840335
  0.54191743990088581  0.55388850583022231  0.56582719437217921  0.57716936632943561
  0.58784491933675231  0.59824593073868082  0.60865954071707673  0.61923914188420537
  0.63015804594396629  0.64059753023057808  0.65037064772047937  0.65956887962435740
  0.66914226262151222  0.67954049879946554  0.69001571516812066  0.70033461290210508
  0.71037414518872277  0.72057518970407874  0.73092215458098408  0.74205335001301442
  0.75284008373561295  0.76335991265332181  0.77384954655762761  0.78550528045139256
  0.79717689841455908  0.80827776636427073  0.82028877755781149  0.83256389138108944
  0.84420066165950358  0.85571944696533619  0.86781671741054500  0.87939976751787230
  0.89058135555371443  0.90242876375980108  0.91405585586936622  0.92482577487424478
  0.93515285251246527  0.94497956955712037  0.95471588558141596  0.96427242800600821
  0.97351598704987596  0.98220908942579332  0.99088121129640583  1.00000000000000000
 -0.00211615276351649  0.00938157526471707  0.01976350542953029  0.03040118742206729
  0.04143514364613085  0.05226417572298198  0.06261846602098467  0.07138533634058974
  0.08011559468748072  0.08964888855256126  0.09896965917988469  0.10810896172221800
  0.11736473557002050  0.12803982331503877  0.14020137128146859  0.15182805336221142
  0.16244629981105296  0.17293253683115883  0.18343960575373702  0.19418402658866810
  0.20494944303872467  0.21631960061425920  0.22671637498420755  0.23650786235204466
  0.24574350951544024  0.25587314464352823  0.26506505521153229  0.27474843605105681
  0.28459774020446660  0.29496975145331883  0.30548514265330079  0.31648771676024234
  0.32754456138412369  0.33902461362753372  0.35070776555851657  0.36242057550863305
  0.37352217457368736  0.38379568792461866  0.39400912731806031  0.40455245666228989
  0.41542101083333882  0.42617624645555324  0.43760348266571025  0.45018330343947488
  0.46223321087452013  0.47312536229717533  0.48349251622907857  0.49304490043952653
  0.50218232077643676  0.51148161345508103  0.52121973560320389  0.53108026059927638
  0.54077412423894855  0.55105577630188496  0.56182453203406646  0.57265839468442781
  0.58386904002478257  0.59592616386985131  0.60732792130224678  0.61781711796966032
  0.62801221870398305  0.63855289529774728  0.64952765657157985  0.66048407968494172
  0.67168104216565683  0.68301014567753426  0.69356977230901329  0.70351412339170893
  0.71354322652942104  0.72441293230263992  0.73625241819225629  0.74909584100986226
  0.76146249834870960  0.77379812773966583  0.78514308869303584  0.79633910743780412
  0.80735742654634557  0.81926124530830635  0.83123945556950218  0.84169654335480049
  0.85124411684126355  0.85995083904716052  0.86862293709082516  0.87798821038630681
  0.88816443668664824  0.89829676133280389  0.90832720458361194  0.91835238594658819
  0.92879929741074752  0.93923956085737181  0.94973276808892637  0.96002582804014425
  0.96996496364789553  0.97925925742259812  0.98967460829616472  1.00000000000000000
 -0.00959530867954412  0.35298710596823496  0.45805243259683232  0.52366668628425095
  0.57064273400288368  0.60745161780030110  0.63782942146462662  0.66328290905744192
  0.68394759753336065  0.70255190819087943  0.71991301421899112  0.73437680586606424
  0.74693900026879090  0.75902103149827083  0.77061111526322557  0.78034587888659923
  0.78972383391353584  0.79838962192178442  0.80688400842983887  0.81475290846189963
  0.82213243669934688  0.82915869073470594  0.83578033206889990  0.84190823222770761
  0.84776325395328278  0.85330893792587470  0.85841158936280160  0.86326613396386942
  0.86797582593104849  0.87240017439296502  0.87652270664903809  0.88040637394860433
  0.88420163953887287  0.88793558890237201  0.89163838444114285  0.89509863899083875
  0.89819941427814864  0.90114022854684162  0.90403624347526612  0.90704142933355481
  0.91019922935477748  0.91323715444005582  0.91602157054578282  0.91864475486017116
  0.92109444043550937  0.92348462275732246  0.92578168687813789  0.92796326278015318
  0.93004730795718338  0.93205051963088192  0.93409953803237911  0.93611351627621309
  0.93799288053596031  0.93988298356831224  0.94176291253304223  0.94358689895067382
  0.94535537539882275  0.94708638575155701  0.94877833144611867  0.95041774830296133
  0.95200763376192521  0.95356838334046712  0.95510153130622122  0.95666224868115768
  0.95819209780871295  0.95967808363742368  0.96110221704336496  0.96246031862139836
  0.96381702503126510  0.96517373896487679  0.96643769250738831  0.96770289746365579
  0.96898732171543678  0.97031073031620207  0.97169098281095345  0.97302361659334646
  0.97431419488805393  0.97559421528358681  0.97687622656543782  0.97814597470739062
  0.97935736671391671  0.98054269151274043  0.98171346715491981  0.98284938982851477
  0.98392983510029297  0.98501370117241205  0.98612361073069443  0.98726789443751417
  0.98843578957350553  0.98959590561061428  0.99078885555404161  0.99204371478105025
  0.99337406163592146  0.99488420018357815  0.99694508307660901  1.00000000000000000
   5.1232994982944235E-017  -1.0000000000000000     
 F F F F F F F F F F F F F F F F F F F F F F F F F F F F F F F F F F F F F F F F F F F F F F F F F F F F F F F F F F F F F F F F
  <DiscreteSampler_grid>
  grouped_processes
  1 # 1 for a reference and 2 for a running grid.
  10 # Attribute 'min_bin_probing_points' of the grid.
  1 # Attribute 'grid_mode' of the grid. 1=='default',2=='initialization'
  0.0000000000000000 # Attribute 'small_contrib_threshold' of the grid.
  0.5000000000000000 # Attribute 'damping_power' of the grid.
 # binID   n_entries weight   weight_sqr   abs_weight
    10   10   5.297567658482761E-006   2.474894329514197E-010   5.297567658482761E-006
  </DiscreteSampler_grid>
