  0.01007250294692323  0.01476725757259347  0.02280752020332983  0.03244569755421594
  0.04286975150730194  0.05343289017081995  0.06364894620661135  0.07352999733013225
  0.08338022415940191  0.09317140901801137  0.10311821050493267  0.11384155422426481
  0.12501246704952251  0.13630168477400922  0.14673714296177948  0.15664563212337224
  0.16622817691248609  0.17615808416586815  0.18670314808367838  0.19777752374896568
  0.20881750406149088  0.21971858932812768  0.23082701137655567  0.24199943516378136
  0.25307646843064158  0.26374761180979533  0.27413581558412031  0.28454275341905522
  0.29516936233689378  0.30589661602657814  0.31674408935910336  0.32832925396602874
  0.33919258939696106  0.35077296241032863  0.36115708164393168  0.37148692702830233
  0.38197700998089629  0.39249704913502581  0.40408076707216750  0.41516406795371813
  0.42652169837390641  0.43762398461966417  0.44825817143951119  0.45977167435013933
  0.47011562982453547  0.47984171165389594  0.48979897094093833  0.50050596625420618
  0.51076415365791383  0.52069509475923714  0.53016167692279625  0.53951089418317710
  0.54913997939035952  0.55886091356778844  0.56945139374033416  0.58090682527356741
  0.59238901792609622  0.60355149644591566  0.61421482769093616  0.62411061721518302
  0.63444720653720110  0.64436748222886142  0.65418200689191131  0.66403776388263691
  0.67436952716469589  0.68445632125745504  0.69333793263793242  0.70131332250689193
  0.71007070738326827  0.71996141599061958  0.73036449674939785  0.73988514034101760
  0.74904441521920195  0.75858384320338812  0.76875762657143409  0.77871673454707901
  0.78851451661389105  0.79828314757117913  0.80847735050828951  0.81857879442304149
  0.82864409323282606  0.83899447614147782  0.84973875308103519  0.86086038089701955
  0.87186116464013641  0.88264944240686649  0.89339688222427482  0.90441016174548938
  0.91586561353409690  0.92730942535239957  0.93847274028967587  0.94969924655524707
  0.96042578196251782  0.97079286629201389  0.98101820225585579  1.00000000000000000
  0.00002601087966035  0.00005373632335868  0.00007773452856878  0.00010375646126463
  0.00013245194651461  0.00016459021695462  0.00019997247637347  0.00023780325684658
  0.00027622339747618  0.00031215674708520  0.00034803324200756  0.00038913301821299
  0.00043862840895276  0.00049311539469788  0.00055077196693710  0.00061372400636061
  0.00068071051158628  0.00074760250757607  0.00081697093524451  0.00088709780067648
  0.00095886543994379  0.00103575743731473  0.00111657818412396  0.00119699849068236
  0.00127892357662927  0.00136374681443292  0.00144719551157387  0.00154128392291898
  0.00164180883584806  0.00174639524434985  0.00185398528850706  0.00196333999080017
  0.00207541755225485  0.00219125616912073  0.00230699518615067  0.00242388033064743
  0.00255339165844505  0.00268621684976289  0.00281995085135798  0.00296045264889877
  0.00310071408768921  0.00324586625838324  0.00340809144758363  0.00356873718186732
  0.00374572721175127  0.00392528155327478  0.00411787122412663  0.00431285953505194
  0.00450382849074364  0.00469871360144353  0.00490232362479710  0.00511251228614009
  0.00533506975564668  0.00558099173441164  0.00583953116371520  0.00611081258601913
  0.00639620147506938  0.00669932947165417  0.00702374244020639  0.00736613822868721
  0.00772249660455085  0.00810287988214561  0.00851026565823036  0.00894970362455540
  0.00941300896143618  0.00989406172916893  0.01038851963991449  0.01087906539135835
  0.01138928230909881  0.01190253002777035  0.01245125718867006  0.01308497770253077
  0.01374366567292731  0.01447257535891441  0.01521962866765588  0.01611067933592506
  0.01707040233514754  0.01808343336147414  0.01904175603924239  0.02028626247479953
  0.02165193881725509  0.02327097961184164  0.02506276798287599  0.02691094982534911
  0.02888146668299726  0.03147397441699662  0.03455644752947547  0.03779476097179578
  0.04159442499635222  0.04709787520925997  0.05632737134295915  0.06833114264787575
  0.08370975618609421  0.11934771262709395  0.28552029970561510  1.00000000000000000
  0.00002173530345296  0.00009772365794580  0.00021848508374482  0.00037509607313129
  0.00056744792860336  0.00078179885540736  0.00100428348744386  0.00125007316942769
  0.00151097144746879  0.00179597332919401  0.00211271176972100  0.00243691377238839
  0.00274221799429210  0.00304713967661007  0.00337251322464663  0.00371150292108357
  0.00405844886398561  0.00440447832999196  0.00476389123670303  0.00515186794441749
  0.00556839238687274  0.00599645710006622  0.00641302066118804  0.00683554064532934
  0.00723509076054609  0.00763317076406225  0.00805538060710840  0.00849733884142312
  0.00895099676454412  0.00940629300771948  0.00985236302929674  0.01030319837523014
  0.01081624045345369  0.01132443739574899  0.01184854872269594  0.01237556770767644
  0.01291648384902776  0.01348460399293015  0.01407950555213968  0.01466828436532837
  0.01526329458533436  0.01588915908287874  0.01653371480126603  0.01718276269024789
  0.01788249444583150  0.01856012827482382  0.01927658552354379  0.02003795382323461
  0.02085567877941211  0.02168985475363263  0.02253697319299530  0.02339974460192005
  0.02427709355751056  0.02516532140052654  0.02609253571921942  0.02703689762345730
  0.02803396329739299  0.02907752762642284  0.03016145456363406  0.03129332899385268
  0.03251692522147289  0.03383846639353646  0.03522779578036104  0.03665140002539529
  0.03821356748025251  0.03992279987693621  0.04155150209377569  0.04324942059296272
  0.04510312218674861  0.04697791187465025  0.04902471024649961  0.05101302804912188
  0.05297294914642941  0.05497731912642002  0.05706886653964183  0.05932915041011875
  0.06188404857620729  0.06455440036801607  0.06728584860527685  0.07014533215137086
  0.07384813911072087  0.07778395312161943  0.08215717491222477  0.08699391932079142
  0.09244119199355823  0.09906943398454532  0.10519018558708819  0.11145176737947289
  0.11827071268970750  0.12646552737445443  0.13731711075491554  0.16828498600766992
  0.28184918125368291  0.33063713539956524  0.39242874566310165  1.00000000000000000
 -0.00219919427221202  0.01039185856201599  0.02124532258187606  0.03326634071696470
  0.04454018924539162  0.05510981242302530  0.06592180784827971  0.07700458298064411
  0.08783246756850348  0.09796788823232407  0.10808895155381762  0.11853688048432577
  0.12894473288430269  0.13855799814581618  0.14786837237173517  0.15659092733237046
  0.16529275579296154  0.17445044235337426  0.18429602773966403  0.19489019623535164
  0.20582221911422369  0.21658155188100592  0.22708442896347419  0.23749885517737651
  0.24798810928836326  0.25901262616747978  0.27068567206097482  0.28224140201154380
  0.29353691554730182  0.30394338799876147  0.31362326020156400  0.32302081703677116
  0.33234526775412393  0.34132330989567927  0.34981520654609743  0.35884049458115219
  0.36845754129709807  0.37802435961408354  0.38697738010982630  0.39626649357985405
  0.40644736796866510  0.41727321224155889  0.42823135426908671  0.43926382039214273
  0.44997312904118070  0.46106609494711825  0.47202081193455714  0.48272143686743252
  0.49220746322040038  0.50170292725303689  0.51198997122011380  0.52280815409807146
  0.53383645119873702  0.54524213631534479  0.55666075682327498  0.56756044794294247
  0.57822209001283420  0.58896181708265338  0.59985477001249865  0.61076361361913256
  0.62140238473338016  0.63209055008466730  0.64290504189843689  0.65386845583845798
  0.66499196845679154  0.67522635803291731  0.68556085882431261  0.69623152140584943
  0.70796234763658006  0.71913871383906203  0.72979053836023300  0.74017918393344684
  0.75027315962408492  0.76047174341390233  0.77071740630292540  0.78125363955622229
  0.79182462126889530  0.80129495026888842  0.81059104187874775  0.82038682007359676
  0.83114987374296911  0.84251111207021268  0.85397521195623449  0.86626954183186555
  0.87965005473392521  0.89272383581367865  0.90468992865184672  0.91607836577466040
  0.92664755968428669  0.93665367775057251  0.94644503941070923  0.95670554902392635
  0.96751013301290922  0.97791926789115058  0.98868394958493333  1.00000000000000000
 -0.00256316311075243  0.01096654533584223  0.02253627598083140  0.03461054726261845
  0.04639922184510523  0.05805437832911071  0.06859179289058728  0.07787196342154791
  0.08747107825907083  0.09720729473524524  0.10718666223056190  0.11670665167140507
  0.12568869877403810  0.13581800801018734  0.14567416453491214  0.15577812673566263
  0.16550553660589259  0.17539391592113124  0.18577678359341118  0.19631850813874871
  0.20708122986393945  0.21768906950280589  0.22903858772177746  0.24084835399687549
  0.25267398202371644  0.26444612549902746  0.27558452854948567  0.28557233411725091
  0.29553935507793228  0.30610874470747235  0.31750345209594438  0.32879586946687850
  0.34025080297557381  0.35193313178201163  0.36266829831530945  0.37382179686755490
  0.38369665628926664  0.39337748066119460  0.40264919492266688  0.41215457584450388
  0.42216568152468975  0.43174501677998811  0.44148912302569376  0.45149171029464402
  0.46152893732744316  0.47225518792182197  0.48314023713791437  0.49446228908799805
  0.50542096834727235  0.51581783997447062  0.52612571194705759  0.53623956193274513
  0.54637225491680597  0.55661469869838454  0.56839767720451850  0.58146891532509382
  0.59354071490365834  0.60498124672313680  0.61605481648892835  0.62720725022681534
  0.63735644949445269  0.64753212478161470  0.65835720266692865  0.66933206148053070
  0.68040661675008196  0.69098359887971050  0.70102933362136721  0.71058847850004636
  0.71990396624951669  0.72952411751076029  0.73942756900999951  0.75013385868609217
  0.76149652718644600  0.77276268149330418  0.78341448661214219  0.79360667886298819
  0.80366730564087174  0.81346965905858493  0.82353061614869516  0.83427757506780642
  0.84566402090776815  0.85753509803277328  0.86862500037918378  0.87913938461514696
  0.88942546778590159  0.89951607172342418  0.90949031226743693  0.91974247904960627
  0.92943240947582972  0.93910654464031285  0.94830864415406502  0.95792792083410794
  0.96842891008587750  0.97918532402946989  0.98977381145549792  1.00000000000000000
 -0.00302366823833007  0.01154217650250709  0.02331691323740806  0.03460983778110634
  0.04486252727123204  0.05495340064913673  0.06515504561663157  0.07575000580509217
  0.08644694741075706  0.09752692218288533  0.10874274478763771  0.11970172339097299
  0.13049709537191478  0.14098800371089898  0.15210575280726057  0.16368288171539103
  0.17451296273918745  0.18483980647928638  0.19484895008033404  0.20461402521767780
  0.21445862496156065  0.22436176048534359  0.23498870008648712  0.24645448690198626
  0.25830279767354197  0.26987473341880752  0.28077048958279538  0.29108479741606813
  0.30144849426969983  0.31214399514000374  0.32331049686122959  0.33457403276618236
  0.34547168910239973  0.35628432415998040  0.36694612961277961  0.37779448357753648
  0.38842955212539654  0.39900422755007731  0.40995974042495564  0.42018714245415223
  0.43083357016205576  0.44085557988748042  0.45103636559558635  0.46109713330200131
  0.47129036943010444  0.48130143253597063  0.49066577345984452  0.50009337063443282
  0.50995668829106544  0.52013113313128201  0.52980220323366578  0.53967821849384079
  0.55031356909941243  0.56176744847681703  0.57293626232975126  0.58403722007109082
  0.59803708312247250  0.60994232507494961  0.62025911021410107  0.62989085816070045
  0.63973355764987205  0.64947597367850662  0.65913022350666439  0.66870368246554113
  0.67859742346554641  0.68831621480827543  0.69845142807575589  0.70938449790734270
  0.72108256211007904  0.73212660555089137  0.74169032367050003  0.75147305303388434
  0.76125614977500444  0.77075765573205013  0.77959493940389357  0.78819910967576434
  0.79736412569939019  0.80747875048819784  0.81828953594586473  0.82863395315878752
  0.83893268911271202  0.84919004231933737  0.86070191512254846  0.87212218484749771
  0.88269393425493181  0.89331754757557691  0.90455466913613269  0.91590593892773753
  0.92718841628134385  0.93765583965013244  0.94890640878547672  0.95950735218930128
  0.97012952598477409  0.98027935196985738  0.99015154553123164  1.00000000000000000
  0.01064358091161619  0.01337509651059609  0.01616765521182294  0.01830436797806881
  0.02015512362905898  0.02203857517992209  0.02392000634665382  0.02574473556757235
  0.02755395666732394  0.02929715267028828  0.03106076070651522  0.03284792750478695
  0.03462265461385414  0.03634364676119147  0.03806985667831978  0.03982597899017241
  0.04157967585327044  0.04318688925622776  0.04478755127385232  0.04638567261650148
  0.04796602429994538  0.04954594882585815  0.05115335198802588  0.05275878674515729
  0.05434588233060156  0.05603843880060386  0.05785736100557597  0.05969279832023602
  0.06148084066259078  0.06325082741196389  0.06494774178984808  0.06660085338572683
  0.06829076081136069  0.07006569832970577  0.07189809829425728  0.07381841168353571
  0.07576639203973166  0.07768107828464889  0.07959466736808898  0.08144343985772000
  0.08329267152049477  0.08534103389420380  0.08747681696034401  0.08969996062446112
  0.09182926088989470  0.09392893748660416  0.09601653088847587  0.09808978976199863
  0.10020755744699282  0.10238225637362726  0.10465907436511145  0.10701821347756270
  0.10938450467075370  0.11178998895856623  0.11421022241443374  0.11675212972113877
  0.11940048238569219  0.12210165328771876  0.12506382287143608  0.12806966751493210
  0.13118087239083487  0.13406844853450922  0.13697793362141636  0.13975797748292937
  0.14239602449015343  0.14510145260436944  0.14791653644623268  0.15108874399794267
  0.15426764834231735  0.15753662786461867  0.16082270170118657  0.16428502506967724
  0.16839235032835806  0.17326394246002919  0.17892695981974197  0.18556312447035272
  0.19127510425035599  0.19638699711188912  0.20144287353632881  0.20526124237057430
  0.20992046734715430  0.21588056069527253  0.22386178108146002  0.23257446956256128
  0.24192557284501098  0.25056018744384734  0.25798058423397507  0.26567345687970401
  0.27583672064925879  0.29296443703235109  0.33658427826371029  0.35966425934936525
  0.38240971395513812  0.40033122243417407  0.50246707922896627  1.00000000000000000
 -0.00357620094151249  0.01512406750090589  0.02878147634095741  0.04323783831798118
  0.05819869920215155  0.07224573700506591  0.08493613511674072  0.09677459353452673
  0.10785039443843164  0.11918363043046437  0.13103927971227219  0.14268512008236817
  0.15414484927446953  0.16564753453187267  0.17699676823068197  0.18758469258429480
  0.19687010813088426  0.20551655747994513  0.21429855757029453  0.22377456140536647
  0.23318012459227996  0.24285245359578875  0.25231856518953216  0.26109618656709604
  0.26953891248369322  0.27829899084373472  0.28698262018961107  0.29579645303993529
  0.30506043408662409  0.31451468080482248  0.32407108911262761  0.33386170777934793
  0.34392704844471583  0.35418057955602106  0.36437029602572918  0.37422712019212706
  0.38384167872742420  0.39335586508811848  0.40321340324105376  0.41408312095710770
  0.42492602753994246  0.43540525094574917  0.44593303293140729  0.45691952268294250
  0.46821561082632002  0.47918675722769810  0.48996987111417001  0.50064754629259456
  0.51123914421891026  0.52177425111106390  0.53213683119787469  0.54211304058802789
  0.55184776113864509  0.56175452730579389  0.57214153925806854  0.58200649699039109
  0.59096832931657028  0.59954061380254375  0.60781939948130081  0.61622488976386469
  0.62480172252917732  0.63468468711640336  0.64427645158833857  0.65371896233497040
  0.66286498201973654  0.67276466593914575  0.68352906269142977  0.69384812174574539
  0.70368547174162754  0.71315957232001892  0.72242856457044780  0.73173126992104198
  0.74095465573945096  0.74996089470959615  0.75890180072791436  0.76771921015227718
  0.77685151343169445  0.78600659862565492  0.79519861140865200  0.80443352248328970
  0.81373630635154615  0.82313813870491481  0.83281533217895920  0.84326138088009206
  0.85388693284346273  0.86457698542300565  0.87531051456876974  0.88719211190830494
  0.89927999699259964  0.91176859504154029  0.92568222312701343  0.94060428952606989
  0.95623001757811699  0.97098869830337919  0.98576016310711279  1.00000000000000000
  0.02667686164825995  0.19155375287741558  0.25993964451068169  0.31139237709111572
  0.35389604640770822  0.39108929461300107  0.42154939872727237  0.44709616462331503
  0.47019764105530443  0.49260428986137045  0.51339908935698375  0.53263573523873142
  0.55016220220636869  0.56606484503987253  0.58068507644482470  0.59489936283948086
  0.60894385612133073  0.62208534463606835  0.63452088603637014  0.64608895277921052
  0.65684009728767534  0.66701396579911032  0.67726467801196899  0.68719769711621459
  0.69665595920308554  0.70566993720457738  0.71436402397870113  0.72297133103393718
  0.73116962211493652  0.73877841703064850  0.74601611077455343  0.75291784020122254
  0.75951525070536308  0.76591437913073701  0.77224173773377769  0.77861807989780485
  0.78494370449819650  0.79105924215731627  0.79684248466931873  0.80233008176228870
  0.80765502936733957  0.81270843823283223  0.81735596444296232  0.82193637043318812
  0.82648710343163456  0.83095595896313579  0.83519620024249841  0.83943485760766368
  0.84372247691697988  0.84800344502281844  0.85219883444652111  0.85612229458445877
  0.85973725256168532  0.86323579716972598  0.86664397352747014  0.87006989454621186
  0.87349179637170837  0.87653923950048385  0.87939400363413212  0.88229620852585811
  0.88524502696854768  0.88815880960257354  0.89100299292421858  0.89377198802345070
  0.89653090918614919  0.89926093037825872  0.90204843278673363  0.90489617701924929
  0.90782036608147876  0.91068304826642621  0.91348162416651468  0.91627889013827712
  0.91888304676509724  0.92136261788881257  0.92382078452463168  0.92620287476801677
  0.92855095934425280  0.93095710549148636  0.93336224819235614  0.93566143058335138
  0.93805644970817881  0.94046075562889875  0.94286157015086880  0.94533466907772379
  0.94773670041380542  0.95014510046826706  0.95262352254390759  0.95524152570903686
  0.95810188934671137  0.96133540284436947  0.96467653986057766  0.96827857167475939
  0.97228323111761272  0.97725053939476736  0.98557946236393557  1.00000000000000000
   7.8688850030903362E-019  -1.0000000000000000     
 F F F F F F F F F F F F F F F F F F F F F F F F F F F F F F F F F F F F F F F F F F F F F F F F F F F F F F F F F F F F F F F F
  <DiscreteSampler_grid>
  grouped_processes
  1 # 1 for a reference and 2 for a running grid.
  10 # Attribute 'min_bin_probing_points' of the grid.
  1 # Attribute 'grid_mode' of the grid. 1=='default',2=='initialization'
  0.0000000000000000 # Attribute 'small_contrib_threshold' of the grid.
  0.5000000000000000 # Attribute 'damping_power' of the grid.
 # binID   n_entries weight   weight_sqr   abs_weight
    10   10   6.652250567688080E-007   9.332377650098331E-013   6.652250567688080E-007
  </DiscreteSampler_grid>
