  0.00935324243397487  0.01814029709835005  0.02762336230991734  0.03792444376563648
  0.04829863840971603  0.05895002430921538  0.06998664176301990  0.08053983671717244
  0.09175692495380869  0.10311385717062335  0.11424609621367875  0.12556647278565869
  0.13748917725452814  0.14895177699174100  0.15947775463495062  0.16957971039053268
  0.17939066004929158  0.18928168731168393  0.19898170323334774  0.20897505753736864
  0.21920746934575325  0.22930505452971703  0.23916426968786711  0.24906990828355452
  0.25890069494362045  0.26921764445684709  0.27989913921157039  0.29077040457471209
  0.30147671941862403  0.31210846534134062  0.32309157454447768  0.33425925393675315
  0.34587318537642575  0.35743525829588324  0.36923695385946037  0.38078168308837013
  0.39180561850043316  0.40248437142121757  0.41239156821141942  0.42251501823617404
  0.43291412777235977  0.44334146185569029  0.45372315035311922  0.46430255977636165
  0.47507202704981727  0.48579144011393582  0.49615585734225576  0.50651114502824912
  0.51708698825409738  0.52821641285189480  0.53950867952262460  0.54969773751176376
  0.55965706868232257  0.57054237396309704  0.58150257104402792  0.59201835297287619
  0.60250247073732377  0.61386522875335547  0.62574232901934379  0.63713051087835304
  0.64756349488514664  0.65728587008399586  0.66722909848445389  0.67764669195645388
  0.68789263431040149  0.69778082585577994  0.70743018812647518  0.71701837639291421
  0.72633091085840551  0.73514860378095503  0.74371188613668149  0.75243433061132392
  0.76135045696155224  0.77082937042582811  0.78131104710601995  0.79219806105868318
  0.80339673429293379  0.81439782350740697  0.82576446015237681  0.83715842179150646
  0.84797968871049612  0.85844190813806942  0.86842689348219182  0.87868627341398575
  0.88940996167451436  0.90011403875092966  0.91101306242939306  0.92222555466881206
  0.93381088664644119  0.94463073528066899  0.95560409470370966  0.96575832153143859
  0.97549791612344061  0.98424048000470632  0.99041057074611960  1.00000000000000000
  0.01133320959163587  0.01396321486156796  0.01548803325208040  0.01663555082360505
  0.01764586594430755  0.01856828862784255  0.01942898846945854  0.02025330987474422
  0.02105334952415877  0.02182611216757188  0.02257566718495735  0.02333221795874059
  0.02409195324892418  0.02485885337561689  0.02562615818140585  0.02639309154056457
  0.02716170267054250  0.02792577115423124  0.02869549998872589  0.02948064362439350
  0.03027299817452821  0.03107576760824640  0.03190560044501242  0.03269191341014239
  0.03348660640656288  0.03425550701221399  0.03501860227762798  0.03581032310271739
  0.03664042157401811  0.03749954161047577  0.03839525722326971  0.03927096994829121
  0.04015397361568035  0.04103603712502530  0.04192582241580110  0.04283837363476263
  0.04377062192997532  0.04473064347607315  0.04571188235277326  0.04674704420212208
  0.04776972427798801  0.04877418339872900  0.04977494046534308  0.05077534990745761
  0.05182242117181026  0.05291470356593239  0.05404419884939590  0.05520771405949437
  0.05636823842707574  0.05754393409102996  0.05873599906562974  0.05994233294025464
  0.06120819509336493  0.06248524577050429  0.06385156837395548  0.06520560462717652
  0.06658025706964550  0.06800728742204258  0.06939820051405066  0.07085980302533813
  0.07237319791154584  0.07389782676966353  0.07548384612349346  0.07724614001286477
  0.07899864776697194  0.08077430102520215  0.08251132540039315  0.08448991835650667
  0.08669631723185187  0.08927832067896779  0.09171106063194222  0.09430408083818549
  0.09705014878791970  0.09981825237277206  0.10289521134309801  0.10596017421985374
  0.10932225265663392  0.11259944841781311  0.11589086504268648  0.11955717924048559
  0.12350469962144470  0.12768234550805430  0.13178111915599033  0.13615788230747086
  0.14042693228333342  0.14510144542685285  0.15109948787978938  0.15804194753985684
  0.16606631876402211  0.17469320059090199  0.18537650710233269  0.19766073568701484
  0.21088932241375360  0.22755573838782736  0.25314419102493280  1.00000000000000000
 -0.00000608708144785  0.00003778930228822  0.00007739109390694  0.00011208315392620
  0.00014606929002431  0.00018543471577792  0.00023071731796420  0.00027798036443643
  0.00033014191977201  0.00038550567674507  0.00044276522534699  0.00050205370891381
  0.00056524363232520  0.00063246247148426  0.00070447769653984  0.00078167389717240
  0.00086043346516632  0.00094004722169147  0.00102266704410872  0.00111212388940357
  0.00120838434904691  0.00130895649345682  0.00141107797765865  0.00151711345797412
  0.00162558347025259  0.00173530676691917  0.00184771359856027  0.00196434391526464
  0.00208484705689014  0.00220774210406473  0.00234086486374580  0.00247836621409976
  0.00262778252552922  0.00278627283438357  0.00295641898099237  0.00313274367023578
  0.00331337370858375  0.00350484509105833  0.00370651293643962  0.00393758699876101
  0.00418466425843115  0.00443338006258434  0.00468215362030819  0.00493657761344986
  0.00519388083385431  0.00543809217761990  0.00568715359067650  0.00595047304301001
  0.00622841028109951  0.00652926484170429  0.00686056410637975  0.00722143064460234
  0.00760727613504077  0.00802093996169046  0.00841789603845461  0.00882448500584364
  0.00924878215843935  0.00970013043855387  0.01019769684364315  0.01074767314193172
  0.01131727794395583  0.01188603428601881  0.01248544780526963  0.01317294354043506
  0.01389893249026207  0.01462823345292621  0.01538909429764651  0.01618425123129848
  0.01703456593087350  0.01798699551415492  0.01905019144622113  0.02019181467192441
  0.02143451561100748  0.02279024087785347  0.02413666671009821  0.02550040213483765
  0.02693742878037571  0.02851662827368512  0.03012380277067436  0.03192183283057194
  0.03410789069046392  0.03663144313954141  0.03934037667333571  0.04235529349155825
  0.04555939850307829  0.04884799663748158  0.05241061571550554  0.05650064569909884
  0.06122766742175736  0.06640151523802870  0.07295889856378930  0.08061125775922323
  0.09191259673348223  0.11831991922679534  0.17200644023763972  1.00000000000000000
 -0.00221848659810292  0.00907293809574065  0.01859828789521747  0.02860997440296913
  0.03883663278122032  0.04847279958490955  0.05798735974481855  0.06840280706871116
  0.08046829596776786  0.09040556957597636  0.10033623953562604  0.10958015995222280
  0.11846536345111211  0.12711591444361489  0.13584650985850522  0.14520266332007448
  0.15587556089732987  0.16673707109444327  0.17758480602590182  0.18816007928744644
  0.19853191011337737  0.20903350586412056  0.22000908670560415  0.23133641390637569
  0.24254204542363267  0.25334873400138713  0.26359495037837327  0.27382816654117809
  0.28380587990754902  0.29406265897254658  0.30441552109403597  0.31534959898361747
  0.32589120744191524  0.33634179924197322  0.34679921583800022  0.35716299983199740
  0.36730789454847984  0.37748911520991557  0.38871957775787508  0.39968809810779504
  0.41012974209876107  0.42001740476313637  0.43048059403735128  0.44111438438956829
  0.45172118254452204  0.46288311514334740  0.47525153255460156  0.48649666940224301
  0.49699401563169354  0.50737388659865656  0.51759875006882938  0.52762699144433645
  0.53786770200234113  0.54891123031860367  0.56037129229453941  0.57168642215831700
  0.58280109025248417  0.59440894237566089  0.60573603929628472  0.61647734917906771
  0.62663594130892752  0.63690062334441566  0.64702075766632694  0.65701145991224685
  0.66714759328188455  0.67777102334267048  0.68840357774685923  0.69896483519594932
  0.70970180849345277  0.72043723630052081  0.73140984728339320  0.74216299484096071
  0.75343041396862886  0.76437439276074304  0.77463820329111821  0.78431156646074807
  0.79462314174141435  0.80551024956190620  0.81656712357831873  0.82745673368337158
  0.83852599019320939  0.84951373544709430  0.86015021412050274  0.87064275810110114
  0.88100655307554732  0.89127237085676236  0.90187448717965735  0.91219452390594791
  0.92261368642762931  0.93285884384646045  0.94360815307804469  0.95492647325008695
  0.96645130117945832  0.97779263976774045  0.98874466972976760  1.00000000000000000
 -0.00267250112239889  0.01025366582642750  0.02133103791287387  0.03209499884133356
  0.04314129747625452  0.05427473060225346  0.06532242904403385  0.07613040577625441
  0.08744200004466382  0.09884845608103641  0.10976255636072138  0.12030564172227176
  0.13113793838806878  0.14255520283374151  0.15402364948660663  0.16527736360976750
  0.17582016357694624  0.18644390694657298  0.19658522014230542  0.20645852914087648
  0.21624805389244584  0.22619462462542997  0.23609460660473658  0.24589609615622315
  0.25583953148396088  0.26595506138557934  0.27612257621204239  0.28634910547396220
  0.29641892924607449  0.30649064150998001  0.31686966341684869  0.32820184941126840
  0.33960265410291196  0.35138833937881558  0.36314302178474839  0.37444056135143028
  0.38499544944004194  0.39518862040729830  0.40573618536464295  0.41652141154446887
  0.42764503379994379  0.43861352427946593  0.44933585550800592  0.46004911821912942
  0.47082615457055693  0.48114934343069116  0.49104838119734134  0.50115293811944284
  0.51128378207425129  0.52112147906667106  0.53071378953690829  0.54063781721228732
  0.55120467849981569  0.56140747678991565  0.57103509897926363  0.58091987759293562
  0.59188284455083484  0.60305068246791438  0.61343735907474495  0.62330734232446683
  0.63371969398906369  0.64440165356583101  0.65556427174376253  0.66613334211828279
  0.67596468443163993  0.68578020646364635  0.69626271403387097  0.70709344217489201
  0.71670655867527644  0.72604919389203115  0.73623873423896757  0.74678665943903533
  0.75683754996617558  0.76661130480102990  0.77660140540334444  0.78803102758950949
  0.79887212007750696  0.81003411648432033  0.82126261679203894  0.83319237227831600
  0.84484382859685392  0.85641723916048873  0.86712845153750229  0.87784230074816050
  0.88810213566021656  0.89824947359044238  0.90827121967594138  0.91856979903965330
  0.92936068078317613  0.94016277323043751  0.95092851218350027  0.96140433268614267
  0.97096213492450711  0.98105751241976480  0.99058396856902386  1.00000000000000000
 -0.00141840100172288  0.00669973358230185  0.01326855058867456  0.01980586313284727
  0.02682793419620996  0.03417478406276722  0.04235325131165390  0.05147206120025818
  0.06093001456490695  0.07008313334914619  0.07901480862880481  0.08746532284771302
  0.09505120704380353  0.10251546834176262  0.10926993909340781  0.11587394827607546
  0.12283795998478743  0.13013989045636545  0.13747567687312656  0.14494490117421721
  0.15269704823018596  0.16035213181133751  0.16822808086558119  0.17632210387190500
  0.18438422880345420  0.19220287041213757  0.19992156374858458  0.20772529741154783
  0.21549329478383525  0.22314730155660334  0.23066722994731911  0.23813215690791462
  0.24563297289630481  0.25350428083180515  0.26225632278851319  0.27154420421529518
  0.28064844669382621  0.28942142290102313  0.29817305987597037  0.30712128010420109
  0.31622279883873083  0.32512153362689888  0.33404363352740429  0.34305570281341302
  0.35218990149501711  0.36126447220597285  0.37073411821450575  0.38035701384290971
  0.38988867359636376  0.39974562700424615  0.40950547607683402  0.41895661311475818
  0.42843796456494487  0.43784564453172348  0.44807798912628621  0.45881990977075093
  0.47056571239029577  0.48217296131733167  0.49301033766875330  0.50348468513572275
  0.51411629278878379  0.52496052177005303  0.53642106475651741  0.54805731249113354
  0.55963806192427368  0.57120889289947374  0.58265732118650582  0.59332484721159262
  0.60418887285967415  0.61570646239273397  0.62815458719778350  0.63996476070474217
  0.65236295695612290  0.66565038963907619  0.67927274637688539  0.69232716768939073
  0.70470088233707628  0.71688723129226817  0.72892489850408704  0.74097901092223306
  0.75396016443498493  0.76809081242142585  0.78238208636700390  0.79685020926274619
  0.81191725931046144  0.82694272161341997  0.84230749490147905  0.85787163372772546
  0.87341964821415696  0.88965695406686240  0.90656776662654426  0.92362286200619215
  0.94076330875801895  0.95850314476073795  0.97782165296879764  1.00000000000000000
 -0.00222121120304892  0.00889725715024807  0.01837313522184440  0.02855425489508458
  0.03899026597974829  0.05020529043412245  0.06100962205374938  0.07158083849830293
  0.08163150496991289  0.09214674081067156  0.10225155278325283  0.11204291483034733
  0.12194532107406161  0.13220500544363534  0.14274354979099410  0.15319911977361048
  0.16347986273163567  0.17380659230428558  0.18430697921611339  0.19503270320708174
  0.20619869781426095  0.21755582705996723  0.22850207904370567  0.23852596265576931
  0.24803447828631611  0.25769210419902294  0.26766262528449142  0.27775295712591985
  0.28754934103303126  0.29766167213131139  0.30790261180388484  0.31780938880472054
  0.32744574607340859  0.33715102619421827  0.34697085925660537  0.35740169589825277
  0.36785836559158602  0.37812723414739446  0.38828979966885829  0.39848092357568143
  0.40954087023830754  0.42046720463982373  0.43134140183929909  0.44234428118511843
  0.45349531514968172  0.46495150772909866  0.47610406324800619  0.48708429042200230
  0.49821669112123956  0.50981706687305384  0.52189661880237470  0.53343149795086009
  0.54439717835331436  0.55482441465024923  0.56536465900930677  0.57567383924552551
  0.58570479807700526  0.59564884435886689  0.60578389370110930  0.61633384890721099
  0.62712109119178039  0.63824735079487882  0.64979087476029629  0.66171280467849936
  0.67410236528634304  0.68597463011520543  0.69706277051111110  0.70783970754254344
  0.71889628230791813  0.72967219464323785  0.73998416088551067  0.75034328831938835
  0.76124739179511569  0.77242612445654368  0.78325793455828241  0.79340581554641865
  0.80333667948473897  0.81345829040329642  0.82390757642259893  0.83457625883853548
  0.84541869952953186  0.85649404757426029  0.86728924218466086  0.87755183841940976
  0.88756670166176810  0.89753389399073213  0.90761611464585179  0.91751783730432035
  0.92727196010975710  0.93702567440042761  0.94726701556642989  0.95775670070748609
  0.96811678891591713  0.97845026378364730  0.98915472749052080  1.00000000000000000
 -0.00162620386104450  0.00911001160453736  0.01893814122277975  0.02971767119433093
  0.04088200845432247  0.05288502107077587  0.06436794845085048  0.07499487017305841
  0.08513360143933596  0.09518405823937993  0.10476850145012229  0.11362509047178046
  0.12226599504592182  0.13149983690500275  0.14115478801607259  0.15100514942803786
  0.16112355000182182  0.17162433291274998  0.18277125859326465  0.19370254054869868
  0.20461507704097201  0.21526296396696817  0.22558814464088334  0.23562968339907917
  0.24574402089874928  0.25623708967406278  0.26718845123634966  0.27819415721539986
  0.28955814402167318  0.30049885052893960  0.31198290189771222  0.32446113518940239
  0.33630492088488378  0.34748673548508974  0.35868260405928232  0.36974645673843848
  0.38112155269260550  0.39282941866111099  0.40312615413258351  0.41333673033600027
  0.42340924829471771  0.43394185364166504  0.44374142186646548  0.45366696234042159
  0.46427029940832554  0.47557287935162318  0.48596266282176409  0.49610825402548692
  0.50679077727740951  0.51762082447510549  0.52798155549106829  0.53806656349826132
  0.54812648482407322  0.55829347769958315  0.56842513592299304  0.57816957334589991
  0.58780911852863937  0.59724536205408940  0.60672555958523555  0.61659065169439520
  0.62706280705797002  0.63871145816643438  0.65147842562860281  0.66490442779733838
  0.67733481863614786  0.68891777639743590  0.69978246276867473  0.71041037342526636
  0.72039168896576122  0.73026936966491651  0.73953446387763500  0.74930861625288159
  0.75843758187041488  0.76797423051524805  0.77781819770263749  0.78757494535910166
  0.79690633983219239  0.80637892900655839  0.81583436403338727  0.82648787376011468
  0.83721989903387817  0.84769320516942603  0.85804153309590625  0.86798522711557169
  0.87842250966714785  0.88912304717425461  0.90019373721123308  0.91192170131566841
  0.92419121465088372  0.93620419136842814  0.94757900096105052  0.95818615444812960
  0.96865420884931919  0.97867657930174567  0.98943311577833004  1.00000000000000000
 -0.01963450321355759  0.30097016470173832  0.38648331431115651  0.44052659451399140
  0.48078418554323632  0.51334965147067546  0.53930787374553901  0.56105940829479439
  0.58070100513229250  0.59811019778829932  0.61418091106115680  0.62908282235912372
  0.64247921399819341  0.65433145089296996  0.66515849929122139  0.67550292322637218
  0.68504470235231729  0.69395722957951456  0.70228351360618613  0.71034397813036365
  0.71785454557299955  0.72490071789871835  0.73164432238397603  0.73806284854510329
  0.74437893400611421  0.75048293279010803  0.75639630267602820  0.76222710725673759
  0.76781769596419469  0.77312648766702041  0.77813529077239318  0.78292044785270132
  0.78759002935830380  0.79221363416039492  0.79654023188878842  0.80087609308553354
  0.80521179883694283  0.80959492473774308  0.81375428026096874  0.81791363545385376
  0.82199471617285158  0.82605254001333328  0.83014358196636684  0.83384733313387205
  0.83731888792202014  0.84072502703993790  0.84414016886291121  0.84753315910587257
  0.85078009502784990  0.85393326963868166  0.85693395201702027  0.85978906864855897
  0.86263351735473914  0.86542010554523963  0.86822272453432980  0.87103592936084784
  0.87378881260295760  0.87643590682704664  0.87895022628025732  0.88153117343832577
  0.88422557171927396  0.88687432480295225  0.88949113910109645  0.89204729494666435
  0.89460886840986653  0.89720477519243413  0.89977902471048354  0.90232224524571369
  0.90478057469791451  0.90725483138479424  0.90974976590589718  0.91226610083405935
  0.91478523522355248  0.91725800613255148  0.91969434564733232  0.92209310113655896
  0.92456082387715499  0.92711873247562859  0.92972921702848366  0.93227882886802405
  0.93469253845932221  0.93712015019199979  0.93959751268445635  0.94223168633386967
  0.94502095174493783  0.94790841088612621  0.95083091831507083  0.95378245610145518
  0.95683707128993101  0.96026635381728331  0.96399519563588965  0.96796130091112942
  0.97231397897085337  0.97745845497399486  0.98546527104253578  1.00000000000000000
   2.3966326712429470E-018  -1.0000000000000000     
 F F F F F F F F F F F F F F F F F F F F F F F F F F F F F F F F F F F F F F F F F F F F F F F F F F F F F F F F F F F F F F F F
  <DiscreteSampler_grid>
  grouped_processes
  1 # 1 for a reference and 2 for a running grid.
  10 # Attribute 'min_bin_probing_points' of the grid.
  1 # Attribute 'grid_mode' of the grid. 1=='default',2=='initialization'
  0.0000000000000000 # Attribute 'small_contrib_threshold' of the grid.
  0.5000000000000000 # Attribute 'damping_power' of the grid.
 # binID   n_entries weight   weight_sqr   abs_weight
    10   10   1.150347499178840E-006   2.452918811247660E-012   1.150347499178840E-006
  </DiscreteSampler_grid>
