  0.00884842695542719  0.01808969819276379  0.02839316620086232  0.03885653824760735
  0.04802777754965505  0.05671552863434455  0.06547588470692940  0.07441365762722835
  0.08372183333961727  0.09372311413983837  0.10384910738305868  0.11566212161715696
  0.12654538028374088  0.13611391179615404  0.14568546559086115  0.15416538708554109
  0.16373216134859878  0.17319711962833365  0.18207669282798258  0.19081556055542759
  0.19981332306861291  0.20963570792534411  0.22020873566617219  0.23038580249143981
  0.24002694553582710  0.24998656270543348  0.26103151685924264  0.27219826144791898
  0.28402341807729864  0.29603801319782436  0.30690115894241182  0.31771900619337584
  0.32833435823838542  0.33901503357787172  0.34992396357812633  0.36061615122177504
  0.37244227709998701  0.38420567889178747  0.39531752374117646  0.40579908706615442
  0.41593375470451610  0.42553791269181312  0.43494528841703062  0.44442120428879156
  0.45419119664348884  0.46429590532132820  0.47425040210850827  0.48438547394078241
  0.49462896332526640  0.50500968083136832  0.51545886863884538  0.52578856069135738
  0.53638345053642944  0.54697225363053270  0.55757964558617390  0.56810275460518156
  0.57833662696347254  0.58944652762272109  0.60157620207267204  0.61417172931834030
  0.62602629680373467  0.63673691771121088  0.64726434817678313  0.65764758388339029
  0.66778013144205350  0.67743393996157197  0.68692734604617067  0.69740916871337866
  0.70856861657144388  0.72040055179963236  0.73268272626411424  0.74405101280446462
  0.75550657291402368  0.76698692539103486  0.77832663321613482  0.78967642886605360
  0.80129687344945899  0.81359119851718886  0.82432237265609898  0.83481954091133503
  0.84577124387091085  0.85728001387580877  0.86893689810369756  0.88053158152595101
  0.89274773134799823  0.90373020852044272  0.91464376641785783  0.92590827808433940
  0.93689842409443480  0.94672530020940271  0.95571483396294110  0.96456010140250559
  0.97366137014288534  0.98319043423074481  0.99053866571544624  1.00000000000000000
 -0.00000687063277181  0.00003710842138595  0.00007448052839963  0.00010395728745499
  0.00013485745592077  0.00017558013920810  0.00021337128647006  0.00025487277383461
  0.00030582048250731  0.00036076969506686  0.00041916325720194  0.00048325750206720
  0.00055043759902552  0.00061028976258628  0.00067048774428945  0.00073556319611395
  0.00080705557342771  0.00087937649824383  0.00095171385298254  0.00102388541436133
  0.00110089456304208  0.00118560368189458  0.00128509155960226  0.00138704231511858
  0.00149692387455200  0.00161273633297555  0.00172920431555130  0.00184919171594502
  0.00197525471318440  0.00210436140809834  0.00223665245793418  0.00236270906650005
  0.00248566306081731  0.00263467919388871  0.00278614838277538  0.00293923302582634
  0.00310627066348738  0.00329300557635598  0.00349393558489559  0.00368183565579164
  0.00386642952661996  0.00408991570006724  0.00430344744287202  0.00451852244358812
  0.00475334067990875  0.00502015003133003  0.00528326411948371  0.00553732302265536
  0.00578490728200633  0.00603898929798401  0.00629025548230731  0.00654803675615191
  0.00683318306152437  0.00715038042002995  0.00747599081585995  0.00782608844802675
  0.00817599497777953  0.00855808723083570  0.00895171334987966  0.00933919405845245
  0.00975266101491622  0.01021659561031845  0.01075210665787904  0.01133880039379667
  0.01192718238829096  0.01257913038637687  0.01330216482934902  0.01409940314080790
  0.01486325155918474  0.01573391316846815  0.01667873377886388  0.01760871208385127
  0.01859383144643125  0.01972771880825679  0.02099618640788254  0.02235183942122948
  0.02380000319082109  0.02535656747220998  0.02702867251460984  0.02889873559333188
  0.03095123642571517  0.03329372295482266  0.03606206920038365  0.03944678657616281
  0.04348688041190379  0.04814256389538601  0.05347231576080868  0.05965831777828189
  0.06765318815259490  0.07815747747898874  0.09474556770833173  0.11482504235860266
  0.14294184844688987  0.18875714147605344  0.58349269477207966  1.00000000000000000
  0.00001932048925965  0.00007307472868421  0.00015679426792071  0.00025125030013600
  0.00035366052052094  0.00049086008833175  0.00063723159141132  0.00079516943892338
  0.00097830175137898  0.00116990655903172  0.00136485811299893  0.00155962110211955
  0.00177424532629819  0.00201003444916743  0.00225895715807143  0.00251901362736178
  0.00279520740619656  0.00309163583932108  0.00340162450127169  0.00372745685492658
  0.00406229605827175  0.00441387770079086  0.00478918100771378  0.00521002824711666
  0.00567512104677285  0.00615598824329850  0.00663689336888824  0.00710876655927880
  0.00750873486856310  0.00789655047532848  0.00828928879997901  0.00868978271276536
  0.00913630807205987  0.00962774504978347  0.01013455723237643  0.01067424947826199
  0.01122357130548936  0.01178430150901992  0.01243587921659602  0.01307398334502621
  0.01378444203476756  0.01454633543962221  0.01531534410132693  0.01607162280180295
  0.01686311676268512  0.01776913022202764  0.01874702240764792  0.01979950361618123
  0.02095771716881958  0.02221927945385493  0.02357427987362831  0.02499237387789800
  0.02645288891337444  0.02795383446616685  0.02943805959275508  0.03098582848604655
  0.03252959111969091  0.03420428449169815  0.03584176658009101  0.03746216456441097
  0.03906656432752096  0.04081396080535012  0.04269394134864282  0.04468417429321439
  0.04660943224462370  0.04869224692304926  0.05078006646129658  0.05307462973859656
  0.05563150758281755  0.05823186879872098  0.06080508356673859  0.06410792789732682
  0.06781263698012055  0.07132755328224781  0.07466242550704161  0.07815883007404781
  0.08201551827682048  0.08611621370440707  0.09063845089579621  0.09548408032605334
  0.09972171052748521  0.10624815761360369  0.11355227334607335  0.12074921236704506
  0.12844674629447814  0.13726474771702107  0.14679624885080594  0.15660942295426258
  0.16605452858413919  0.17799381026350009  0.19249818798826387  0.20683803218154020
  0.22189867021438431  0.24082088201809360  0.56353767659518483  1.00000000000000000
 -0.00297864339603150  0.01275523135663293  0.02408511696965374  0.03525732320567604
  0.04586151296914930  0.05624255530028237  0.06657430757395394  0.07669196271883502
  0.08687064315066258  0.09731399936146620  0.10823735912525304  0.11907957856606141
  0.12964142658221078  0.13928991567358912  0.14850188310321386  0.15723651812460002
  0.16612284960306428  0.17501739124543919  0.18366097097855894  0.19234852958407847
  0.20155151229673904  0.21062980501209944  0.22019775849141288  0.22969304554501374
  0.24112702308648215  0.25231673718974190  0.26377330464597432  0.27623260718672143
  0.28947506871432288  0.30198126747986376  0.31375371743101310  0.32570627154802034
  0.33835276907184320  0.35023245403814185  0.36016770439272899  0.36892917367467909
  0.37788068616240283  0.38764080399889678  0.39775363974586669  0.40760497157860071
  0.41794091041937309  0.42910307534870384  0.44158484746951121  0.45399097059407251
  0.46648756932367452  0.47856113582692544  0.49020852143688232  0.50157792505549581
  0.51228383574670755  0.52304948177587274  0.53408942510943469  0.54518075027449497
  0.55562862669611313  0.56537793129715397  0.57500015655166947  0.58467918969154342
  0.59482165270369702  0.60551580536721372  0.61604377891824469  0.62611142798700059
  0.63556986501886137  0.64505093604047004  0.65494866272480734  0.66543779547574955
  0.67667026491599769  0.68867048356844784  0.70048733736087421  0.71216914286703270
  0.72292449398351399  0.73372991968843959  0.74516024495599387  0.75689466908008463
  0.76861290371032753  0.77947484165742731  0.79011929485875110  0.80135792389943317
  0.81326152355032932  0.82572829126554070  0.83812987376750814  0.85015239909395601
  0.86145163059999807  0.87253894416218714  0.88379321075600370  0.89459449720145989
  0.90374376877127915  0.91203137637378018  0.92041871868788627  0.92837193787911731
  0.93685744679724436  0.94556472596173791  0.95443301134098901  0.96371246903870100
  0.97301614936194891  0.98199808773551833  0.99077815300865946  1.00000000000000000
 -0.00256826788478850  0.01090013271345232  0.02243516121828789  0.03425113275291464
  0.04679705634532971  0.05963166380968605  0.07138180627517944  0.08257493491054561
  0.09468279244563031  0.10666958562851254  0.11812370966248094  0.12945630826828874
  0.14066975484263169  0.15093745454360755  0.16006374775676357  0.16969765133321996
  0.17898725171626986  0.18901616368280685  0.19894329464436930  0.20878853046129953
  0.21853728079204454  0.22876428478705643  0.23821897710288079  0.24863406632606883
  0.25748881041612082  0.26546501264750533  0.27317572950571262  0.28089048754745355
  0.28917032097036077  0.29725442898291132  0.30485431178543809  0.31339592252219073
  0.32410303904521931  0.33594814212644647  0.34741122402323493  0.35811448533892848
  0.36783534370445475  0.37779346074692199  0.38770652462210298  0.39897171516856417
  0.41051011665007969  0.42160098714740935  0.43266973912432743  0.44343683009253021
  0.45326579328545885  0.46291062238796721  0.47247856564966717  0.48216404986374284
  0.49147544121950060  0.50057406754632627  0.50945888827420149  0.51769709466922964
  0.52644703225732525  0.53611976433900066  0.54658364807601101  0.55667310474020337
  0.56564741253638728  0.57606893161368178  0.58678844392483021  0.59893698683355101
  0.61154927877890497  0.62421605435962269  0.63695081377269069  0.64894784211139467
  0.66107663339880574  0.67222139834580275  0.68222930261386294  0.69132680423035531
  0.70048894102513626  0.70964737358368601  0.72023730142448639  0.73133411016923922
  0.74297468167995229  0.75602677979616884  0.76742009468092620  0.77761614618152342
  0.78747930104127628  0.79862622866356858  0.81090443473703122  0.82193524884685232
  0.83227378894254000  0.84400138801676750  0.85688907505780521  0.86972548564412033
  0.88178131628405731  0.89358985648857647  0.90600688302138843  0.91850579675921884
  0.93095447222084526  0.94226485964623041  0.95382140562737239  0.96255033871162099
  0.97142119787919645  0.98063922896666489  0.99028058393174989  1.00000000000000000
 -0.00177847407090542  0.00903006537435753  0.01880968847175204  0.02958974798156577
  0.04101700425103551  0.05269573051746870  0.06442586887080130  0.07580002512863138
  0.08696857103044617  0.09911823607795039  0.11020274884049312  0.12172421937316549
  0.13209243652262012  0.14205694617639816  0.15124498061974578  0.16016541472840329
  0.16944014103683086  0.17867006348499492  0.18786095807522685  0.19882758222831895
  0.20947135782912135  0.21832458999003490  0.22710177774868606  0.23530767301661135
  0.24449190980568394  0.25448387640577258  0.26384753386402715  0.27277298099672920
  0.28075126494928232  0.28961645244728862  0.29920423790756667  0.30756372963622508
  0.31530574412537377  0.32325527749430943  0.33199383860460602  0.34079324861774535
  0.34953321636393808  0.35846838697000383  0.36676982201825570  0.37519456405332063
  0.38398655911625224  0.39286027352061581  0.40266479211894324  0.41323031003808292
  0.42512003817717164  0.43748655867860536  0.44973835726990691  0.46213084895133832
  0.47533711947505580  0.48770941617635860  0.49877912769906202  0.50958134650878550
  0.52070056903362472  0.53305376304709551  0.54513849984863660  0.55552912881056105
  0.56567674174554949  0.57562891117155901  0.58611839389090592  0.59651873986166160
  0.60859648580637904  0.62120162592096606  0.63285886221804244  0.64393184968603379
  0.65519232231474311  0.66574493036885052  0.67478478202012815  0.68396779031686028
  0.69425692923859883  0.70710327914163107  0.72025108864996557  0.73237200480743336
  0.74399077106804956  0.75433542658128450  0.76388740196692051  0.77346087226097215
  0.78337044382036747  0.79391632134481682  0.80470162722421457  0.81582956807758500
  0.82784662103645468  0.83911981853092210  0.84972930534955837  0.86029887939525906
  0.87068929250105054  0.88081651991431353  0.89105894159854737  0.90157595483016806
  0.91284465693701811  0.92448266524416800  0.93651472280870596  0.94885860776034925
  0.96163213503009415  0.97253386271781683  0.98593963140566288  1.00000000000000000
  0.01092081322784353  0.01538039842910839  0.02126843254238385  0.02665254822858047
  0.03149463886302004  0.03602602204267653  0.04027929595675053  0.04423815906569595
  0.04780377016136692  0.05126528838820182  0.05479599163300725  0.05830591053741346
  0.06168085679428754  0.06489277327354287  0.06801159048574072  0.07109604335830474
  0.07418671727714055  0.07729074393368340  0.08046099659900076  0.08371820489661831
  0.08674391919940452  0.08978416818063377  0.09294053047200389  0.09609869295639543
  0.09933832270506716  0.10275099327516775  0.10628320191155306  0.10976623398505457
  0.11319521496407868  0.11647376462560843  0.11983033583218117  0.12313890798526124
  0.12632616026638613  0.12942383536711524  0.13245444949187377  0.13548452174397868
  0.13859471551693897  0.14187653913691961  0.14516637579710537  0.14827847300221414
  0.15134217799476374  0.15448254680898005  0.15782602747361479  0.16118764954438639
  0.16448440476123108  0.16792221812441113  0.17161724495185485  0.17551753086485958
  0.17937823815976950  0.18298115039211502  0.18644975930013122  0.19029189542802574
  0.19452475618746815  0.19894253912413895  0.20348060117661959  0.20805982292375072
  0.21253619443639049  0.21685817579366073  0.22115912832245174  0.22522524672452773
  0.22931079100433210  0.23360107454845108  0.23835651571910679  0.24366328313658064
  0.24913797658130354  0.25414938254879932  0.25882765808800118  0.26370825939388365
  0.26847518008899207  0.27404039751207232  0.27996135393118149  0.28554499557288338
  0.29125374513492908  0.29728973203405834  0.30441560269214074  0.31216644226598111
  0.31966803200843674  0.32655609124177992  0.33253629284188990  0.33833108239980375
  0.34384350972659339  0.34958883630985915  0.35620358732641366  0.36322071062762140
  0.37067843198759237  0.37945620930185969  0.39150924812266885  0.40688322483097267
  0.42377214568004767  0.46129701766495068  0.49582461181407861  0.52347493615712848
  0.55071425461501611  0.58827362938682803  0.82310574369384448  1.00000000000000000
 -0.00396655475700222  0.01786544519758263  0.03491653751650474  0.05189711476068674
  0.06874994914200692  0.08218456452143727  0.09381556323405257  0.10435872595986002
  0.11513065343443260  0.12621175407251892  0.13744327829273340  0.14784208669872964
  0.15819519668892676  0.16824150928762077  0.17747280856906908  0.18676427536162873
  0.19613977450619122  0.20521807407184550  0.21346667085820464  0.22134863656643547
  0.22943485461673602  0.23783370277493665  0.24587685559878200  0.25372606359156458
  0.26216896156300368  0.27003773013397753  0.27817379604138670  0.28558506636442083
  0.29351728058375154  0.30286989090451427  0.31252551600728357  0.32223495048363182
  0.33198592159443568  0.34228298957928049  0.35315711084100698  0.36433684028758762
  0.37512126547304175  0.38540823269071933  0.39513728124418862  0.40481663176452526
  0.41500114751576750  0.42457820507842492  0.43371272276619238  0.44317219993981954
  0.45338861315280321  0.46416900324109756  0.47516585834479980  0.48643006339726097
  0.49807196672095183  0.51002895117638369  0.52160204127233478  0.53317861450389681
  0.54436444580877430  0.55579969436271448  0.56697364914120396  0.57791325845631980
  0.58894435957340929  0.60094272058161702  0.61278219737367734  0.62453087510279559
  0.63558715393513543  0.64584758980353518  0.65591517567333724  0.66575208776217243
  0.67538693331752919  0.68488203091518363  0.69431907018362793  0.70398154040782990
  0.71404715850680989  0.72344182383798084  0.73246015305037937  0.74127331625099990
  0.75050958250853628  0.75924553813182716  0.76734927852571588  0.77548085709691694
  0.78379573419129689  0.79300525997900551  0.80300350545261867  0.81215618966299297
  0.82073389061508473  0.82937589258331201  0.83853239357248721  0.84833581838256289
  0.85797741842940134  0.86816936057159133  0.87930835753955294  0.89110918771738712
  0.90238922777499375  0.91407280512792222  0.92754356441649177  0.94208354161860952
  0.95655893257917057  0.97077761118468997  0.98526141703876757  1.00000000000000000
 -0.00082533371709547  0.38914815073411202  0.50771054756938205  0.57539005810847310
  0.62526141949425484  0.66266752064264745  0.69049865478044892  0.71363910271716402
  0.73334720622268756  0.75073229034449462  0.76590539470921615  0.77932495220375264
  0.79166934245533216  0.80347751477871865  0.81415112603426598  0.82363144604893368
  0.83232083209333652  0.84007998028824893  0.84738490233718133  0.85449835167879773
  0.86066437329565171  0.86605794929364288  0.87092141190847017  0.87539339231801927
  0.87959336958273837  0.88368544712379749  0.88775962123592211  0.89168824341097175
  0.89526349623532220  0.89838844916866134  0.90117350792120776  0.90383845348723413
  0.90650090302194430  0.90928407354917740  0.91217444508748780  0.91494076210728503
  0.91738876446170192  0.91963376002484942  0.92180030767211685  0.92396721453756014
  0.92609696135122854  0.92815330903518678  0.93014280035973773  0.93203313633236640
  0.93379783005735828  0.93555239569342896  0.93730488185673633  0.93874855432277127
  0.94018264944537822  0.94163053864650459  0.94306790707891719  0.94450214215186235
  0.94593451298590270  0.94737118759022643  0.94870775629699411  0.95008367824594109
  0.95142306770322937  0.95271321941727050  0.95397119474508918  0.95522281556649080
  0.95650689865065852  0.95782433775942777  0.95895855024839582  0.96002918825514094
  0.96107213082817922  0.96212703736130922  0.96320643967270025  0.96429436240066935
  0.96537949960377889  0.96643285782978117  0.96744943490599244  0.96846189856060161
  0.96947141379478075  0.97043148832666237  0.97141174549216436  0.97237548443997945
  0.97332722040320996  0.97426989763492178  0.97520441197296059  0.97617084994624048
  0.97718970564791952  0.97826967302091361  0.97936070680254361  0.98050227348497254
  0.98162327824892537  0.98277275628213367  0.98397148735566076  0.98515301699653623
  0.98630651671446623  0.98749150326943524  0.98874969606228780  0.99008809613262228
  0.99156961469376026  0.99335751992972976  0.99579102066715364  1.00000000000000000
   1.1434583340313411E-017  -1.0000000000000000     
 F F F F F F F F F F F F F F F F F F F F F F F F F F F F F F F F F F F F F F F F F F F F F F F F F F F F F F F F F F F F F F F F
  <DiscreteSampler_grid>
  grouped_processes
  1 # 1 for a reference and 2 for a running grid.
  10 # Attribute 'min_bin_probing_points' of the grid.
  1 # Attribute 'grid_mode' of the grid. 1=='default',2=='initialization'
  0.0000000000000000 # Attribute 'small_contrib_threshold' of the grid.
  0.5000000000000000 # Attribute 'damping_power' of the grid.
 # binID   n_entries weight   weight_sqr   abs_weight
    10   10   2.547342875855008E-006   2.566419025594636E-011   2.547342875855008E-006
  </DiscreteSampler_grid>
