  0.00881069092062234  0.01746834486576671  0.02820817844216212  0.03890287026576860
  0.05003504407257263  0.06135243950339073  0.07174270464694590  0.08118783692073363
  0.09100352779208845  0.10161635752246262  0.11328651552672803  0.12572215781969509
  0.13745051486603446  0.14865731464777265  0.15979604592018157  0.17097740698260516
  0.18207264072668730  0.19343407273015259  0.20542962815047136  0.21742755268006250
  0.22760479430555075  0.23612342751058568  0.24441287683474786  0.25436384848459165
  0.26385069633735869  0.27271198425807941  0.28111724468976584  0.28999708138741687
  0.30053905172466489  0.31218038582880359  0.32430458643915805  0.33649757718278711
  0.34811277834820981  0.35927429269479716  0.37006290933650571  0.38067017075393011
  0.39156361730466621  0.40280582119913444  0.41470916327171736  0.42707975571963619
  0.43844128701285145  0.44714010870685539  0.45463177598103316  0.46222170207910190
  0.47047088663196202  0.47943272223054118  0.48857078659008657  0.49815277627147531
  0.50856998678598409  0.51914220195121930  0.52938993209627727  0.53946258446685647
  0.55010267443670136  0.56148231885320854  0.57299212344362394  0.58427821025863069
  0.59482289035833447  0.60489315889987039  0.61462812625575758  0.62420554064920852
  0.63384694402904651  0.64373693386078301  0.65461017157885037  0.66636897010436014
  0.67882584785303512  0.69060281845264226  0.70120607907433774  0.71144237981664038
  0.72130785951575926  0.73093069781112341  0.74091083352736098  0.75142113289599799
  0.76258262086495654  0.77358573321687718  0.78459974855167869  0.79557976041105261
  0.80668326561503878  0.81840082359652688  0.82953304847795084  0.83901520640565463
  0.84780349760480278  0.85676908665255802  0.86619052208480385  0.87696782218010605
  0.88846831970168072  0.90315876412163498  0.91806067493674826  0.93227324728331307
  0.94343410773927749  0.95190208579698532  0.96001895303425178  0.96782374002647720
  0.97668438626888698  0.98561319484232013  0.99016086137414128  1.00000000000000000
  0.00002389798099659  0.00004421646983396  0.00006768069618853  0.00009763356674055
  0.00012858641044519  0.00015938234035777  0.00019512990906609  0.00023697551816672
  0.00027974531093875  0.00032243737214144  0.00036564143128719  0.00041050735522152
  0.00045966832992365  0.00051529310074178  0.00057743675975915  0.00064099166186124
  0.00070019621706016  0.00076040525775986  0.00082138246502007  0.00088066246887253
  0.00094622453451767  0.00102007044877492  0.00109654246884961  0.00117117889342344
  0.00124898230094050  0.00133965277690612  0.00143914961487334  0.00155020095183836
  0.00166419206797969  0.00177670326295507  0.00188550433692761  0.00198796799503603
  0.00210149223344374  0.00220951937550525  0.00232321076509554  0.00244282980086491
  0.00256712166084500  0.00269662596426470  0.00282965691334271  0.00297515383660792
  0.00313081999154890  0.00329667908890600  0.00347107355793724  0.00365022870474212
  0.00384598457617420  0.00403532076644898  0.00424108979635513  0.00444871382655303
  0.00465307053524230  0.00483849230162683  0.00501786392280382  0.00519925093822646
  0.00538603867577401  0.00558897307928106  0.00580158346821405  0.00602290437759619
  0.00625110122368818  0.00649321305011881  0.00674578796898215  0.00701376611895602
  0.00733886626877472  0.00772495998070073  0.00812430817729652  0.00850227875640372
  0.00889957922921346  0.00930973663363347  0.00977568196717086  0.01029173200952187
  0.01086573680449929  0.01148176287674284  0.01211541052567396  0.01277791333762880
  0.01349705289823781  0.01429887760748260  0.01521765367382715  0.01618820848443011
  0.01720729244420336  0.01825839482898915  0.01938559441611939  0.02067093024103169
  0.02212473844913922  0.02372010533158071  0.02558657448869829  0.02796960032778063
  0.03090665380119832  0.03430109028680949  0.03832372305188426  0.04350806432045172
  0.04986854019862053  0.05708094960474262  0.06623278567013857  0.08168629272587440
  0.10468822801027984  0.15946980845974959  0.31766220605944595  1.00000000000000000
 -0.00000604564541829  0.00002972338725403  0.00005934997851971  0.00008538120891887
  0.00010785377608243  0.00013718651709624  0.00017292226373192  0.00020701899716088
  0.00024254373849922  0.00028039224205756  0.00031701482974672  0.00035701965300204
  0.00040057258450209  0.00045084837833298  0.00049960787125051  0.00055348172723996
  0.00060638116382487  0.00065819571881027  0.00071087780879182  0.00076693899045863
  0.00083033372370673  0.00089879747444638  0.00097095213820979  0.00104466061729487
  0.00111381460547774  0.00118562050270416  0.00126564591246101  0.00134659876547635
  0.00142987200773197  0.00151744418205047  0.00160781495994635  0.00170724593854819
  0.00180306545152022  0.00190985005803255  0.00201247043978004  0.00211470310672204
  0.00221773487916445  0.00232137738905719  0.00242777005765078  0.00253561482933932
  0.00264786092209755  0.00276332082526986  0.00288749870514416  0.00301772663618145
  0.00315198093064709  0.00330078316235618  0.00346183947897734  0.00362577404124315
  0.00378815395890159  0.00395346035999080  0.00413148349162810  0.00434521666373545
  0.00457844823751505  0.00481074874389059  0.00502786246365586  0.00524307170730565
  0.00546622499080225  0.00569606321381964  0.00594307324618012  0.00621435973380921
  0.00647944928149915  0.00678945853058309  0.00713128330327889  0.00751546512550347
  0.00794260373960073  0.00840412365033119  0.00889016172003078  0.00940596183187892
  0.01002504103297092  0.01073729499508400  0.01147374645246052  0.01221418401898989
  0.01297764446278499  0.01378600694922690  0.01468952500537907  0.01567541187570965
  0.01678797885443227  0.01805119509951387  0.01955051236066222  0.02122909006845734
  0.02285761304788488  0.02459051170150542  0.02643722079227313  0.02853270164468893
  0.03095797315959890  0.03408064091567790  0.03764136730383673  0.04162414109253583
  0.04649632350939389  0.05222213360585063  0.05946599703911681  0.07068088733686967
  0.09339505579411371  0.13281728883682556  0.51019908096067168  1.00000000000000000
 -0.00205934127596465  0.00968478254737644  0.02039685169600049  0.03134411393764436
  0.04258704829880208  0.05516473593700824  0.06742253935701092  0.08026145853931560
  0.09277282037848815  0.10474674560509306  0.11591199487690144  0.12607974357950158
  0.13588136760900277  0.14651674563508876  0.15800045907248075  0.17001644682041522
  0.18204556979157854  0.19329059183399175  0.20560854049654326  0.21565177766263738
  0.22542818894208558  0.23476924275273398  0.24410307258275454  0.25375635697457022
  0.26342302915399063  0.27340405976243848  0.28354683077029158  0.29335977866195639
  0.30269591394833728  0.31239221256263189  0.32281653728523524  0.33281789651597871
  0.34123564457412614  0.34902861124319218  0.35699984870169160  0.36663097660183996
  0.37752746558073874  0.38903759631264984  0.40242414679557487  0.41633992986441432
  0.42891290354159417  0.44177026769464595  0.45355583161462826  0.46574357500691188
  0.47717936957730034  0.48892499829056546  0.50096686808731072  0.51310719552898432
  0.52497100185632206  0.53634946537244910  0.54771274789838165  0.55940439438552692
  0.57176934731975693  0.58355553813732597  0.59306401583567947  0.60359502511317320
  0.61521547520469411  0.62526466888443166  0.63425522753691155  0.64203983513208074
  0.65015877257382182  0.65891275655789927  0.66843880976640047  0.67891060011050031
  0.68964416224829184  0.70082987750459724  0.71097389164899516  0.72027752986258620
  0.72881395588018705  0.73854071945843824  0.74853535726587150  0.75967016685599353
  0.77054483156168263  0.78008509025806694  0.78880198330876317  0.79716998659342164
  0.80531450023289630  0.81387123979167375  0.82276096256781250  0.83229033475769942
  0.84155637741467859  0.85088138915999767  0.86067881154386650  0.87058428937450127
  0.88058805605265467  0.89137364295846477  0.90356084798919067  0.91614933433321633
  0.92709015930365601  0.93701991659762984  0.94668178230527977  0.95680751001327624
  0.96747940824470824  0.97864894458152862  0.98931632160806160  1.00000000000000000
 -0.00249842576870762  0.00967031738212825  0.01936282630410052  0.02738397852163059
  0.03495904292947355  0.04299627494337661  0.05165124000468890  0.06177884792604999
  0.07093507287877078  0.07958508725105135  0.08967594203970078  0.10053559871965007
  0.11128366433455025  0.12225307489268250  0.13317493425150689  0.14370101124018586
  0.15349815081617674  0.16299632713216444  0.17252490486459104  0.18147173366962860
  0.19011857521461756  0.19877955220201002  0.20791274963357462  0.21782161834463037
  0.22792351943627001  0.23785380257758654  0.24776923529320710  0.25761137559697039
  0.26707078248053384  0.27724464000275217  0.28781671862066982  0.29970872457125025
  0.31245610179525335  0.32457815902136278  0.33623819606884814  0.34764123213224241
  0.35892763438820274  0.36956492918447703  0.37992055144564679  0.38987376483571051
  0.40071128127202893  0.41117496474554255  0.42071124278269945  0.42976494880120869
  0.43941820935431336  0.45031099941696184  0.46182496236359993  0.47296178771276037
  0.48348995171739567  0.49477233629384149  0.50615828169899624  0.51820087388733227
  0.53113383917891277  0.54372854790414382  0.55528474354280599  0.56665841820747476
  0.57810639931125030  0.58959981697242902  0.60072997113360926  0.61134249169103538
  0.62153958158748301  0.63156061011969089  0.64218101322794741  0.65447547029692565
  0.66698165297496215  0.67882620050368758  0.69027928548347117  0.70085073276882270
  0.71179036068551771  0.72237518818851043  0.73283293943516326  0.74318390810385326
  0.75380349380122558  0.76508059093350278  0.77602911508766403  0.78657593249359858
  0.79758460934125064  0.80906006171763167  0.82060257847654638  0.83164497532653214
  0.84257384060305118  0.85397412063327605  0.86482824164299565  0.87422613408064320
  0.88312891824540740  0.89221637595589331  0.90194505355723553  0.91252503832997334
  0.92197960125872913  0.93138843747713129  0.94099723472822183  0.95254839907369637
  0.96484004020905312  0.97662441868639915  0.98815457747041591  1.00000000000000000
 -0.00256904300593377  0.00993267835007739  0.02018737981644261  0.02973928446317110
  0.03940444886933477  0.05044586476528119  0.06161548830431951  0.07261393801512780
  0.08394042623917745  0.09561874105153341  0.10734427442270449  0.11920777881487978
  0.13040138510572194  0.14122431791987347  0.15220785565180758  0.16318690665042984
  0.17410118328733465  0.18452771612552174  0.19478552962918183  0.20500881156128850
  0.21457574701274790  0.22355354604821090  0.23224661344208677  0.24154917638404702
  0.25130640363520323  0.26259359874930716  0.27323589731242398  0.28447970319419996
  0.29420788278239740  0.30271612564681222  0.31245708382289178  0.32226264142979333
  0.33194096843159954  0.34184155608119504  0.35195838461361068  0.36252040860535339
  0.37327492946492580  0.38337357558555729  0.39414220521423338  0.40405704869441139
  0.41422197830136631  0.42482119532356249  0.43593840236450843  0.44672471674544578
  0.45703547191802335  0.46732973824915663  0.47791113641795241  0.48868905819025632
  0.50024809480887189  0.51143791875700351  0.52209409030693543  0.53037934973009226
  0.53892458295193602  0.54731379190014895  0.55542819496959972  0.56336015263686900
  0.57142993920913754  0.57927771467188161  0.58831717639868475  0.59840611019950229
  0.60876676340847091  0.61949666385423341  0.63015192064085435  0.64162622453185292
  0.65408997823627946  0.66648995061477190  0.67614588427608358  0.68525328259712004
  0.69471391195462040  0.70419736525172005  0.71270152317473467  0.72094997851850606
  0.72881118446086623  0.74037092666880744  0.75169684984781793  0.76253488548025716
  0.77287423554638290  0.78412558867097060  0.79465496995201024  0.80550973501589007
  0.81797543548068841  0.83090333089884061  0.84323344468432360  0.85485962276240923
  0.86707582183538590  0.87969265916295591  0.89163631992968040  0.90263749878324784
  0.91353681725761360  0.92546175629231742  0.93784708489280666  0.95089822384091016
  0.96318748001806775  0.97537561813307205  0.98764999550257881  1.00000000000000000
  0.01027469065932932  0.01515284625758108  0.02081090462885929  0.02529170175660499
  0.02943734026126118  0.03334391292273207  0.03707539502741080  0.04075274367930815
  0.04379761609988075  0.04660388449914331  0.04930689244904984  0.05198150854862307
  0.05464061049792440  0.05737412961150067  0.06013723419386591  0.06287241161440346
  0.06554344739594094  0.06818815724405060  0.07082116407427543  0.07347472065053094
  0.07611973698491875  0.07876255645290534  0.08143985125390218  0.08412993197852285
  0.08670734662923096  0.08929639724223280  0.09188748512369241  0.09435373117643513
  0.09721200886408164  0.10010894722011042  0.10303972701339384  0.10603545261807203
  0.10905370685469998  0.11207428004552596  0.11521862862289781  0.11848930317745053
  0.12187365249382516  0.12504288647642914  0.12818368766443694  0.13127938963682423
  0.13463530392849324  0.13833717149357863  0.14217919554576933  0.14592309540274714
  0.14961952580998117  0.15351716625105044  0.15737029446038814  0.16088795784319812
  0.16450844435842132  0.16800948995777043  0.17171197055216403  0.17578798205475968
  0.17966686976327945  0.18321919166966341  0.18668645858377986  0.19045117433659647
  0.19474433738290414  0.19946722497708583  0.20405303366158800  0.20848161861148326
  0.21282947576975642  0.21709562199259522  0.22160824852653715  0.22606236553241540
  0.23072309390767817  0.23580420300557081  0.24180773694356783  0.24865574918390923
  0.25487810075638728  0.26109611987521619  0.26777486356808999  0.27410043168860010
  0.27921216671366844  0.28403358169802706  0.28877426749919466  0.29428298533147840
  0.29993843235064815  0.30532864181041697  0.31032295632747026  0.31520771517565471
  0.32060579305148401  0.32614321000770397  0.33147327729795939  0.33880698480167842
  0.34852840162511001  0.35880969698780341  0.36864787947147476  0.37854451725505850
  0.38906390984378519  0.40721400704588667  0.43904531232541943  0.45977205994829001
  0.48366329982709599  0.52687357330658391  0.68327330853859591  1.00000000000000000
 -0.00251539158264158  0.01011227927628681  0.02195453453099629  0.03638002482479666
  0.04870990929791721  0.05905845548523152  0.06994851799210630  0.08108973135622510
  0.09133134158684858  0.10125015503847370  0.11293470059726707  0.12647601796611946
  0.13791882703152999  0.14850461419950353  0.15969836393237122  0.17218305012618584
  0.18493625665588115  0.19706358838127097  0.21028164965782231  0.22211231880157434
  0.23508749247586119  0.24679043536694090  0.25848939693003420  0.27002733711572940
  0.28158258303632916  0.29238377778871888  0.30250450511584215  0.31226623909739509
  0.32192830156044627  0.33198522111909440  0.34277750002484747  0.35404775546468398
  0.36532265665898761  0.37540007965297806  0.38427835011465095  0.39273216064849514
  0.40077404358897961  0.40851845206587051  0.41653933560102174  0.42462063393278443
  0.43207282758046656  0.43979301620716882  0.44816610402501345  0.45689247240559572
  0.46508564325968038  0.47355228140346117  0.48214470904836543  0.49078021342896339
  0.49926764179669841  0.50787866264393944  0.51652714198537442  0.52541619858850441
  0.53444855981776518  0.54341087740845495  0.55373124875385193  0.56355557899972986
  0.57242171712763357  0.58182053828740521  0.59131200286958219  0.60139533263303735
  0.61262926611207202  0.62486584323329364  0.63777964929907849  0.65021927239937027
  0.66145417338489088  0.67147877417307655  0.68070295786051327  0.68965296658984321
  0.69866749439107412  0.70815543932318747  0.71725931202609439  0.72605954592642186
  0.73566608647935694  0.74736697851231360  0.76031813813695959  0.77289045476636897
  0.78427348626207483  0.79531509722757143  0.80648387950468381  0.81793312095992510
  0.82919282794111182  0.84032351790468685  0.85108961243502501  0.86148311685320189
  0.87149702923280759  0.88189903144559345  0.89261641328689600  0.90411991417751691
  0.91590623666399684  0.92752469102675683  0.93830374110543624  0.94908535830198082
  0.95948568219629893  0.97122209819757233  0.98378710317091256  1.00000000000000000
 -0.01020815395085257  0.36397944373280744  0.47496362507050888  0.54247892829173194
  0.59146445553582472  0.63028804960413143  0.66110527001456310  0.68696564271216543
  0.70911703298095219  0.72903107430197289  0.74549878605849840  0.75990183779725673
  0.77297235722989899  0.78460568865836067  0.79503136204155711  0.80432624446599854
  0.81331994401726981  0.82143457396369846  0.82902054130138336  0.83594589541932707
  0.84241515212189433  0.84914593301787544  0.85554360919234240  0.86094447374203087
  0.86596709203831856  0.87110278703218869  0.87590418717974838  0.87979848557196783
  0.88348103626992480  0.88703850164511655  0.89060965189788366  0.89387826943535353
  0.89701626367498744  0.90007858627681581  0.90321044470701373  0.90613275593786191
  0.90884852645792158  0.91116997653419451  0.91344678967016346  0.91575409088212145
  0.91796931501959045  0.92020572696298764  0.92258103179233997  0.92490032646716946
  0.92702094439728366  0.92895531165881751  0.93077110602178204  0.93260862242710763
  0.93441751209545942  0.93629482400751496  0.93821974094443783  0.94014102888554629
  0.94194861802742447  0.94362147939704022  0.94523420166567673  0.94676482103481585
  0.94821005493429122  0.94966091491077931  0.95109773456212710  0.95250236226718454
  0.95386985932470902  0.95520311272817515  0.95648072444015808  0.95777572392857335
  0.95901686645936612  0.96018701010294216  0.96130390913417407  0.96240682844387571
  0.96356020413134968  0.96474039653367583  0.96592260689246723  0.96708707896324420
  0.96817526408876697  0.96925120194428593  0.97030473753953750  0.97134743338956819
  0.97241200198964584  0.97345662794117205  0.97456602925205460  0.97568821601737210
  0.97677623529310476  0.97784629983896743  0.97889854267236143  0.97994174007719814
  0.98097914645479523  0.98199208777645508  0.98303763169624114  0.98417775024233056
  0.98540595137905385  0.98669871417431587  0.98806834259899934  0.98955804934314118
  0.99116252716195530  0.99304834555624488  0.99571840531339306  1.00000000000000000
   5.5878026774048943E-008  -1.0000000000000000     
 F F F F F F F F F F F F F F F F F F F F F F F F F F F F F F F F F F F F F F F F F F F F F F F F F F F F F F F F F F F F F F F F
  <DiscreteSampler_grid>
  grouped_processes
  1 # 1 for a reference and 2 for a running grid.
  10 # Attribute 'min_bin_probing_points' of the grid.
  1 # Attribute 'grid_mode' of the grid. 1=='default',2=='initialization'
  0.0000000000000000 # Attribute 'small_contrib_threshold' of the grid.
  0.5000000000000000 # Attribute 'damping_power' of the grid.
 # binID   n_entries weight   weight_sqr   abs_weight
    10   10   3.836638300324361E+005   9.195402303523135E+011   3.836638300324361E+005
  </DiscreteSampler_grid>
