  0.00945264015977038  0.01553588385705772  0.02410960872185688  0.03509521920428756
  0.04598778517201561  0.05702687724293697  0.06741476426570613  0.07801281405541800
  0.08910458793625352  0.09980993062472494  0.11058893023535307  0.12084647171894115
  0.13268814163836845  0.14422114639457001  0.15612933701478632  0.16723263669593261
  0.17773483375176552  0.18791744071425839  0.19790347315220200  0.20800831507981052
  0.21816692908452914  0.22834228531236181  0.23854669429393316  0.24891700430087937
  0.25924713267575994  0.26986959466477228  0.28062950418103422  0.29173166597353467
  0.30318796539892101  0.31427010881564482  0.32481417593505502  0.33519014130959857
  0.34539336601723275  0.35537091783690938  0.36457653835088605  0.37364968027797868
  0.38389514562909788  0.39492079347547909  0.40556343517413651  0.41554287855122202
  0.42575817186882509  0.43664646892543829  0.44721776395077711  0.45808691127203105
  0.46866444632449300  0.47923633171337549  0.48962373059879427  0.50026042803773307
  0.51093248563101112  0.52155357299811778  0.53180815100044210  0.54228063855149244
  0.55208781544061936  0.56183226643324147  0.57160901165879408  0.58129154746115974
  0.59092571827333606  0.60072612752483301  0.61082380372695055  0.62174798505446804
  0.63270301513239879  0.64357237385140909  0.65407560033753354  0.66460414530684486
  0.67566498760851623  0.68731969790409642  0.69833201969290404  0.70868042612874449
  0.71869637653890928  0.72905371800222896  0.73953592380571320  0.74993121572287780
  0.76045135779695427  0.77092616205721987  0.78135227459952072  0.79256750950728061
  0.80477597624947916  0.81665253729730947  0.82745898881370461  0.83814521217168214
  0.84877713364194785  0.85878885091917223  0.86865224906625471  0.87911339028239244
  0.89029794043262067  0.90109742785908908  0.91132905274421805  0.92150869497954480
  0.93168020606590429  0.94136971057528729  0.95111624966524766  0.96097550280037747
  0.97178310186296823  0.98176422295168053  0.99118689729929166  1.00000000000000000
  0.01116204636765215  0.01428731618796766  0.01607591239728066  0.01741802702428447
  0.01854552700922782  0.01959273616452046  0.02061496562691074  0.02163834821471733
  0.02266863021224890  0.02370116738134872  0.02470835865022774  0.02567543626888861
  0.02663420141453078  0.02757795909542455  0.02854090476274689  0.02954830901814156
  0.03056694273818228  0.03155555896223460  0.03252615007920529  0.03350911021301004
  0.03449993229178951  0.03556273798957667  0.03662705916353070  0.03774261976858952
  0.03891511593381581  0.04010465651323630  0.04132065680755629  0.04257242576177726
  0.04379211417421334  0.04499630771693264  0.04619841170997989  0.04746793989855349
  0.04876053403447183  0.05008189788810092  0.05146323606333785  0.05288272100024370
  0.05431691785908526  0.05573574245708678  0.05722875474635767  0.05879575129924343
  0.06031925887003423  0.06181554126320896  0.06332797056870346  0.06490304575100211
  0.06655222055506516  0.06822614048421753  0.06986824078407085  0.07147982277269524
  0.07317969501810231  0.07494530439306905  0.07680034344609109  0.07873819326635269
  0.08075414407132224  0.08301084175888916  0.08543296463705428  0.08806513988180815
  0.09071539709313430  0.09332880469983372  0.09623233239523285  0.09952491142123043
  0.10305090373901850  0.10721928637570000  0.11236828137266988  0.11736388896982612
  0.12256237164774121  0.12761767945117264  0.13201875743233907  0.13636637235163696
  0.14121401785979740  0.14664406760815107  0.15190780622733882  0.15859680675712112
  0.16400381624328458  0.16995495595946872  0.17643637656370861  0.18325715492582473
  0.19052407736808960  0.19768633234167907  0.20475581428532252  0.21540132332167897
  0.22900235890761669  0.24442307251728326  0.25825344408949591  0.26806821061992736
  0.27615391809908135  0.28347342354880695  0.29213235517823238  0.30289283630090963
  0.31580130604688772  0.32836505559651841  0.34399322985250363  0.36066294875863081
  0.38104943228954857  0.41421223154966030  0.42478659454350026  1.00000000000000000
 -0.00000476106680366  0.00002699830204011  0.00006178495508125  0.00009064350493327
  0.00011996265691824  0.00015226428477648  0.00018488352414047  0.00022011306841493
  0.00025777885752450  0.00029865649100131  0.00034225499005256  0.00038784788296739
  0.00043609580553228  0.00048753260853888  0.00054038075124402  0.00059515220028526
  0.00065259552667739  0.00071317164788040  0.00077504128382732  0.00083619356769693
  0.00089637139198041  0.00095693433279994  0.00101921276726072  0.00108286626071860
  0.00115804006730501  0.00123919122761826  0.00132546878570067  0.00141497445110202
  0.00150885976012554  0.00160812000669359  0.00170899716366558  0.00180697332475182
  0.00190665605492283  0.00200481124499644  0.00211179117643077  0.00222437124065165
  0.00233854932645472  0.00245720581412938  0.00258281608528095  0.00271446991399695
  0.00284865555463887  0.00298580929235846  0.00313018673257813  0.00328269216634741
  0.00344258344879371  0.00361048145707316  0.00378484495319762  0.00396289170480753
  0.00414336004665572  0.00432687131795933  0.00451106065566279  0.00470414714313966
  0.00492427863979710  0.00514283629101493  0.00537775671995176  0.00561413080514973
  0.00585343652458180  0.00611600025690946  0.00639056000734568  0.00666908130239934
  0.00698271495900257  0.00730801768388315  0.00766228035701962  0.00805713738450510
  0.00848966622148752  0.00893428895980774  0.00939039001140560  0.00986907381999094
  0.01036951743683781  0.01090524110972090  0.01153219739961965  0.01216899191648899
  0.01285695730773058  0.01359240220250369  0.01437447466608478  0.01526996208349892
  0.01631752268849324  0.01751650884192439  0.01889094297320707  0.02045168985680599
  0.02217160118271105  0.02388263471297246  0.02596509325248387  0.02817826186078548
  0.03070793325659435  0.03360970114305697  0.03709261338056991  0.04136192086988116
  0.04632523607679132  0.05228130589854311  0.06011724671173313  0.07012280588286995
  0.08700323868182787  0.12438946785964511  0.16543543795417434  1.00000000000000000
 -0.00244675190099601  0.00915959456873362  0.01984614492854579  0.03095779552002989
  0.04234838387553019  0.05336819987411257  0.06441964768581568  0.07601180275322715
  0.08766724371561233  0.09891602392633395  0.10888914599669587  0.11820176277407687
  0.12783348757237672  0.13785353336755612  0.14799137239493704  0.15764748597655073
  0.16719625853402204  0.17770473295132802  0.18879866174870052  0.20012432810465169
  0.21127926345473885  0.22237411829975490  0.23369017524630326  0.24523112191982566
  0.25647145830579465  0.26731285809427302  0.27868293695293372  0.28980356683322556
  0.30025248098775237  0.31017197514207262  0.31974450856084480  0.32889178678251185
  0.33806421476013659  0.34738447743663980  0.35702812323096988  0.36701355969177729
  0.37731070336046313  0.38795168686569387  0.39874085769291640  0.40920226236929336
  0.41954023148058417  0.43031127109547268  0.44169345713182334  0.45360281237987116
  0.46509130660700715  0.47590712733914492  0.48609946197983933  0.49635714800854142
  0.50701077431104424  0.51773922505188541  0.52825097671796917  0.53876599085558807
  0.54982014471244045  0.56120843033370904  0.57281410469908822  0.58409309075788363
  0.59477432090335669  0.60546016513939005  0.61648042193660435  0.62784590480760294
  0.63910380404676015  0.65002150219631261  0.66059761244917381  0.67052851894151466
  0.68032934223216313  0.69067931651857717  0.70140351854302574  0.71156554368162539
  0.72113892401380142  0.73088507688806581  0.74144090727408463  0.75231119537023261
  0.76302708441754974  0.77346489605675550  0.78379358151190093  0.79413855133994227
  0.80428817162858901  0.81461360239106440  0.82489763659077253  0.83498444359711244
  0.84490658916877337  0.85487789740639619  0.86552976895311251  0.87629743535249383
  0.88659712881729957  0.89664238263939100  0.90637754837803508  0.91636698021605045
  0.92657822544134061  0.93681399828906298  0.94741227509033976  0.95825167702469827
  0.96924503559442088  0.97968855570733016  0.98976955463975680  1.00000000000000000
 -0.00252830031519770  0.00998491503101158  0.02081623727485217  0.03190047909982843
  0.04261459141149783  0.05262716081918631  0.06257752063991262  0.07283972490928917
  0.08320583002160097  0.09277828329857124  0.10206164128982335  0.11156731407362025
  0.12146454330334863  0.13244992013241086  0.14338485159298447  0.15466941963623668
  0.16576494743464090  0.17697221501264990  0.18806564577691218  0.19903213436256142
  0.21021290469453213  0.22044076933949253  0.23029877335044438  0.23988235742395492
  0.25037201231926626  0.26141652238617996  0.27244386566090401  0.28312538647475960
  0.29359841353122235  0.30360599799747795  0.31344570158784524  0.32333834526431438
  0.33366128007659940  0.34404472454768847  0.35417195724392297  0.36460520199705043
  0.37483644271312433  0.38406519821796697  0.39293065139217837  0.40228957619572214
  0.41207977064091789  0.42206711079456227  0.43218984320778520  0.44337052796747228
  0.45486144374876802  0.46599514152455762  0.47665706994139334  0.48711845434064405
  0.49772304386147970  0.50863599258947101  0.51895799339913951  0.52864906142757484
  0.53831962535170719  0.54826625647225169  0.55844332146758036  0.56822250912820160
  0.57774247815300561  0.58751208498360896  0.59783963195395118  0.60877939008283966
  0.61990919585926529  0.63122954499032724  0.64272925761396060  0.65438320937685168
  0.66603646609812084  0.67786120705376840  0.68909092891444912  0.70066890546608196
  0.71232741575974856  0.72437149718918903  0.73564373657419724  0.74637288897900689
  0.75598820496223385  0.76523734152640044  0.77432772696577024  0.78387106081096636
  0.79346399525930511  0.80388329645130929  0.81462765672589033  0.82567595954913342
  0.83644282985122231  0.84740480812682262  0.85815150987995148  0.86879321295793199
  0.87914371045421025  0.88935638262636829  0.89917029866116616  0.90900974124860090
  0.91881018046578644  0.92854473800666082  0.93849920409985221  0.94943772935476589
  0.96117653677907255  0.97350883428849999  0.98654093683427546  1.00000000000000000
 -0.00101808710077669  0.00671429466007918  0.01228225325174065  0.01791258668202775
  0.02372626188861049  0.02994538757525096  0.03640586680464983  0.04262673423849995
  0.04848453867698252  0.05435371648714786  0.06025379248537943  0.06628194341882189
  0.07234466526945704  0.07834022802381882  0.08434683280494848  0.09078654288770518
  0.09728264624373585  0.10387139560868240  0.11049415443247711  0.11701820913296082
  0.12377045646286562  0.13100649330915434  0.13849477469363169  0.14595590412333259
  0.15345028018467122  0.16091505036480702  0.16832086172428432  0.17575803186520567
  0.18334134251035783  0.19099167761162975  0.19853218728306068  0.20598390523485471
  0.21363524069635770  0.22147024525650494  0.22935223889706050  0.23714474218867276
  0.24471295868973897  0.25246019528667729  0.25996499846266452  0.26776429127559792
  0.27545924772440539  0.28318387511012783  0.29100676441011303  0.29881014340024964
  0.30668947066569047  0.31442603702792610  0.32204638741376279  0.32977042794380157
  0.33774885615755884  0.34603232527372452  0.35454509497244563  0.36352089370229240
  0.37276361087602067  0.38207768078703724  0.39170413028245360  0.40189826872356565
  0.41296553544774256  0.42322066361941640  0.43254026280224384  0.44174736029174383
  0.45138829298645800  0.46134485407115877  0.47103481793444685  0.48112301740119517
  0.49229136198524054  0.50412485592772893  0.51592564768007021  0.52799568055584112
  0.54027183225400044  0.55267764236285777  0.56467402729505412  0.57559758943927852
  0.58694225590386695  0.59844128471292302  0.61027960443586404  0.62146213563985153
  0.63403886507251528  0.64702356553292006  0.66003803213966239  0.67294840065241335
  0.68641055887106661  0.70024220347914801  0.71415561848921816  0.72926905942997633
  0.74590504938696689  0.76284549732407314  0.77931120967325784  0.79586276874726358
  0.81266820843573506  0.83088874681927494  0.85100144737179462  0.87318735106046830
  0.89608952408212961  0.92303240958807786  0.95689442117770451  1.00000000000000000
 -0.00186642224293960  0.00834111915839308  0.01754617668210516  0.02797346768783605
  0.03852971207928339  0.04849988960035106  0.05758605187772359  0.06663815429997472
  0.07611572994877211  0.08602732849766356  0.09588378195495542  0.10628638386022098
  0.11773430242795363  0.12913255485802513  0.13956452961124866  0.15008800296005032
  0.16046350788854424  0.17033706816258234  0.17972038047036146  0.18940900132100014
  0.19973579306669939  0.21007982386721136  0.22034338714497412  0.23052016548949039
  0.24070585611551273  0.25083976923222484  0.26077758707245702  0.27039834605230550
  0.27997251801672279  0.28979825673540482  0.30030223848559751  0.31146621713680556
  0.32304507867247351  0.33501836967012705  0.34715694426425964  0.35890964460503594
  0.37033296250566639  0.38142911017424325  0.39218008795372633  0.40275332727335011
  0.41313388982829702  0.42361702341746221  0.43453041050479690  0.44600577387724505
  0.45777285974804616  0.46920955616767535  0.47999814748438185  0.49024682681045073
  0.50010221569578472  0.50993909970179707  0.52008060331089945  0.53129853602009935
  0.54362506459457449  0.55647704071608994  0.56867246374863878  0.58030019371896713
  0.59092272396073087  0.60112416254234213  0.61122893197730299  0.62114191470849389
  0.63094817185099838  0.64068031626495670  0.65101515328541071  0.66151135106306358
  0.67189297545807380  0.68212763973756230  0.69238827787671620  0.70228330137552775
  0.71183275068544039  0.72154213755124041  0.73195283874975914  0.74292844033693406
  0.75415357256837823  0.76534029692127914  0.77659063025905173  0.78763243289240303
  0.79802209362446175  0.80833920031771367  0.81910756938560725  0.83014789757037710
  0.84077373446262904  0.85078328698465622  0.86080881181117241  0.87129380315148586
  0.88245822137101970  0.89432265618893880  0.90593769779678301  0.91760125933217052
  0.92930114979702250  0.94043584009932035  0.95073918846207661  0.96092056617133326
  0.97072342854367155  0.98033594860918349  0.99004321874064349  1.00000000000000000
 -0.00267715715424425  0.01029532771499870  0.02093126197755747  0.03140319236370307
  0.04152236375189731  0.05072181112808914  0.05992545124174579  0.06942252885986074
  0.07906119599349290  0.08888948083158198  0.09914006435103082  0.11001452602500551
  0.12132072094304563  0.13232711271212325  0.14313695036838384  0.15406224060401214
  0.16553687612400395  0.17659889228111136  0.18815448923472980  0.19953123008763668
  0.21036941735406153  0.22043145915340315  0.23015425760774491  0.24046902271664250
  0.25055208869370615  0.26005480870572328  0.26954524813462333  0.27967702470766809
  0.28992187550652393  0.29964508102261489  0.30871893499239034  0.31784515318717149
  0.32763371129749064  0.33777846536994149  0.34854997161581108  0.35957523863962987
  0.37065037385116023  0.38155285010873502  0.39215631543584295  0.40265857170462499
  0.41322828949145929  0.42399291915559617  0.43495451278713920  0.44572812009020368
  0.45650434603452411  0.46709845550356488  0.47795427278160380  0.48861062291557589
  0.49963446515488447  0.51083398647706413  0.52223459291206287  0.53385083749730744
  0.54498956353124628  0.55583131084646464  0.56638870504850203  0.57649274107881943
  0.58623566727492216  0.59551545045728649  0.60477652029888651  0.61433786003667479
  0.62436969137730580  0.63530521731278389  0.64674773383751016  0.65838636752557500
  0.66975950278602003  0.68114637278174750  0.69316558214055723  0.70535921466741869
  0.71698388453834905  0.72804973435435538  0.73836328703263965  0.74845117323641419
  0.75791519746027347  0.76736826906581812  0.77681414977455532  0.78595760512963841
  0.79552154248761342  0.80518508652920007  0.81512628255973574  0.82556375565020756
  0.83617020849419654  0.84701598311489679  0.85797595764398160  0.86912127212266854
  0.87963543830355206  0.88968597129278670  0.90004953169257207  0.91071296413367619
  0.92191270660992852  0.93302715377219447  0.94417090887153243  0.95489968302235984
  0.96624086479197824  0.97726934003320076  0.98879398168326460  1.00000000000000000
 -0.01372553165234541  0.31387785995649015  0.40693979197192137  0.46451725075901373
  0.50522034924659109  0.53777900744255380  0.56458872011044425  0.58761810993220387
  0.60769171548900403  0.62458136551637999  0.63954972618503236  0.65343129129251720
  0.66676356694323491  0.67909619452936321  0.69027616952969273  0.70036412323065067
  0.70980521693484810  0.71877831147241078  0.72748968052164253  0.73565467263712603
  0.74343874410432265  0.75081224952799086  0.75778417027991740  0.76461151135040384
  0.77116167491945820  0.77718233938841907  0.78296010873118227  0.78850962934374502
  0.79379948427440472  0.79868537415732577  0.80345744541836095  0.80818077798968313
  0.81273717482328811  0.81698274355526479  0.82104224223443778  0.82503532256350709
  0.82906490055444937  0.83302637560625259  0.83685078981046379  0.84061545619385292
  0.84435280857305417  0.84792478242085334  0.85135583549347360  0.85463369707796311
  0.85782060557077622  0.86098970075542547  0.86408640402129444  0.86702754104572022
  0.86989252809268203  0.87274986560681400  0.87573205590286773  0.87899831831759878
  0.88223086869889644  0.88538938392347510  0.88844776503260481  0.89137960914010694
  0.89415919725823856  0.89667840147073330  0.89918977032737013  0.90166661416134153
  0.90411786326080801  0.90654806157112244  0.90894941270254104  0.91133124395798815
  0.91371182125987827  0.91599890968755215  0.91823259343321739  0.92045261738224771
  0.92267594488491023  0.92491660213239735  0.92714335278272608  0.92937778784280678
  0.93160299815867087  0.93381232942435610  0.93602728549913849  0.93819873633775641
  0.94037896643713603  0.94261823778239751  0.94492161290587384  0.94724491189738347
  0.94953277968276917  0.95186032652048336  0.95424220466058340  0.95679516902186590
  0.95961142194254401  0.96288962010649259  0.96692719324983245  0.97186512424941252
  0.97638363668202621  0.97992122089249989  0.98286844687402564  0.98559184071205941
  0.98835911292233036  0.99137035231870629  0.99508702501390089  1.00000000000000000
   8.1183091350738924E-019  -1.0000000000000000     
 F F F F F F F F F F F F F F F F F F F F F F F F F F F F F F F F F F F F F F F F F F F F F F F F F F F F F F F F F F F F F F F F
  <DiscreteSampler_grid>
  grouped_processes
  1 # 1 for a reference and 2 for a running grid.
  10 # Attribute 'min_bin_probing_points' of the grid.
  1 # Attribute 'grid_mode' of the grid. 1=='default',2=='initialization'
  0.0000000000000000 # Attribute 'small_contrib_threshold' of the grid.
  0.5000000000000000 # Attribute 'damping_power' of the grid.
 # binID   n_entries weight   weight_sqr   abs_weight
    10   10   1.953747896055736E-007   1.998382425649999E-013   1.953747896055736E-007
  </DiscreteSampler_grid>
