  0.04643518445616683  0.05775425046305753  0.06617681549330785  0.07250818831769247
  0.07883956114207709  0.08517492201919628  0.09152003550531705  0.09786514899143783
  0.10417342793531817  0.10515749076213236  0.10614155358894656  0.10712561641576075
  0.10810967924257495  0.10909374206938913  0.11007780489620332  0.11106186772301752
  0.11204593054983170  0.11302999337664589  0.11401405620346008  0.11499811903027428
  0.11598218185708846  0.11696624468390265  0.11795030751071685  0.11893437033753103
  0.11991843316434522  0.12090249599115942  0.12188655881797360  0.12287062164478779
  0.12385468447160199  0.12483874729841617  0.12582790172575023  0.12681805399488769
  0.12780820626402514  0.12879835853316260  0.12978851080230006  0.13077866307143751
  0.13176881534057494  0.13275896760971240  0.13374911987884985  0.13473927214798731
  0.13572942441712477  0.13671957668626222  0.13770972895539968  0.13869988122453714
  0.13969003349367459  0.14068018576281205  0.14167033803194948  0.14266049030108693
  0.14365064257022439  0.14464079483936185  0.14563094710849930  0.14662109937763676
  0.14761125164677424  0.14860140391591170  0.14959155618504916  0.15058170845418661
  0.15157186072332410  0.15256201299246155  0.15355216526159901  0.15454231753073649
  0.15553246979987395  0.15652262206901141  0.15751277433814886  0.15850292660728635
  0.15949307887642380  0.16048323114556126  0.16147338341469875  0.16246353568383620
  0.16345368795297366  0.16444384022211112  0.16543399249124860  0.16642414476038606
  0.19094120033616427  0.19770321355784456  0.20446522677952483  0.21122724000120516
  0.21798925322288551  0.22475126644456586  0.23151327966624619  0.23827529288792648
  0.24503730610960675  0.27251987193318539  0.35715169304179406  0.44178351415040251
  0.52641533525901107  0.61104715636761964  0.69567897747622809  0.78031079858483665
  0.81801171627096181  0.82690651573315865  0.83501084214740939  0.84105671498257206
  0.84710258781773484  0.84877638694133817  0.84877638694134816  1.00000000000000000
  0.00004404281369642  0.00043702043293799  0.00055296995265547  0.00055689135078916
  0.00056081274892285  0.00056473414705654  0.00056865554519023  0.00057257694332392
  0.00057649834145761  0.00058041973959130  0.00058434113772499  0.00058826253585868
  0.00059218393399237  0.00059610533212606  0.00060002673025975  0.00060394812839344
  0.00060786952652713  0.00061179092466082  0.00061571232279451  0.00061963372092820
  0.00062355511906189  0.00062747651719558  0.00063190287344321  0.00063635587072108
  0.00064080886799894  0.00064526186527680  0.00064971486255467  0.00065416785983253
  0.00065862085711039  0.00066307385438826  0.00066752685166612  0.00067197984894398
  0.00067643284622185  0.00068088584349971  0.00068533884077757  0.00068979183805544
  0.00069424483533330  0.00069869783261116  0.00070315082988902  0.00070760382716689
  0.00071205682444475  0.00071701779509680  0.00072207445705272  0.00072713111900864
  0.00073218778096457  0.00073724444292049  0.00074230110487641  0.00074735776683234
  0.00075241442878826  0.00075747109074418  0.00076252775270011  0.00076758441465603
  0.00077264107661195  0.00077769773856788  0.00078275440052380  0.00078781106247972
  0.00079286772443564  0.00079792438639157  0.00080298104834749  0.00080803771030341
  0.00106276293454143  0.00112931378446538  0.00119731063415665  0.00127288336190515
  0.00134880695857187  0.00143462460306290  0.00152044224755393  0.00256394828182503
  0.00336725632289638  0.00352610194113220  0.00368494755936801  0.00386039917907918
  0.00404077849316301  0.00422115780724683  0.00442536476439068  0.00463019696127916
  0.00531610103324625  0.00939508629219924  0.01249183862580638  0.01388038115002824
  0.01541582663988054  0.01712647287858976  0.02543118912045527  0.02657083926153682
  0.02771048940261836  0.02885789058911319  0.03001960212948376  0.03118131366985434
  0.03292313368106906  0.05287451671852954  0.05287451671853954  0.05287451671854954
  0.05287451671855953  0.05287451671856953  0.05287451671857953  1.00000000000000000
  0.00004586359509452  0.00018548425484028  0.00020196195248633  0.00026136523905842
  0.00042178315399031  0.00054090042121673  0.00061225656802717  0.00071058095029635
  0.00114508520546249  0.00180662355761095  0.00189854797097736  0.00199047238434378
  0.00209103565129975  0.00219335140196793  0.00230278112437904  0.00241666287190857
  0.00300914539475013  0.00388773907376998  0.00403456878589374  0.00418139849801751
  0.00433760415378500  0.00450103181860408  0.00466445948342315  0.00483949708505482
  0.00502139897154563  0.00520330085803644  0.00732114841681342  0.01181132899371253
  0.01722072605047045  0.01783676188191840  0.01845279771336634  0.01907505047025916
  0.01976072434322536  0.02044639821619156  0.02113207208915776  0.02189173694746279
  0.02265492089889533  0.02341810485032786  0.03488354213031267  0.03632853057713809
  0.03651925134525191  0.03670997211336573  0.03690069288147955  0.03709141364959337
  0.03728213441770719  0.03747285518582101  0.03766357595393483  0.03785429672204865
  0.03804501749016247  0.03823573825827629  0.03842645902639012  0.03861717979450394
  0.03880790056261776  0.03899862133073159  0.03918934209884541  0.03938006286695923
  0.03957078363507305  0.03976150440318687  0.03995222517130069  0.04014294593941451
  0.04031972654554686  0.04048225276999491  0.04064477899444296  0.04080730521889101
  0.04096983144333907  0.04113235766778712  0.04129488389223517  0.04145741011668322
  0.04161993634113127  0.04178246256557933  0.04194498879002738  0.04210751501447543
  0.04227004123892348  0.04243256746337153  0.04259509368781959  0.04275761991226764
  0.04292014613671569  0.04308267236116374  0.04324519858561179  0.04340772481005985
  0.04357025103450790  0.04373277725895595  0.04389530348340400  0.04405782970785205
  0.04422035593230011  0.04438288215674816  0.04454540838119622  0.04470793460564426
  0.05654266459580539  0.05957808031296078  0.05957808031297078  0.05957808031298078
  0.05957808031299078  0.05957808031300078  0.05957808031301078  1.00000000000000000
  0.01386600335439041  0.01546880710240419  0.01707161085041796  0.01867441459843174
  0.02027721834644551  0.02435816386857630  0.02975576801111348  0.03515337215365066
  0.04055097629618784  0.04699613924473774  0.05371425287249221  0.06043236650024670
  0.12070945539425870  0.20479921059904352  0.28888896580382856  0.37297872100861340
  0.44270900489155984  0.46509316712346038  0.48747732935536103  0.53704630108269458
  0.55641175670759813  0.57201412911703342  0.58761650152646872  0.60321887393590412
  0.68314824622846404  0.76723800143324883  0.85132775663803384  0.87570670290997799
  0.87669029976608759  0.87767389662219719  0.87865749347830679  0.87964109033441629
  0.88062468719052589  0.88160828404663549  0.88259188090274510  0.88357547775885470
  0.88455907461496419  0.88554267147107379  0.88652626832718340  0.88750986518329300
  0.88849346203940249  0.88947705889551210  0.89046065575162170  0.89144425260773130
  0.89242784946384091  0.89341144631995040  0.89439504317606000  0.89537864003216960
  0.89636223688827921  0.89734583374438881  0.89832943060049841  0.89931302745660791
  0.90029662431271751  0.90128022116882711  0.90226381802493671  0.90324741488104632
  0.90423101173715592  0.90521460859326552  0.90619820544937513  0.90718180230548473
  0.90816539916159422  0.90914899601770383  0.91013259287381343  0.91111618972992303
  0.91209978658603263  0.91308338344214224  0.91406698029825184  0.91505057715436144
  0.91603417401047105  0.91701777086658054  0.91800136772269014  0.91898496457879975
  0.91996856143490935  0.92095215829101895  0.92193575514712844  0.92291935200323805
  0.92390294885934765  0.92488654571545725  0.92587014257156686  0.92685373942767635
  0.92783733628378595  0.92882093313989555  0.92980452999600516  0.93078812685211465
  0.93177172370822425  0.93275532056433386  0.93373891742044346  0.93472251427655306
  0.93570611113266255  0.93668970798877216  0.95231619414640234  0.96653815666433029
  0.97537533441746549  0.98379346469916407  0.99189673234958209  1.00000000000000000
  0.05695139964421592  0.32650063252875999  0.34094575343205952  0.36327857104704520
  0.44549388091527597  0.48408093281572345  0.49240410763142056  0.50072728244711773
  0.50905045726281484  0.51737363207851195  0.52569680689420917  0.53401998170990639
  0.54834895132447747  0.58694214718333160  0.59322404259342731  0.59950593800352303
  0.60578783341361886  0.61206972882371447  0.61835162423381018  0.62463351964390590
  0.63091541505400162  0.63719731046409733  0.64347920587419305  0.69723862394981428
  0.75210819386645766  0.75799283437199605  0.76387747487753455  0.76976211538307304
  0.77564675588861154  0.78153139639415004  0.78741603689968853  0.79330067740522703
  0.79918531791076552  0.80506995841630402  0.81095459892184241  0.85911261545772877
  0.88056222305955856  0.90201183066138846  0.91693936724954994  0.91780022333757549
  0.91866107942560105  0.91952193551362660  0.92038279160165215  0.92124364768967770
  0.92210450377770325  0.92296535986572881  0.92382621595375447  0.92468707204178002
  0.92554792812980557  0.92640878421783113  0.92726964030585668  0.92813049639388223
  0.92899135248190778  0.92985220856993334  0.93071306465795889  0.93157392074598444
  0.93243477683400999  0.93329563292203555  0.93415648901006121  0.93501734509808676
  0.93587820118611231  0.93673905727413787  0.93757649576728441  0.93823558525791040
  0.93889467474853638  0.93955376423916237  0.94021285372978824  0.94087194322041423
  0.94153103271104022  0.94219012220166620  0.94284921169229219  0.94350830118291806
  0.94416739067354405  0.94482648016417004  0.94548556965479602  0.94614465914542201
  0.94680374863604788  0.94746283812667387  0.94812192761729985  0.94878101710792584
  0.94944010659855171  0.95009919608917770  0.95075828557980369  0.95141737507042967
  0.95207646456105566  0.95273555405168153  0.95339464354230752  0.95405373303293350
  0.95471282252355949  0.95537191201418548  0.95603100150481135  0.95669009099543734
  0.95734918048606332  0.95800826997668931  0.96244156757990507  1.00000000000000000
  0.02866208155949913  0.03329964458244541  0.03793720760539169  0.04325666447824324
  0.05137656634934899  0.05949646822045473  0.11304363400692119  0.19325857956417442
  0.25424496665604729  0.26875108652708268  0.28325720639811819  0.29776332626915369
  0.31226944614018903  0.33309406978335032  0.35402073879772494  0.37494740781209940
  0.45501335210316424  0.50269141621767144  0.50881977948556212  0.51494814275345291
  0.52102744786894228  0.52591946267341472  0.53081147747788704  0.53570349228235947
  0.54059550708683191  0.54548752189130423  0.55037953669577666  0.55527155150024898
  0.56016356630472142  0.56549898048415637  0.57123977144322147  0.57698056240228657
  0.58272135336135167  0.62531400537176440  0.62615368112229663  0.62699335687282887
  0.62783303262336110  0.62867270837389333  0.62951238412442556  0.63035205987495779
  0.63119173562549002  0.63203141137602226  0.63287108712655449  0.63371076287708672
  0.63455043862761895  0.63539011437815118  0.63622979012868353  0.63706946587921576
  0.63790914162974799  0.63874881738028022  0.63958849313081245  0.64042816888134468
  0.64126784463187692  0.64210752038240915  0.64294719613294138  0.64378687188347361
  0.64462654763400584  0.64546622338453807  0.64619513175856824  0.64683799115113105
  0.64748085054369386  0.64812370993625656  0.64876656932881938  0.64940942872138219
  0.65005228811394500  0.65069514750650770  0.65133800689907051  0.65198086629163332
  0.65262372568419602  0.65326658507675883  0.65390944446932164  0.65455230386188445
  0.65519516325444715  0.65583802264700997  0.65648088203957278  0.65712374143213548
  0.65776660082469829  0.65840946021726110  0.65905231960982391  0.65969517900238661
  0.66033803839494942  0.66098089778751223  0.66162375718007493  0.66226661657263775
  0.66290947596520056  0.66355233535776337  0.66419519475032607  0.66483805414288888
  0.66548091353545169  0.66612377292801439  0.67914021777098776  0.75935516332824105
  0.80498916308085122  0.80498916308086121  0.80498916308087121  1.00000000000000000
  0.00795056254531315  0.01097443088821330  0.01399829923111345  0.01702216757401360
  0.02004603591691375  0.02487278330999619  0.03033416383790119  0.03579554436580618
  0.04125692489371117  0.04711039018388250  0.05299565772940759  0.05888092527493268
  0.06287223677425879  0.06383892989367027  0.06480562301308175  0.06577231613249322
  0.06673900925190471  0.06770570237131618  0.06867239549072765  0.06963908861013914
  0.07060578172955061  0.07157247484896209  0.07253916796837356  0.07350586108778503
  0.07447255420719652  0.07543924732660799  0.07640594044601948  0.07737263356543095
  0.07833932668484242  0.07930601980425390  0.08027271292366538  0.08123940604307686
  0.08220609916248833  0.08317279228189980  0.08413944438939296  0.08510608832957282
  0.08607273226975268  0.08703937620993255  0.08800602015011241  0.08897266409029228
  0.08993930803047215  0.09090595197065200  0.09187259591083187  0.09283923985101174
  0.09380588379119160  0.09477252773137146  0.09573917167155133  0.09670581561173119
  0.09767245955191106  0.09863910349209093  0.09960574743227078  0.10057239137245065
  0.10153903531263052  0.10250567925281039  0.10347232319299024  0.10437846526774375
  0.10513033263285944  0.10588219999797513  0.10663406736309082  0.10738593472820651
  0.10813780209332222  0.10888966945843791  0.10964153682355360  0.11039340418866929
  0.11114527155378498  0.11189713891890068  0.11264900628401638  0.11340087364913207
  0.11415274101424776  0.11490460837936346  0.11565647574447915  0.11640834310959484
  0.11716021047471054  0.11791207783982624  0.11866394520494193  0.11941581257005762
  0.12016767993517331  0.12091954730028900  0.12167141466540471  0.12242328203052040
  0.12317514939563609  0.12392701676075178  0.12467888412586747  0.16831627218553860
  0.24392388380503563  0.31953149542453263  0.39513910704402966  0.41633272568384816
  0.41633272568385815  0.41633272568386814  0.41633272568387814  0.41633272568388813
  0.41633272568389812  0.41633272568390811  0.41633272568391810  1.00000000000000000
  0.00796126921971636  0.10921702099203835  0.11426737531740996  0.11931772964278158
  0.12436808396815319  0.12992364799067252  0.13555146607353258  0.14117928415639266
  0.14698710434853379  0.15365522996165770  0.16032335557478164  0.17034040032422529
  0.24575857253010577  0.32117674473598629  0.39659491694186683  0.41731037238820456
  0.41818752228842521  0.41906467218864585  0.41994182208886655  0.42081897198908719
  0.42169612188930783  0.42257327178952847  0.42345042168974911  0.42432757158996981
  0.42520472149019045  0.42608187139041109  0.42695902129063174  0.42783617119085238
  0.42871332109107307  0.42959047099129372  0.43046762089151436  0.43134477079173500
  0.43222192069195570  0.43309907059217634  0.43397622049239698  0.43485337039261762
  0.43573052029283826  0.43660767019305896  0.43748482009327960  0.43836196999350024
  0.43923911989372089  0.44011626979394158  0.44099341969416223  0.44187056959438287
  0.44274771949460351  0.44362486939482415  0.44450201929504485  0.44537916919526549
  0.44625631909548613  0.44713346899570677  0.44801061889592741  0.44888776879614811
  0.44976491869636875  0.45064206859658940  0.45151921849681004  0.45239636839703068
  0.45327351829725138  0.45415066819747202  0.45502781809769266  0.45590496799791330
  0.45678211789813400  0.45765926779835464  0.45853641769857528  0.45941356759879592
  0.46029071749901662  0.46116786739923726  0.46204501729945796  0.46292216719967860
  0.46379931709989924  0.46467646700011994  0.46555361690034058  0.46643076680056123
  0.46730791670078192  0.46818506660100256  0.46906221650122326  0.46993936640144390
  0.47081651630166454  0.47169366620188524  0.47257081610210588  0.47344796600232653
  0.47432511590254722  0.47520226580276786  0.47607941570298856  0.47695656560320920
  0.47783371550342985  0.47871086540365054  0.51539461820767973  0.59081279041356027
  0.66623096261944093  0.70189910016745372  0.72133728929631447  0.77374548338235849
  0.84916365558823914  0.92458182779411968  0.97698367039362588  1.00000000000000000
  0.11936533053716024  0.12528219524915135  0.15183377066948217  0.23660558661521622
  0.31410550163648526  0.32943670784170870  0.34476791404693224  0.36009912025215574
  0.37737943151720799  0.45871984617519462  0.46730186095568271  0.47588387573617075
  0.48446589051665873  0.49304790529714670  0.50162992007763463  0.51021193485812266
  0.51879394963861059  0.58546043225937339  0.64769760951856192  0.65417486797356994
  0.66065212642857796  0.66712938488358597  0.67360664333859388  0.68008390179360179
  0.68656116024860980  0.69303841870361771  0.69951567715862562  0.70599293561363352
  0.76247494267046667  0.83432920438177005  0.84039685454752178  0.84646450471327361
  0.85253215487902534  0.85859980504477718  0.86466745521052890  0.87073510537628063
  0.87680275554203235  0.88287040570778408  0.88893805587353580  0.89500570603928753
  0.91721508412686770  0.91810271759586948  0.91899035106487137  0.91987798453387326
  0.92076561800287504  0.92165325147187693  0.92254088494087871  0.92342851840988061
  0.92431615187888250  0.92520378534788428  0.92609141881688617  0.92697905228588795
  0.92786668575488984  0.92875431922389173  0.92964195269289351  0.93052958616189541
  0.93141721963089730  0.93230485309989908  0.93319248656890097  0.93408012003790275
  0.93496775350690464  0.93585538697590653  0.93674302044490831  0.93759667005162406
  0.93825342476109752  0.93891017947057109  0.93956693418004456  0.94022368888951813
  0.94088044359899159  0.94153719830846505  0.94219395301793862  0.94285070772741209
  0.94350746243688555  0.94416421714635912  0.94482097185583258  0.94547772656530615
  0.94613448127477962  0.94679123598425308  0.94744799069372665  0.94810474540320011
  0.94876150011267357  0.94941825482214715  0.95007500953162061  0.95073176424109418
  0.95138851895056764  0.95204527366004110  0.95270202836951468  0.95335878307898814
  0.95401553778846160  0.95467229249793517  0.95532904720740863  0.95598580191688221
  0.95664255662635567  0.95729931133582913  0.95763326088587430  1.00000000000000000
   9.3493364562759129E-011  -1.0000000000000000     
 F F F F F F F F F F F F F F F F F F F F F F F F F F F F F F F F F F F F F F F F F F F F F F F F F F F F F F F F F F F F F F F F
  <DiscreteSampler_grid>
  grouped_processes
  1 # 1 for a reference and 2 for a running grid.
  10 # Attribute 'min_bin_probing_points' of the grid.
  1 # Attribute 'grid_mode' of the grid. 1=='default',2=='initialization'
  0.0000000000000000 # Attribute 'small_contrib_threshold' of the grid.
  0.5000000000000000 # Attribute 'damping_power' of the grid.
 # binID   n_entries weight   weight_sqr   abs_weight
    10   10   2.643957461390885E+004   5.918093725341619E+009   2.643957461390885E+004
  </DiscreteSampler_grid>
