  0.00933593797365663  0.01734701915723878  0.02810693962197008  0.03956257774769574
  0.05093520204495367  0.06204945388929597  0.07288675053336320  0.08329927893630092
  0.09317559655862745  0.10267373342998536  0.11248044730530038  0.12269529362128476
  0.13348916352832596  0.14438848929256443  0.15511804673324797  0.16564032276968860
  0.17531367997221697  0.18478216945527801  0.19420390323788631  0.20369349841331000
  0.21366773183192264  0.22372446125414897  0.23394016123314906  0.24405262759424434
  0.25405815257615144  0.26394503191068192  0.27383629010019611  0.28385908601314574
  0.29386093409689323  0.30376638955174717  0.31377051289640667  0.32443270276481534
  0.33547783259808489  0.34623121368204118  0.35648130869201039  0.36664221436885591
  0.37731759913599960  0.38852704036413427  0.39945079439201209  0.40976261238307737
  0.41980438050628721  0.42999472034712638  0.44035637963288843  0.45086913600226175
  0.46152994916079154  0.47204396597059955  0.48259499842655923  0.49347230430006167
  0.50403965493497405  0.51408355280732110  0.52352389281363765  0.53336659354884919
  0.54370859276299355  0.55394625584905943  0.56430743914239978  0.57539981722017663
  0.58667129454199107  0.59759824231555392  0.60814757080515580  0.61903361050921235
  0.63018917105837369  0.64118377310906949  0.65228049819381140  0.66352063467213562
  0.67459311954779533  0.68545216585262914  0.69602614171941735  0.70670153582414008
  0.71769477155487948  0.72850275612902937  0.73908933823679368  0.74951234500366204
  0.76078851226962019  0.77226074960364532  0.78348668357154794  0.79450345276241452
  0.80603834022326348  0.81683602985068582  0.82627291931763913  0.83530388806936240
  0.84432861489387578  0.85413209906831378  0.86410761135810632  0.87378674535606393
  0.88366063441295328  0.89385090860756800  0.90384264684644744  0.91369542035797502
  0.92391420002816838  0.93426873580896097  0.94460351591039249  0.95479175598779853
  0.96565526154205483  0.97654481916441416  0.98783985949950537  1.00000000000000000
 -0.00000624599406724  0.00003675604573556  0.00007406659882703  0.00010654143252996
  0.00014083173897537  0.00017809649813178  0.00021794575356960  0.00026200323282419
  0.00031095027867399  0.00036101826802007  0.00041194880918443  0.00046554282657794
  0.00052281816688201  0.00058127718875870  0.00063990501739420  0.00070005498699365
  0.00076584269951468  0.00083659074802463  0.00090947103813107  0.00098228034299110
  0.00105469471464410  0.00112880416426646  0.00120631344352166  0.00128991673793406
  0.00137921318067249  0.00148026196704706  0.00158420352705340  0.00169615974063418
  0.00181145888672158  0.00192971789040233  0.00205016659173091  0.00217102004901285
  0.00228989700513848  0.00240968273341418  0.00253443807564054  0.00266373173325052
  0.00279556451955962  0.00292862370313527  0.00306362391070490  0.00320479919053782
  0.00335682612785872  0.00351738808173296  0.00368703019089012  0.00386607697387311
  0.00405004815760940  0.00423627917952764  0.00443217960926353  0.00463757517954234
  0.00485016562239918  0.00507438631286011  0.00531453670831432  0.00556742585575168
  0.00583448527714399  0.00612215820555860  0.00642214033117777  0.00672265063557048
  0.00702370548151834  0.00734390911621006  0.00768954383669901  0.00806060590318990
  0.00845309869633733  0.00884627756080399  0.00928104827352673  0.00974431797036130
  0.01023552615355174  0.01076365246966082  0.01132381848667960  0.01191308597624121
  0.01253227507458907  0.01317000889367338  0.01386117702936867  0.01464171150313131
  0.01550751520946944  0.01645470669824573  0.01744506332177409  0.01851118434185127
  0.01968748250502423  0.02097587790694857  0.02240494505754523  0.02396365812162414
  0.02570792594228444  0.02760673172794424  0.02980516913278652  0.03245317066754828
  0.03517618079374220  0.03808566003191297  0.04190965762398501  0.04647869579802566
  0.05236008564990331  0.05979599816543772  0.06956909360602814  0.07827119534885998
  0.10337841181684509  0.17052057159335959  0.67040767136278501  1.00000000000000000
  0.00000276146593054  0.00013125815603516  0.00025763510433923  0.00041584991167116
  0.00060115596359671  0.00080307088881935  0.00103914745941675  0.00128613468538894
  0.00154113300412248  0.00180781338497469  0.00208780572264433  0.00239464384431119
  0.00270292673540064  0.00300986352699023  0.00332659600398158  0.00366837608327616
  0.00400088456808011  0.00431793347028495  0.00464678471733699  0.00498422844108072
  0.00537099621553552  0.00579061192785651  0.00622780801886721  0.00667172016927657
  0.00712178527976218  0.00759067487633786  0.00808166753790341  0.00858829312255514
  0.00908203806483265  0.00957220719048194  0.01006388493840981  0.01057346704929325
  0.01111259907382517  0.01164438635960096  0.01216641805422342  0.01268836877878355
  0.01322929130118824  0.01380285842174469  0.01439489049773916  0.01500175251756669
  0.01563001206614476  0.01626068769278146  0.01690389250192682  0.01756982920715153
  0.01821580315946911  0.01887924211048519  0.01960964307067346  0.02044190487496546
  0.02132520027324988  0.02226401273334773  0.02316564272696010  0.02404810327975506
  0.02491467653348154  0.02581983730921231  0.02679375288380038  0.02780041036631607
  0.02884043437378929  0.02995060432881636  0.03110727919837318  0.03230435423838793
  0.03360675328859342  0.03500735581656088  0.03647825170117334  0.03809689602054215
  0.03988635600175292  0.04162888965644641  0.04338871874001650  0.04524458947561529
  0.04703192507098570  0.04889187627627424  0.05088840715071873  0.05313283523484447
  0.05556250868916517  0.05789827496379646  0.06006419502549192  0.06234059331424559
  0.06493625522360273  0.06792418509598834  0.07135598353670407  0.07497264810203691
  0.07878101555544960  0.08289234298776861  0.08707814565907422  0.09142684746652184
  0.09597442443491504  0.10102264677390821  0.10831704355609603  0.12094515615885067
  0.13643945404319716  0.18138782647290738  0.21940952347408235  0.24685198368861591
  0.27255478144730938  0.29264483925012613  0.31161064138715577  1.00000000000000000
 -0.00271266345328856  0.00967954936321884  0.02003998785462755  0.03014686801740084
  0.04004374402829679  0.04989725205234945  0.05980544930375342  0.06988898950973389
  0.08003508447791632  0.08998258617355438  0.09977470313414810  0.10944932395648287
  0.11918662176104164  0.12932869324371601  0.13945670610618055  0.14978885766352776
  0.16005830802201482  0.17076622669622243  0.18178998987987230  0.19229707450376954
  0.20234096169303648  0.21230774588385956  0.22190401400817630  0.23125954115505243
  0.24028485350998383  0.24967165444164477  0.26026055915370166  0.27115268842761237
  0.28213200734123028  0.29297831782588696  0.30296095154679925  0.31326895026298857
  0.32388838369697087  0.33466543974484791  0.34520325392524542  0.35521438311951981
  0.36526428322170562  0.37517008756030584  0.38497384436902016  0.39519190181045621
  0.40514385709428191  0.41476424552883095  0.42433705684734252  0.43475611045332796
  0.44538254318820714  0.45602566620955681  0.46615326911627580  0.47627807173177700
  0.48596615194337239  0.49534582613061501  0.50546497084208131  0.51629592869393603
  0.52753630462969858  0.53853367892919302  0.55000390978927527  0.56179067868673671
  0.57393549448091663  0.58635089320991340  0.59845912746345742  0.61050317318735425
  0.62227512989664435  0.63331672180765486  0.64394240201490438  0.65459288150150141
  0.66545836202299380  0.67638707285040245  0.68718385480519795  0.69798337153054979
  0.70884309089750674  0.71941333796540607  0.72983422276388643  0.74042399949309334
  0.75115632032246304  0.76242241851593162  0.77378066438515425  0.78514238231508593
  0.79619885717173544  0.80716563922517703  0.81825860842367248  0.82923960898284699
  0.84060941707980530  0.85253883144024345  0.86500520518631963  0.87651381334091627
  0.88645207089686018  0.89669313014297580  0.90623663861950621  0.91536309824453699
  0.92446799697929616  0.93392059802942684  0.94443309441893741  0.95565100320510032
  0.96683357015354709  0.97807790150865026  0.98873092276101171  1.00000000000000000
 -0.00235697765378013  0.00911846977862242  0.01947706126245233  0.02990138239711458
  0.04040958325166456  0.05093689460316603  0.06178929301559879  0.07283418073192580
  0.08405442157393041  0.09585865735598705  0.10749602189886100  0.11931589604206026
  0.13109542331154983  0.14296680351173718  0.15530499789756494  0.16729065499052359
  0.17900061796928166  0.19078951990915033  0.20229015493300842  0.21321347122023415
  0.22372456007842018  0.23459578775657017  0.24638456081835849  0.25802599495640816
  0.26885383316542893  0.27919611712817316  0.28963134647242511  0.30016723640010889
  0.31067965884048881  0.32074256673970120  0.33066753397798493  0.34047807589088447
  0.35076424386851551  0.36179021434570496  0.37286682761944445  0.38389627462080717
  0.39469048543359198  0.40564493558842074  0.41691059596074787  0.42801775207288745
  0.43868987225487732  0.44864981428853729  0.45858332876620589  0.46907535610488404
  0.47939889627283278  0.48915759094512079  0.49897747740181647  0.50939376874288411
  0.51951031712076412  0.52888106391043688  0.53832777054647751  0.54837497998393625
  0.55879518938956063  0.56937066521392066  0.58018197697034091  0.59136614450295200
  0.60243430573452339  0.61340026936933478  0.62425869761193598  0.63408110385780003
  0.64369297521679081  0.65301865957045513  0.66256751266635650  0.67239606189628542
  0.68258509010910362  0.69270890348643377  0.70256687290644015  0.71244224541001910
  0.72263329911103547  0.73227143753538759  0.74103564924320486  0.74968419689424448
  0.75891484479367488  0.76846366400749277  0.77809219562898757  0.78763863749465468
  0.79743889783246391  0.80837562255772233  0.81886615141279318  0.83007078156246539
  0.84022345915661012  0.85147374911097595  0.86214263064316787  0.87337107792064883
  0.88357381738859964  0.89357378977849622  0.90308097024408251  0.91291120681968196
  0.92332431335670861  0.93423276945638034  0.94483194429207529  0.95548646731348075
  0.96629541513697959  0.97766236215181868  0.98863611951977803  1.00000000000000000
 -0.00200681029350834  0.00959076409017230  0.01972458665000196  0.02939003372471816
  0.03917765084920878  0.04912376156241285  0.05975707256381348  0.07066935617404563
  0.08132143310861063  0.09200180019982619  0.10324571948978341  0.11462451472445806
  0.12655154506766242  0.13878661995235789  0.15065127919927929  0.16142547208771113
  0.17202022244878895  0.18282707441284193  0.19342039066318320  0.20371996975479764
  0.21406126036242090  0.22497248150612922  0.23542394743184297  0.24642231633704331
  0.25868010692763449  0.27192470893973780  0.28419164852636269  0.29638829955650092
  0.30825703711237407  0.31896037635881669  0.32904828956819632  0.33934072750144650
  0.35017072107261887  0.36088279896816994  0.37149765156477405  0.38188621423779401
  0.39235893015908824  0.40361778373191548  0.41424352089467581  0.42416039083955864
  0.43354296239220935  0.44238627395912195  0.45128835198189665  0.46084568324099168
  0.47037373590636083  0.47979854750362305  0.48895491808107888  0.49830885034206485
  0.50816396803940445  0.51885718638482481  0.52945615032539406  0.54014651155094340
  0.55056640674011259  0.56106978582806788  0.57185562471138141  0.58355612860986561
  0.59560332433754903  0.60718118757489914  0.61727616154493259  0.62695878840030916
  0.63688517661601118  0.64718402042083611  0.65839384597068307  0.66943630578016400
  0.68189645534203414  0.69345637006806637  0.70458851802854905  0.71481061088669084
  0.72463436058537478  0.73434812304187824  0.74344906380465747  0.75244103281281260
  0.76163474528392849  0.77135371013896215  0.78155248350791962  0.79203800314498696
  0.80236081172073559  0.81200389659941286  0.82288503646744415  0.83404979618885688
  0.84564866632597280  0.85624408803040597  0.86656424061073312  0.87720596797906125
  0.88836337311191160  0.89918029262505494  0.90921586622101547  0.91969925452042323
  0.93019395312501285  0.94056641844173261  0.95076615461014613  0.96091595799810359
  0.97118426430784632  0.98115923244341452  0.99073663989236882  1.00000000000000000
  0.01120400242991877  0.01321213352210563  0.01563491074994247  0.01753791532459565
  0.01925469778753274  0.02094994597131728  0.02271072802963859  0.02446763942248689
  0.02619145013447315  0.02789423604727104  0.02957709619761735  0.03132150599655912
  0.03308526498652270  0.03484253762800049  0.03658890345483250  0.03833494754230381
  0.04008865007693244  0.04186611663569656  0.04365808896081000  0.04544868255980760
  0.04724815782369139  0.04904243506670518  0.05082948970160892  0.05267151644135527
  0.05455535257734705  0.05647255505624357  0.05837308237933503  0.06022841620019424
  0.06208762311297914  0.06396807354243166  0.06590395937444619  0.06784633108267135
  0.06985272972753398  0.07180227371416939  0.07375771992661638  0.07574666657193596
  0.07774661929067861  0.07979522934213268  0.08195954073218564  0.08425970201963948
  0.08664221372585504  0.08904186105640965  0.09145014955991680  0.09386263083427938
  0.09624019451429024  0.09868086032181637  0.10126733780431099  0.10402766169668262
  0.10657449470582044  0.10920825605116063  0.11173561220728727  0.11443268134892763
  0.11715977964465177  0.12001561186025242  0.12268397464875586  0.12531250739782127
  0.12810299093583230  0.13106301756027258  0.13424398041303592  0.13744237620646832
  0.14096635918881059  0.14453775350505230  0.14748740862105897  0.15028148459761470
  0.15330482754675526  0.15724299113455992  0.16177817444955533  0.16546881904156624
  0.16842545771240319  0.17170939706788768  0.17627467456572662  0.18204272330329313
  0.18705489782624776  0.19124910337220188  0.19403715344489211  0.19721997133829403
  0.20092251295190575  0.20530575485970037  0.20936286928722411  0.21338276992881203
  0.21775538178772627  0.22301639227213305  0.23072700719906133  0.23892453849857972
  0.24657669586090980  0.25314498911591488  0.26115295865905475  0.27304506836244469
  0.29343297672758045  0.31732833229658747  0.33214436366395228  0.34874227570988447
  0.38260591971547869  0.42014278193032512  0.56050268228350453  1.00000000000000000
 -0.00264054720534512  0.00891861017337268  0.01960709755778140  0.03088371655184591
  0.04226647481678388  0.05234462834409560  0.06188473901682627  0.07173369788167540
  0.08162208783883408  0.09092824587984434  0.09926426012721741  0.10766658065520876
  0.11673339467143702  0.12604844085470079  0.13585460887570694  0.14571326176643470
  0.15404120517493103  0.16231345479746415  0.17107801579465934  0.18001209992735034
  0.18874273996561647  0.19707653228698319  0.20531518383138153  0.21402522457992548
  0.22333347752884891  0.23258570547204321  0.24138228747834797  0.25045132995980202
  0.25957754322984306  0.26863699423292026  0.27781629990885237  0.28695371840847889
  0.29659180915437211  0.30640313182488360  0.31643250430483244  0.32672398093488136
  0.33761846653986277  0.34915865471970059  0.36148568652299423  0.37474204882313172
  0.38838660053039875  0.40179931477191211  0.41503636106385033  0.42840744854558338
  0.44234674451597900  0.45670163483363108  0.47119998068241103  0.48618089116666413
  0.50089504655896833  0.51559823967475438  0.53009998869053587  0.54547495529489420
  0.56006798648499700  0.57403022198668785  0.58730835877173193  0.59946060549618707
  0.61121401022938049  0.62277734761463610  0.63444238882128245  0.64584868949388929
  0.65655780232814509  0.66680451049205713  0.67669473072123665  0.68637601920663005
  0.69609432067319543  0.70598307521862003  0.71578950852562717  0.72548438374492541
  0.73557152638487078  0.74609645862090757  0.75624109117942662  0.76580232503250600
  0.77553447982252233  0.78500593339038993  0.79409097144407126  0.80331947314264185
  0.81278699191860859  0.82332222416671819  0.83333635474760215  0.84290169123876679
  0.85314129343418676  0.86314823292802989  0.87290122905249934  0.88191678348805802
  0.89079321423639357  0.89970067454132718  0.90914505156214864  0.91859055907068721
  0.92793834058721969  0.93712599628311322  0.94717769044276112  0.95780326861792398
  0.96866758803765896  0.97925105062535323  0.98969387996374436  1.00000000000000000
  0.03183814105231942  0.14825599699231470  0.23141435774618785  0.28435287907709955
  0.32571882793122997  0.36122270728709782  0.39177226026128881  0.41823330550598431
  0.44238458806156167  0.46424709211593174  0.48401353855218093  0.50155768834433856
  0.51813966318900484  0.53451528138302185  0.55081264243457162  0.56615416379154571
  0.58010380438627307  0.59210271653250857  0.60363407893310606  0.61447638843807151
  0.62618788123001790  0.63760609525339795  0.64847380377956754  0.65872530994555178
  0.66874365214635667  0.67830999344829257  0.68705297002620902  0.69502189960990413
  0.70263895735502646  0.71012630309116154  0.71756866018662913  0.72492345986301532
  0.73223698593405551  0.73944463651129488  0.74641879435862235  0.75327495445956261
  0.75981972005913834  0.76648992055843701  0.77284510532811457  0.77839930860588902
  0.78396459064556545  0.78937033646289334  0.79471479853509874  0.79998326770261197
  0.80515563362051124  0.81031587345986067  0.81539022370596748  0.82029971279001368
  0.82528714050168772  0.83010933727792646  0.83453184182946272  0.83877039453414370
  0.84291217562255860  0.84704083467384028  0.85108539675608641  0.85501628995903123
  0.85880911356481249  0.86243464596809205  0.86607663583101935  0.86934509738143861
  0.87266854689588780  0.87602085555104481  0.87937727789017295  0.88276972835515455
  0.88619016515524607  0.88958311876840002  0.89292486287912165  0.89622158685666753
  0.89941028748322549  0.90261987132328358  0.90583156616262672  0.90902436206099846
  0.91215442891996867  0.91517842137122307  0.91809660630846446  0.92088665885981758
  0.92371183847652438  0.92658915520990837  0.92954555102987413  0.93260080671541357
  0.93571585290649684  0.93872342488370253  0.94178916379295230  0.94479431847335182
  0.94764054747629345  0.95061845982961768  0.95388129789439247  0.95772539310172822
  0.96280435658250885  0.96951232124186615  0.97547475328845024  0.98016765734631561
  0.98456684248760751  0.98902677228180291  0.99405037805955077  1.00000000000000000
   7.9370235320506123E-016  -1.0000000000000000     
 F F F F F F F F F F F F F F F F F F F F F F F F F F F F F F F F F F F F F F F F F F F F F F F F F F F F F F F F F F F F F F F F
  <DiscreteSampler_grid>
  grouped_processes
  1 # 1 for a reference and 2 for a running grid.
  10 # Attribute 'min_bin_probing_points' of the grid.
  1 # Attribute 'grid_mode' of the grid. 1=='default',2=='initialization'
  0.0000000000000000 # Attribute 'small_contrib_threshold' of the grid.
  0.5000000000000000 # Attribute 'damping_power' of the grid.
 # binID   n_entries weight   weight_sqr   abs_weight
    10   10   1.293626798744291E-002   7.559177419844948E-004   1.293626798744291E-002
  </DiscreteSampler_grid>
