  0.00965546284178405  0.01564522901489789  0.02451225545625681  0.03420049082495967
  0.04415162749438536  0.05413484935515863  0.06382526275625938  0.07355172318472783
  0.08338259106065034  0.09369689012866941  0.10445013280440474  0.11534843796563574
  0.12594082157125522  0.13608628329945646  0.14642373788096319  0.15738355088741085
  0.16913757776993910  0.18156140282198172  0.19361327340952617  0.20438418359319652
  0.21505366845083901  0.22595022487115801  0.23741777787126009  0.24931176569991051
  0.26131096854519070  0.27295571450123995  0.28380463361494235  0.29428830879991252
  0.30540370821907686  0.31633389437313980  0.32714829946849816  0.33704768154677983
  0.34559442162599663  0.35428738020502221  0.36246321273297460  0.37106764428928002
  0.37923574286082845  0.38771248452942475  0.39666286645047694  0.40648643932351564
  0.41645207810377050  0.42660124103189972  0.43677758382122561  0.44696704704269552
  0.45751375726331356  0.46849504646315615  0.48018275840316049  0.49210423277893350
  0.50433694687126907  0.51643547260487821  0.52764406121417229  0.53860228899244000
  0.54976374220539137  0.56129497430241759  0.57326940687135175  0.58490444741115388
  0.59576927640306698  0.60618100767594141  0.61616286463486092  0.62624694580009321
  0.63645986807319366  0.64715040306042138  0.65836475953346318  0.66991212006044720
  0.68128866628937967  0.69259141767031385  0.70374536710083535  0.71478581934826713
  0.72581012842719250  0.73686729705744680  0.74765746270242761  0.75811333046499318
  0.76861884674297443  0.77916032765485777  0.78966756526189485  0.79973817583794060
  0.80973590703264642  0.81988659350796189  0.83011153105514224  0.84022353479889422
  0.85034025350604869  0.86104088792420608  0.87228970718057242  0.88364785486693842
  0.89501282359173140  0.90578620724012482  0.91622340728989482  0.92610496211643456
  0.93587392173165540  0.94595647126825055  0.95622804355068647  0.96575618356312098
  0.97503793137697414  0.98396824105162806  0.99058302982586888  1.00000000000000000
 -0.00000665901985138  0.00003292400267727  0.00006350437976767  0.00008902817431579
  0.00011474690186773  0.00014400057815681  0.00017527219988696  0.00021007064082059
  0.00024508261280237  0.00028443479959118  0.00032918521529422  0.00037752096411914
  0.00042648381387605  0.00047720084070915  0.00052993854709166  0.00058290201919030
  0.00063658753116777  0.00069029909033424  0.00074712742868085  0.00081154999097916
  0.00088885950448495  0.00096921647257561  0.00104927834875910  0.00113157350925687
  0.00121425706949082  0.00129372612037677  0.00137742063362430  0.00146576277706348
  0.00155191980737601  0.00163980383584233  0.00172835056107446  0.00181738325995910
  0.00191091817459072  0.00200752490444254  0.00211199409363845  0.00222703760386467
  0.00235715011029934  0.00249354866714307  0.00262076936753228  0.00274600449249004
  0.00287699555206351  0.00301687614523454  0.00316941459200324  0.00332309944330890
  0.00348762636574237  0.00365930490327000  0.00383627960340996  0.00401728690873592
  0.00420487489539645  0.00439686644892448  0.00459137153099190  0.00479822315322693
  0.00501825029929050  0.00525857905502915  0.00550897555285566  0.00577962538608664
  0.00606755644293416  0.00636730232658119  0.00667264021401476  0.00697877758690805
  0.00729499106446431  0.00763287429673780  0.00799777457378941  0.00840113417463887
  0.00881940695895843  0.00925896225218879  0.00969711553123683  0.01017414728018496
  0.01072586544973836  0.01133324821881484  0.01201931859899615  0.01274685297080858
  0.01351293150922863  0.01429597611826255  0.01514604547408580  0.01612467591650775
  0.01715786296192109  0.01829898683899391  0.01954198293193913  0.02096812986478769
  0.02257706406214436  0.02434938035283050  0.02642616828582363  0.02869926182843215
  0.03150694197261730  0.03492800344419856  0.03909931999775820  0.04391011005325974
  0.04945044332511716  0.05588659800510351  0.06468011832072074  0.07878453058768529
  0.10430233663711488  0.17420932875725059  0.53215571972743037  1.00000000000000000
  0.00000677950695044  0.00004708720250088  0.00009890726786008  0.00016695123862257
  0.00024517201472421  0.00033343066134298  0.00043548898467217  0.00054867553746114
  0.00067472341173161  0.00080668205628499  0.00094885649962557  0.00110876286370159
  0.00127454263262857  0.00144735228161704  0.00162089893027828  0.00179479684807153
  0.00196844714402936  0.00215623668686402  0.00235764633181972  0.00256240886208300
  0.00277757397805335  0.00300100279170496  0.00323599565441810  0.00346450925149713
  0.00369694846913508  0.00394697218371764  0.00421055840645839  0.00448091631728570
  0.00476554277984045  0.00504520667627500  0.00533435130326443  0.00563389547952351
  0.00593598531111253  0.00623846278852058  0.00654485754818759  0.00685915664146919
  0.00718744144984221  0.00753749555146781  0.00791212090205312  0.00828948647456253
  0.00866816368277263  0.00905233299525326  0.00945430799101746  0.00987648807677860
  0.01029386911225034  0.01070330954646714  0.01110589899028648  0.01151671740671102
  0.01194825486504718  0.01241994496915767  0.01293175315665500  0.01345723762472429
  0.01397698345387771  0.01448958719655029  0.01502992363575923  0.01562311928040898
  0.01623417638668190  0.01682839479165849  0.01742183253642973  0.01806629656478586
  0.01872860480703014  0.01946356368398991  0.02028738415384957  0.02119515246766131
  0.02214086220953829  0.02312412574559979  0.02414643055028915  0.02521650036492184
  0.02637688482258250  0.02757904214932112  0.02890682028697026  0.03032774956295194
  0.03178843626152403  0.03332395272074337  0.03495484856814988  0.03677049664076048
  0.03879338362722306  0.04087215265260900  0.04309767561442848  0.04558654952730735
  0.04852898666289844  0.05175736963275474  0.05508693983123156  0.05862011577155058
  0.06260145528073421  0.06763673727471670  0.07384897163544361  0.08068352641474233
  0.08832282950963140  0.09715769603365187  0.11015480703667682  0.13298668878583197
  0.16219023998654203  0.19872351585347986  0.28233220135778603  1.00000000000000000
 -0.00258420485797774  0.01148643962175259  0.02260921398729208  0.03364638370646485
  0.04392740752365289  0.05430446802504867  0.06458419630552364  0.07525160899082181
  0.08589596629188159  0.09695501989435715  0.10758834752083576  0.11873368821451699
  0.12918721275529085  0.13996510222385039  0.15057240507679895  0.16054432454358325
  0.17028632578457853  0.18028621850591917  0.19057096462111409  0.20031208220825841
  0.20967727685551807  0.21932912349380562  0.22890902141216002  0.23869750089460767
  0.24866396565562709  0.25910403614797861  0.26893712332578640  0.27855925255016756
  0.28863055830986395  0.29939411038252006  0.31109954113238558  0.32359858463743441
  0.33615508645117381  0.34810431861820751  0.35958537143747638  0.37029753608350913
  0.38065899115850027  0.39069730631914490  0.40127020770678978  0.41125047944148196
  0.42086306932878909  0.43028926155246505  0.44008998521795684  0.45049498284646794
  0.46034491109141890  0.46937783080533196  0.47860254387178053  0.48844843415272410
  0.49855016177491024  0.50853439583375692  0.51817678982668869  0.52835852378580517
  0.53975674264355655  0.55143135358865214  0.56349260674766122  0.57512608353712857
  0.58598520724871916  0.59606667503362065  0.60665498612124924  0.61794392847966051
  0.62903791201099668  0.63915113426211023  0.64914608316287292  0.65940243930071485
  0.66963562365979001  0.67978035958562266  0.69010621477069778  0.70078165434504458
  0.71092656612339677  0.72060047078168954  0.73030247465168718  0.74011315228576302
  0.74999876465778315  0.76053088392211987  0.77072535360423122  0.78095946254856985
  0.79120048352868944  0.80215591228788063  0.81305791163507379  0.82350218875638037
  0.83368726959496942  0.84413255206171633  0.85467756294903474  0.86513576617925625
  0.87564101369988967  0.88631906144044126  0.89700573396226402  0.90715454732212708
  0.91819303367954086  0.93006712774627176  0.94164346019405520  0.95321697719322929
  0.96513503765211672  0.97690101465185841  0.98837205807987683  1.00000000000000000
 -0.00208000341491353  0.00847092769020846  0.01762182079964054  0.02754289408572733
  0.03804678878562701  0.04875356643041316  0.05974024392084537  0.07051757326937617
  0.08164083509231077  0.09215035869149218  0.10250622539453640  0.11279679720530893
  0.12325191483216888  0.13559148085285078  0.14709981942091593  0.16003572343691583
  0.17159759453656895  0.18302946564461112  0.19435498048494193  0.20559835606379986
  0.21586588544219112  0.22605716796793451  0.23622461157416516  0.24617876156836688
  0.25596262561974253  0.26631346090344526  0.27681981018802576  0.28744538367302214
  0.29792060013486243  0.30860463001382926  0.31904258569507343  0.32881762155136940
  0.33837471114480483  0.34818129394175285  0.35840487186348197  0.36900136559623253
  0.37919328097659855  0.38919805795177004  0.39917235081268954  0.40886254469086392
  0.41828744160346587  0.42783768250015425  0.43769298125754735  0.44754074480930606
  0.45740511748176449  0.46772413450521749  0.47866588192397835  0.48959659980428683
  0.50036767439031093  0.51097844763841804  0.52168890730306094  0.53237777065332903
  0.54296400192272865  0.55348576424093865  0.56420636649484479  0.57575461749412671
  0.58707573970087756  0.59791045299898760  0.60912343802507984  0.62129350021005303
  0.63431492648792598  0.64678781316013678  0.65898607836120393  0.67051144550945996
  0.68147247815970369  0.69328539165475145  0.70517953001568745  0.71581008060663531
  0.72604725363925171  0.73652413710182418  0.74692711303894610  0.75760777409829572
  0.76861011923103961  0.77965909124268507  0.79075119656968595  0.80103095481956432
  0.81195201472839995  0.82168352576202175  0.83059649436143645  0.84014024213879734
  0.84984962402542419  0.86006809227063075  0.87033312488191661  0.88036103471098148
  0.89052770733817377  0.90066523228270046  0.91135684314947651  0.92187421411363835
  0.93277280086673220  0.94298325257411142  0.95254020396176486  0.96169934675574476
  0.97107189326266652  0.98036625443419956  0.98988207578020371  1.00000000000000000
 -0.00204920282288077  0.00864738222122802  0.01810600399455381  0.02854469899164262
  0.03948568363374595  0.04997338320520035  0.06031956394628867  0.07230616306540212
  0.08357053031539664  0.09446526196985809  0.10462712338105336  0.11412245155387862
  0.12370355134993874  0.13373575075242844  0.14434674450965429  0.15474590259884974
  0.16477492082284959  0.17512783006406052  0.18534404035204147  0.19552308092693968
  0.20582592562926108  0.21675137271868830  0.22783763571390703  0.23919624473996173
  0.25057001876324758  0.26201040727721531  0.27322176033860296  0.28378147724462077
  0.29390070077958869  0.30398582619225173  0.31441007643491276  0.32504564786076934
  0.33596759536913062  0.34685774493034688  0.35766524331967608  0.36836555818047606
  0.37898576816257035  0.38965075007328981  0.40000710384943450  0.41020671006190429
  0.42030735737503744  0.42980667333468958  0.43897785715195092  0.44823006682024985
  0.45773851664896542  0.46744978609535959  0.47709830029074440  0.48716629127952515
  0.49724423483504110  0.50809772511472695  0.51933784374474801  0.53094650178190650
  0.54242497292948888  0.55442265293851489  0.56674096022397691  0.57865879625458316
  0.58974523369202037  0.60071277747640983  0.61139042517025277  0.62218367818062725
  0.63339932891911932  0.64501705776640050  0.65664358801195200  0.66850171779722489
  0.67974531686363326  0.69052460882762523  0.70125883913920839  0.71258197346770313
  0.72369264184437609  0.73435206433077282  0.74502638473083049  0.75637073523558129
  0.76817446614656604  0.77967414668980750  0.79044751269751412  0.80067255197902687
  0.81073814332844218  0.82064621684735450  0.83010243059090494  0.83894770641026783
  0.84773914809658313  0.85708380066388135  0.86677052359730056  0.87612486231689723
  0.88486347324456927  0.89354502391896262  0.90341843094008523  0.91407240050028893
  0.92403234468983642  0.93410005054276946  0.94489437473529836  0.95550976271412980
  0.96601169045237112  0.97686075606494238  0.98829206411889015  1.00000000000000000
  0.01098998742321125  0.01460679531462782  0.01767301041959453  0.02012765120157234
  0.02244885221345312  0.02460882319733550  0.02669510411769528  0.02869682997618208
  0.03059688851039516  0.03242044788688207  0.03421198276324310  0.03599698210003248
  0.03775788912112495  0.03950760223498379  0.04116693326480426  0.04277486854105054
  0.04435342973369155  0.04590527079541627  0.04746966451296232  0.04903304960427937
  0.05061898711236987  0.05220107469955776  0.05379413190908626  0.05540881166577963
  0.05705633282222253  0.05876036565518685  0.06048779964654976  0.06224731836850912
  0.06401307628159589  0.06579572794394106  0.06758681727865605  0.06936641651918593
  0.07112701891532069  0.07287030153060166  0.07464764592873384  0.07645836383135887
  0.07834362501591095  0.08032930098457573  0.08227517582935921  0.08420167212716734
  0.08614336891006293  0.08812275457279857  0.09019187790765233  0.09222283219898801
  0.09416325272661681  0.09613936447389135  0.09815879873345983  0.10030551856605581
  0.10238995028149654  0.10424952596349731  0.10652921035145058  0.10876052103954952
  0.11114873899627549  0.11368546042024096  0.11626143107645084  0.11889185426285133
  0.12154397356347929  0.12407280511105839  0.12675710239187707  0.12955193104769966
  0.13261622853021168  0.13580805224581105  0.13901619851411098  0.14209136258071337
  0.14546240680007094  0.14939127248032480  0.15381548559538405  0.15798949509893084
  0.16238660088301737  0.16681175421512312  0.17092292037568330  0.17478766605415741
  0.17883654806288482  0.18311560406151692  0.18778717216492796  0.19267070355216678
  0.19783970545996163  0.20288828587103155  0.20797211559767645  0.21375049085208805
  0.22032725507032155  0.22770863508044106  0.23544753857588688  0.24487560508655756
  0.25410765345244535  0.26256109287927459  0.27064963973000705  0.28102534242734389
  0.29252275217152229  0.30150395875530356  0.31064118919941947  0.32360421364836228
  0.34577951115077826  0.45098747940202044  0.73315495193227709  1.00000000000000000
 -0.00257117622019403  0.01182947117310813  0.02424600841722750  0.03701882774065640
  0.04978832369905561  0.06233836488488974  0.07459665831654474  0.08624950063833488
  0.09727281816963403  0.10850631536091163  0.11976077180518493  0.13041923996160118
  0.14017521229093954  0.14966969200881397  0.15914045535346963  0.16886366743232645
  0.17795127929974008  0.18763524368269796  0.19728768409100361  0.20715813810486630
  0.21713568867299893  0.22726552985542089  0.23802578433768251  0.24866995714851473
  0.25806328794275657  0.26716364617690463  0.27642885247403060  0.28603726158196657
  0.29582575203567041  0.30532162845729971  0.31456417338484438  0.32377798511011857
  0.33292972588535680  0.34223140199136370  0.35182569961022336  0.36238059976607473
  0.37303553753743557  0.38311304686138192  0.39264404543628628  0.40255176734224346
  0.41238213092831338  0.42223267680143350  0.43193505144799660  0.44222177871244406
  0.45359146116486132  0.46558048967559662  0.47727296194402052  0.48916511956100805
  0.50065209000324296  0.51182762463909681  0.52292843864595284  0.53423655470058107
  0.54612332155970345  0.55817450110396816  0.56978711366223977  0.58113067084730907
  0.59258845546804695  0.60426811810190395  0.61560052397412923  0.62624572714877769
  0.63503563419795073  0.64392599403072193  0.65251566309705178  0.66124909312276547
  0.67003169560522180  0.67882905831460794  0.68776488034025152  0.69716619653120115
  0.70644853215710568  0.71516637893149504  0.72379535163119846  0.73227071214285144
  0.74035268506380481  0.74843838050394362  0.75657492038969154  0.76515362267826170
  0.77437451780794397  0.78407970343864597  0.79376205518938836  0.80313339270682660
  0.81254168729654974  0.82239477109017600  0.83276708595593707  0.84370967558120036
  0.85538769341924881  0.86751656495425977  0.87921054656503206  0.89000492462970016
  0.90104356486548276  0.91198036515607694  0.92445164968795390  0.93695024718346720
  0.95232268891037364  0.96834603335109970  0.98395452330243838  1.00000000000000000
  0.02830987528957484  0.30151965192333313  0.39041877397549390  0.44603924762245772
  0.48586956832177741  0.51915540975452523  0.54731002602162104  0.57186909352341420
  0.59251300163139253  0.61002884891494769  0.62622267455870850  0.64100355723245872
  0.65485615066425762  0.66759439046444280  0.67926427271008383  0.68960908430915069
  0.69889272951030168  0.70761294996133905  0.71597602330564181  0.72398439408968629
  0.73170353482821482  0.73923500025539357  0.74654840483258622  0.75338397401876711
  0.75972112803321201  0.76589322394773263  0.77171861296157207  0.77706847703548010
  0.78215088862401716  0.78709148530560757  0.79194322654825033  0.79672654234804774
  0.80145139469948712  0.80613450811618070  0.81069728370990968  0.81511041089616465
  0.81926781456753417  0.82340971102523164  0.82725665840543394  0.83102817881427227
  0.83456183373328063  0.83787025927854186  0.84122325576283041  0.84456866516884610
  0.84791527727952387  0.85122705166011703  0.85449887777353162  0.85767203570837403
  0.86073940476722410  0.86377561920550439  0.86678674502967157  0.86972341334105929
  0.87255631130598343  0.87529995648805248  0.87803646861663609  0.88074688856729744
  0.88344989117068740  0.88617712881000754  0.88890998540463040  0.89150473762056726
  0.89416722903205381  0.89677952160591545  0.89935314600975735  0.90190189060414250
  0.90441038716294164  0.90683504117631941  0.90914112504863720  0.91141409755698022
  0.91361921427428483  0.91582220811814130  0.91801843843135933  0.92026275660879919
  0.92253359785385936  0.92478993189947623  0.92706410601880107  0.92928452730964528
  0.93137189402693188  0.93345001230162861  0.93554335467852456  0.93766113046076971
  0.93982946864663985  0.94208900901964654  0.94436966766560004  0.94661164564469169
  0.94895759592664675  0.95138933881220822  0.95392165233578174  0.95657529202087566
  0.95939656323401290  0.96262110238367282  0.96592123989828760  0.96945484212745892
  0.97326560435939280  0.97783516457350639  0.98521753858435579  1.00000000000000000
   1.6391577708302568E-012  -1.0000000000000000     
 F F F F F F F F F F F F F F F F F F F F F F F F F F F F F F F F F F F F F F F F F F F F F F F F F F F F F F F F F F F F F F F F
  <DiscreteSampler_grid>
  grouped_processes
  1 # 1 for a reference and 2 for a running grid.
  10 # Attribute 'min_bin_probing_points' of the grid.
  1 # Attribute 'grid_mode' of the grid. 1=='default',2=='initialization'
  0.0000000000000000 # Attribute 'small_contrib_threshold' of the grid.
  0.5000000000000000 # Attribute 'damping_power' of the grid.
 # binID   n_entries weight   weight_sqr   abs_weight
    10   10   9.070720572832217E-001   1.868911070138682E+000   9.070720572832217E-001
  </DiscreteSampler_grid>
