  0.00949252431585555  0.01581602649032500  0.02500302893739833  0.03602797822692968
  0.04598029843002911  0.05518251923193934  0.06469326781926553  0.07510957196309193
  0.08608892086333171  0.09640613122580273  0.10645840650705433  0.11701567519253414
  0.12776479260240153  0.13855639950480841  0.14918482699373112  0.15980120962725025
  0.17003167851859802  0.17941536296597912  0.18854267945099884  0.19767092438474945
  0.20674034746016076  0.21576489758827755  0.22535644129862120  0.23555776547396601
  0.24544507465000034  0.25507940465783735  0.26449016198656761  0.27523610348396843
  0.28630538686622992  0.29801246750825799  0.30893371850873297  0.31947592656518770
  0.32977985059324866  0.33969005136304625  0.34949251771930828  0.35913344537567993
  0.36890132271408760  0.37889640795262536  0.38964948798921883  0.40116117586969063
  0.41328517513200919  0.42507407148658743  0.43638903698643466  0.44749817761547056
  0.45812548792181840  0.46812946741784106  0.47775769505607923  0.48750309675033310
  0.49777635890096766  0.50807704879000126  0.51833895665833218  0.52875434649411668
  0.53954455569922355  0.55053121029485730  0.56192559154649557  0.57438975675047699
  0.58796469500279003  0.60160311003103950  0.61458202802489803  0.62653286052750246
  0.63714852083007667  0.64737576252671858  0.65713706633302027  0.66671355110543240
  0.67656945820150549  0.68679632819495540  0.69729091777887597  0.70770617037213779
  0.71829151045432138  0.72884498042718093  0.73916842477479716  0.74926840099776848
  0.75890751407944212  0.76818217543795031  0.77739978263279852  0.78702130408705295
  0.79737301898565394  0.80809231651778435  0.81874283817272953  0.82910390402656475
  0.83920344661859558  0.84920000389710815  0.85991159236797032  0.87040087630602048
  0.88087988848837029  0.89108546827165502  0.90146033710815765  0.91200539580909612
  0.92231993517471755  0.93285414863375338  0.94342579147803485  0.95368073549258769
  0.96371220474317787  0.97394347277504001  0.98589683060420008  1.00000000000000000
  0.00003326923672109  0.00006074930127801  0.00008510129345691  0.00011022620156005
  0.00013926264617021  0.00016920975313178  0.00020120238946273  0.00023531459320521
  0.00027526870464991  0.00032300421779438  0.00037240003933822  0.00042261061526301
  0.00047670204455449  0.00053666959849045  0.00059939845332227  0.00066704911336378
  0.00073374495978186  0.00079972711594483  0.00086633861288537  0.00093331700974213
  0.00100400075506850  0.00108080397500268  0.00116165469393748  0.00124455464160484
  0.00132891479759143  0.00141678406644060  0.00150869362478891  0.00160435154712004
  0.00170397280902040  0.00180715609837605  0.00191527606936167  0.00202465155917761
  0.00213594670806777  0.00224761119746153  0.00236072026154461  0.00247758376379400
  0.00260055726970507  0.00273253784538246  0.00287465680568321  0.00302632068031746
  0.00318670386033071  0.00335792884659241  0.00354770257476405  0.00374113351348359
  0.00394634532751461  0.00416125765376320  0.00437872620002392  0.00459425778870254
  0.00480321665792545  0.00500206994597660  0.00521578276049142  0.00544135508755985
  0.00567491683998319  0.00591387022559620  0.00616220414625513  0.00640279686677627
  0.00667909134631560  0.00698722328820833  0.00730122324235862  0.00763435107071204
  0.00800057301465706  0.00838213968077852  0.00880154138651903  0.00923706997500757
  0.00969711955634014  0.01018580475103599  0.01069253096654812  0.01121954096702301
  0.01177143103149568  0.01234114032121432  0.01295067142272160  0.01353853835656553
  0.01419434214481326  0.01493929410253950  0.01577376723187872  0.01672866955218335
  0.01779723962638271  0.01900806967899869  0.02036221025632869  0.02190396050764047
  0.02364270942087521  0.02557742907717851  0.02771572888272090  0.02994578429088315
  0.03215350734062310  0.03495574456769432  0.03831545863916933  0.04235116889687567
  0.04677158269293046  0.05224990941904964  0.06272405433122291  0.07998945856465450
  0.10679766132380164  0.17724257899444384  0.38384285010411945  1.00000000000000000
  0.00002049974748286  0.00013108808527988  0.00026589348224522  0.00042201631764745
  0.00059858674471787  0.00078444109920997  0.00100082246707920  0.00125908814501390
  0.00153597688252505  0.00181424571828934  0.00208980613680312  0.00238946185212539
  0.00272048220640741  0.00304863288994622  0.00335638188339135  0.00366921118455796
  0.00399379206004268  0.00433641297032348  0.00469022263358300  0.00505630305697726
  0.00543482834722522  0.00584165786578495  0.00625239642396896  0.00670817613020537
  0.00717404657164007  0.00763594994318010  0.00811663192680546  0.00859029722183510
  0.00906707027106002  0.00955913582495408  0.01007302050118082  0.01059190739087195
  0.01111302182978089  0.01163527032462208  0.01217088510272469  0.01272280298888868
  0.01327389149053029  0.01382948967237604  0.01439472088125561  0.01497168679507258
  0.01559340635722906  0.01624582430466964  0.01691946536045244  0.01763475322352046
  0.01839532080410294  0.01917033061852609  0.01998337887536344  0.02083171788913904
  0.02169277109318463  0.02258150926130612  0.02353143986302361  0.02451106653328668
  0.02547780862100212  0.02647182723849681  0.02752443673977438  0.02858354430250975
  0.02964032258763530  0.03069657394644121  0.03178968645412725  0.03281987054093429
  0.03389199987119811  0.03500908875626887  0.03623814605394558  0.03756393547549799
  0.03891114086812775  0.04017968245808613  0.04156583354735042  0.04336678309001538
  0.04527925047376547  0.04711466080287260  0.04904170522183333  0.05098878075497067
  0.05293015845975439  0.05488935525875899  0.05691354938416988  0.05906463297051200
  0.06139259030129834  0.06396100550773640  0.06654559903512944  0.06919199252140258
  0.07216137082515262  0.07560481071839269  0.07963925341550360  0.08478381042781728
  0.08985272550018977  0.09476726285947469  0.09969063920525922  0.10528568625152152
  0.11142503249886888  0.11801887625660952  0.12417785050495969  0.13111994167803734
  0.13945804223703154  0.15079043332491260  0.23137158719774470  1.00000000000000000
 -0.00194471500575530  0.00921051485872951  0.01876331656913555  0.02843078970846538
  0.03812225165361953  0.04766961730238614  0.05719591917045995  0.06731660062365916
  0.07852272610196699  0.09030849451241597  0.10204670269084343  0.11366530204307347
  0.12506134619588699  0.13645264794581383  0.14768006033798192  0.15905916925218744
  0.16992869775720709  0.18051887775567202  0.19111738521659224  0.20164908696926692
  0.21217585640435724  0.22294205695856817  0.23389281612771456  0.24531548372833040
  0.25658542899905212  0.26762126182576318  0.27810927224869036  0.28837729181279803
  0.29838572352069548  0.30855768805197731  0.31889401270802592  0.32947684740626737
  0.34044169665128932  0.35128484744466920  0.36228499514293405  0.37332054055764791
  0.38413505820413324  0.39449492161327437  0.40418809541850353  0.41371752300538828
  0.42361210298444180  0.43371709411060599  0.44343394176540629  0.45263005652816307
  0.46228138947297748  0.47238848338339706  0.48264214485502388  0.49274018153766747
  0.50275520760554393  0.51253853273726313  0.52226057359443634  0.53212149795238062
  0.54305066596804363  0.55475146877432380  0.56589058844587925  0.57642778509019243
  0.58663238012569807  0.59717458885653107  0.60743253696784061  0.61791691329832465
  0.62830426574969767  0.63949326917475358  0.65089945894171830  0.66235962443172047
  0.67307812063574812  0.68335661304941109  0.69368745842342860  0.70417303569503664
  0.71431485786534943  0.72458226121759195  0.73510405778697907  0.74542871445544412
  0.75630087848794336  0.76759331325924507  0.77908053687245671  0.79016492070054056
  0.80113896992121503  0.81177543783197903  0.82171834119584120  0.83074508438671546
  0.84027286144801983  0.84984849770745308  0.86003971231443577  0.87022865574372943
  0.88047610459514225  0.89154684238154036  0.90177222684961400  0.91125840507972122
  0.92079289765757566  0.93208367696142858  0.94373411648470906  0.95527695449091821
  0.96644868800709893  0.97777659818072438  0.98904589384231034  1.00000000000000000
 -0.00221478627996638  0.00968758449737007  0.02002618886381906  0.03130532821309753
  0.04259401045487513  0.05507013137418183  0.06745687078238344  0.07882937973603854
  0.08908378585866299  0.09934654192195143  0.11029302492233276  0.12142169526280915
  0.13243446069251347  0.14345845692735201  0.15412690841548879  0.16425004733895393
  0.17418302162312049  0.18464837371548926  0.19576853398498545  0.20644154706998649
  0.21683058976418210  0.22684406130480611  0.23595354123691301  0.24476853845169280
  0.25384192818531803  0.26345750769647375  0.27332720146715028  0.28304486679733865
  0.29300516390632614  0.30255485758197292  0.31269437759473484  0.32174681437436131
  0.33161996054444515  0.34181605870310106  0.35211869493895526  0.36150538887647854
  0.37032484699610829  0.37927858650466445  0.38876248339931840  0.39879760777184864
  0.40930233026089907  0.42097175156021238  0.43239974804049736  0.44359478434340904
  0.45471254469590933  0.46672816858441185  0.47869826889427081  0.48968845328843125
  0.50025839890878188  0.51097081585139625  0.52141394829056908  0.53158060459680845
  0.54185598277752012  0.55322968789127180  0.56513743646832526  0.57719404486938475
  0.58871936579037232  0.60006854957174849  0.61100563603683511  0.62169021791576851
  0.63222365242034562  0.64222730528260730  0.65216915323255020  0.66230470211602566
  0.67239232130055160  0.68317423125216448  0.69421455169813928  0.70528046238152209
  0.71556387991305292  0.72565323944874838  0.73619689567986502  0.74683003008597992
  0.75680365660158588  0.76656011281950021  0.77614867586595115  0.78531546840819799
  0.79453880344801431  0.80409356219677475  0.81417670388158614  0.82441628244215082
  0.83512391635035321  0.84769898156053070  0.86068060805282631  0.87430397599202370
  0.88689843143991354  0.89846626659427287  0.90916780255128726  0.91962865240162939
  0.93063655352389130  0.94056114951050485  0.95067012517940452  0.96032216956318395
  0.97024377261344597  0.98053376979709816  0.99032487174487704  1.00000000000000000
 -0.00175963671261220  0.00909903088290434  0.01811322427511884  0.02732130713018453
  0.03714285991330922  0.04733504346738948  0.05749143799848318  0.06736531493737069
  0.07760526373468821  0.08789939105904231  0.09823878528736738  0.10800991792185974
  0.11806979849559146  0.12859838457219464  0.13957328812140515  0.15035704615451773
  0.16077881050715470  0.17084824730645487  0.18060904180627219  0.19074322239488029
  0.20135099557018679  0.21162979844683175  0.22092149740806447  0.23014327343932930
  0.23989817148146392  0.24991818874369243  0.26004424545976584  0.27016707382532723
  0.28072053273800990  0.29178768100189761  0.30292712599637611  0.31369162799051631
  0.32413839596355448  0.33469015719904283  0.34575065140182676  0.35722926239481972
  0.36898412912403744  0.38085447674233219  0.39192703407599377  0.40257284601372090
  0.41325731672179650  0.42445336774330844  0.43592416904766168  0.44854066024373057
  0.46089632535132635  0.47254755701626699  0.48307423199495253  0.49320880847329146
  0.50328039021325599  0.51392189722581016  0.52546169375828911  0.53667916581773578
  0.54775573904763653  0.55822373944427317  0.56934614287938046  0.58054994167892915
  0.59198016502454609  0.60340283091327818  0.61521480555669450  0.62671493343089335
  0.63739697407490492  0.64799762015448070  0.65845040908411878  0.66937733521902554
  0.68044975448315548  0.69158223601552649  0.70231835051348246  0.71325210430333541
  0.72424463097562908  0.73542963935255068  0.74686655819207626  0.75726309325515351
  0.76789967019481808  0.77817528587068441  0.78838889390348732  0.79812989874617990
  0.80759801488894412  0.81772632502113807  0.82861237929901110  0.83854567717863027
  0.84800200276499249  0.85710504610903293  0.86683474585581632  0.87622416571642314
  0.88549124950075109  0.89510598995612634  0.90554062859122508  0.91574443740783784
  0.92590848466974085  0.93574131948914130  0.94627203738425880  0.95760827589744657
  0.96878046611598401  0.97935719851832892  0.98970370279813102  1.00000000000000000
  0.01066961168100683  0.01319093739648812  0.01580725969177100  0.01789631828598469
  0.01981245448267428  0.02167945390322040  0.02354752127801072  0.02540758723646904
  0.02720874821440917  0.02893615163825144  0.03066886912464282  0.03242348977083773
  0.03419975845507230  0.03597436382148545  0.03775886422283689  0.03953208812550727
  0.04129927741725820  0.04301825049270994  0.04462233608561550  0.04613577153443511
  0.04777655001043150  0.04940216203355812  0.05100883853798290  0.05263164831826967
  0.05429526408840307  0.05597767947578546  0.05765804175292637  0.05948542027456442
  0.06136442513562015  0.06326266961878801  0.06518236781579236  0.06709885493864796
  0.06897599741614791  0.07086690971291011  0.07270986206950539  0.07455336791613897
  0.07655704393907388  0.07858731496484127  0.08061315006795944  0.08252710461535963
  0.08454988575575363  0.08650351472128301  0.08849050606877910  0.09057576371071929
  0.09252057999819574  0.09449019766313581  0.09657407664119061  0.09865371040596822
  0.10082318258831123  0.10298773139962515  0.10515923310369030  0.10743258096282253
  0.10979491544460782  0.11219104389663166  0.11462173702868900  0.11701246523371445
  0.11950498933328343  0.12204558298978900  0.12484308194633575  0.12773258179884570
  0.13070179214378133  0.13354061150943253  0.13619394122287273  0.13886951232523922
  0.14164641119499172  0.14446384373534021  0.14789375749156716  0.15200583463327763
  0.15693530299096373  0.16343250428844439  0.17058923010889254  0.17699940663773370
  0.18297047774918648  0.18933071231975035  0.19527742251849750  0.20047757358967988
  0.20562950332856955  0.21059718917418757  0.21611759323531041  0.22342801809654442
  0.23104050465058126  0.24010151704759169  0.25032614851801177  0.26018583480722790
  0.26666491544621224  0.27408600923108178  0.28280927381734444  0.29580760926303762
  0.31097991590988011  0.31945620387768880  0.33210686945185575  0.34412980188708409
  0.36105536606928873  0.38160891543490538  0.40631852691302711  1.00000000000000000
 -0.00328068698713450  0.01500267701592242  0.03060623463579775  0.04737410039870236
  0.06306601137485929  0.07705751401259332  0.08959404293562084  0.10142321169800510
  0.11287653656088961  0.12403578937069419  0.13515300304216415  0.14633046044959472
  0.15752009944512751  0.16854355738547191  0.17926960138336270  0.19007866032391113
  0.20111341037122774  0.21191673598362332  0.22226746754520288  0.23233575147514249
  0.24224322938239931  0.25172386134802355  0.26074539249931789  0.26984970639358474
  0.27926235950527845  0.28885706891556495  0.29821319888511255  0.30760970574009461
  0.31705077995475217  0.32707901608061096  0.33696767674815620  0.34665546220561277
  0.35611157376848940  0.36513923952770705  0.37453535064593746  0.38420127608943366
  0.39310248977321222  0.40196749526123982  0.41091049055841949  0.41945079150902803
  0.42863093785987355  0.43735942821829166  0.44575134085110085  0.45396906777161916
  0.46259931069416882  0.47257493000917677  0.48404613457030565  0.49598488884775693
  0.50763220326609582  0.51941647681073844  0.53077448595017707  0.54208251645226224
  0.55152467048574194  0.56112683212667158  0.57010035915390145  0.57929772445374872
  0.58770096643331693  0.59632876840139426  0.60480853815881508  0.61346054281878459
  0.62212705087085118  0.63063748919154927  0.63882457473574783  0.64738574176805508
  0.65642812174563991  0.66541906235153925  0.67429865290658697  0.68329184702168211
  0.69293057102990985  0.70317898848748495  0.71384818800877736  0.72445011731803188
  0.73506468302647243  0.74521678129138191  0.75473791808375323  0.76356598421115107
  0.77234818304629294  0.78146904291620045  0.79085707736916999  0.80060046062151979
  0.81045639987069251  0.82107991119373958  0.83192043191579090  0.84262401808105725
  0.85340443447264569  0.86454077872616331  0.87617677284286732  0.88810554763365213
  0.90041166154718444  0.91304172883359602  0.92629601456644250  0.94074690123395344
  0.95585951202444930  0.97075675448512599  0.98533652612619993  1.00000000000000000
  0.00595763773615418  0.16817064971295700  0.23935841220296986  0.29369320372279945
  0.33595040183716046  0.37126061558148071  0.40040812903844736  0.42655462351196605
  0.45019211039143081  0.47114398585463135  0.48932858064289347  0.50735664271844561
  0.52439459154687873  0.54048491125821296  0.55615974334252694  0.57050707020010527
  0.58408612965966222  0.59765875818750125  0.61057611792406719  0.62198633477193699
  0.63233621620991520  0.64221889886847450  0.65204767505531758  0.66172372220398823
  0.67105525521976617  0.68000810783960863  0.68872602515159220  0.69731197430316316
  0.70547527356243023  0.71308057024236304  0.71998774072541971  0.72680636051446612
  0.73360661739507704  0.74074326941781665  0.74776897346232996  0.75450025431414336
  0.76095842038894479  0.76735663655756758  0.77359193314788055  0.77951165018614377
  0.78537943267000676  0.79118328410823568  0.79686513746881193  0.80246855688877605
  0.80792223616259717  0.81339843947193913  0.81872565686450394  0.82377296026204772
  0.82851190636052108  0.83320956966262938  0.83768383469968566  0.84205075676338192
  0.84630270980134914  0.85035082032537079  0.85420183473992173  0.85793104825703703
  0.86157764322587227  0.86529034726957654  0.86925426796867966  0.87294135839871800
  0.87629254974817961  0.87960778862939915  0.88290595165589125  0.88616813966290997
  0.88940885961090232  0.89265280721830131  0.89591841927448812  0.89925707613660089
  0.90247667191578451  0.90560151699985247  0.90868749326904064  0.91175836306153812
  0.91473361335301007  0.91778055555378701  0.92066824643307910  0.92347656618265339
  0.92627430921657228  0.92906298112949581  0.93182927715333441  0.93461587210691233
  0.93749877885809607  0.94041518578074590  0.94342389641723512  0.94649912761523081
  0.94955461875177249  0.95278816251986498  0.95645728955788645  0.96044787506069274
  0.96521125519405260  0.97134825939391045  0.97709391656667388  0.98182303987824238
  0.98580888344357831  0.98973473505188780  0.99432133335727590  1.00000000000000000
   2.7739263690377375E-020  -1.0000000000000000     
 F F F F F F F F F F F F F F F F F F F F F F F F F F F F F F F F F F F F F F F F F F F F F F F F F F F F F F F F F F F F F F F F
  <DiscreteSampler_grid>
  grouped_processes
  1 # 1 for a reference and 2 for a running grid.
  10 # Attribute 'min_bin_probing_points' of the grid.
  1 # Attribute 'grid_mode' of the grid. 1=='default',2=='initialization'
  0.0000000000000000 # Attribute 'small_contrib_threshold' of the grid.
  0.5000000000000000 # Attribute 'damping_power' of the grid.
 # binID   n_entries weight   weight_sqr   abs_weight
    10   10   4.101338633836750E-008   4.317616187595980E-015   4.101338633836750E-008
  </DiscreteSampler_grid>
