  0.00988724269837553  0.01581159900611980  0.02450413207248674  0.03206524562897665
  0.03918720731200831  0.04646789829719344  0.05531148332164988  0.06628659476990084
  0.07853333985795763  0.09024566205336919  0.10138965716548926  0.11282509893010662
  0.12491512842016604  0.13727840776571809  0.14954877443899683  0.16236295886231511
  0.17297514328176403  0.18290498805110328  0.19301674264261767  0.20541759219785316
  0.21725950506692981  0.22596609045356000  0.23640644730123808  0.24676041994050407
  0.25716630199656937  0.26876805649412205  0.28045493230316848  0.29235217519867052
  0.30391380749780939  0.31439255900145024  0.32373708170069110  0.33299237176413327
  0.34162673846827807  0.35194809385619313  0.36104426159131664  0.36919312120315362
  0.37750422245245097  0.38669763381275624  0.39713971950618027  0.40655833442595762
  0.41509647041651704  0.42555015863950973  0.43718494249409573  0.44907704569473211
  0.46042841666086198  0.47141013846782837  0.48219435631171270  0.49146323449126472
  0.50020348328725694  0.50847020469609139  0.51793455561965429  0.52937845974660669
  0.54073154647335864  0.55312849943697162  0.56517161817821493  0.57803714969152575
  0.59019473471192774  0.60205277713288885  0.61331812769301286  0.62406234123479387
  0.63529639403110760  0.64676884763070963  0.65871108498032060  0.67013621221749164
  0.68052650282233873  0.69013081370522833  0.69976594346716003  0.71040993925460583
  0.72144062669271303  0.73201801981467873  0.74241615854499077  0.75324533092828505
  0.76481318398422238  0.77678974669021816  0.78847568053550210  0.79979537254427235
  0.81137098498845972  0.82307688953576075  0.83558708099529266  0.84826653608708913
  0.85984782162221118  0.87058044390581923  0.87919002505482002  0.88734994282435187
  0.89564323313244742  0.90455365466795401  0.91288640652181829  0.92105342621139019
  0.92806419027987819  0.93566582720669755  0.94513713650564957  0.95719506397331722
  0.96922795747055013  0.98029789268756251  0.99045100462989344  1.00000000000000000
  0.00000257416794083  0.00000417237658664  0.00000545671785914  0.00000674922780017
  0.00000834579933787  0.00001071641683357  0.00001361496609755  0.00001712731337774
  0.00002113718925845  0.00002571206340292  0.00003046851706641  0.00003466418619615
  0.00003879670568506  0.00004299404537895  0.00004781179670603  0.00005332571467941
  0.00005971008991683  0.00006678182486153  0.00007423137505718  0.00008211963241343
  0.00009052353077698  0.00010014824350176  0.00011103702339245  0.00012262242348539
  0.00013441662337964  0.00014629124900898  0.00015770279286931  0.00016928010951982
  0.00018155997288907  0.00019470537229331  0.00020834917118615  0.00022240347843130
  0.00023765653910981  0.00025345776028876  0.00026948483521232  0.00028542203916892
  0.00030183160563393  0.00031834296870101  0.00033535739111238  0.00035342339617306
  0.00037182738969470  0.00039089376096240  0.00040868532174356  0.00042597630725173
  0.00044542958960622  0.00046764735497475  0.00049251181728727  0.00051914570772712
  0.00054831182927335  0.00057802233655768  0.00060714386651191  0.00063595187575606
  0.00066484431216735  0.00069430021932186  0.00072527957614521  0.00075933944491495
  0.00079634086763688  0.00083616758667110  0.00087707654900765  0.00091692696683354
  0.00095617998336894  0.00100072831663758  0.00105582074363728  0.00111825149101191
  0.00118091835025881  0.00124973499982068  0.00132318403538309  0.00140150641663457
  0.00148415754890158  0.00157530849561780  0.00167256734195972  0.00177130991563698
  0.00187129656492684  0.00197188944430604  0.00208240338980207  0.00221939202531800
  0.00238415507325002  0.00257236009029994  0.00276630259359188  0.00299195554362331
  0.00324203067345779  0.00356764922685589  0.00393384104130721  0.00438058421503947
  0.00487384811578388  0.00543056761040154  0.00603136121273038  0.00683363828244174
  0.00808663251775720  0.00970271433148801  0.01164533133935039  0.01564954952515015
  0.02297687814365221  0.03701636402389023  0.32791209902745522  1.00000000000000000
 -0.00000181014953791  0.00000579007840750  0.00001558303903746  0.00002516726852259
  0.00003374116267518  0.00004172735141454  0.00004997694475947  0.00005788954102482
  0.00006606050050100  0.00007456624094841  0.00008337419457930  0.00009164946153284
  0.00009862240306208  0.00010487420603549  0.00011110459985103  0.00011813404178450
  0.00012572049013404  0.00013379484894294  0.00014247351594892  0.00015212203373530
  0.00016142327715264  0.00017017853245554  0.00017826029787010  0.00018605431963203
  0.00019441333676013  0.00020408269622295  0.00021396613304981  0.00022538953140079
  0.00023716161567533  0.00024953920443180  0.00026115134381294  0.00027285573900462
  0.00028475903303957  0.00029744437051773  0.00031171804948141  0.00032803027484695
  0.00034613754058255  0.00036442875343445  0.00037928070321161  0.00039372574253545
  0.00040810351361477  0.00042330858221109  0.00044017380245584  0.00045958059838464
  0.00048114843633755  0.00050282735140308  0.00052534967999594  0.00054749820760372
  0.00057158021637201  0.00059626805941400  0.00062441364634041  0.00065284295037257
  0.00068130307564397  0.00071463460519842  0.00075092581366892  0.00078930315858339
  0.00083112692216025  0.00087771877353374  0.00092991997309633  0.00098887309219504
  0.00105824651417412  0.00112605518933711  0.00119863852457377  0.00127164096458316
  0.00134555548555496  0.00142207067908477  0.00151539348811500  0.00162646975692622
  0.00173765189716336  0.00184234020110996  0.00194152424090607  0.00204485668526256
  0.00215727987728328  0.00227307151490888  0.00239448524211650  0.00254160186114251
  0.00270420041999070  0.00286847523979337  0.00301815925891905  0.00316892107590365
  0.00332603203217261  0.00352295093391364  0.00374432960873884  0.00409117810387142
  0.00464173059642356  0.00526900607735136  0.00595775021435360  0.00684543375558434
  0.00794549294006212  0.00926472491068493  0.01111582336741751  0.01401989051013027
  0.01770163100991974  0.03061763996925738  0.39466092276302850  1.00000000000000000
 -0.00199140816579650  0.00957949238315232  0.01832849478241306  0.02776017410093819
  0.03684304238783087  0.04618676354592179  0.05599107164122069  0.06628521445061003
  0.07749421841732743  0.08976216777007069  0.10289278210802486  0.11546278878150122
  0.12747120389457628  0.13905264154357883  0.15074122378974308  0.16154041818072290
  0.17165009564897576  0.18150797278646646  0.19141368021870314  0.20125629327139882
  0.21177038893944980  0.22259250651405346  0.23302871259361882  0.24256471591064518
  0.25164371142278846  0.26091137278778065  0.27030806597822221  0.28013987394845019
  0.29052695415645058  0.30149096389332430  0.31248334096285879  0.32318432212127451
  0.33277687886177509  0.34225262567273446  0.35202468384376556  0.36256757157446923
  0.37240921341510308  0.38220160349793797  0.39174214703939236  0.40111620927858727
  0.41127553841571962  0.42028735569991127  0.42958958174829259  0.43871263745436745
  0.44715260382335020  0.45765608623253379  0.46765576820039939  0.47742954782619024
  0.48692526713771217  0.49628986885840176  0.50708214670906560  0.51865909821288447
  0.52993034908214731  0.54116657266648149  0.55169124528415348  0.56270703377904652
  0.57440370622074799  0.58616167025506272  0.59679921046245088  0.60745306307315583
  0.62202908582245553  0.63243887554407130  0.64245638595534094  0.65271686986202537
  0.66154138254364758  0.67168485087712870  0.68174965256632525  0.69241915125050602
  0.70363657695315651  0.71524383385910983  0.72725900889357042  0.73913375792085101
  0.75062768488403087  0.76210099531208420  0.77299837411579542  0.78294887521559320
  0.79288472486703354  0.80313989657808171  0.81357446711600490  0.82466010883289653
  0.83703704178346594  0.84946164691421056  0.86094662586422510  0.87196353628039736
  0.88344285911571607  0.89457459356753488  0.90482232194375123  0.91502972564391749
  0.92543744432828079  0.93602745679256705  0.94586264432281009  0.95517904271496679
  0.96504626924080361  0.97625681107178397  0.98749326608116750  1.00000000000000000
 -0.00365282128269384  0.01321169025951232  0.02781268839351774  0.04046817986011285
  0.05191003946512243  0.06259092074976623  0.07238729834793176  0.08210372112464510
  0.09200054666087681  0.10239907096940834  0.11371095295089247  0.12543517875056340
  0.13723950752509820  0.14972798625776551  0.16320600677374231  0.17641616707421887
  0.18847141236447054  0.19851777739216736  0.20825216629482868  0.21937037152767122
  0.23096050865885134  0.24187129127050383  0.25258796080170881  0.26275262556773793
  0.27310514691765009  0.28323126778786706  0.29377836419615821  0.30473438843418615
  0.31619149596225382  0.32792764376921479  0.33985007249546817  0.35212196878392149
  0.36442894190204878  0.37675004599414086  0.38784262300817246  0.39803386683349695
  0.40753794207413857  0.41803440788838292  0.42917699723702746  0.43976404020723225
  0.44977891565614830  0.46043734566267869  0.47198436873069266  0.48316625177990730
  0.49455563781535766  0.50615700858041424  0.51791863483267853  0.53004927577961358
  0.54195398868194422  0.55402659990864633  0.56577177743612794  0.57633597525142699
  0.58626871426209537  0.59583995201366968  0.60521336788949076  0.61563794070073408
  0.62730022863658175  0.63865265031656837  0.64874054819254789  0.65763765354794579
  0.66594209445364638  0.67420895027266892  0.68248899011698771  0.69018342036379121
  0.69789032502918658  0.70668660236017566  0.71674355121900124  0.72591143135471825
  0.73365032885227377  0.74137218994942355  0.74946440873813502  0.75847690405811496
  0.76796560016073179  0.77766495037141881  0.78678191671016395  0.79499180172835104
  0.80334876900835395  0.81198912806652079  0.82160391727550297  0.83185671304217768
  0.84178862181658354  0.85122229089030532  0.86217130563530464  0.87310565572153809
  0.88373436026356134  0.89439039319455338  0.90448825423568058  0.91439247454771566
  0.92381637052715027  0.93384154852310319  0.94448510804908792  0.95547487439256207
  0.96578226824536817  0.97641252233560327  0.98724753044616786  1.00000000000000000
 -0.00274911393420662  0.01210910164685728  0.02358947887633178  0.03445572358000118
  0.04540685109667927  0.05731892705194124  0.06830426211108254  0.07805690837829166
  0.08750643317179496  0.09576751820578873  0.10390413147133999  0.11308145589863440
  0.12231571744632777  0.13620959999671028  0.14754769370023918  0.16017534496458291
  0.17113732365460801  0.18142156014090843  0.19173828196113488  0.20065583499043071
  0.21286866648563241  0.22547662868143908  0.23830952393489604  0.25073294453632328
  0.26361295458094025  0.27630584691622267  0.28845928324541809  0.29986408416255894
  0.31155980555816498  0.32105306914243892  0.33091316343086224  0.33942538801901012
  0.34657448072347702  0.35307337574336128  0.35921288561701908  0.36596561378051035
  0.37300805675343651  0.38115521625518667  0.39010302176589090  0.39862090572967646
  0.40729712354778369  0.41625630880853448  0.42637927600734049  0.43736180927021956
  0.44781248088056164  0.45769260504910897  0.46834377586490522  0.47962773361664524
  0.49088216274696561  0.50219643394549940  0.51367052698230797  0.52531767300884447
  0.53742298319395343  0.54920308738349777  0.56083336314197063  0.57130980344509519
  0.58175628457454553  0.59153706071547174  0.60106835129625058  0.61130250190556301
  0.62202355042328783  0.63259239254503552  0.64309300006070769  0.65346510253247359
  0.66390422996547949  0.67438175623670860  0.68379115232191523  0.69318064784849576
  0.70374655257297691  0.71576515043567512  0.72910199765326300  0.74282889002370378
  0.75585789182983487  0.76780539104155765  0.77788461478079507  0.78717861392314781
  0.79650976520255201  0.80605065816236587  0.81578976653664104  0.82548477423952216
  0.83478873206976956  0.84427658884818702  0.85425018989120749  0.86436740027684700
  0.87644123579169275  0.88987384615581411  0.90047213978123697  0.91056625200782948
  0.92107722491532840  0.93412676911680814  0.94673950976492327  0.95865240406261576
  0.96929926442883885  0.97953717970396637  0.98999018535736771  1.00000000000000000
  0.00074277840518224  0.00181494445786072  0.00335656720993158  0.00474868911885056
  0.00602799398353928  0.00723611553526540  0.00842007242232537  0.00956326432100118
  0.01069231645218735  0.01181550260511899  0.01294703433352431  0.01410628139132636
  0.01535574276991739  0.01657376662625313  0.01777411373404117  0.01895794625087243
  0.02014063873366133  0.02131735512152969  0.02236134648207430  0.02354884209909462
  0.02482286773191327  0.02594296451164643  0.02707059405622879  0.02830642650419200
  0.02946589744487214  0.03051841100377332  0.03167140074135677  0.03286920089324318
  0.03404339306248194  0.03516530506599019  0.03630163974596378  0.03749484735351005
  0.03875709527580842  0.03994181532108732  0.04107125481975247  0.04217761769579639
  0.04327869590091293  0.04439788819833684  0.04565612463857910  0.04683065973184775
  0.04788224246376914  0.04897325417116444  0.05013887969721630  0.05132792916267400
  0.05254815999268742  0.05382655405602792  0.05518283276526978  0.05651639511756208
  0.05778151103016084  0.05891844052329280  0.06000551100467125  0.06114761747935930
  0.06233977920733134  0.06359229604676081  0.06491625795875089  0.06623774693529878
  0.06747564090104519  0.06860846022809368  0.06973147384823561  0.07091724158883574
  0.07253048000809822  0.07472376611059582  0.07668287051464137  0.07843548231905891
  0.08031313438822794  0.08257262777847137  0.08476953042497568  0.08718546851360232
  0.08916321180689392  0.09128433127659293  0.09356226880780817  0.09595682541956735
  0.09863822616571133  0.10103839683308832  0.10338498735497195  0.10547198741950436
  0.10789941100799483  0.11050517638160469  0.11293074454893220  0.11695615586093225
  0.12144588480978641  0.12558669697136288  0.12919057520280558  0.13295434740455664
  0.13745079491342915  0.14298340093696202  0.14897377802656536  0.15479126522731504
  0.16169372661546463  0.25560172349795157  0.26672945660389141  0.28882929778788635
  0.30755812824825229  0.31981034289725113  0.66125132087482941  1.00000000000000000
 -0.00237506596312026  0.01234853475420354  0.02638773118442450  0.04027506666422007
  0.05485400187720306  0.06689852155913206  0.07846834922396685  0.09024176273556740
  0.10364561454379156  0.11701484985667383  0.12881959691750089  0.13956432283726822
  0.14959117846717404  0.16053402453865420  0.17129267753625221  0.18362158117006100
  0.19533953688014499  0.20593851838820140  0.21616282304674150  0.22603408347888798
  0.23584596353695442  0.24573054746254014  0.25495350678794115  0.26333369406198459
  0.27223655396675461  0.28225857275582694  0.29295949669676635  0.30333303949487633
  0.31477340554921518  0.32680579917195479  0.33881246221464117  0.34978314205343303
  0.35956235252178737  0.36944346974021558  0.37883035706623358  0.38890931904588077
  0.39808560465192816  0.40583877660677964  0.41425210368721732  0.42340186578620387
  0.43454368799820148  0.44560463846982640  0.45741728706162860  0.46832309012045376
  0.47864978306903039  0.48687817434785252  0.49469776104179047  0.50238163304182293
  0.51033198777683164  0.51900656450416016  0.52818825740359843  0.53680597015599374
  0.54556625371691847  0.55542235377829896  0.56548606166044124  0.57487970494617713
  0.58459408976786842  0.59407340298151690  0.60411633091919015  0.61494536900853447
  0.62507500438819685  0.63599080418259235  0.64759946842418392  0.65960495856399737
  0.67027826745631180  0.67994670875420593  0.68914384545335905  0.69757743159590602
  0.70572599827897931  0.71400806001041872  0.72274544045237143  0.73189221527187664
  0.74123915369833948  0.75073968481342146  0.76159527105430824  0.77249434090604885
  0.78435048081464298  0.79586663264646240  0.80723573707554119  0.81868887680511948
  0.82998677000884402  0.84067112239113351  0.85058648922588820  0.86026288535990092
  0.87145947181300731  0.88430766485832801  0.89739997792497206  0.91028933688007352
  0.92383821311132630  0.93795503550202719  0.95048222602215549  0.96049158635791032
  0.96940805011019715  0.97842728258757328  0.98849004203632407  1.00000000000000000
 -0.00796873293217110  0.33428033303720867  0.44799790301315556  0.51718574251367455
  0.56634165030304806  0.60363923695494148  0.63758039870662386  0.66506943219619818
  0.68839736196526691  0.70964553185006718  0.72776882585558234  0.74332294426309131
  0.75697976303585901  0.76963724027062153  0.78101009977585800  0.79164791466489937
  0.80219893631913919  0.81226652604078975  0.82129395666610183  0.82945538866732937
  0.83690212424029686  0.84398076710790748  0.85102030024270370  0.85732883458793685
  0.86305858453706830  0.86849039071663958  0.87381071269496347  0.87857893131389408
  0.88284186475100057  0.88687067554001919  0.89095489304466047  0.89503208431785064
  0.89885316345338173  0.90255435719208943  0.90629755816872248  0.90994136451087704
  0.91339336404014693  0.91662151072256137  0.91975939704402820  0.92280314109739381
  0.92569513144494620  0.92855949561914142  0.93145645674430866  0.93430944185558618
  0.93698275610039250  0.93924102494051709  0.94120718497783162  0.94322021055735972
  0.94505491981065992  0.94678496737656004  0.94841446769368132  0.95003383532380536
  0.95168697135394598  0.95328590494754561  0.95481920881263160  0.95628801125292562
  0.95769176418456003  0.95903454573035685  0.96033946533579773  0.96158645018702349
  0.96278068640219039  0.96392727565301595  0.96502474921453674  0.96615921051511156
  0.96733103106164753  0.96854528417951546  0.96981244892135809  0.97120252870139401
  0.97248058238277979  0.97365627882172090  0.97474606475093195  0.97576963578718257
  0.97682309209397145  0.97786212477318268  0.97882897065940799  0.97984647474190745
  0.98090342858118362  0.98198130159128771  0.98305664433656337  0.98413826413701277
  0.98520603493015935  0.98624963132892107  0.98726168612852860  0.98820583393318606
  0.98912785268130909  0.99004349954695980  0.99097946132263148  0.99189010892436535
  0.99276914614746337  0.99360764734045115  0.99441831868157360  0.99524406747068428
  0.99610105574365859  0.99712754938999115  0.99837121006418672  1.00000000000000000
   1.0917929279612624E-007  -1.0000000000000000     
 F F F F F F F F F F F F F F F F F F F F F F F F F F F F F F F F F F F F F F F F F F F F F F F F F F F F F F F F F F F F F F F F
  <DiscreteSampler_grid>
  grouped_processes
  1 # 1 for a reference and 2 for a running grid.
  10 # Attribute 'min_bin_probing_points' of the grid.
  1 # Attribute 'grid_mode' of the grid. 1=='default',2=='initialization'
  0.0000000000000000 # Attribute 'small_contrib_threshold' of the grid.
  0.5000000000000000 # Attribute 'damping_power' of the grid.
 # binID   n_entries weight   weight_sqr   abs_weight
    10   10   2.987695572355932E+004   5.982435480741781E+009   2.987695572355932E+004
  </DiscreteSampler_grid>
