  0.08169362247015975  0.08858583788871208  0.09383834244409091  0.09909084699946973
  0.10436514205485947  0.11026543659244402  0.11616573113002857  0.12206602566761311
  0.13364762303903510  0.17169196023414332  0.26038024405933491  0.34906852788452664
  0.43775681170971825  0.52644509553490992  0.61513337936010171  0.70382166318529327
  0.70936415709308620  0.71045023060192758  0.71153630411076885  0.71262237761961023
  0.71370845112845149  0.71479452463729276  0.71588059814613414  0.71696667165497541
  0.71805274516381679  0.71913881867265805  0.72022489218149932  0.72131096569034070
  0.72239703919918197  0.72348311270802335  0.72456918621686461  0.72565525972570588
  0.72674133323454726  0.72782740674338853  0.72891348025222991  0.72999955376107117
  0.73108562726991244  0.73217170077875382  0.73325777428759509  0.73434384779643636
  0.73542992130527762  0.73651599481411900  0.73760206832296027  0.73868814183180154
  0.73977421534064292  0.74086028884948418  0.74194636235832545  0.74303243586716683
  0.74411850937600810  0.74520458288484936  0.74629065639369063  0.74737672990253201
  0.74846280341137328  0.74954887692021455  0.75061947480352720  0.75167907747913443
  0.75273868015474155  0.75379828283034878  0.75485788550595589  0.75591748818156312
  0.75697709085717024  0.75803669353277747  0.75909629620838470  0.76015589888399182
  0.76121550155959905  0.76227510423520628  0.76333470691081340  0.76439430958642063
  0.76545391226202775  0.76651351493763498  0.76757311761324221  0.76863272028884932
  0.76969232296445655  0.77075192564006367  0.77408851773927034  0.77761460626804502
  0.78114069479681958  0.78466678332559425  0.78819287185436893  0.79171896038314360
  0.79524504891191827  0.79877113744069284  0.80229722596946751  0.80582331449824207
  0.80934940302701674  0.81297403009016223  0.81742545393028665  0.82187687777041096
  0.82632830161053539  0.83077972545065981  0.87114461492041440  0.88865501834966765
  0.89769261397648314  0.90143240394566759  0.90165821043634709  1.00000000000000000
  0.00007044187764935  0.00007968870344467  0.00008810665233853  0.00011902448453487
  0.00021136797639153  0.00037428358030864  0.00066473028154377  0.00082251355779327
  0.00084262028733667  0.00086272701688006  0.00088283374642346  0.00090294047596686
  0.00092358081625547  0.00094641328795842  0.00096924575966137  0.00099207823136432
  0.00101491070306727  0.00103774317477022  0.00106286214703702  0.00108878987252518
  0.00111471759801335  0.00114064532350152  0.00116657304898969  0.00139498969783585
  0.00247322859213330  0.00438723993277080  0.00777750232711203  0.01171057482587126
  0.01180250105529907  0.01189442728472689  0.01198635351415470  0.01207827974358252
  0.01217020597301034  0.01226213220243815  0.01235405843186597  0.01244598466129379
  0.01253791089072160  0.01262983712014942  0.01272176334957723  0.01281368957900505
  0.01290561580843287  0.01299754203786068  0.01308946826728850  0.01318139449671631
  0.01327390973172529  0.01337624010168602  0.01347857047164676  0.01358090084160749
  0.01368323121156823  0.01378556158152896  0.01388789195148970  0.01399022232145043
  0.01409255269141117  0.01419488306137190  0.01429721343133264  0.01439954380129337
  0.01450187417125411  0.01460420454121484  0.01470653491117558  0.01480886528113631
  0.01491119565109705  0.01501352602105778  0.01511997346448563  0.01523089040136059
  0.01534180733823555  0.01545272427511052  0.01556364121198548  0.01567455814886045
  0.01578547508573541  0.01589639202261037  0.01600730895948534  0.01611822589636030
  0.01622914283323526  0.01634005977011023  0.01645097670698519  0.01656189364386015
  0.01667281058073512  0.01678372751761008  0.01689464445448505  0.01700556139136001
  0.01713018884485093  0.01745297874089124  0.01777576863693155  0.01809855853297186
  0.01842134842901217  0.01874413832505248  0.01906692822109279  0.01938971811713310
  0.03216032311224425  0.04389456629549743  0.04389456629550743  0.04389456629551743
  0.04389456629552742  0.04389456629553742  0.04389456629554742  1.00000000000000000
  0.00002022685515950  0.00002687305757767  0.00003817040354888  0.00007523117662341
  0.00012469341272079  0.00012928623075262  0.00013387904878446  0.00013853756651040
  0.00014364956676584  0.00014876156702127  0.00015391826787133  0.00015960813984762
  0.00016529801182391  0.00017350841959842  0.00029225621917668  0.00032377719898896
  0.00035874475490972  0.00039748053019388  0.00045627988084604  0.00046879076677538
  0.00048130165270471  0.00049381253863405  0.00050057600550427  0.00050388336603019
  0.00050719072655611  0.00051049808708203  0.00051380544760795  0.00051711280813387
  0.00052042016865979  0.00052372752918570  0.00052703488971162  0.00053034225023754
  0.00053364961076346  0.00053695697128938  0.00054026433181530  0.00054357169234122
  0.00054687905286713  0.00055018641339305  0.00055349377391897  0.00055702018485221
  0.00056070141666590  0.00056438264847960  0.00056806388029329  0.00057174511210699
  0.00057542634392068  0.00057910757573438  0.00058278880754807  0.00058647003936177
  0.00059015127117546  0.00059383250298916  0.00059751373480285  0.00060119496661655
  0.00060487619843024  0.00060855743024394  0.00061223866205763  0.00061591989387133
  0.00061988761347171  0.00062409228688719  0.00062829696030267  0.00063250163371815
  0.00063670630713363  0.00064091098054911  0.00064511565396459  0.00064932032738007
  0.00065352500079555  0.00065772967421103  0.00066193434762651  0.00066613902104199
  0.00067034369445746  0.00067454836787294  0.00067875304128842  0.00068295771470390
  0.00068716238811938  0.00070579480026661  0.00072529000347152  0.00074478520667643
  0.00076428040988134  0.00078323669999047  0.00080216919476484  0.00082110168953922
  0.00084003418431359  0.00104639004266455  0.00177457597905100  0.00300934846577317
  0.00510301564925757  0.00865281685896540  0.01467114325575109  0.02487401395131243
  0.02944830753408118  0.02944830753409117  0.02944830753410117  0.02944830753411117
  0.02944830753412117  0.02944830753413117  0.02944830753414117  1.00000000000000000
  0.10106390317281096  0.33855444530516338  0.34377555727699349  0.34899666924882367
  0.35422427228961512  0.36010841651391778  0.36599256073822045  0.37187670496252306
  0.41841114020070430  0.46830292621229502  0.48583933700954962  0.50337574780680405
  0.52124921193852869  0.58480282228743330  0.58926969392135398  0.59373656555527465
  0.59820343718919533  0.60267030882311601  0.60713718045703668  0.61160405209095725
  0.61607092372487793  0.62053779535879849  0.62500466699271917  0.62947153862663974
  0.63393841026056041  0.63840528189448098  0.64287215352840166  0.66715878262644901
  0.67155635059852670  0.67595391857060450  0.68035148654268229  0.68474905451476009
  0.68914662248683789  0.69354419045891569  0.69794175843099338  0.70233932640307117
  0.70673689437514897  0.71113446234722677  0.71553203031930457  0.71992959829138248
  0.72432716626346028  0.72872473423553807  0.74221809990955856  0.75672766840354599
  0.77123723689753343  0.78574680539152097  0.84643955993948516  0.87570808682734191
  0.87673235553878115  0.87775662425022050  0.87878089296165973  0.87980516167309897
  0.88082943038453820  0.88185369909597744  0.88287796780741667  0.88390223651885602
  0.88492650523029526  0.88595077394173449  0.88697504265317373  0.88799931136461296
  0.88902358007605231  0.89004784878749155  0.89107211749893078  0.89209638621037002
  0.89312065492180925  0.89414492363324849  0.89516919234468784  0.89604770208811113
  0.89665740579691144  0.89726710950571176  0.89787681321451207  0.89848651692331238
  0.89909622063211270  0.89970592434091301  0.90031562804971332  0.90092533175851364
  0.90153503546731395  0.90214473917611426  0.90275444288491458  0.90336414659371489
  0.90397385030251520  0.90458355401131540  0.90519325772011572  0.90580296142891603
  0.90641266513771634  0.90702236884651666  0.90763207255531697  0.90824177626411728
  0.90885147997291760  0.90946118368171791  0.91007088739051822  0.91068059109931854
  0.91129029480811885  0.91189999851691916  0.91196054617563882  1.00000000000000000
  0.01813572247823075  0.03893547952253898  0.05794516452181994  0.13783412877855178
  0.22966506714363749  0.23625063120192732  0.24283619526021713  0.24942175931850696
  0.25600732337679677  0.26259288743508657  0.26917845149337638  0.27576401555166630
  0.28234957960995616  0.28893514366824607  0.34949316441400896  0.44830376328048877
  0.54711436214696874  0.58647753512639189  0.59144114565457562  0.59640475618275945
  0.60136836671094329  0.60633197723912702  0.61129558776731086  0.61625919829549458
  0.62122280882367831  0.62528228779427697  0.62646329235683040  0.62764429691938395
  0.62882530148193738  0.63000630604449082  0.63118731060704436  0.63236831516959779
  0.63354931973215134  0.63473032429470477  0.63591132885725821  0.63709233341981175
  0.63827333798236519  0.63945434254491873  0.64063534710747216  0.64181635167002571
  0.64299735623257914  0.64417836079513258  0.64535936535768612  0.64655886400383178
  0.64777076031584646  0.64898265662786114  0.65019455293987583  0.65140644925189051
  0.65261834556390519  0.65383024187591987  0.65504213818793455  0.65625403449994923
  0.65746593081196392  0.65867782712397860  0.65988972343599328  0.66110161974800796
  0.66231351606002264  0.66352541237203733  0.66473730868405201  0.66594920499606669
  0.66716110130808137  0.66837299762009605  0.66958489393211074  0.67079679024412542
  0.67200868655614010  0.67322058286815478  0.67443247918016946  0.67564437549218415
  0.67685627180419883  0.67806816811621351  0.67928006442822819  0.68049196074024287
  0.68170385705225744  0.68291575336427213  0.68412764967628681  0.68533954598830149
  0.68655144230031617  0.70897101672900020  0.80778161559548012  0.85684042879322142
  0.86187988089361689  0.86691933299401236  0.87195878509440783  0.87699823719480330
  0.88203768929519888  0.88707714139559435  0.89211659349598982  0.89715604559638529
  0.90219549769678087  0.90723494979717645  0.91227440189757203  0.92935633342222734
  0.95209993453021213  0.96451077185572687  0.97252566019694009  1.00000000000000000
  0.22374683221181241  0.29680611390141709  0.30194556113616744  0.30708500837091779
  0.31222445560566819  0.31798157288340750  0.32377368171494142  0.32956579054647533
  0.36516727805961746  0.39874979946222566  0.40314680362356176  0.40754380778489779
  0.41194081194623389  0.41633781610756992  0.42073262440036524  0.42512725518939160
  0.42952188597841789  0.43391651676744419  0.43831114755647049  0.44270577834549679
  0.44710040913452315  0.45149503992354945  0.45588967071257575  0.46599674056336921
  0.50075689531455703  0.59183106544427377  0.65164709936367005  0.66592972001539819
  0.68021234066712621  0.69449496131885424  0.71116611710287325  0.77232611591813338
  0.77665490041378560  0.78098368490943781  0.78531246940509003  0.78964125390074225
  0.79397003839639435  0.79829882289204657  0.80262760738769867  0.80695639188335089
  0.81128517637900299  0.81561396087465521  0.81994274537030731  0.82427152986595953
  0.82860031436161163  0.83292909885726374  0.91590273278601020  0.93826915264675881
  0.93927740051139952  0.94028564837604023  0.94129389624068094  0.94230214410532165
  0.94331039196996247  0.94431863983460318  0.94532688769924389  0.94633513556388460
  0.94734338342852531  0.94835163129316602  0.94935987915780673  0.95036812702244744
  0.95137637488708826  0.95238462275172897  0.95339287061636968  0.95440111848101039
  0.95540936634565110  0.95641761421029181  0.95742586207493252  0.95840983589052620
  0.95917522721304815  0.95994061853557011  0.96070600985809207  0.96147140118061403
  0.96223679250313587  0.96300218382565783  0.96376757514817979  0.96453296647070175
  0.96529835779322370  0.96606374911574566  0.96682914043826762  0.96759453176078958
  0.96835992308331154  0.96912531440583349  0.96989070572835545  0.97065609705087741
  0.97142148837339926  0.97218687969592121  0.97295227101844317  0.97371766234096513
  0.97448305366348709  0.97524844498600904  0.97601383630853100  0.97677922763105296
  0.97754461895357492  0.97831001027609688  0.97890031735102334  1.00000000000000000
  0.01044742355637824  0.01250257024149428  0.01455771692661033  0.01661286361172637
  0.01866801029684242  0.02072315698195846  0.02530962349129528  0.03003948117609485
  0.03476933886089442  0.03949919654569399  0.04227670733530108  0.04340276866392817
  0.04452882999255527  0.04565489132118237  0.04678095264980947  0.04790701397843657
  0.04903307530706366  0.05015913663569076  0.05128519796431785  0.05241125929294495
  0.05353732062157206  0.05466338195019915  0.05578944327882625  0.05691550460745334
  0.05804156593608045  0.05916762726470754  0.06029368859333464  0.06141974992196174
  0.06254700946523013  0.06370252345349013  0.06485803744175014  0.06601355143001014
  0.06716906541827015  0.06832457940653015  0.06948009339479017  0.07063560738305016
  0.07179112137131018  0.07294663535957017  0.07410214934783019  0.07525766333609019
  0.07641317732435020  0.07756869131261020  0.07872420530087021  0.07987971928913021
  0.08103523327739022  0.08219074726565022  0.08334626125391023  0.08450177524217024
  0.08565728923043026  0.08681280321869028  0.08796831720695029  0.08912383119521032
  0.09027934518347033  0.09143485917173036  0.09259037315999037  0.09374588714825038
  0.09490140113651041  0.09605691512477042  0.09721242911303044  0.09836794310129046
  0.09952345708955047  0.10067897107781050  0.10183448506607051  0.10298999905433054
  0.10414551304259055  0.19663670776947942  0.29083113606842476  0.38502556436736984
  0.47921999266631515  0.52433810209904297  0.53061658938551703  0.53689507667199099
  0.54317356395846506  0.54945205124493901  0.55573053853141297  0.56200902581788681
  0.56826526239207065  0.57451961136357077  0.58077396033507089  0.59229481083350788
  0.60746357187344147  0.62263233291337494  0.70449177413755748  0.79868620243650290
  0.83637064267178296  0.84117518677678815  0.84597973088179335  0.85078427498679854
  0.85447413362248748  0.85551286795501191  0.85655160228753624  0.85759033662006068
  0.85862907095258501  0.85932809511820485  0.85932809511821484  1.00000000000000000
  0.08563959201176960  0.10171321763404120  0.10518887898878247  0.10639522591563888
  0.10760157284249530  0.10880791976935171  0.11001426669620812  0.11122061362306454
  0.11242696054992095  0.11363330747677736  0.11483965440363378  0.11604600133049019
  0.11725234825734659  0.11845869518420302  0.11966504211105942  0.12087138903791583
  0.12207773596477224  0.12328408289162866  0.12449042981848507  0.12569680507052944
  0.12690320103748895  0.12810959700444846  0.12931599297140797  0.13052238893836748
  0.13172878490532700  0.13293518087228651  0.13414157683924602  0.13534797280620553
  0.13655436877316504  0.13776076474012455  0.13896716070708406  0.14017355667404358
  0.14137995264100309  0.14258634860796260  0.14379274457492211  0.14499914054188162
  0.14620553650884116  0.14741193247580067  0.14861832844276018  0.14982472440971972
  0.15103112037667926  0.15223751634363877  0.15344391231059831  0.15465030827755782
  0.15585670424451736  0.15706310021147687  0.15826949617843641  0.15947589214539593
  0.16068228811235546  0.16188868407931498  0.16309508004627449  0.16430147601323403
  0.16550787198019354  0.17056320667416247  0.26931622554492124  0.36806924441568017
  0.41921922926432942  0.42424505448353139  0.42927087970273337  0.43429670492193534
  0.43932253014113731  0.44434835536033929  0.44937418057954126  0.45440000579874323
  0.45942583101794526  0.46445165623714729  0.46947748145634932  0.47450330667555135
  0.48628878770113382  0.54864408765786310  0.56452971680668862  0.58041534595551403
  0.59630097510433966  0.60748344986507818  0.61405322516429250  0.62062300046350694
  0.62719277576272126  0.63376255106193558  0.64033232636115001  0.64690210166036444
  0.65347187695957887  0.66004165225879330  0.66661142755800773  0.69136418524647203
  0.69631428394860084  0.70126438265072966  0.70621448135285836  0.71080066285541399
  0.71511449554670303  0.71942832823799208  0.72374216092928123  0.72805599362057027
  0.80249396225847502  0.90124698112923385  0.92843896547953286  1.00000000000000000
  0.17190402348836262  0.18062519874411062  0.19014537946018090  0.20264058243203836
  0.25542367732922844  0.27560045298740715  0.28140091966366831  0.28720138633992948
  0.29300185301619064  0.29880231969245175  0.30460278636871285  0.31040325304497396
  0.31620371972123507  0.32200418639749617  0.32780465307375728  0.33738631369499444
  0.37559432416436150  0.37664594006748964  0.37769755597061772  0.37874917187374585
  0.37980078777687398  0.38085240368000212  0.38190401958313025  0.38295563548625833
  0.38400725138938646  0.38505886729251459  0.38611048319564273  0.38716209909877086
  0.38821371500189894  0.38926533090502707  0.39031694680815521  0.39136856271128334
  0.39242017861441147  0.39347179451753955  0.39452341042066769  0.39557502632379582
  0.39662664222692395  0.39767825813005209  0.39872987403318022  0.39978148993630835
  0.40083310583943649  0.40188472174256462  0.40293633764569275  0.40398795354882089
  0.40503956945194902  0.40609118535507716  0.40714280125820529  0.40819441716133342
  0.40924603306446156  0.41029764896758969  0.41134926487071782  0.41240088077384596
  0.41345249667697409  0.41450411258010222  0.41555572848323036  0.41660734438635849
  0.41765896028948662  0.41871057619261476  0.41976219209574289  0.42081380799887097
  0.42186542390199910  0.42291703980512724  0.42396865570825537  0.42502027161138350
  0.42607188751451158  0.42712350341763972  0.42817511932076785  0.42922673522389598
  0.43027835112702412  0.43132996703015219  0.43238158293328033  0.43343319883640846
  0.43448481473953660  0.43553643064266473  0.43658804654579281  0.44898767645894966
  0.53548639782291163  0.62198511918687360  0.70848384055083546  0.73178886098605644
  0.73523508708295804  0.73868131317985963  0.74212753927676123  0.74557376537366282
  0.74901999147056442  0.75210987410728269  0.75505815543720822  0.75800643676713386
  0.76095471809705939  0.76390299942698503  0.76685128075691067  0.76979956208683620
  0.82700255727206873  0.91350127863603081  0.95772773424784330  1.00000000000000000
   3.6887710112750880E-013  -1.0000000000000000     
 F F F F F F F F F F F F F F F F F F F F F F F F F F F F F F F F F F F F F F F F F F F F F F F F F F F F F F F F F F F F F F F F
  <DiscreteSampler_grid>
  grouped_processes
  1 # 1 for a reference and 2 for a running grid.
  10 # Attribute 'min_bin_probing_points' of the grid.
  1 # Attribute 'grid_mode' of the grid. 1=='default',2=='initialization'
  0.0000000000000000 # Attribute 'small_contrib_threshold' of the grid.
  0.5000000000000000 # Attribute 'damping_power' of the grid.
 # binID   n_entries weight   weight_sqr   abs_weight
    10   10   3.869264420878705E+004   8.551084517042955E+009   3.869264420878705E+004
  </DiscreteSampler_grid>
