  0.10372900480722005  0.10488684933598726  0.10560703200530776  0.10632721467462827
  0.10704739734394877  0.10776758001326929  0.10848776268258981  0.10920794535191031
  0.10992812802123082  0.11064831069055134  0.11136849335987185  0.11208867602919237
  0.11280885869851287  0.11352904136783339  0.11424922403715390  0.11496940670647442
  0.11568958937579493  0.11640977204511543  0.11712995471443595  0.11785013738375646
  0.11857032005307697  0.11929050272239748  0.12001068539171800  0.12073086806103850
  0.12145105073035901  0.12217123339967953  0.12289141606900005  0.12361159873832055
  0.12433178140764106  0.12506762623684414  0.12600487455557247  0.12694212287430082
  0.12787937119302914  0.12881661951175749  0.12975386783048581  0.13069111614921416
  0.13162836446794252  0.13256561278667084  0.13350286110539919  0.13444010942412751
  0.13537735774285586  0.13631460606158419  0.13725185438031254  0.13818910269904089
  0.13912635101776921  0.14006359933649756  0.14100084765522589  0.14193809597395424
  0.14287534429268256  0.14381259261141091  0.14474984093013923  0.14568708924886759
  0.21795053159812017  0.30340105120004823  0.38885157080197613  0.42195749538983895
  0.42980170012026714  0.43764590485069532  0.44549010958112351  0.45333431431155169
  0.46117851904197987  0.46902272377240811  0.47686692850283641  0.53956508375456991
  0.62501560335649786  0.70872946365006673  0.72460048111785103  0.73276328666496526
  0.73781263363687377  0.74286198060878228  0.74791132758069079  0.75296067455259930
  0.75801002152450780  0.76305936849641620  0.76810871546832471  0.77316051995418378
  0.77821520468376371  0.78326988941334375  0.78832457414292367  0.82061840187550905
  0.90606892147743701  0.93963434814289704  0.94301056148716345  0.94638677483142986
  0.94976298817569627  0.95313920151996268  0.95651541486422909  0.95939105050775608
  0.96168270845752268  0.96397436640728928  0.96626602435705589  0.96855768230682249
  0.97084934025658909  0.97314099820635569  0.97487393662842492  1.00000000000000000
  0.00001427774331075  0.00004475229792483  0.00004602433459886  0.00004729637127290
  0.00004856840794693  0.00004997800975673  0.00005162568644610  0.00005327336313547
  0.00005492103982483  0.00006696581828975  0.00011921300246365  0.00021284556567618
  0.00037875895842200  0.00067641299249535  0.00120456057117204  0.00214929838307232
  0.00383022276190648  0.00682842266452372  0.00723009834671210  0.00744464143557853
  0.00765918452444496  0.00787372761331139  0.00810304686600303  0.00834667420455323
  0.00859030154310343  0.00883392888165362  0.00907980439938512  0.00935645875540591
  0.00963311311142670  0.00990976746744749  0.01018642182346828  0.01193244489678625
  0.01254066348022035  0.01314888206365445  0.01378254353072875  0.01442240902147159
  0.01506227451221443  0.01578827022358323  0.01651487823208845  0.01731193998290897
  0.01842582396671963  0.02062239046046576  0.03669064422414586  0.06553939656593752
  0.10159961407584597  0.10227730587405334  0.10295499767226071  0.10363268947046808
  0.10431038126867545  0.10498807306688282  0.10566576486509019  0.10634345666329756
  0.10702114846150493  0.10769884025971230  0.10837653205791967  0.10905422385612704
  0.10973191565433441  0.11040960745254177  0.11108729925074916  0.11176499104895653
  0.11244268284716390  0.11312037464537127  0.11379806644357864  0.11447575824178600
  0.11515345003999337  0.11574856717538663  0.11633934150902395  0.11693011584266125
  0.11752089017629856  0.11811166450993586  0.11870243884357318  0.11929321317721048
  0.11988398751084778  0.12047476184448509  0.12106553617812239  0.12165631051175971
  0.12224708484539701  0.12283785917903432  0.12342863351267162  0.12401940784630894
  0.12461018217994624  0.12520095651358354  0.12579173084722084  0.12638250518085817
  0.12697327951449547  0.12756405384813277  0.12815482818177007  0.12874560251540740
  0.12933637684904470  0.12992715118268200  0.13051792551631930  0.14520150545591581
  0.14520150545592581  0.14520150545593580  0.14520150545594579  1.00000000000000000
  0.00001025115997984  0.00004583368241748  0.00006169245938491  0.00012210369814481
  0.00020836703649986  0.00032699805924124  0.00034003527319408  0.00035307248714692
  0.00036662785283715  0.00038113882204932  0.00039564979126149  0.00041103876705777
  0.00042719008805612  0.00044334140905447  0.00056540148068006  0.00059852937266366
  0.00063324787397709  0.00067012061552885  0.00070920827348121  0.00075024919060977
  0.00107690677584285  0.00183757075582920  0.00227610247166689  0.00234451277268399
  0.00241292307370110  0.00248133337471820  0.00255704792517307  0.00263319147665924
  0.00270933502814541  0.00278232903047865  0.00284612724500061  0.00290992545952258
  0.00297372367404455  0.00303752188856652  0.00310929482164652  0.00319561842953588
  0.00328194203742524  0.00336826564531460  0.00345773510437449  0.00355381692223043
  0.00364989874008637  0.00374598055794230  0.00446155833469648  0.00761319023549659
  0.01299111003670671  0.01386425866358444  0.01394914340855096  0.01403402815351748
  0.01411891289848400  0.01420379764345052  0.01428868238841704  0.01437356713338356
  0.01445845187835008  0.01454333662331660  0.01462822136828312  0.01471310611324964
  0.01479799085821617  0.01488287560318268  0.01496776034814921  0.01505264509311573
  0.01513752983808225  0.01522241458304877  0.01530729932801529  0.01538574716362263
  0.01545831755948976  0.01553088795535689  0.01560345835122402  0.01567602874709114
  0.01574859914295827  0.01582116953882540  0.01589373993469253  0.01596631033055966
  0.01603888072642679  0.01611145112229391  0.01618402151816104  0.01625659191402817
  0.01632916230989530  0.01640173270576243  0.01647430310162955  0.01654687349749668
  0.01661944389336381  0.01669201428923094  0.01676458468509807  0.01683715508096520
  0.01690972547683232  0.01698229587269945  0.01705486626856658  0.02374617403678359
  0.04051850576972976  0.04825798512722713  0.04825798512723713  0.04825798512724713
  0.04825798512725712  0.04825798512726712  0.04825798512727712  1.00000000000000000
  0.02100604375203448  0.02587394740986779  0.03074185106770111  0.03560975472553443
  0.04047765838336775  0.04588087491866330  0.05145710301875222  0.05703333111884113
  0.06441811747703596  0.16204441199770864  0.25967070651838114  0.32181491864793094
  0.33384303743971516  0.33502129456265090  0.33619955168558663  0.33737780880852231
  0.33855606593145804  0.33973432305439377  0.34091258017732951  0.34209083730026524
  0.34326909442320092  0.34444735154613665  0.34562560866907238  0.34680386579200811
  0.34798212291494379  0.34916038003787953  0.35033863716081526  0.35151689428375099
  0.35269515140668672  0.35387340852962240  0.35505166565255813  0.35622992277549381
  0.35740817989842955  0.35858643702136528  0.35976469414430096  0.36094295126723669
  0.36212120839017237  0.36329946551310810  0.36447772263604378  0.36565597975897951
  0.36683423688191519  0.36801249400485092  0.36919075112778665  0.37036900825072233
  0.37154726537365806  0.37272552249659374  0.37390377961952947  0.37508203869857970
  0.37626032391631564  0.37743860913405153  0.37861689435178747  0.37979517956952336
  0.38097346478725930  0.38215175000499518  0.38333003522273112  0.38450832044046701
  0.38568660565820295  0.38686489087593889  0.38804317609367478  0.38922146131141072
  0.39039974652914661  0.39157803174688255  0.39275631696461843  0.39393460218235438
  0.39511288740009026  0.43376740240103168  0.50164514508148494  0.50676112166286180
  0.51187709824423866  0.51699307482561563  0.52210905140699249  0.52722502798836945
  0.53234100456974642  0.53745698115112339  0.54257295773250036  0.54768893431387722
  0.55280491089525408  0.55792088747663104  0.57274477884348274  0.67037107336415547
  0.75133675799368982  0.75858796997257250  0.76583918195145517  0.77309039393033785
  0.78034160590922064  0.78759281788810331  0.79484402986698610  0.80209524184586878
  0.80934645382475146  0.86766869866139462  0.92198884787449131  0.93267366611356672
  0.94224121426788610  0.95088833349455559  0.95584488312403360  1.00000000000000000
  0.02079999049504595  0.06329576870764471  0.06409153741528940  0.06488730612293411
  0.06568307483057882  0.06647884353822352  0.06727461224586823  0.06807038095351294
  0.06886614966115763  0.06966191836880234  0.07045768707644703  0.07125345578409174
  0.07204922449173644  0.07284499319938115  0.07364076190702584  0.07443653061467055
  0.07523229932231525  0.07602806802995996  0.07682383673760465  0.07761960544524936
  0.07841537415289407  0.07921114286053876  0.08000691156818347  0.08080268027582817
  0.08159844898347288  0.08239421769111757  0.08318998639876228  0.08418272936982570
  0.08521875056674816  0.08625477176367063  0.08729079296059310  0.08832681415751557
  0.08936283535443804  0.09039885655136051  0.09143487774828297  0.09247089894520545
  0.09350692014212791  0.09454294133905039  0.09557896253597285  0.09661498373289533
  0.09765100492981779  0.09868702612674027  0.09972304732366273  0.10075906852058519
  0.10179508971750767  0.10283111091443013  0.10386713211135261  0.12831955475780574
  0.13507463889149351  0.14182972302518129  0.14858480715886910  0.15533989129255693
  0.16209497542624479  0.16875299439951377  0.17520777375200466  0.18166255310449556
  0.18846099104700650  0.19850903744072221  0.20855708383443791  0.21860513022815370
  0.22865317662186951  0.31924369413946235  0.41417188145436790  0.50910006876927327
  0.58445748987083868  0.58961402723260425  0.59477056459436994  0.59992710195613552
  0.60508363931790110  0.61024017667966668  0.61539671404143226  0.62055325140319784
  0.62570978876496341  0.63086632612672899  0.63602286348849457  0.64117940085026015
  0.65508593187429798  0.75001411918920335  0.77451722605740836  0.77923602384392154
  0.78395482163043484  0.78867361941694802  0.79339241720346121  0.79811121498997428
  0.80283001277648747  0.80754881056300065  0.81226760834951384  0.81698640613602691
  0.82170520392254010  0.82642400170905328  0.83114279949556635  0.88419449004449091
  0.92937357267127596  0.94526999987434679  0.95279634396235147  1.00000000000000000
  0.00240033467610676  0.17600568320422766  0.18534469974178855  0.19531642115897896
  0.20547797036688500  0.27510824495710751  0.30753198230113682  0.32683975573543250
  0.34614752916972830  0.37540356604997177  0.37652351372569554  0.37764346140141936
  0.37876340907714312  0.37988335675286689  0.38100330442859071  0.38212325210431447
  0.38324319978003824  0.38436314745576200  0.38548309513148582  0.38660304280720958
  0.38772299048293335  0.38884293815865717  0.38996288583438093  0.39108283351010470
  0.39220278118582852  0.39332272886155228  0.39444267653727605  0.39556262421299981
  0.39668257188872363  0.39780251956444740  0.39892246724017122  0.40004241491589498
  0.40116236259161880  0.40228231026734257  0.40340225794306639  0.40452220561879015
  0.40564215329451397  0.40676210097023774  0.40788204864596156  0.40900199632168532
  0.41012194399740914  0.41124189167313291  0.41236183934885673  0.41348178702458055
  0.41460173470030431  0.41572168237602813  0.41684163005175190  0.41796157772747566
  0.41908152540319948  0.42020147307892325  0.42132142075464701  0.42244136843037078
  0.42356131610609460  0.42468126378181836  0.42580121145754213  0.42692115913326595
  0.42804110680898971  0.42916105448471348  0.43028100216043730  0.43140094983616106
  0.43252089751188483  0.43364084518760859  0.43476079286333241  0.43588074053905618
  0.43700068821477994  0.48896614766734708  0.50467243075003254  0.50997482712042208
  0.51527722349081151  0.52057961986120094  0.52538664050514128  0.53016876683543579
  0.53495089316573019  0.53973301949602470  0.54451514582631910  0.54929727215661361
  0.55407939848690801  0.55886152481720242  0.56414907952257543  0.57104463208938572
  0.57794018465619601  0.60356819005704176  0.64848411235191228  0.65334875420519223
  0.65821339605847229  0.66307803791175224  0.66778248613034363  0.67203640959763422
  0.67629033306492481  0.68054425653221540  0.68479817999950598  0.72138546928833913
  0.81425697952555576  0.90712848976277249  0.97482473055521646  1.00000000000000000
  0.00715917772628009  0.00942593833203618  0.01169269893779227  0.01395945954354836
  0.01622622014930445  0.01849298075506054  0.02075974136081663  0.02471154958787526
  0.02871989974078339  0.03272824989369153  0.03673660004659967  0.04074495019950781
  0.04539627602962969  0.05023960432263104  0.05508293261563239  0.05992626090863373
  0.06571573782746459  0.07257815768362769  0.07944057753979078  0.08630299739595391
  0.09316541725211708  0.10002783710828025  0.10689025696444339  0.11375267682060648
  0.12061509667676958  0.15830625664660189  0.25056054189875837  0.34281482715091494
  0.43506911240307145  0.52732339765522795  0.61957768290738446  0.71183196815954097
  0.76125506703465229  0.78045270227929264  0.79965033752393311  0.81286946485527678
  0.81398680605787799  0.81510414726047919  0.81622148846308051  0.81733882966568172
  0.81845617086828293  0.81957351207088414  0.82069085327348534  0.82180819447608655
  0.82292553567868776  0.82404287688128897  0.82516021808389028  0.82627755928649149
  0.82739490048909270  0.82851224169169391  0.82962958289429511  0.83074692409689632
  0.83186426529949753  0.83298160650209874  0.83409894770470006  0.83521628890730126
  0.83633363010990247  0.83745097131250368  0.83856831251510500  0.83968565371770620
  0.84080299492030741  0.84192033612290862  0.84303767732550983  0.84415501852811115
  0.84527235973071235  0.84638970093331356  0.84750704213591477  0.84862438333851609
  0.84974172454111729  0.85085906574371850  0.85197640694631971  0.85309374814892103
  0.85421103485929417  0.85532700544659446  0.85644297603389474  0.85755894662119503
  0.85867491720849531  0.85979088779579560  0.86090685838309600  0.86202282897039628
  0.86313879955769657  0.86425477014499685  0.86537074073229714  0.86648671131959742
  0.86760268190689771  0.86871865249419800  0.86983462308149828  0.87095059366879857
  0.87206656425609885  0.87318253484339914  0.87429850543069942  0.87617838979645735
  0.87935118700573300  0.88211429516474404  0.88211429516475404  1.00000000000000000
  0.05232309897740686  0.29237435288914226  0.29308203911161779  0.29378972533409337
  0.29449741155656889  0.29520509777904441  0.29591278400151994  0.29662047022399551
  0.29732815644647104  0.29803584266894656  0.29874352889142208  0.29945121511389761
  0.30015890133637319  0.30086658755884871  0.30157427378132423  0.30228196000379975
  0.30298964622627533  0.30369733244875086  0.30440501867122638  0.30511270489370190
  0.30582039111617743  0.30652807733865300  0.30723576356112853  0.30794344978360405
  0.30865113600607957  0.30935882222855515  0.31006650845103068  0.31077419467350620
  0.31148188089598172  0.31218956711845730  0.31301754568695378  0.31393952648464524
  0.31486150728233675  0.31578348808002821  0.31670546887771966  0.31762744967541112
  0.31854943047310258  0.31947141127079404  0.32039339206848549  0.32131537286617701
  0.32223735366386846  0.32315933446155992  0.32408131525925138  0.32500329605694284
  0.32592527685463429  0.32684725765232581  0.32776923845001726  0.32869121924770872
  0.32961320004540018  0.33053518084309164  0.33145716164078309  0.33237914243847461
  0.33330112323616606  0.37719477962719622  0.38180402374807543  0.38641326786895464
  0.39102251198983384  0.39563175611071311  0.40024100023159237  0.40485024435247163
  0.40945948847335090  0.41406873259423016  0.41867797671510942  0.42328722083598863
  0.42789646495686784  0.43250570907774705  0.43711495319862625  0.46297657073935428
  0.46988600133526148  0.47679543193116869  0.48370486252707590  0.49061429312298305
  0.49752372371889020  0.50443315431479741  0.51134258491070450  0.51825201550661171
  0.54827717140729604  0.56558401491343491  0.58289085841957378  0.60019770192571276
  0.62721908875395604  0.63143609908862908  0.63565310942330200  0.63987011975797503
  0.64408713009264795  0.64798436078788180  0.65165559235754544  0.65532682392720909
  0.65899805549687274  0.66266928706653638  0.66634051863620003  0.74432145227070334
  0.82954763484713145  0.91477381742355968  0.94441855351130166  1.00000000000000000
  0.10185253222783416  0.14280952233382083  0.16146359217707668  0.22948419867106451
  0.23606905367536429  0.24265390867966405  0.24923876368396380  0.25556472323983659
  0.26185684118829156  0.26814895913674652  0.27444107708520155  0.28073319503365662
  0.28702531298211165  0.29423638361637994  0.30403121773978176  0.32502777850789899
  0.41756376132006401  0.46114530561384787  0.46617189746370302  0.47119848931355823
  0.47622508116341344  0.48125167301326860  0.48627826486312370  0.49130485671297885
  0.49633144856283395  0.50135804041268917  0.50638463226254427  0.51141122411239937
  0.51643781596225447  0.53245096588946172  0.62498694870162663  0.71752293151379165
  0.79258092933193547  0.79718081270923347  0.80178069608653146  0.80638057946382946
  0.81098046284112746  0.81558034621842546  0.82018022959572345  0.82478011297302134
  0.82937999635031934  0.83397987972761733  0.83857976310491544  0.84317964648221344
  0.84777952985951144  0.85237941323680944  0.91074842214287666  0.91761198981498049
  0.91862190312295744  0.91963181643093439  0.92064172973891145  0.92165164304688840
  0.92266155635486535  0.92367146966284230  0.92468138297081937  0.92569129627879632
  0.92670120958677327  0.92771112289475033  0.92872103620272728  0.92973094951070423
  0.93074086281868129  0.93175077612665824  0.93276068943463519  0.93377060274261225
  0.93478051605058921  0.93579042935856616  0.93680034266654322  0.93773830786147649
  0.93851402307879961  0.93928973829612272  0.94006545351344584  0.94084116873076895
  0.94161688394809195  0.94239259916541507  0.94316831438273818  0.94394402960006130
  0.94471974481738430  0.94549546003470741  0.94627117525203053  0.94704689046935364
  0.94782260568667676  0.94859832090399976  0.94937403612132287  0.95014975133864599
  0.95092546655596910  0.95170118177329222  0.95247689699061522  0.95325261220793833
  0.95402832742526145  0.95480404264258456  0.95557975785990767  0.95635547307723068
  0.95713118829455379  0.95790690351187691  0.96928531328837075  1.00000000000000000
   1.0408443972789507E-011  -1.0000000000000000     
 F F F F F F F F F F F F F F F F F F F F F F F F F F F F F F F F F F F F F F F F F F F F F F F F F F F F F F F F F F F F F F F F
  <DiscreteSampler_grid>
  grouped_processes
  1 # 1 for a reference and 2 for a running grid.
  10 # Attribute 'min_bin_probing_points' of the grid.
  1 # Attribute 'grid_mode' of the grid. 1=='default',2=='initialization'
  0.0000000000000000 # Attribute 'small_contrib_threshold' of the grid.
  0.5000000000000000 # Attribute 'damping_power' of the grid.
 # binID   n_entries weight   weight_sqr   abs_weight
    10   10   6.235089273893713E+005   3.200289714845809E+012   6.235089273893713E+005
  </DiscreteSampler_grid>
