  0.13965079531240612  0.23584646488138356  0.24252626309610034  0.24920606131081713
  0.25112674284797470  0.25240547110027078  0.25368419935256686  0.25496292760486294
  0.25624165585715902  0.25752038410945510  0.25879911236175124  0.26007784061404732
  0.26135656886634340  0.26263529711863948  0.26391402537093556  0.26519275362323164
  0.26647148187552772  0.26775021012782380  0.26902893838011988  0.27030766663241601
  0.27159055906377827  0.27287635825657025  0.27416215744936229  0.27544795664215427
  0.27673375583494625  0.27801955502773829  0.27930535422053027  0.28059115341332225
  0.28187695260611428  0.28316275179890626  0.28444855099169825  0.28573435018449028
  0.28702014937728226  0.28830594857007430  0.28959174776286628  0.29087754695565826
  0.29216334614845030  0.29344914534124228  0.29473494453403426  0.29602074372682624
  0.29730654291961822  0.29859234211241020  0.29987814130520218  0.30116394049799416
  0.30244973969078615  0.30373553888357818  0.30502133807637016  0.30630713726916214
  0.30759293646195413  0.30887873565474611  0.31016453484753809  0.31145033404033007
  0.32891003704036725  0.34622240318123604  0.35978273289877755  0.37334306261631894
  0.38690339233386040  0.40098157235637194  0.41605845312551781  0.43113533389466357
  0.44621221466380928  0.47585129502692580  0.56520768125521970  0.65456406748351370
  0.74392045371180771  0.78278126314817009  0.79987869872119688  0.81297604955673175
  0.81479441024271293  0.81661277092869411  0.81843113161467529  0.82024949230065647
  0.82206785298663765  0.82388621367261883  0.82570457435860001  0.82752293504458119
  0.82934129573056237  0.83115965641654355  0.83297801710252473  0.83451607021236851
  0.83598604758393380  0.83745602495549898  0.83892600232706427  0.84039597969862945
  0.84186595707019474  0.84333593444176003  0.84480591181332521  0.84627588918489050
  0.84774586655645567  0.84921584392802096  0.85068582129958614  0.85215579867115143
  0.85362577604271661  0.85768111682437698  0.85768111682438697  1.00000000000000000
  0.00013231734541341  0.00017303797532084  0.00019409913704725  0.00021419526208428
  0.00023462346426531  0.00025678863495637  0.00028182389789194  0.00041275798516090
  0.00075477596058645  0.00104815044978447  0.00105781780736671  0.00106748516494894
  0.00107715252253118  0.00108681988011342  0.00109648723769566  0.00110615459527790
  0.00111582195286014  0.00112548931044238  0.00113515666802461  0.00114482402560685
  0.00115449138318909  0.00116415874077133  0.00117382609835357  0.00118349345593581
  0.00119424027339010  0.00120521817349874  0.00121619607360737  0.00122717397371601
  0.00123815187382465  0.00124912977393328  0.00126010767404192  0.00127108557415055
  0.00128206347425919  0.00129304137436783  0.00130401927447646  0.00131499717458510
  0.00132597507469373  0.00133695297480237  0.00134821054378827  0.00136067664838511
  0.00137314275298194  0.00138560885757878  0.00139807496217561  0.00141054106677245
  0.00142300717136928  0.00143547327596612  0.00144793938056295  0.00146040548515979
  0.00147287158975662  0.00148533769435345  0.00149780379895029  0.00151026990354712
  0.00152273600814396  0.00213647732602830  0.00390569346093905  0.00713226922647782
  0.01304021128879551  0.01466481467990165  0.01564171768023516  0.01643920568984135
  0.01725396355192086  0.01815956196729098  0.01906516038266111  0.02004777379457044
  0.02108203854773008  0.02207755313728935  0.02236655325687353  0.02265555337645772
  0.02294455349604191  0.02323355361562610  0.02352255373521028  0.02381155385479447
  0.02410055397437866  0.02438955409396284  0.02467855421354703  0.02496755433313122
  0.02523988716187172  0.02550517656764208  0.02577046597341244  0.02603575537918280
  0.02630104478495316  0.02656633419072352  0.02683162359649388  0.02709691300226424
  0.02736220240803460  0.02762749181380496  0.02789278121957533  0.02815807062534569
  0.02842336003111605  0.04861512097060866  0.05208993937906022  0.05208993937907022
  0.05208993937908022  0.05208993937909022  0.05208993937910022  1.00000000000000000
  0.00001958001681082  0.00002311817305219  0.00002665632929357  0.00003122013938128
  0.00003830866750165  0.00004539719562203  0.00010040158944903  0.00010986930808005
  0.00012024507287589  0.00013156266702156  0.00017672828909020  0.00026956635751897
  0.00029840383682264  0.00033031635614672  0.00038314845567802  0.00056934788052085
  0.00061656692972470  0.00066900848858760  0.00072542744150765  0.00091039528531064
  0.00155631550336429  0.00266051105032562  0.00344691869171852  0.00348527911614734
  0.00352363954057615  0.00356199996500497  0.00360036038943379  0.00363872081386261
  0.00367708123829143  0.00371544166272025  0.00375380208714907  0.00379216251157789
  0.00383237617094381  0.00387507294188474  0.00391776971282566  0.00396046648376659
  0.00400316325470752  0.00404586002564844  0.00408855679658937  0.00413125356753029
  0.00417395033847122  0.00421664710941215  0.00426093298827578  0.00430845629584931
  0.00435597960342284  0.00440350291099637  0.00445102621856989  0.00449854952614342
  0.00454607283371695  0.00459359614129048  0.00464111944886401  0.00468864275643754
  0.00535274879724061  0.00915082176755392  0.01006567494596381  0.01014451635274900
  0.01022335775953419  0.01030219916631938  0.01038104057310457  0.01045988197988976
  0.01053872338667495  0.01061756479346014  0.01069640620024533  0.01077524760703051
  0.01085408901381570  0.01093293042060089  0.01101177182738608  0.01109061323417127
  0.01116444944480441  0.01123318095342368  0.01130191246204294  0.01137064397066221
  0.01143937547928148  0.01150810698790074  0.01157683849652001  0.01164557000513928
  0.01171430151375854  0.01178303302237781  0.01185176453099708  0.01192049603961634
  0.01198922754823561  0.01205795905685487  0.01212669056547414  0.01219542207409341
  0.01226415358271267  0.01233288509133194  0.01371353214832400  0.02344263255820445
  0.04007404913338811  0.06850462083437879  0.11710523297956404  0.18113710175050093
  0.18115594024271034  0.18115594024272033  0.18115594024273032  1.00000000000000000
 -0.00201356808344522  0.33485880211657520  0.33638427089981721  0.33790973968305915
  0.33943520846630115  0.34096067724954310  0.34248614603278504  0.34401161481602704
  0.34553708359926899  0.34706255238251094  0.34858802116575294  0.35011348994899488
  0.35163895873223688  0.35316442751547883  0.35481393181350218  0.35670102443113888
  0.35858811704877563  0.36047520966641233  0.36236230228404909  0.36424939490168579
  0.36613648751932248  0.36802358013695924  0.36991067275459594  0.37179776537223269
  0.37368485798986939  0.40308832172786685  0.43833889908064316  0.43967327538251044
  0.44100765168437778  0.44234202798624511  0.44367640428811245  0.44501078058997978
  0.44634515689184706  0.44767953319371440  0.44901390949558173  0.45034828579744907
  0.45168266209931635  0.45301703840118368  0.45435141470305102  0.45568579100491835
  0.45702016730678569  0.45835454360865296  0.45968891991052030  0.46102329621238769
  0.46235767251425502  0.46369204881612236  0.46502642511798969  0.46636080141985703
  0.46769517772172436  0.46902955402359170  0.47036393032545903  0.47169830662732637
  0.47303268292919370  0.47436705923106104  0.47570143553292837  0.47703581183479571
  0.47837018813666304  0.47970456443853038  0.48103894074039771  0.48237331704226505
  0.48370769334413233  0.48504206964599966  0.48637644594786700  0.48771082224973433
  0.48904519855160167  0.49037957485346895  0.49171395115533628  0.49304832745720362
  0.49438270375907095  0.49571708006093829  0.49705145636280557  0.49838583266467290
  0.49972020896654024  0.50606098946029165  0.51373001437839372  0.52139903929649567
  0.52906806421459784  0.53673708913269991  0.54440611405080197  0.55207513896890392
  0.55974416388700599  0.62187228804190220  0.63859164468186713  0.65265802137022322
  0.66672439805857930  0.68079077474693539  0.73597166444892581  0.81558988402696631
  0.83332491585001944  0.85105994767307269  0.86879497949612572  0.91980273313301075
  0.93544206733134649  0.94498036422167642  0.94972139994303384  1.00000000000000000
  0.08837258418401082  0.09335190586916846  0.09833122755432609  0.10331054923948373
  0.11021920442451837  0.11752845485750807  0.12483770529049779  0.21891429176311422
  0.27158718508985147  0.27322798774751123  0.27486879040517093  0.27650959306283063
  0.27815039572049033  0.27979119837815009  0.28143200103580979  0.28307280369346949
  0.28471360635112919  0.28635440900878889  0.28799521166644865  0.28963601432410835
  0.29127681698176805  0.29291761963942775  0.29455842229708745  0.29619922495474715
  0.29784002761240685  0.29948083027006656  0.30112163292772626  0.30276243558538590
  0.30440323824304560  0.30604404090070531  0.30768484355836501  0.30932564621602471
  0.31096644887368441  0.31260725153134411  0.31424805418900381  0.31588885684666351
  0.31752965950432321  0.31917046216198292  0.32081126481964256  0.32245206747730226
  0.32409287013496196  0.32573367279262166  0.32737447545028137  0.32901527810794107
  0.33065608076560077  0.33229688342326047  0.36871005529692602  0.38788040509319072
  0.40166343682225858  0.41544646855132655  0.41820073274024960  0.41988379899877071
  0.42156686525729176  0.42324993151581281  0.42493299777433385  0.42661606403285496
  0.42829913029137601  0.42998219654989706  0.43166526280841810  0.43334832906693921
  0.43503139532546026  0.43671446158398131  0.43839796022019961  0.44008183728400013
  0.44176571434780065  0.44344959141160117  0.44513346847540164  0.44681734553920216
  0.44850122260300268  0.45018509966680320  0.45186897673060372  0.45355285379440419
  0.45523673085820471  0.45692060792200523  0.45860448498580575  0.46028836204960627
  0.46197223911340679  0.46365611617720731  0.46533999324100783  0.46702387030480841
  0.46870774736860893  0.47039162443240945  0.47207550149620997  0.47375937856001049
  0.47544325562381101  0.47712713268761153  0.47881100975141211  0.55492721701380066
  0.65097413605061005  0.74702105508741945  0.84306797412422885  0.88526921908569811
  0.89750845705027704  0.90285527620582540  0.90356302658716836  1.00000000000000000
  0.08791023095448812  0.10208940572173451  0.12059504918372563  0.13809864963408833
  0.15508449633065494  0.17207034302722157  0.19663983547658595  0.29640135032531773
  0.31952186923493786  0.32789490678857397  0.33626794434221008  0.34464098189584624
  0.35301401944948241  0.36138705700311846  0.36976009455675457  0.41233006134888761
  0.41866764281757707  0.42075955375542556  0.42285146469327406  0.42494337563112250
  0.42703528656897100  0.42912719750681949  0.43121910844466793  0.43331101938251643
  0.43540293032036487  0.43749484125821336  0.43958675219606186  0.44167866313391030
  0.44377057407175879  0.44586248500960723  0.44795439594745573  0.45004630688530423
  0.45213821782315267  0.45423012876100116  0.45632203969884966  0.45841395063669810
  0.46050586157454659  0.46259777251239509  0.46468968345024358  0.46678159438809208
  0.46887350532594058  0.47096541626378907  0.47305732720163762  0.47514923813948612
  0.47724114907733461  0.47928479978157479  0.48076997907150265  0.48225515836143051
  0.48374033765135838  0.48522551694128624  0.48671069623121410  0.48819587552114196
  0.48968105481106983  0.49116623410099769  0.49265141339092555  0.49413659268085347
  0.49562177197078133  0.49710695126070920  0.49859213055063706  0.50007730984056487
  0.50156248913049284  0.50304766842042070  0.50453284771034856  0.50601802700027643
  0.50750320629020429  0.50898838558013215  0.51047356487006001  0.51195874415998788
  0.51344392344991574  0.51492910273984360  0.51641428202977147  0.51789946131969933
  0.51938464060962719  0.52086981989955505  0.52235499918948292  0.52384017847941089
  0.52532535776933875  0.52681053705926661  0.52829571634919448  0.52978089563912234
  0.53126607492905020  0.53275125421897818  0.53423643350890604  0.53572161279883390
  0.53720679208876176  0.53869197137868963  0.54017715066861760  0.54166232995854546
  0.55690936570795435  0.57156550637803749  0.60095394060505802  0.70071545545378955
  0.80047697030252130  0.90023848515125293  0.98142892519632985  1.00000000000000000
  0.00792989544033687  0.00875729052268981  0.00958468560504274  0.01041208068739568
  0.01123947576974861  0.01206687085210155  0.01289426593445448  0.01372166101680741
  0.01454905609916035  0.01537645118151328  0.01620384626386621  0.01703124134621915
  0.01785863642857208  0.01868603151092502  0.01951342659327795  0.02034082167563089
  0.02150833394700528  0.02317605515154148  0.02484377635607768  0.02651149756061388
  0.02817921876515008  0.02984693996968628  0.03151466117422248  0.03318238237875869
  0.03485010358329488  0.03651782478783108  0.03818554599236729  0.03985326719690349
  0.04152098840143969  0.04318943134772280  0.04485794337358502  0.04652645539944724
  0.04819496742530946  0.04986347945117167  0.05153199147703389  0.05320050350289611
  0.05486901552875833  0.05653752755462055  0.05820603958048277  0.05987455160634499
  0.06154306363220720  0.10142659923381203  0.19270220459073106  0.28397780994765021
  0.37525341530456929  0.39709309884274507  0.39871958928120121  0.40034607971965736
  0.40197257015811350  0.40359906059656964  0.40522555103502583  0.40685204147348197
  0.40847853191193811  0.41010502235039425  0.41173151278885040  0.41335800322730654
  0.41498449366576268  0.41661098410421887  0.41822231795053877  0.41983311452053035
  0.42144391109052193  0.42305470766051345  0.42466550423050503  0.42627630080049661
  0.42788709737048819  0.42949789394047977  0.43110869051047135  0.43271948708046293
  0.43433028365045451  0.43594108022044609  0.43755187679043767  0.43916267336042925
  0.44077346993042082  0.44238426650041240  0.44399506307040398  0.44560585964039551
  0.44721665621038709  0.44882745278037867  0.45043824935037025  0.45204904592036182
  0.45365984249035340  0.45527063906034498  0.45688143563033656  0.45903239971160492
  0.46611900608969048  0.47320561246777598  0.49366379703283148  0.58493940238975051
  0.67621500774666976  0.76749061310358879  0.83745769086181621  0.85225952039229325
  0.86578670200384678  0.87419701019922891  0.87419701019923890  1.00000000000000000
 -0.00178432861963907  0.01776028657088320  0.03639119367826522  0.10432749407724752
  0.10637137396775673  0.10841525385826592  0.11045913374877511  0.11250301363928430
  0.11454689352979351  0.11659077342030270  0.11863465331081190  0.12067853320132110
  0.12272241309183030  0.12476629298233949  0.12681017287284868  0.12885405276335787
  0.13089793265386707  0.13294181254437629  0.13498569243488548  0.13702957232539467
  0.13907345221590386  0.14111733210641306  0.14316121199692225  0.14520509188743144
  0.14724897177794066  0.14929285166844988  0.15133673155895910  0.15338061144946832
  0.15542449133997754  0.15746837123048676  0.15951225112099598  0.16155613101150518
  0.16360001090201440  0.16564389079252362  0.21538653974501323  0.31290605514890879
  0.36278631468426042  0.37772766333422964  0.39266901198419879  0.40761036063416806
  0.45507728927054975  0.52624070625730035  0.54176940399389284  0.54322019428281376
  0.54467098457173480  0.54612177486065572  0.54757256514957675  0.54902335543849767
  0.55047414572741871  0.55192493601633963  0.55337572630526066  0.55482651659418158
  0.55627730688310262  0.55772809717202354  0.55917888746094457  0.56062967774986561
  0.56208046803878653  0.56353125832770756  0.56498204861662848  0.56643283890554952
  0.56788362919447044  0.56933441948339147  0.57078520977231240  0.57223600006123343
  0.57368679035015435  0.57513758063907539  0.57658837092799631  0.57803916121691734
  0.57948995150583826  0.58094074179475930  0.58239153208368033  0.58384238881357153
  0.58529336848164826  0.58674434814972498  0.58819532781780171  0.58964630748587843
  0.59109728715395515  0.59254826682203177  0.59399924649010849  0.59545022615818521
  0.59690120582626194  0.59835218549433866  0.59980316516241539  0.60125414483049211
  0.60270512449856872  0.60415610416664545  0.70097628247224941  0.79223970161729340
  0.80042260058064141  0.80860549954398941  0.81637852827849000  0.82377933419124938
  0.83118014010400876  0.90248048459609331  0.95562535921732583  1.00000000000000000
  0.06478488047917694  0.07665368416223294  0.08957288343061194  0.10384418620345683
  0.19691839093489044  0.23964831965844402  0.25552546062978287  0.27140260160112167
  0.28727974257246069  0.36034250905113963  0.38154961742994570  0.38929567926833708
  0.39704174110672846  0.40478780294511996  0.41253386478351139  0.42027992662190283
  0.42802598846029422  0.43577205029868565  0.48525373273119404  0.50327088537570197
  0.52128803802020995  0.53930519066471805  0.58414060941045143  0.58601862985308084
  0.58789665029571025  0.58977467073833978  0.59165269118096919  0.59353071162359861
  0.59540873206622802  0.59728675250885743  0.59916477295148685  0.60104279339411626
  0.60292081383674578  0.60479883427937520  0.60667685472200461  0.60855487516463402
  0.61043289560726344  0.61231091604989285  0.61418893649252226  0.61606695693515168
  0.61794497737778109  0.61982299782041050  0.62170101826303992  0.62357903870566933
  0.62545705914829874  0.62733507959092816  0.62921310003355757  0.63109112047618698
  0.63296914091881640  0.63484716136144570  0.63672518180407511  0.63860320224670453
  0.64048122268933394  0.64235924313196335  0.64423726357459277  0.66008025075443477
  0.68844057209821086  0.68976335626586283  0.69108614043351480  0.69240892460116676
  0.69373170876881884  0.69505449293647081  0.69637727710412278  0.69770006127177475
  0.69902284543942672  0.70034562960707880  0.70166841377473077  0.70299119794238274
  0.70431398211003471  0.70563676627768679  0.70695955044533876  0.70828233461299073
  0.70932948789247208  0.71036558834648411  0.71140168880049615  0.71243778925450818
  0.71347388970852021  0.71450999016253225  0.71554609061654428  0.71658219107055632
  0.71761829152456835  0.71865439197858039  0.71969049243259242  0.72072659288660446
  0.72176269334061649  0.72279879379462852  0.72383489424864056  0.72487099470265259
  0.72590709515666463  0.72694319561067666  0.72797929606468870  0.72901539651870073
  0.81020792861903879  0.90510396430951612  0.96407103935877470  1.00000000000000000
   8.9157067778637986E-012  -1.0000000000000000     
 F F F F F F F F F F F F F F F F F F F F F F F F F F F F F F F F F F F F F F F F F F F F F F F F F F F F F F F F F F F F F F F F
  <DiscreteSampler_grid>
  grouped_processes
  1 # 1 for a reference and 2 for a running grid.
  10 # Attribute 'min_bin_probing_points' of the grid.
  1 # Attribute 'grid_mode' of the grid. 1=='default',2=='initialization'
  0.0000000000000000 # Attribute 'small_contrib_threshold' of the grid.
  0.5000000000000000 # Attribute 'damping_power' of the grid.
 # binID   n_entries weight   weight_sqr   abs_weight
    10   10   2.629877270034884E+006   5.757988004919470E+013   2.629877270034884E+006
  </DiscreteSampler_grid>
