  0.00892715290084733  0.01825645804504572  0.03010017476331272  0.04149877440091163
  0.05272888619358851  0.06345635912419977  0.07419333209917701  0.08490904207895811
  0.09542742319404418  0.10598786451925153  0.11734539603322594  0.12780214189828948
  0.13766045349869666  0.14820100200707340  0.15865506561657344  0.16873342026338195
  0.17835805143027264  0.18863166433407785  0.19993509091247474  0.21154657253204359
  0.22258003333787779  0.23277573028896650  0.24266476351950678  0.25242811970598333
  0.26236283216160405  0.27208563903284488  0.28181709017576079  0.29162055622646921
  0.30155928384573916  0.31171080029067583  0.32279924870372467  0.33409655285357082
  0.34622390961445854  0.35828882285256414  0.36848201314605339  0.37815694923599524
  0.38666474926679950  0.39626669855074037  0.40668081744491769  0.41714011884748947
  0.42767310278952042  0.43878630005707403  0.44967849213003497  0.46101523741612499
  0.47175673749504327  0.48310686972382516  0.49414957741282173  0.50538056482071025
  0.51615172775503715  0.52600824444858674  0.53531557631999627  0.54526713742040966
  0.55523238845354961  0.56472015371437001  0.57426255463569187  0.58484087804504625
  0.59618244421362598  0.60681941821567831  0.61680874417043896  0.62621332955923970
  0.63561156129889052  0.64561786440424129  0.65633596190056920  0.66712781164272694
  0.67781498997062473  0.68764920614025327  0.69608272210255306  0.70358461934294181
  0.71123248081310775  0.71941772459145836  0.72835448855417440  0.73811403507413886
  0.74852978166175776  0.76042536859056375  0.77183090427702883  0.78243714848141310
  0.79359388984291857  0.80612677501093410  0.81954828261341484  0.83168326514795254
  0.84341574760450044  0.85512415663468377  0.86706037880473663  0.87851322182031699
  0.88947654441045754  0.90071467050924869  0.91365078271178113  0.92515227553384194
  0.93619645637302817  0.94735935399404547  0.95736995406507486  0.96583076551112157
  0.97371099198520905  0.98210464372028039  0.99102712783014646  1.00000000000000000
  0.00000214291332260  0.00000394939990913  0.00000541629478889  0.00000723397083073
  0.00000946503319696  0.00001197681997180  0.00001469032392963  0.00001777214091674
  0.00002100475717571  0.00002462026352077  0.00002842355649748  0.00003258476896458
  0.00003714961150221  0.00004152842301024  0.00004612786194350  0.00005068732886813
  0.00005567581777051  0.00006112147842093  0.00006668433579809  0.00007275290861575
  0.00007961011617882  0.00008697069572408  0.00009444424819799  0.00010212900052202
  0.00011022365679079  0.00011853173709202  0.00012737957643810  0.00013682975434186
  0.00014796505875556  0.00016029484745309  0.00017314804291514  0.00018598213891573
  0.00019886448055711  0.00021219793792924  0.00022643666396212  0.00024227360067405
  0.00025775232065890  0.00027353604701859  0.00029004229307040  0.00030682903560186
  0.00032636909818360  0.00034335608268731  0.00036049304375500  0.00037811133087082
  0.00039645289810519  0.00041573561184830  0.00043549145793520  0.00045578926604978
  0.00048041334736791  0.00050619766227284  0.00053475379920498  0.00056770759063266
  0.00060262920247745  0.00063573677268522  0.00066579614234358  0.00069797304911461
  0.00073366869209053  0.00077085219741193  0.00081444587224072  0.00086166816575103
  0.00090770105236107  0.00095259051153939  0.00100033235489690  0.00105076875937038
  0.00110412606997263  0.00115830281132694  0.00121102913223133  0.00126998144670717
  0.00134107188309387  0.00142955478036942  0.00152358373921874  0.00162121793502127
  0.00172430337851496  0.00183353444418016  0.00196252244770152  0.00210640865082767
  0.00224932345243135  0.00240225263971651  0.00256915962916777  0.00275320788765442
  0.00294595050990057  0.00314475643787224  0.00336615168207169  0.00366566276098326
  0.00399506040331530  0.00438176702836797  0.00488146045500769  0.00538100447482854
  0.00598372737569119  0.00713287936220317  0.00896995102982378  0.01116015348444913
  0.01520187004859905  0.02475124545561164  0.31971665701075619  1.00000000000000000
 -0.00000188099089238  0.00000521754943356  0.00001363899428087  0.00002251060338278
  0.00003140369201445  0.00004005342087938  0.00004788368665766  0.00005524690837295
  0.00006274693663503  0.00006976694669535  0.00007660466524765  0.00008341904548171
  0.00008998723942077  0.00009639848095404  0.00010286096965287  0.00010927649575689
  0.00011617853911753  0.00012372043611608  0.00013208597374895  0.00014185356840236
  0.00015219758180059  0.00016467428073792  0.00017678660448459  0.00018769235799016
  0.00019878336234450  0.00021021420831381  0.00022155104103149  0.00023267916965709
  0.00024428431434987  0.00025644137493125  0.00026892598743818  0.00028187307816052
  0.00029479045000272  0.00030784365112809  0.00032092114931572  0.00033455882382884
  0.00034890966206076  0.00036329111303290  0.00037934494682870  0.00039457456421125
  0.00041257972195684  0.00043158915804416  0.00045215980590610  0.00047463587433021
  0.00049791880744082  0.00052378902923005  0.00055142365321933  0.00058269640254236
  0.00061401014227782  0.00064401934178270  0.00067286923312970  0.00070047764423033
  0.00072668138504804  0.00075546147104545  0.00078440679978769  0.00081569759265518
  0.00084886388391124  0.00088660686317156  0.00092625654442893  0.00096895109491399
  0.00101534514395438  0.00106493921920035  0.00111871357300158  0.00117970579167664
  0.00124443797731268  0.00131036931931208  0.00137872271128541  0.00144888997873169
  0.00152679255896421  0.00160580215731870  0.00168868506799648  0.00178090166607368
  0.00188485755225250  0.00199446624419319  0.00211328948444723  0.00224649300419640
  0.00242571873026280  0.00263815733095621  0.00285806709624030  0.00308808228431543
  0.00334325444197191  0.00364150456852173  0.00400376074823532  0.00439436372753899
  0.00481604536592964  0.00536958588985648  0.00614514082621312  0.00710968318462556
  0.00803207715044180  0.00928240028595176  0.01119593574809534  0.01518304679777638
  0.01959845701052477  0.03324690482535542  0.07163899809266676  1.00000000000000000
 -0.00270751639444008  0.01073536124699903  0.02155081801455024  0.03019378557199224
  0.03877415503517603  0.04724228100280523  0.05632913063560183  0.06684205672559304
  0.07663135749210019  0.08629806455402536  0.09821775177482285  0.11179783685824503
  0.12730683362098810  0.14393856636940924  0.15605090648566258  0.16671133438289273
  0.17666807463659218  0.18640830067952038  0.19602423261512816  0.20610409083991221
  0.21750303058955048  0.22872269177343069  0.23964433112134548  0.25047599827810341
  0.26108863613389960  0.27203470672867924  0.28095529622971249  0.29044319152525250
  0.29945847076201965  0.30836453144937476  0.31687513001578427  0.32576302678270996
  0.33523896152481386  0.34567206950760587  0.35726532417683671  0.36808117957137176
  0.37966409884982610  0.39158032831105133  0.40381250726515061  0.41518847167060713
  0.42656627217901449  0.43759632479529309  0.45015116838457264  0.46091159471545101
  0.47015209756915860  0.47892188531508623  0.48762638936919928  0.49756961647189085
  0.50718505297996586  0.51627430495938942  0.52598261946109326  0.53633474820275395
  0.54583332685561836  0.55465684336003040  0.56395513112682238  0.57394448708672163
  0.58440053099657829  0.59497284527006711  0.60610180103119049  0.61685218124767605
  0.62668298705169523  0.63636394166974886  0.64615591896275004  0.65636131196921199
  0.66629297623075590  0.67646846378083281  0.68713306754554093  0.69897168235746121
  0.71179386509795262  0.72426260287123212  0.73594987931345712  0.74687400833490536
  0.75727994052547676  0.76736032034135004  0.77727569609517932  0.78755884042059709
  0.79803380891838649  0.80748578014758488  0.81590872806367476  0.82390787997347970
  0.83268050473814847  0.84368493695545965  0.85595312908564525  0.86773970373585685
  0.87910543986036915  0.89131787024534592  0.90315380462656103  0.91442463711300381
  0.92509011198255719  0.93535640973623491  0.94518360980245641  0.95566850002195347
  0.96614701952270554  0.97723994088385535  0.98826071327987308  1.00000000000000000
 -0.00248421051330348  0.00921229052590690  0.01948975552084737  0.02910038089618763
  0.03940913842269756  0.04895425763942081  0.05857879634054190  0.06835790721180199
  0.07790524676557263  0.08736760455357329  0.09789954634711280  0.10863348597229658
  0.12034143512618117  0.13247555655317195  0.14459723437049030  0.15651764358308384
  0.16826304431072525  0.18025497519515293  0.19169032358136473  0.20278333002887400
  0.21362912914265852  0.22482884949430421  0.23563513782703654  0.24622017234018420
  0.25568781443474659  0.26450258271087956  0.27360464917488225  0.28314707948007911
  0.29299839420705881  0.30297998362575707  0.31280542631212443  0.32253232855956077
  0.33239467778399434  0.34255467404973833  0.35266141450978639  0.36175857921720955
  0.37029944493261224  0.37941322474412587  0.38915824611418731  0.39852600144634653
  0.40768728016718719  0.41740318418419586  0.42894725508085280  0.44132686202306226
  0.45298538115290043  0.46393407622910832  0.47492516440659127  0.48444473311694025
  0.49269123886895971  0.50078439427971555  0.50846836191684963  0.51572742127229620
  0.52237776826201698  0.52912004908630106  0.53621131177188897  0.54538070619436985
  0.55746963531413041  0.56914122206232365  0.58101050089652839  0.59295652103471963
  0.60493899352832714  0.61738886350583533  0.63012655108496518  0.64255571766648611
  0.65515183949771838  0.66643119976153264  0.67732039426060842  0.68786917477934195
  0.69779338794107104  0.70648777205112590  0.71531776878247821  0.72401767282655993
  0.73399138149869769  0.74584239797558982  0.75774531924695099  0.76961644079806135
  0.78069465692240603  0.79236488904224056  0.80415325876780197  0.81617494920190281
  0.82724664669586478  0.83795987419629692  0.84942608288231747  0.86061033098017414
  0.87229336779533995  0.88610350092740608  0.89866379906314309  0.91006527183365826
  0.92139596749250674  0.93325288782947846  0.94521777922986505  0.95687446021364209
  0.96829336717525505  0.97949669468743095  0.99019021347662273  1.00000000000000000
 -0.00215236522207136  0.00859409162194431  0.01750747105212476  0.02755345895857184
  0.03817792993038490  0.04867490833329077  0.05783574820869349  0.06685821931835256
  0.07613063734192435  0.08533616435138701  0.09379449807722576  0.10228194608575446
  0.11134716948347487  0.12035793617189595  0.12952258484458121  0.13970847833320227
  0.15147772220704117  0.16475357941730223  0.17809522052062798  0.19097416963868560
  0.20348646775060986  0.21613063904623370  0.22853956012458079  0.23960381102503292
  0.24969326642990727  0.25820309332529046  0.26675591038344998  0.27554502277750897
  0.28373414255411716  0.29204613497810356  0.30078945680392583  0.30961236013200638
  0.31824120397932976  0.32742350562377948  0.33753903775263144  0.34916754667858851
  0.36261874660439330  0.37430247052633836  0.38411759194745004  0.39286693564851627
  0.40176954513329327  0.41098780184979961  0.42097024621783530  0.43150629918235478
  0.44243220628871993  0.45404918437714559  0.46533917818511639  0.47698743094056983
  0.48954646525585793  0.50149166824289315  0.51228171101282594  0.52230305218182616
  0.53224490614750919  0.54249365321250975  0.55207723236077122  0.56190210558110087
  0.57328355046006552  0.58485363232542320  0.59662777567234493  0.60740230528407491
  0.61791284357645548  0.62904389709791053  0.64086692173519899  0.65367707715574763
  0.66571123897072793  0.67743063495613653  0.68887372722427631  0.69998873315620735
  0.71038821123686302  0.72035831727159405  0.73086538512978660  0.74190665458278815
  0.75257541717101661  0.76297375660892608  0.77364082782092902  0.78485225753273136
  0.79593768576207669  0.80639529823055800  0.81721165207157476  0.82882975535534542
  0.84073593268919988  0.85273413970079426  0.86517490882563119  0.87731155247170189
  0.88818840362135609  0.89874361406364744  0.90879473236616604  0.91855838498292397
  0.92880030521811940  0.93898799440471636  0.95028949895674319  0.96105919463352640
  0.97164895867540035  0.98122329666628771  0.99050727996837573  1.00000000000000000
  0.00086674195787195  0.00152126574671846  0.00263406322313760  0.00349098721321299
  0.00426723356234511  0.00497624756057744  0.00564125551145852  0.00631411296916188
  0.00699912741280801  0.00770009613641765  0.00841621211097741  0.00914256932206508
  0.00987727801405301  0.01062290067914028  0.01137280027898207  0.01212866932270919
  0.01291268573070637  0.01372070773457303  0.01454636962911986  0.01535190790000248
  0.01618139965454320  0.01701330839671851  0.01781725730312450  0.01863427753478617
  0.01945308888466863  0.02025632394399642  0.02099928272506798  0.02183444207527361
  0.02276696694434440  0.02374949962962384  0.02472737110464291  0.02571001864925909
  0.02670589016460449  0.02771907906690692  0.02877108823386633  0.02985566433060324
  0.03102536015784352  0.03216758753916338  0.03328292871898927  0.03439613514752510
  0.03552596669503421  0.03670533320627270  0.03800616730237884  0.03927041535325534
  0.04054785833239787  0.04168100997125184  0.04283701639806434  0.04406515907383778
  0.04527754942321423  0.04656295946718593  0.04785197616614611  0.04917919237737410
  0.05045576705720716  0.05179986339121154  0.05311936922918454  0.05453911957661693
  0.05605839674905935  0.05770967512975033  0.05939664614895095  0.06099994706000888
  0.06264716299845904  0.06458226980668519  0.06669437716542843  0.06886760369438180
  0.07118552069797542  0.07366889546278936  0.07603917519984706  0.07866259036022007
  0.08127180375502327  0.08385427312630647  0.08658662376098411  0.08957693286142428
  0.09284797712531891  0.09605999025838705  0.09866250235901329  0.10127512637908351
  0.10376114283714191  0.10699293734277590  0.11140819395113048  0.11486667150343120
  0.11805759362219720  0.12173697569823703  0.12606368830740580  0.13115550373674437
  0.13665916194097527  0.14323214766774778  0.15006694621171288  0.15804623502300996
  0.16951093535914388  0.18143073780106181  0.19158323392376345  0.20338224695689389
  0.22886441119272394  0.26560170233163727  0.33434132174861114  1.00000000000000000
 -0.00363366726287772  0.01685751926773989  0.02934557827163388  0.04175032363669127
  0.05423300070743838  0.06541181357958026  0.07548832167422702  0.08596113939299299
  0.09761325717793042  0.10913130527154556  0.12008597577617411  0.13187047742166505
  0.14459003354796601  0.15787111354620303  0.17229845740952573  0.18713547657191118
  0.19928591643216351  0.20980127037306767  0.21975401459565902  0.23012843130370941
  0.24138392127084149  0.25276723604761991  0.26384914408433041  0.27391779669675048
  0.28307554059835710  0.29253356362540678  0.30245036994940283  0.31269800445578333
  0.32235716106928053  0.33173291254606524  0.34069236803912006  0.34970086815708207
  0.35848089776975023  0.36680464537812951  0.37479617745183513  0.38234905767708038
  0.38988218605300623  0.39738661653967589  0.40504214774290004  0.41279715419724888
  0.42086913821301930  0.42873912198388869  0.43573012907669567  0.44412581627572589
  0.45268421946830978  0.46249529584762961  0.47434899953645576  0.48563675382589955
  0.49635715760965798  0.50640704475796749  0.51581022737843674  0.52472036004218947
  0.53323449741112994  0.54156527172413627  0.55028145558210406  0.55932975296850129
  0.56986748420516331  0.57932842434494569  0.58888630953575249  0.59888178231324296
  0.61000035078049630  0.62139560007770089  0.63107649425292978  0.64027467849546449
  0.64991839471831780  0.66011516573403917  0.67046052308033288  0.68071803523024010
  0.69122868866615617  0.70240746711897684  0.71389363748972401  0.72554012386401834
  0.73779133819868992  0.75016574277225911  0.76277540421854384  0.77383873279086879
  0.78536837238050272  0.79751896787126664  0.81001035838885538  0.82218040027677175
  0.83422307161434439  0.84618682385015853  0.85773179608467576  0.86922027833855686
  0.88079961401587015  0.89221573022801326  0.90184005486686936  0.91141719311370073
  0.92345000581638315  0.93434623546355389  0.94465382133374665  0.95362514771400753
  0.96321040108091516  0.97481731748241007  0.98564987219976141  1.00000000000000000
 -0.01129732405327518  0.33130855415768923  0.43991096870012575  0.50423966352926419
  0.54869500434826590  0.58602878693731442  0.61603601002892749  0.64094136960539139
  0.66373957459406729  0.68473700899432599  0.70131954542272135  0.71633564779939407
  0.73092071391874547  0.74527023828900041  0.75762228897552508  0.76901250737615834
  0.77909590306873078  0.78856210186656617  0.79726821128653302  0.80550489526742719
  0.81320052386890251  0.82027618118985135  0.82675350463681574  0.83322819143884042
  0.83972445284329655  0.84611573245003979  0.85213451916041227  0.85765146718492946
  0.86290705303663318  0.86822756648052801  0.87329514080799975  0.87767119840009133
  0.88157221247887885  0.88549640613762493  0.88940411748946446  0.89318594483362890
  0.89673619406340710  0.90001802768021966  0.90317527935794018  0.90621369680306918
  0.90907247950089043  0.91193434577381682  0.91487740442677090  0.91763670766434080
  0.92016626837891735  0.92251049849690281  0.92486091711392460  0.92712151287562494
  0.92945024351138850  0.93189172372662332  0.93421837965502152  0.93648807031540404
  0.93871318363665579  0.94058231134750692  0.94236335906069246  0.94410486395956938
  0.94584711125907184  0.94763625988917599  0.94948969985946574  0.95138314710667360
  0.95326200453354548  0.95523864899319555  0.95700284943018732  0.95865315346433089
  0.96022363172699576  0.96170758250111599  0.96310382338399825  0.96447533054783108
  0.96587934712126422  0.96724092447404775  0.96846712994612272  0.96965792652566729
  0.97075188965624326  0.97185583883936943  0.97299208827663775  0.97415663013151699
  0.97534702865042966  0.97656748854858155  0.97784884295250796  0.97914019203380409
  0.98031116281917152  0.98139526045368974  0.98244315014496164  0.98347516244346711
  0.98459020990873536  0.98577704636667318  0.98700617955238423  0.98822243795783027
  0.98945332293975197  0.99065258650665966  0.99187540255796658  0.99315557636691032
  0.99444662103170145  0.99594388193333816  0.99771346416810858  1.00000000000000000
   1.0025919913423536E-006  -1.0000000000000000     
 F F F F F F F F F F F F F F F F F F F F F F F F F F F F F F F F F F F F F F F F F F F F F F F F F F F F F F F F F F F F F F F F
  <DiscreteSampler_grid>
  grouped_processes
  1 # 1 for a reference and 2 for a running grid.
  10 # Attribute 'min_bin_probing_points' of the grid.
  1 # Attribute 'grid_mode' of the grid. 1=='default',2=='initialization'
  0.0000000000000000 # Attribute 'small_contrib_threshold' of the grid.
  0.5000000000000000 # Attribute 'damping_power' of the grid.
 # binID   n_entries weight   weight_sqr   abs_weight
    10   10   2.576684019802188E+007   5.916596396660698E+015   2.576684019802188E+007
  </DiscreteSampler_grid>
