0.55822E-01 0.67412E-04 0.00000E+01 3713904 0 0 193888 0.34720E+07 0.00000E+01 0.55819E-01 0.00000E+01 0.00000E+01 0
1 0.051608 0.0037506 4.3093 4.7464 0.051608
2 0.056195 0.0018813 2.8074 3.6641 0.056193
3 0.056745 0.00087343 1.8254 1.4 0.056742
4 0.061434 0.0053694 5.1825 8.876 0.06143
5 0.053885 0.0015266 2.3757 2.6012 0.053879
6 0.055096 0.00080755 1.7382 1.2598 0.055094
7 0.056464 0.0020651 3.067 6.5963 0.056462
8 0.05625 0.00090099 1.8996 2.8629 0.056247
9 0.05566 0.00046829 1.411 1.1434 0.055657
10 0.055966 0.0019788 2.9649 3.589 0.055966
11 0.055205 0.00089871 1.9306 2.2448 0.055202
12 0.055629 0.00046786 1.4105 0.98441 0.055626
13 0.053802 0.0017001 2.6498 3.4284 0.0538
14 0.056547 0.00087828 1.842 1.4635 0.056544
15 0.056222 0.00046814 1.3965 1.262 0.05622
16 0.058133 0.0052383 5.3431 7.5324 0.058133
17 0.054794 0.0015978 2.4452 3.1374 0.054792
18 0.056019 0.000794 1.6809 1.1059 0.056017
19 0.057952 0.0019393 2.8062 3.0658 0.057951
20 0.057232 0.00093327 1.9338 2.0288 0.057231
21 0.055518 0.00046895 1.4167 1.0681 0.055515
22 0.056951 0.0016452 2.4224 2.3258 0.05695
23 0.056036 0.00084244 1.7829 1.4337 0.056033
24 0.05608 0.00046289 1.3843 1.2543 0.056078
25 0.059646 0.0050443 5.0147 7.8389 0.059646
26 0.053871 0.0015724 2.4477 2.2909 0.053869
27 0.056892 0.00084552 1.7625 1.7707 0.056889
28 0.057975 0.004782 4.8909 8.2152 0.057975
29 0.058093 0.001784 2.5752 4.2631 0.058087
30 0.055385 0.00080774 1.7295 1.3971 0.055382
31 0.061516 0.0050212 4.84 7.0598 0.061516
32 0.057356 0.0018975 2.7742 3.0674 0.057355
33 0.05677 0.00085072 1.7771 1.7282 0.056768
34 0.062567 0.0049785 4.7182 6.5297 0.062567
35 0.055169 0.0015713 2.3884 2.408 0.055161
36 0.054121 0.00075959 1.6645 1.6109 0.054118
37 0.058344 0.0019553 2.8104 3.2398 0.058342
38 0.055982 0.00088489 1.8745 1.8415 0.055979
39 0.055942 0.00047164 1.414 1.2054 0.055939
40 0.053198 0.0015837 2.4964 2.3578 0.053195
41 0.054967 0.00083751 1.8069 1.861 0.054964
42 0.055784 0.00043884 1.3194 0.69253 0.055782
43 0.054142 0.0016544 2.5624 2.6439 0.054139
44 0.055896 0.00086763 1.8408 1.9045 0.055893
45 0.056306 0.00046737 1.3921 1.1933 0.056303
46 0.047595 0.0038597 4.8086 6.0409 0.047595
47 0.056439 0.0017025 2.5296 2.882 0.056435
48 0.056011 0.00083122 1.7599 1.7267 0.056009
49 0.058457 0.0054712 5.5498 7.8882 0.058456
50 0.057355 0.0017483 2.5561 3.1307 0.057353
51 0.055983 0.00077522 1.6422 1.232 0.05598
52 0.058376 0.0050545 5.1341 9.0103 0.058373
53 0.059387 0.0020831 2.9414 5.7963 0.059383
54 0.056355 0.00083921 1.766 1.8058 0.056351
55 0.05895 0.0056002 5.633 11.181 0.05895
56 0.056083 0.0015827 2.3665 1.9266 0.056081
57 0.054651 0.00078588 1.7053 1.8078 0.054649
58 0.052509 0.0041809 4.7213 6.0048 0.052507
59 0.055597 0.0016468 2.4839 2.347 0.055594
60 0.055182 0.00082662 1.7765 1.4546 0.05518
61 0.058585 0.0062155 6.2909 10.984 0.058584
62 0.056717 0.001664 2.4603 2.5339 0.056715
63 0.056264 0.00084875 1.789 2.5566 0.056261
64 0.053352 0.0017684 2.7796 3.7602 0.053351
65 0.055697 0.00087781 1.8691 2.2462 0.055695
66 0.056412 0.0004598 1.367 0.96618 0.056409
67 0.056732 0.0019578 2.8938 5.4299 0.056729
68 0.057041 0.00090196 1.8752 2.3669 0.057038
69 0.05648 0.00046206 1.3721 1.1252 0.056477
70 0.0521 0.00355 4.0403 3.5077 0.0521
71 0.055728 0.0018185 2.7364 3.4328 0.055725
72 0.05529 0.00085545 1.8348 2.0452 0.055288
73 0.059453 0.0050495 5.0361 7.4824 0.059451
74 0.054213 0.0016536 2.5578 2.9653 0.054208
75 0.055136 0.00081072 1.7438 1.2043 0.055132
76 0.05032 0.0043052 5.0732 6.7232 0.050319
77 0.056459 0.0017978 2.6702 4.2566 0.056454
78 0.054393 0.00079136 1.7254 1.652 0.05439
79 0.048439 0.0045954 5.6254 9.9896 0.048434
80 0.055449 0.0019599 2.964 5.2223 0.055439
81 0.056086 0.00086239 1.8235 1.6257 0.056084
82 0.053389 0.0016104 2.5295 2.907 0.053387
83 0.055998 0.00084626 1.7922 1.5439 0.055995
84 0.055043 0.00043683 1.331 1.1431 0.05504
85 0.053271 0.0042545 4.7357 5.3719 0.053271
86 0.058624 0.0018521 2.6492 2.9269 0.058621
87 0.056191 0.00082428 1.7397 1.9007 0.056187
88 0.050248 0.0045724 5.3957 7.7451 0.050247
89 0.055386 0.0017417 2.637 2.5213 0.055383
90 0.054372 0.00082291 1.7949 2.044 0.054369
91 0.054329 0.0048023 5.2413 7.4223 0.054329
92 0.056795 0.0017862 2.6372 3.5128 0.056792
93 0.05715 0.00086305 1.7909 1.3484 0.057148
94 0.057956 0.0056821 5.8134 8.7645 0.057956
95 0.05645 0.0015221 2.2611 2.1326 0.056448
96 0.057062 0.00078487 1.6312 1.5043 0.057058
97 0.056875 0.0048135 5.0184 9.3161 0.056875
98 0.056496 0.0018987 2.8182 3.4326 0.056492
99 0.05597 0.00085295 1.8073 2.2908 0.055968
100 0.051804 0.0043476 4.9763 5.4123 0.051796
101 0.056737 0.0019153 2.8308 3.5559 0.056733
102 0.05448 0.00082754 1.8014 1.7855 0.054477
103 0.060969 0.0052381 5.0943 6.5149 0.060957
104 0.054742 0.001628 2.4939 3.4309 0.05474
105 0.054747 0.00082235 1.7814 2.2211 0.054744
106 0.062995 0.0047788 4.4982 5.5861 0.062995
107 0.059251 0.0017256 2.4422 2.558 0.059249
108 0.055431 0.00079031 1.6908 1.2179 0.055428
109 0.055671 0.002155 3.2461 5.7262 0.055666
110 0.05533 0.00087917 1.8844 2.2188 0.055328
111 0.055657 0.00044514 1.3414 1.0654 0.055655
112 0.058069 0.0041913 4.2799 5.3823 0.058069
113 0.055252 0.0016984 2.5777 3.1517 0.055249
114 0.05614 0.00083994 1.7743 1.4817 0.056138
115 0.056358 0.004641 4.8829 6.3361 0.056327
116 0.057306 0.0017268 2.5269 2.2568 0.057304
117 0.054925 0.00079115 1.7082 1.2345 0.054921
118 0.054397 0.0015922 2.4544 2.6985 0.054396
119 0.056251 0.0008649 1.8234 2.1895 0.056248
120 0.056151 0.00045251 1.3516 0.78959 0.056149
121 0.061162 0.0050731 4.9183 8.0405 0.061108
122 0.056894 0.0016713 2.4633 2.0481 0.056891
123 0.055131 0.00077538 1.6679 1.1293 0.055128
124 0.05324 0.0040998 4.5661 4.9166 0.053232
125 0.05752 0.0017248 2.5146 2.7342 0.057517
126 0.055137 0.00084056 1.8079 1.884 0.055134
127 0.055084 0.0019239 2.9289 5.5225 0.055082
128 0.056826 0.00091382 1.9071 1.7633 0.056822
129 0.05565 0.00046221 1.393 1.197 0.055647
130 0.056615 0.0053195 5.5714 9.7259 0.056615
131 0.053289 0.0016246 2.5565 2.6735 0.053284
132 0.055549 0.00085693 1.8294 1.4432 0.055546
133 0.061902 0.0064218 6.1514 12.186 0.061902
134 0.055171 0.0016287 2.4755 2.3535 0.055169
135 0.055147 0.00079258 1.7044 1.3094 0.055144
136 0.057503 0.0045648 4.7071 6.8452 0.057502
137 0.05767 0.0017166 2.4961 3.0083 0.057668
138 0.056167 0.00080588 1.7015 1.1656 0.056164
139 0.053587 0.0016258 2.5443 2.97 0.053583
140 0.055015 0.00083036 1.79 2.0789 0.055012
141 0.055566 0.00044704 1.3493 0.94834 0.055562
142 0.061409 0.0061628 5.9508 11.78 0.061407
143 0.05619 0.0016359 2.4414 2.3371 0.056188
144 0.055592 0.00079737 1.701 1.1708 0.055587
145 0.05917 0.004464 4.4735 5.7846 0.05917
146 0.055462 0.00162 2.4494 2.996 0.05546
147 0.053811 0.00077224 1.7019 1.5808 0.053809
148 0.05726 0.0018985 2.7803 3.7126 0.057258
149 0.0562 0.00087675 1.8501 1.7133 0.056198
150 0.056371 0.00047138 1.4024 1.1025 0.056368
151 0.056951 0.0046583 4.8501 5.4851 0.056951
152 0.053692 0.001605 2.5067 2.6588 0.05369
153 0.056266 0.00081699 1.722 1.533 0.056262
154 0.057633 0.0018482 2.6891 3.1564 0.05763
155 0.056074 0.00085354 1.8052 1.6587 0.056072
156 0.056428 0.00045606 1.3555 1.1254 0.056425
157 0.050317 0.0046912 5.5283 8.0151 0.05031
158 0.055322 0.0016141 2.4467 1.7708 0.055319
159 0.056261 0.0008221 1.7329 1.6135 0.056259
160 0.051673 0.0037109 4.2583 4.3302 0.051673
161 0.054967 0.0016514 2.5193 3.367 0.054965
162 0.055786 0.00084557 1.7976 1.8833 0.055783
163 0.057677 0.0045036 4.63 4.831 0.057677
164 0.055272 0.001559 2.3653 1.9203 0.055268
165 0.0552 0.00079541 1.7088 1.3217 0.055196
166 0.057129 0.0059065 6.1305 13.051 0.057127
167 0.058496 0.0016488 2.3636 2.3055 0.058492
168 0.05569 0.00076877 1.6371 1.2906 0.055688
169 0.060166 0.0050599 4.9868 8.6337 0.060165
170 0.057591 0.0017768 2.5872 3.043 0.057587
171 0.055101 0.00078116 1.6813 1.6211 0.055097
172 0.058168 0.004305 4.3884 4.1654 0.058168
173 0.052557 0.0019822 3.1627 6.574 0.052554
174 0.056514 0.00083285 1.7477 1.5355 0.056511
175 0.066804 0.0052572 4.6663 7.4927 0.066802
176 0.056218 0.0017091 2.5493 2.6976 0.056216
177 0.055542 0.00077004 1.6442 1.6129 0.055539
178 0.057855 0.0017426 2.5259 4.0627 0.057849
179 0.056555 0.00084574 1.7734 1.8118 0.056551
180 0.055727 0.00043089 1.2968 1.0592 0.055723
181 0.054123 0.0016022 2.4824 2.0976 0.054121
182 0.055172 0.00083715 1.7994 1.6911 0.055169
183 0.05655 0.00045068 1.3366 1.0048 0.056547
184 0.057132 0.0016274 2.3886 2.0664 0.05713
185 0.055487 0.00083007 1.7741 1.7974 0.055485
186 0.055519 0.00043872 1.3253 0.99966 0.055516
187 0.056753 0.0018497 2.7331 2.694 0.056751
188 0.056178 0.00086247 1.8207 2.087 0.056173
189 0.055776 0.00044831 1.348 0.83131 0.055773
190 0.054444 0.004559 4.9653 6.6144 0.054444
191 0.05911 0.001979 2.8076 4.4865 0.059106
192 0.056096 0.0008427 1.7815 2.0672 0.056093
193 0.053183 0.0043391 4.8378 6.7882 0.053183
194 0.05597 0.0018319 2.7447 5.5986 0.055969
195 0.055492 0.00081747 1.747 2.0586 0.05549
196 0.057921 0.0054399 5.569 9.7144 0.057919
197 0.056514 0.0018514 2.7471 3.8246 0.056512
198 0.055662 0.00080147 1.7076 1.2445 0.05566
199 0.057583 0.0019153 2.7893 3.1457 0.057583
200 0.055489 0.00087022 1.8598 1.4693 0.055484
201 0.055295 0.00045452 1.3786 1.1299 0.055293
202 0.052418 0.0044648 5.0506 5.7383 0.052418
203 0.053094 0.0016002 2.5273 3.0695 0.053091
204 0.055675 0.00082331 1.7537 1.785 0.055672
205 0.064025 0.0052137 4.8286 8.8811 0.064025
206 0.054943 0.0016865 2.5741 3.0699 0.054939
207 0.055313 0.00083129 1.7823 1.4216 0.055309
208 0.052116 0.0053889 6.1313 10.828 0.052112
209 0.056114 0.0016655 2.4889 2.3948 0.056111
210 0.055299 0.00080115 1.7181 1.1677 0.055296
211 0.053034 0.0039086 4.3701 4.1766 0.053034
212 0.058918 0.0019676 2.8005 4.0919 0.058915
213 0.05594 0.00081734 1.7327 1.7685 0.055937
214 0.053733 0.0015897 2.4809 2.6194 0.053729
215 0.055266 0.00085107 1.8263 2.5654 0.055263
216 0.055833 0.00044968 1.3508 1.1456 0.055831
217 0.053795 0.0043715 4.8185 6.7614 0.053795
218 0.053162 0.0015985 2.5214 2.2481 0.05316
219 0.056857 0.0008576 1.7888 2.2149 0.056855
220 0.056192 0.0017202 2.5671 2.8183 0.056187
221 0.054895 0.0008501 1.8365 2.0497 0.054892
222 0.056424 0.00046755 1.3897 1.1877 0.056422
223 0.053214 0.0047132 5.2519 9.4509 0.053214
224 0.054865 0.0023147 3.5378 9.4451 0.054862
225 0.056889 0.00087612 1.8264 1.4247 0.056886
226 0.059426 0.0050602 5.0491 8.267 0.059426
227 0.056055 0.0016368 2.4487 2.8987 0.056053
228 0.055616 0.00080389 1.7142 1.4564 0.055612
229 0.061927 0.0058615 5.6124 13.292 0.061901
230 0.054853 0.001558 2.3818 2.3021 0.054849
231 0.057046 0.00082698 1.7192 1.4823 0.057043
232 0.053597 0.001546 2.4188 1.8769 0.053593
233 0.055918 0.00087403 1.8537 1.8555 0.055915
234 0.055251 0.00045846 1.3917 0.90796 0.055247
235 0.062364 0.0054973 5.2269 9.0123 0.062363
236 0.053418 0.0015437 2.4233 2.4221 0.053414
237 0.056012 0.00085044 1.8006 2.4951 0.056007
238 0.063496 0.0058692 5.481 7.8024 0.063492
239 0.054914 0.001696 2.5898 2.957 0.054911
240 0.055789 0.00082057 1.7443 1.5354 0.055786
241 0.058676 0.0020992 3.0001 3.4529 0.058674
242 0.053929 0.00083401 1.834 2.1853 0.053926
243 0.056683 0.00047265 1.3985 1.2827 0.056681
244 0.057267 0.0016299 2.3867 2.4883 0.057264
245 0.056822 0.00085975 1.7944 1.8222 0.056819
246 0.055518 0.00044015 1.3297 0.8892 0.055515
247 0.057351 0.0019965 2.9192 4.3674 0.05735
248 0.055781 0.00088346 1.8782 2.0663 0.055779
249 0.055857 0.00047999 1.4412 1.0903 0.055854
250 0.054798 0.0043728 4.7317 5.9999 0.054798
251 0.054819 0.0016596 2.5386 2.7045 0.054817
252 0.055321 0.00079255 1.699 1.48 0.055319
253 0.054862 0.0016407 2.5078 2.1783 0.054856
254 0.055989 0.00087795 1.8596 2.3893 0.055986
255 0.055384 0.00044569 1.3496 1.1148 0.055381
256 0.058558 0.0047215 4.781 5.9916 0.058557
257 0.055841 0.0015786 2.3706 3.2777 0.055838
258 0.056671 0.00084282 1.7637 1.716 0.056665
259 0.055522 0.0045496 4.8588 7.5085 0.055522
260 0.056284 0.0015984 2.3814 1.9664 0.056284
261 0.057163 0.00081457 1.6899 1.2491 0.05716
262 0.052879 0.0044382 4.9768 8.0597 0.052869
263 0.054186 0.0017917 2.7728 3.1566 0.054183
264 0.057298 0.00085801 1.7759 1.7952 0.057294
265 0.051949 0.0042457 4.8461 6.6339 0.051949
266 0.053412 0.0016946 2.6605 3.2977 0.053411
267 0.055523 0.00084294 1.8004 1.6722 0.055519
268 0.047862 0.0039608 4.907 8.791 0.047855
269 0.055166 0.0017969 2.7315 4.9197 0.055165
270 0.055116 0.00083621 1.7992 1.669 0.055115
271 0.058086 0.0055832 5.6995 11.626 0.058071
272 0.05607 0.0016319 2.4407 2.8153 0.056069
273 0.056356 0.00084586 1.78 1.8353 0.056354
274 0.054216 0.0018308 2.8317 5.2398 0.054213
275 0.057576 0.00090279 1.8595 1.8788 0.057573
276 0.055059 0.00044937 1.3688 0.95451 0.055056
277 0.056176 0.0050171 5.2958 8.7987 0.056175
278 0.058285 0.0017712 2.5482 2.7423 0.058284
279 0.056436 0.00079919 1.6794 1.329 0.056434
280 0.055066 0.0050719 5.4614 9.0931 0.055066
281 0.057624 0.0017562 2.5556 2.7918 0.057623
282 0.055627 0.00080552 1.7173 1.3572 0.055625
283 0.058547 0.0019752 2.8291 3.6632 0.058545
284 0.057067 0.00092784 1.9282 2.0433 0.057065
285 0.055771 0.00044976 1.3525 0.80354 0.055769
286 0.053525 0.0041926 4.6446 4.995 0.053525
287 0.056314 0.001736 2.5851 3.179 0.056309
288 0.054213 0.00081267 1.7777 1.4372 0.05421
289 0.055967 0.0043061 4.5622 5.6901 0.055966
290 0.058931 0.0024343 3.464 8.1619 0.05893
291 0.055871 0.00082319 1.7473 2.0071 0.055869
292 0.050906 0.003519 4.099 3.7735 0.050906
293 0.05838 0.0019685 2.8275 4.3746 0.058379
294 0.053766 0.0008113 1.7895 1.6571 0.053763
295 0.056884 0.0049657 5.1762 6.7342 0.056884
296 0.058212 0.0018429 2.6547 2.6958 0.058207
297 0.055857 0.00085441 1.814 2.338 0.055853
298 0.057489 0.0040596 4.1872 4.3561 0.057487
299 0.057815 0.0018305 2.6551 3.1441 0.057814
300 0.055149 0.00080222 1.7251 1.2584 0.055146
301 0.051675 0.0038932 4.4674 4.3351 0.051674
302 0.057293 0.0018321 2.6815 4.2312 0.05729
303 0.056112 0.00085146 1.7996 1.6002 0.056109
304 0.054081 0.0042582 4.6688 5.7967 0.054077
305 0.057069 0.001633 2.3995 2.6186 0.057068
306 0.055719 0.00082429 1.7544 2.0802 0.055717
307 0.053195 0.0043482 4.8469 5.3145 0.053177
308 0.055899 0.001548 2.3223 2.0797 0.055897
309 0.055866 0.00079803 1.6941 1.4945 0.055863
310 0.053789 0.0017252 2.6895 3.5988 0.053788
311 0.056985 0.00092232 1.9195 2.3097 0.056982
312 0.056646 0.00047377 1.4027 1.0958 0.056643
313 0.053535 0.0038775 4.2948 4.8756 0.053535
314 0.055723 0.0016678 2.5099 2.5072 0.05572
315 0.055517 0.00081009 1.7305 1.5834 0.055513
316 0.060529 0.0056262 5.5115 8.1591 0.060528
317 0.055486 0.0016665 2.5186 2.0305 0.055484
318 0.055825 0.00078456 1.6667 1.3691 0.055823
319 0.053074 0.0016361 2.585 2.5373 0.053071
320 0.056261 0.00089293 1.8822 1.9308 0.056258
321 0.056555 0.0004736 1.4045 1.0669 0.056551
322 0.056106 0.0045538 4.8127 7.1641 0.056106
323 0.053686 0.0016638 2.5989 2.7088 0.053686
324 0.055691 0.00082559 1.758 1.6368 0.055688
325 0.054209 0.0037884 4.1439 4.719 0.054209
326 0.055202 0.0017962 2.7286 4.3151 0.0552
327 0.056452 0.00085403 1.7941 1.4362 0.056448
328 0.055412 0.0039049 4.1786 3.6502 0.055411
329 0.056941 0.0019416 2.8594 3.0395 0.056937
330 0.056537 0.00086078 1.8056 1.5223 0.056533
331 0.053901 0.0055108 6.0623 10.33 0.053901
332 0.054985 0.0016141 2.4616 2.2365 0.054983
333 0.054669 0.00079848 1.7321 1.4274 0.054668
334 0.053391 0.001651 2.5931 2.1747 0.053389
335 0.058146 0.00095957 1.9571 2.1013 0.058143
336 0.056134 0.00048124 1.4378 1.6407 0.05613
<lo_statistics>
<cumulated_time> 244.750663 </cumulated_time>
</lo_statistics>