  0.00901783290518377  0.01713669827320322  0.02922690935571732  0.04208910657857926
  0.05349146346419956  0.06439885179455263  0.07468662462336978  0.08542576170318081
  0.09554695936318276  0.10491657660884716  0.11355914516265156  0.12177844605789141
  0.13026426190469109  0.13973961866007983  0.15173326658051067  0.16597726689463149
  0.18036723595955928  0.19397739643101014  0.20696124585604386  0.21806004298571879
  0.22803089819728420  0.23674613322135957  0.24517834191048582  0.25457995204166106
  0.26470614593058062  0.27551193824122955  0.28656514975003022  0.29806351313617840
  0.31005645401011611  0.32215630734507300  0.33378837186717641  0.34493461514267765
  0.35618837293693389  0.36678364284560516  0.37716252358134938  0.38726945029295301
  0.39835371902617317  0.41055148045861611  0.42354853277420301  0.43540582898704122
  0.44636231863525372  0.45756854971836824  0.46798742196350196  0.47981667563924163
  0.49377603358188876  0.50664893538473821  0.51975879427907612  0.52691214557483423
  0.53413895469669193  0.54162948596674443  0.54956804714829910  0.55681674550022064
  0.56311997939347991  0.56887329750910842  0.57437259881132763  0.58051909579827143
  0.58856110555014751  0.59854849492832607  0.60983110148150210  0.62154826798276619
  0.63171913613827657  0.63963482560705243  0.64716718606645141  0.65446059086294839
  0.66173644588596126  0.66913716416887481  0.67677309092668425  0.68549228094143921
  0.69603571606108439  0.70732416050895397  0.71867233557013477  0.73098863525090041
  0.74445346083734798  0.75771573772233336  0.76939361119943972  0.77972810372437007
  0.78943774320290971  0.79938250850237913  0.80959647720091588  0.82032563851472107
  0.83131072645795201  0.84144235764622310  0.85150218752383944  0.86177578827577850
  0.87249915655401444  0.88370518195795955  0.89388987125061325  0.90493033766839748
  0.91737494821269150  0.92974927495866444  0.94241854089422405  0.95406805144630702
  0.96610558308806882  0.97688295162067440  0.98837215057625094  1.00000000000000000
  0.00000273244326748  0.00000545904061390  0.00000938970614226  0.00001610598048209
  0.00002385823583123  0.00003103407327069  0.00003745329255325  0.00004372607408440
  0.00005015680979644  0.00005716304578637  0.00006354374035827  0.00006928868095850
  0.00007550461177614  0.00008310730989963  0.00009205744847052  0.00009965423444845
  0.00010656729239265  0.00011377550833457  0.00012199560489103  0.00013126722804628
  0.00014189734132159  0.00015320525987955  0.00016478323503415  0.00017694021016691
  0.00019022987188170  0.00020422198942971  0.00021822107726255  0.00023208472709338
  0.00024637966675968  0.00026219516089202  0.00027823396214933  0.00029513225569247
  0.00031248821298310  0.00033014518303514  0.00034842624971423  0.00036822797117210
  0.00038972936141105  0.00041095594230886  0.00043295443672663  0.00045521739546051
  0.00047821405623707  0.00050270725871297  0.00052817006954192  0.00055347083124921
  0.00057763135926766  0.00060104797527058  0.00062540424336430  0.00065166257808318
  0.00068006372172758  0.00070640427163949  0.00073393312788778  0.00076059055435722
  0.00079527161075140  0.00083264655281630  0.00087098183561155  0.00090855420334480
  0.00094667391907431  0.00099481176034175  0.00104311200118257  0.00109448596448031
  0.00115007395457099  0.00121152760663860  0.00128065700493718  0.00135447567146398
  0.00143255039038444  0.00151876777228891  0.00161390650023462  0.00171952243796913
  0.00183096093196248  0.00193767101762146  0.00204469201516178  0.00216004279358779
  0.00229209592615619  0.00244519018798563  0.00261485248378974  0.00281237743685522
  0.00311103769261804  0.00330367113023706  0.00353129994356876  0.00377772273357185
  0.00401672684253693  0.00425750940296662  0.00457639641208090  0.00500284249249656
  0.00560237066328243  0.00632791597062300  0.00705925975422936  0.00788377437046706
  0.00888186048929201  0.01004233899000345  0.01186003854587491  0.01439521461263759
  0.01949223687438362  0.04226432225032642  0.19841372142429439  1.00000000000000000
  0.00000663863134337  0.00001677553392216  0.00003263439931991  0.00004731768043865
  0.00007408329342434  0.00011093800906016  0.00015206231962257  0.00020662720413763
  0.00026548633904117  0.00032021414989429  0.00037134081618233  0.00042442906223329
  0.00047947347620662  0.00054164926459209  0.00061600216710661  0.00069784227867846
  0.00078774698444918  0.00088260943834603  0.00097033131837407  0.00104697596399890
  0.00112043487449133  0.00119597378062495  0.00127182434832731  0.00134840757043112
  0.00142778083480995  0.00150287467230525  0.00159230376486853  0.00170892200010102
  0.00183112407006262  0.00195933666560938  0.00208936728557995  0.00223246808898077
  0.00238027980002875  0.00252404105705678  0.00267580829021847  0.00283169428251053
  0.00299154211170917  0.00315567137102822  0.00332654578998244  0.00351114384134197
  0.00371778145398407  0.00394961472121209  0.00422087641155289  0.00448305406162278
  0.00476694357643199  0.00503875915518984  0.00528957448299696  0.00557636976726375
  0.00586761004242001  0.00615174625176544  0.00650493414505610  0.00686963984225674
  0.00729776943526021  0.00773149704760107  0.00815796419951540  0.00861149044916206
  0.00911038430042967  0.00966887475074171  0.01023455966721581  0.01078508058318545
  0.01134242638027550  0.01189643116468037  0.01248932488928863  0.01322943259796551
  0.01405133717443471  0.01497664118325483  0.01595541009714373  0.01691922491654843
  0.01760618192877025  0.01839292981079400  0.01930700125989074  0.02045251423924435
  0.02167198066744508  0.02276642910889494  0.02424249334189961  0.02598784620672599
  0.02776381103137450  0.02896523874969789  0.03017768181686124  0.03147826278726508
  0.03275499961693514  0.03494401696050550  0.04190125465803658  0.04535051250427288
  0.04926654214553763  0.05252151283865474  0.05547415418632844  0.05884923641830810
  0.06237399660790675  0.06601361577304830  0.07239545050791645  0.07876978624120719
  0.08665671932274871  0.15454724439319328  0.23950551960177680  1.00000000000000000
 -0.00304037826575700  0.01257844137259231  0.02546049505237710  0.03683321949150341
  0.04717002575055547  0.05871177637168811  0.07040235573007558  0.08312706544216113
  0.09447927808818531  0.10601393074597150  0.11828642657093164  0.13126935920699334
  0.14333782571439638  0.15469847353843125  0.16678650556720634  0.17783527891918227
  0.18829722813071598  0.19849541230854578  0.20885486385412411  0.21977562912020651
  0.23168479759807495  0.24460992540466822  0.25778756958785343  0.27049898986890586
  0.28258974807986298  0.29427177839527513  0.30583591234992802  0.31703970552688815
  0.32945029079448829  0.33938953023523039  0.35024481971850385  0.36066240361252472
  0.37220127779911244  0.38266248045434720  0.39370649491378695  0.40581452809031815
  0.41672577413749207  0.42441887142109685  0.43150708804616711  0.43893880404491492
  0.44664735848322906  0.45372974502675101  0.46083016328964044  0.46821909132868200
  0.47607243293888496  0.48456914808673268  0.49354228638914083  0.50203956901066704
  0.51059984425626981  0.51954033471565619  0.52789268231428277  0.53552051271997159
  0.54322724685335200  0.55159576335904847  0.56017551728877812  0.56996543202119598
  0.58042666699549850  0.59154213574126269  0.60238055470164475  0.61121318734161512
  0.61965577273382144  0.62886686171144746  0.63861608162287631  0.64827572920229926
  0.65858428387552714  0.66998729089416764  0.68247423471878743  0.69404602691885009
  0.70567575013946049  0.71713443438501145  0.72884514878412465  0.74029478658342218
  0.75105010140525696  0.76216663246143679  0.77475812358460050  0.78798371083579033
  0.80079477831661272  0.81249841348511331  0.82299050793864725  0.83321794163240426
  0.84176690658752396  0.85138217099235447  0.86124628834997807  0.87048254638739797
  0.87870360184635055  0.88651864808487013  0.89503765278688041  0.90444923838138280
  0.91440389056314531  0.92572726366640179  0.93852580046917977  0.95133714433043770
  0.96337994167736929  0.97623455243421564  0.98768659743095710  1.00000000000000000
 -0.00167338290890648  0.01093797812316876  0.02084020644799725  0.03044969864864704
  0.03990968052789365  0.04904199811980976  0.05831917255896626  0.06781024833156939
  0.07801761661735157  0.08827889097226854  0.09884315422900407  0.11071629154272532
  0.12272562801708629  0.13399020760377642  0.14482556089193174  0.15588480744929231
  0.16712029538386045  0.17754079868929704  0.18780138678906200  0.19864451355721749
  0.20910337337059984  0.21809852028208856  0.22647590248973951  0.23420861027761025
  0.24298040693461787  0.25227458146324061  0.26185461017659689  0.27265014716939728
  0.28469038006696573  0.29712056130971054  0.30890346539354074  0.32028961866028560
  0.33182550305785175  0.34324912703111715  0.35577506660850744  0.36804806074529389
  0.37932083935483724  0.39009728052253639  0.40167322584964238  0.41367403568181066
  0.42519255351012825  0.43475037720089077  0.44387441774597075  0.45247203306234796
  0.46136518708515095  0.47013428173160288  0.47988416496601011  0.49006920639255114
  0.50061084811061418  0.51128700549050576  0.52231907246684439  0.53391703271596869
  0.54574459465021297  0.55728793699761836  0.56845071934401692  0.57925004870082752
  0.59035870045141836  0.60128826138747593  0.61133878704132283  0.62157865013502289
  0.63289270697808908  0.64502785353753722  0.65638711312667652  0.66737925320525682
  0.67916351325244595  0.69197973458806672  0.70372121273283927  0.71480618251245798
  0.72542168555999476  0.73564704283559623  0.74618870721871811  0.75729609076937388
  0.76859837727325986  0.77984759980151985  0.79186622358970016  0.80711824338526728
  0.82519919081904902  0.83765377716307055  0.84667209361081663  0.85687178716225110
  0.86599394240381800  0.87488002056442904  0.88350559152512087  0.89233381866624262
  0.90160901139196270  0.91123281535410128  0.92031957735346581  0.92968585302045659
  0.93932263624373613  0.94886510984632100  0.95843345395559243  0.96797238446881240
  0.97690019926036875  0.98469914271045145  0.99219687113831612  1.00000000000000000
 -0.00256883955777681  0.00885775778909745  0.01947364539475811  0.03037020619225315
  0.04239488084148237  0.05510157934999455  0.06885184377827298  0.08167005839794649
  0.09291047502528511  0.10354039153708731  0.11419586752676610  0.12481395427498029
  0.13479521076913895  0.14533793327371866  0.15660461593388905  0.16773463556754670
  0.17855971905401477  0.18967857326745996  0.20169997400017384  0.21207659647114085
  0.21965839479431304  0.22660252818971957  0.23310655028537233  0.24047026819438996
  0.24826801278742230  0.25654872800581091  0.26477478803686100  0.27336072261154049
  0.28209363017250810  0.29096434943557486  0.30199205850769556  0.31422768879127677
  0.32567873059667329  0.33632414533406702  0.34650441563230416  0.35633978878322403
  0.36637398839831514  0.37627120218878674  0.38678309667356264  0.39787886748030682
  0.40888919861239420  0.42028605615547787  0.43093994996382062  0.44045007578268458
  0.44972003867243926  0.45975216338162150  0.47057919445828067  0.48055521624911057
  0.49018482976935762  0.50107360109088550  0.51387243845026553  0.52733063779548395
  0.54061339322819890  0.55430628959046147  0.56826228412897695  0.58113219036355956
  0.59252425544865539  0.60485034418262085  0.61673536716324773  0.62818136561576077
  0.64154316021054048  0.65412760601367481  0.66579028323781486  0.67654385775610182
  0.68848920887627296  0.70018962287838415  0.71245600652828545  0.72462574312817685
  0.73410665080567072  0.74168007945835190  0.74894983184313846  0.75613932991363386
  0.76364720052363899  0.77248020269562800  0.78184727335206672  0.79157839508866279
  0.80425301165739471  0.81722163327382202  0.82769434213949711  0.83717090243287451
  0.84681254672335160  0.85788796074027829  0.86961867705158602  0.88029826362488139
  0.88988729348422835  0.89942338391888332  0.90922447173467524  0.92022536187091675
  0.93197727694595878  0.94317210646040917  0.95381434304999224  0.96249028480442456
  0.97182708507568549  0.98132375861721499  0.99077537418595685  1.00000000000000000
  0.00073700772521107  0.00176599056306358  0.00316665975860909  0.00447103680401425
  0.00564326631737082  0.00668516935685256  0.00772103269145937  0.00877011175008595
  0.00983169360154405  0.01089252083733874  0.01195894643917748  0.01301353239325091
  0.01405209177519621  0.01507260349211904  0.01610855878385338  0.01719751203133408
  0.01836254352499713  0.01958814958142199  0.02080068198548061  0.02201547218473462
  0.02323299694864762  0.02448482510359144  0.02579064877078190  0.02716054640221393
  0.02859582441874732  0.03007118579698668  0.03144914653977304  0.03281557401725776
  0.03419281621515606  0.03560396066819337  0.03721190939336356  0.03894903897141347
  0.04082655524445390  0.04295659947204085  0.04505393824725388  0.04667929148460637
  0.04809262268338856  0.04947517729048140  0.05084549414520222  0.05211594772235930
  0.05339279000176999  0.05509852455819460  0.05720859959175110  0.05946385575902478
  0.06150774772103249  0.06310749014899658  0.06436076652418604  0.06551776048680569
  0.06671476603429807  0.06791955174132340  0.06905054232189858  0.07028901463736108
  0.07168575694217266  0.07338398136084887  0.07459170780819903  0.07558418725458972
  0.07647614150972677  0.07751795429190077  0.07899628738270473  0.08071345862312086
  0.08222325030138510  0.08348969682408379  0.08455253279680904  0.08570625158830113
  0.08759331939155114  0.08945107227453909  0.09080031712745511  0.09223180456431271
  0.09430074615395394  0.09612220796272281  0.09794438406673482  0.10009933109500145
  0.10197305443929795  0.10472449856629093  0.10704935991745063  0.10833954968351998
  0.10958465724850358  0.11044195549277763  0.11173718029666183  0.11300293797443355
  0.11456166613372615  0.11649081525911871  0.11877180208764017  0.12051471708037766
  0.12208843899286800  0.12461237876247674  0.12845999780677181  0.13363681957743162
  0.13758259214540872  0.14058612185749195  0.16123045156544377  0.19742046779574673
  0.21667127342639916  0.21737811702978740  0.21838591699292148  1.00000000000000000
 -0.00248254169425895  0.01096129066249998  0.02362439570926959  0.03699784861196598
  0.04990219453007062  0.06263553379860100  0.07604179039423013  0.08962099034817946
  0.10194942700554435  0.11403423626742469  0.12513635258404252  0.13474585634001901
  0.14332792595725702  0.15210692314782440  0.16170820018980056  0.17176259943716157
  0.18222089075119979  0.19221173970535041  0.20285976698924216  0.21330527603715937
  0.22384696917443545  0.23360456231299412  0.24305172334371411  0.25243487862756359
  0.26217096442143006  0.27320505713427706  0.28495058811021995  0.29577485824695060
  0.30570572014228398  0.31469220789538055  0.32269108196249913  0.33195143328312787
  0.33940637842052607  0.34748599175381867  0.35616747331478543  0.36471705299957558
  0.37332104455184267  0.38196777522079284  0.39039915132591974  0.39887550248433590
  0.40844251264148801  0.41858285737929701  0.42906563526467739  0.43961950436403419
  0.45033470169300110  0.46089492251545933  0.47060638553057227  0.48057131784201224
  0.49054293056988035  0.50041135995203623  0.51071587583087530  0.52207225833394566
  0.53427840316353781  0.54513958389595052  0.55566783974652634  0.56666565348961084
  0.57842940228220352  0.59134559025595546  0.60175055191617866  0.61278078069101749
  0.62355212325126563  0.63369832795009062  0.64642349989049219  0.65940759318007014
  0.67323679815812210  0.68487996329212752  0.69538346296697506  0.70541793505495864
  0.71491381190516812  0.72517654290603206  0.73572989108047482  0.74482855481761767
  0.75325280466111877  0.76095010450987943  0.76965733642451495  0.77990734372922432
  0.79036409785733508  0.80028842575789727  0.81030102105285917  0.82091987308231962
  0.83222733344788336  0.84405313155994621  0.85439782923613106  0.86218969792669653
  0.86912492643210781  0.87638402105757907  0.88425412941698245  0.89338078804176191
  0.90281830732477508  0.91233797037116593  0.92427159174369300  0.93812757394651525
  0.95188334252924767  0.96742461686240022  0.98458351754931173  1.00000000000000000
  0.00471017207769343  0.22098903493002206  0.31957126340162306  0.38876439555328812
  0.44071818787747485  0.48313776807668685  0.51949499498930496  0.55025936088899419
  0.57693715836675075  0.60226379852352985  0.62591393095461456  0.64755662350284859
  0.66758649012032656  0.68520883813842381  0.70070075473119087  0.71525279634441019
  0.72908070758019494  0.74233811992987464  0.75435017527370840  0.76563005571795728
  0.77665902284623844  0.78719307891586698  0.79638194755262681  0.80467384513091045
  0.81273217321086288  0.82065449773637245  0.82830325450942954  0.83571310440617441
  0.84281966756388194  0.84959568966880883  0.85591224595036575  0.86199409930754300
  0.86781234334442559  0.87347219237499496  0.87900430501567173  0.88424537118693325
  0.88933301290585143  0.89421858417567268  0.89860501833266171  0.90255844838524202
  0.90656309187314543  0.91063234462911369  0.91450816585830574  0.91818314460943096
  0.92138646585723816  0.92448998310533248  0.92744482113181104  0.93040936767630367
  0.93325090761468754  0.93591966004206095  0.93837689129794910  0.94061027419909538
  0.94286661639357328  0.94500561455081067  0.94704701341369146  0.94902723885434637
  0.95092199601351879  0.95271007438485478  0.95440579224518152  0.95603652060127853
  0.95768642746856836  0.95918142360360703  0.96065302167541611  0.96220941222169698
  0.96378801372543266  0.96524626457029672  0.96667561255051815  0.96807335660417670
  0.96940099863442641  0.97073485163144946  0.97207191623477907  0.97340368591426474
  0.97471556351983257  0.97591652533807427  0.97708994672929228  0.97827004139328355
  0.97948850563303758  0.98056282597960420  0.98158715774238825  0.98261250960521296
  0.98364740146470020  0.98467688166482703  0.98567078710393730  0.98667827422170751
  0.98764792120576272  0.98855387704091313  0.98944019995455190  0.99034598264870088
  0.99128964971154088  0.99227450009688034  0.99318084856812650  0.99413340423356311
  0.99514160806367202  0.99622510460529701  0.99763567161415323  1.00000000000000000
   1.2243283776752934E-014  -1.0000000000000000     
 F F F F F F F F F F F F F F F F F F F F F F F F F F F F F F F F F F F F F F F F F F F F F F F F F F F F F F F F F F F F F F F F
  <DiscreteSampler_grid>
  grouped_processes
  1 # 1 for a reference and 2 for a running grid.
  10 # Attribute 'min_bin_probing_points' of the grid.
  1 # Attribute 'grid_mode' of the grid. 1=='default',2=='initialization'
  0.0000000000000000 # Attribute 'small_contrib_threshold' of the grid.
  0.5000000000000000 # Attribute 'damping_power' of the grid.
 # binID   n_entries weight   weight_sqr   abs_weight
    10   10   1.822992469866981E-003   1.127643522001670E-005   1.822992469866981E-003
  </DiscreteSampler_grid>
