  0.00934354329554194  0.01622606026996804  0.02634709600023198  0.03917739133008334
  0.04731010473341195  0.05525103498339441  0.06331174346613826  0.07155234957343079
  0.07939732645889644  0.08719305199685499  0.09460318704575166  0.10223179863467882
  0.11036505595158674  0.11880513158907484  0.12732342934733915  0.13628540351291885
  0.14634600323466021  0.15703893481718417  0.16845351280562462  0.18057578376656405
  0.19436632209711657  0.20937744815846215  0.22193310078498826  0.23347123527220162
  0.24497376264741572  0.25703135367781754  0.26919791251762992  0.27898287419851531
  0.28842597275729337  0.29814915941711834  0.30819345304089962  0.31768906806380431
  0.32655504494584092  0.33579194893376541  0.34547919508632047  0.35532578429133088
  0.36520032705938399  0.37540655248997518  0.38559055469005116  0.39534586893515816
  0.40469390292095636  0.41408498706118241  0.42392841879477794  0.43417969327002065
  0.44456780312158584  0.45470648077631520  0.46464019139876273  0.47462815399351160
  0.48473408566341458  0.49494392036397611  0.50528272908476846  0.51572675562614501
  0.52615703598114416  0.53711818699803049  0.54920965079623574  0.56274425676949658
  0.57585923096320779  0.58777872101010098  0.59943416356009172  0.61186242366000543
  0.62453037543977830  0.63503447325109486  0.64424832031949431  0.65299932612052347
  0.66192664383753053  0.67049550774687539  0.67891659312124220  0.68772946556649928
  0.69773451678550902  0.70831108295546941  0.71985264458017084  0.73204475699300664
  0.74316144669655115  0.75385767393793723  0.76514006813473368  0.77668273547018629
  0.78776809151250837  0.79927250210561318  0.81118391294204217  0.82282662419730612
  0.83480855344174365  0.84700141319521938  0.85863089244002866  0.86970686672099584
  0.88100490844952495  0.89265857101037327  0.90400515599058517  0.91501380307868219
  0.92538806254769024  0.93560970993693426  0.94559769410926720  0.95551354598699756
  0.96569411855388143  0.97640066277141713  0.98789985984656048  1.00000000000000000
 -0.00000662668491924  0.00003305808586326  0.00006938978442000  0.00010223215953105
  0.00012761308719626  0.00016058554191973  0.00020182919474126  0.00024048069934400
  0.00027816914616642  0.00032205970018821  0.00037121273030657  0.00041640317797877
  0.00045988310296648  0.00050572927428716  0.00055500167651587  0.00061087195241615
  0.00067467514653303  0.00073385477932604  0.00079594840431031  0.00086277106986102
  0.00093563237137681  0.00102097992750611  0.00111344267360987  0.00121089664489572
  0.00130146814055708  0.00137973081845686  0.00145727750115164  0.00154106766529426
  0.00163364327782756  0.00173300492640490  0.00183264504988525  0.00195074626986726
  0.00206872966298354  0.00218244707657249  0.00231587309213010  0.00245516214752311
  0.00260129234798454  0.00273122732236158  0.00290420291601720  0.00308405962241471
  0.00327425054280955  0.00347167084428027  0.00367132034403898  0.00387236397307918
  0.00407289616324816  0.00428410828298967  0.00450134162649575  0.00473148665987769
  0.00497570391918674  0.00523278216402029  0.00551491539319126  0.00585356203842419
  0.00620528672993941  0.00656144733496212  0.00691854158866843  0.00727839609083325
  0.00764721126000330  0.00804146122686824  0.00845187406949573  0.00891903946333479
  0.00941345481096787  0.00987387670386860  0.01042749481121224  0.01101960463514524
  0.01165741280129268  0.01237369080956550  0.01315480762615389  0.01396777065140135
  0.01479039955208202  0.01564526795938002  0.01654705417717754  0.01749865885492239
  0.01851292039308124  0.01960644723680756  0.02078477437342808  0.02204791032509606
  0.02347733226083316  0.02518494393487183  0.02700241626236349  0.02888419466148906
  0.03122730994692451  0.03401495386718285  0.03721342633095509  0.04114142558697517
  0.04448982563541302  0.04871387996705097  0.05379953873289951  0.05992834370456891
  0.06662108283100635  0.07605814249222544  0.09154820274645536  0.11427001426088777
  0.15281588495001674  0.30178857454332092  0.35370562997939725  1.00000000000000000
  0.00002295101324108  0.00006566330749031  0.00012537486053570  0.00019904564678544
  0.00030983544725477  0.00043095711366942  0.00057810587844194  0.00073242655149193
  0.00089864915824707  0.00108224215523696  0.00128203476626758  0.00149951847377170
  0.00173135384491367  0.00198016350338940  0.00223990342592480  0.00252363579902361
  0.00280784436181733  0.00308548745373074  0.00335685803871187  0.00363169955272052
  0.00392512177607604  0.00423195583866210  0.00454287585449369  0.00487300622812327
  0.00522756091571455  0.00557610434513339  0.00591492897890413  0.00627438528261688
  0.00665816937852224  0.00709157894879229  0.00754002737561638  0.00804109275443484
  0.00857670771833955  0.00914916387606167  0.00975381459591682  0.01037604927458212
  0.01099017258677892  0.01166162059200333  0.01235695974439344  0.01306688458064822
  0.01379918538784781  0.01452165716993483  0.01527112638835777  0.01610285978647795
  0.01693927884875721  0.01776672720812520  0.01856192536917320  0.01937975028498314
  0.02036849927255739  0.02141640739464613  0.02248695136271693  0.02355828461863775
  0.02467488437452519  0.02588504545351342  0.02721846798441582  0.02866234965337822
  0.03014923016304638  0.03175901120229992  0.03316966804034614  0.03462699598419641
  0.03619258247190502  0.03787184348022697  0.03960341636168322  0.04136710634075846
  0.04321861622950526  0.04521122191336839  0.04735676372278449  0.04994700656913801
  0.05274629284846422  0.05551405298876074  0.05842635807948024  0.06153219733801328
  0.06474498858884489  0.06794436383684367  0.07148267011504883  0.07494335173372463
  0.07841514872945658  0.08280833494676754  0.08762673248887411  0.09326499312995966
  0.09931970451172860  0.10654867370712384  0.11478923827983453  0.12406565663419668
  0.13179336826054669  0.14033220272587227  0.15003880906367947  0.16173014257761270
  0.17444523844743756  0.19261734033405767  0.23022678589690168  0.27447603787774638
  0.30556072174773230  0.32607679573810427  0.35822776000257661  1.00000000000000000
 -0.00311177047832640  0.01035903803855143  0.02247845673084164  0.03520722585278648
  0.04784630951900722  0.05955426642661834  0.07124306952490629  0.08292127607244926
  0.09425706305540200  0.10566829973929108  0.11689243213892274  0.12739360213357942
  0.13735683361200188  0.14753273782079479  0.15840800013909062  0.16954787291552489
  0.17976630008929700  0.18981514333043026  0.20021650163332272  0.21019371442870877
  0.22007806693717644  0.23072029496937629  0.24249797801805859  0.25534633595547862
  0.26779893334373922  0.28019852003048074  0.29317270742174389  0.30512538361010694
  0.31727486773787489  0.32817408748410309  0.33907851280659074  0.34861313175946906
  0.35861042528056669  0.36882490935845719  0.38139587754135718  0.39449506984650273
  0.40670232311943644  0.41812203043059548  0.42893473550623973  0.43902679776611198
  0.44897607275057244  0.45985790062606907  0.47308802624636503  0.48736521833753371
  0.50123743506370799  0.51411653010509151  0.52506417167823305  0.53495834698823042
  0.54673690622046156  0.55784229852749345  0.56774023007122187  0.57743399903522963
  0.58807366385740112  0.60016967088817719  0.61082840110997150  0.62049586547552515
  0.62957600440616646  0.63805607999751168  0.64769724798818251  0.65843706589111484
  0.66932008750596916  0.68011790603091538  0.69028513864153107  0.69984212909592036
  0.70879123553229262  0.71704412780367655  0.72523215497315141  0.73359863571524808
  0.74287929971404432  0.75251528707257975  0.76173201394395063  0.77060077408099592
  0.77977389328649027  0.78933939742846804  0.79912131901293837  0.80788704749290186
  0.81733729599511484  0.82684746154056032  0.83613614715830542  0.84520156547253944
  0.85462763117043627  0.86501672819534914  0.87602670115124459  0.88770192137973858
  0.89930928871813742  0.91036347621719393  0.91945431085003948  0.92697655040696814
  0.93524935277641519  0.94423056658728788  0.95324324285097561  0.96156382586248745
  0.96944207007536221  0.97733221181137675  0.98798184670028744  1.00000000000000000
 -0.00264175494077122  0.00980241570749549  0.01987453512190291  0.02965967942210337
  0.03933977437596584  0.05011827184199017  0.06141416594737692  0.07220451183946401
  0.08291527874885521  0.09497165711323552  0.10642618733666852  0.11710932636145394
  0.12760197999233613  0.13841410732600762  0.14961148822383111  0.16129306646373320
  0.17373704439970777  0.18661957474098773  0.19992377410016984  0.21225734046226016
  0.22461755300302802  0.23602580047726188  0.24762891423077651  0.25976370185857051
  0.27155143493858197  0.28192294731669515  0.29131677407848072  0.30104632355983107
  0.31077775976952621  0.32055517525199467  0.33051104447917956  0.34187362856068876
  0.35368897914260344  0.36505641894223151  0.37676307779888263  0.38891938794035036
  0.40014681425659554  0.41094977215592354  0.42180887970765252  0.43267019894331671
  0.44315059550981167  0.45308190144624111  0.46303406127063901  0.47368279443839889
  0.48479250983075678  0.49567455305064950  0.50599727760090762  0.51590103133690590
  0.52545629125452964  0.53481081091839233  0.54439022114519631  0.55475371342277990
  0.56592120388126266  0.57723493321811936  0.58856155982794034  0.60039711641907012
  0.61233774432263155  0.62369867553421643  0.63386743974931092  0.64433718977460408
  0.65570968099798332  0.66759772019700747  0.67896099682716271  0.68939156259473611
  0.69878831222843518  0.70794973132549832  0.71673824966959798  0.72526002868793327
  0.73383326438525753  0.74277215485821824  0.75266159686150236  0.76334318917556432
  0.77375344411944247  0.78440592465808023  0.79520774597200550  0.80552230491580068
  0.81574905113605733  0.82557798916159042  0.83523458705279385  0.84466833046749368
  0.85388360131474295  0.86339063104234215  0.87330806342592071  0.88302572902611853
  0.89309467579082458  0.90241865193586424  0.91063251651686916  0.91842510773444541
  0.92624054131452593  0.93418276230334729  0.94308319444996436  0.95242541900471400
  0.96243857267819588  0.97450073720093644  0.98671187689837447  1.00000000000000000
 -0.00247839366411328  0.00950943086121562  0.01931398318305453  0.02880255467850358
  0.03826985078672510  0.04756126630262299  0.05769824529389028  0.06888188790813314
  0.08013551090336372  0.09111618205943965  0.10148515870372311  0.11196727115443378
  0.12313957196988362  0.13435697087324600  0.14591509760134075  0.15803707355146618
  0.17060477535495727  0.18332982931408734  0.19482406073353792  0.20488523005892667
  0.21427225280914192  0.22340541258689506  0.23226863705184975  0.24134141551086857
  0.25126758381493941  0.26295776519374181  0.27461677107065524  0.28531238463965686
  0.29466178933821785  0.30383839853602762  0.31289185057205665  0.32265020359103225
  0.33253137899188573  0.34260597370892470  0.35299176932782628  0.36378786876961033
  0.37520025620254477  0.38655951257143084  0.39724410205342825  0.40755996374444625
  0.41777907043187829  0.42798075137731606  0.43801643402712265  0.44820087381941126
  0.45824177127350812  0.46749916109873824  0.47686629639005174  0.48604817440651488
  0.49537467428228737  0.50449855392558562  0.51354319584190378  0.52313559210441130
  0.53284932759788572  0.54238390360490507  0.55203017962730294  0.56172622975583975
  0.57332340929952208  0.58551003787990752  0.59673486908293527  0.60834536958054486
  0.61963173503391278  0.63004756323578848  0.64039722129284615  0.65091478313692253
  0.66153300327273568  0.67283234182045004  0.68423267394504728  0.69505220934568457
  0.70477593538434913  0.71487899047892667  0.72597288297521534  0.73682249972476044
  0.74662946167724975  0.75698329215218729  0.76765246944606813  0.77915264169845544
  0.79060120152009272  0.80379975024846040  0.81610882087274450  0.82855869945008798
  0.83829005295015713  0.84736004537875242  0.85589767081054258  0.86413175837107326
  0.87255947508041987  0.88135482246111363  0.88988705586617156  0.89876647531134179
  0.90877779509726364  0.91989847811160796  0.93389446030449841  0.94759385821747011
  0.96123884012195582  0.97377883285484546  0.98673754290878746  1.00000000000000000
  0.01076065766111819  0.01551324191471648  0.02171914228835680  0.02685476358954614
  0.03142173545254275  0.03571362739640127  0.03975389649973331  0.04352727532745643
  0.04701235992931732  0.05034728397335671  0.05364277308756367  0.05691057136414074
  0.06016412793208407  0.06341352321227428  0.06656782359643275  0.06959735283751495
  0.07243795606292215  0.07515607043896495  0.07782394517226683  0.08049487851722488
  0.08321586748230016  0.08606823783560835  0.08899487641403432  0.09197978390452861
  0.09506354749900518  0.09818900273290362  0.10133407608342189  0.10447000357919756
  0.10762379444614514  0.11088237494358621  0.11427506632979821  0.11758460489664298
  0.12084923483852038  0.12408200368852877  0.12733575693581042  0.13070218440821657
  0.13420376115576430  0.13789816588078102  0.14123824870530602  0.14469116620508843
  0.14797631747804088  0.15166111384830117  0.15570366388160944  0.15979097425609962
  0.16369896214449284  0.16732184344177692  0.17080883306529779  0.17424410948926636
  0.17763635731072513  0.18114310014716514  0.18477590478674258  0.18859161776870126
  0.19263834037351785  0.19692892271831505  0.20128189702837773  0.20568176584725076
  0.21050827745264400  0.21578114490831771  0.22145172011641401  0.22698103086000951
  0.23239033280139348  0.23738713852457796  0.24267073979243936  0.24765019951456491
  0.25244795817812982  0.25771463190829225  0.26263983996399848  0.26797856543800491
  0.27288019205290864  0.27818171632716526  0.28399637593746080  0.29034977701168563
  0.29842243202581203  0.30568508358252455  0.31643936909095161  0.32850086498867570
  0.33900378588652458  0.34828813822308191  0.35821786264459776  0.37023578328167844
  0.38033173847347640  0.38661909785617193  0.39164206427220727  0.39666186120068453
  0.40288489007030465  0.41498142376777725  0.43031465510727057  0.44462221645791228
  0.46184747850803498  0.48254886666237790  0.50027617886605535  0.53495381440413570
  0.58173603049540212  0.62008194430561470  0.67722210010666817  1.00000000000000000
 -0.00256698657307246  0.01352912982011202  0.02826859570838763  0.04206852649110707
  0.05620180396035634  0.07047192887041820  0.08435542347638271  0.09762074344218158
  0.10956440343081524  0.12103720730151142  0.13290857861569841  0.14540722114497653
  0.15696699311318366  0.16712719950769236  0.17666625075136719  0.18611552580307356
  0.19652862486861430  0.20770653376035483  0.21953233449834983  0.23142400945261851
  0.24186016879111299  0.25135369378055067  0.25939622397222972  0.26783354441156948
  0.27673190942841192  0.28598124439241712  0.29561076508318418  0.30498303280498079
  0.31420553797319389  0.32339654877558571  0.33237702358731380  0.34154744739101928
  0.35122764871012313  0.36070748712964656  0.36983687674770310  0.38002671730550519
  0.39152840720982401  0.40267336389066277  0.41290624291991057  0.42305715055952964
  0.43359240730590243  0.44420541994247698  0.45454146383041838  0.46592668321952668
  0.47744740541081732  0.48880746651685764  0.50037714380962228  0.51171315077063184
  0.52345455858317047  0.53541497101551749  0.54595928699121854  0.55579180188443167
  0.56576856087507932  0.57634662824629168  0.58657055803967717  0.59601382539953951
  0.60545632370436631  0.61602493980409112  0.62580509120721872  0.63446544303411068
  0.64285747461253173  0.65162551792541235  0.66096669326190194  0.67022242787820530
  0.67913441450625067  0.68782121624438264  0.69653204975694782  0.70556069823662915
  0.71528988540734784  0.72580130576949820  0.73729495664128508  0.74954446931727370
  0.76165161589220998  0.77296421956954608  0.78037793063439820  0.78868763535587338
  0.79703445188893207  0.80573751108156499  0.81466250263998030  0.82442698037525097
  0.83411738860403606  0.84294641742732190  0.85189234844936890  0.86088370792132884
  0.86945928344532042  0.87815233596051445  0.88702387896717516  0.89616545373012391
  0.90716149207386709  0.91914647857640308  0.93179976903644579  0.94462909632648306
  0.95850269162200052  0.97306165592213278  0.98679569743606077  1.00000000000000000
 -0.00499156227224343  0.40292725083081687  0.51429390174600176  0.58198593025444689
  0.62652900871010475  0.66232534219913264  0.69116150569929480  0.71473143278527318
  0.73413627596381881  0.75097847128387962  0.76495976618643891  0.77683607840431323
  0.78778280929732480  0.79832358116114421  0.80828256133865983  0.81747117813881054
  0.82605014811409772  0.83387175939600355  0.84030252826791629  0.84614450542401243
  0.85204270096014323  0.85729586013881542  0.86243599036715024  0.86722425596675146
  0.87178753545752929  0.87593769691502654  0.87980092753931649  0.88372163095281309
  0.88753380420566264  0.89122791634980392  0.89479796428534075  0.89821799251919943
  0.90144943389072030  0.90446757220842899  0.90731543066920595  0.91005948584280816
  0.91276042722888029  0.91539382861591456  0.91785736972739029  0.92003504615241449
  0.92204384899185210  0.92406716230391150  0.92610424364541044  0.92813995333874943
  0.93017333279704950  0.93217546509935945  0.93405115304954001  0.93591638509525976
  0.93768580114825750  0.93930352730372890  0.94085638880987299  0.94246382865769607
  0.94394914380886408  0.94542259467630496  0.94689316933596146  0.94831614095225814
  0.94970177852864002  0.95107084445536216  0.95241686222505806  0.95367190715236083
  0.95485270021266222  0.95599717224422032  0.95713655552163368  0.95832734244818374
  0.95952684074457217  0.96072840592781061  0.96200762567889164  0.96334212517218898
  0.96461044210406488  0.96580808225554904  0.96691254391060832  0.96800504166467471
  0.96908344944535663  0.97013152135428427  0.97116079284181722  0.97217908231251948
  0.97321434038703591  0.97428249362497676  0.97539171596613439  0.97652625061381582
  0.97760520574353438  0.97859815891873103  0.97958879575960578  0.98061783073907949
  0.98159163665371219  0.98265310816673757  0.98375255785771232  0.98490061772551907
  0.98621052871165571  0.98756615619109755  0.98895684221659597  0.99034084007848244
  0.99182159883307297  0.99353020460147334  0.99588212704183743  1.00000000000000000
   8.4847030204668322E-018  -1.0000000000000000     
 F F F F F F F F F F F F F F F F F F F F F F F F F F F F F F F F F F F F F F F F F F F F F F F F F F F F F F F F F F F F F F F F
  <DiscreteSampler_grid>
  grouped_processes
  1 # 1 for a reference and 2 for a running grid.
  10 # Attribute 'min_bin_probing_points' of the grid.
  1 # Attribute 'grid_mode' of the grid. 1=='default',2=='initialization'
  0.0000000000000000 # Attribute 'small_contrib_threshold' of the grid.
  0.5000000000000000 # Attribute 'damping_power' of the grid.
 # binID   n_entries weight   weight_sqr   abs_weight
    10   10   9.772949662090114E-007   5.005642664405842E-012   9.772949662090114E-007
  </DiscreteSampler_grid>
