  0.00993567612934443  0.01463914468443990  0.02263068016699588  0.03246680314969894
  0.04272733458372095  0.05323997044420983  0.06402947343161106  0.07484974102438581
  0.08591939567777071  0.09724808727018279  0.10785331157887076  0.11739997273024232
  0.12666159115125505  0.13547797036068049  0.14438250200972555  0.15327376854248378
  0.16197483557804288  0.17114008450380852  0.18137236178768906  0.19285568847576609
  0.20632044361613042  0.21914952895918202  0.23184359580917169  0.24435700942124236
  0.25566170653014836  0.26584078782113324  0.27516756773952084  0.28448853831710913
  0.29432777311724756  0.30446559760940178  0.31399734935325052  0.32432244590217973
  0.33510622992684158  0.34538707781220035  0.35489923848814819  0.36444960312423080
  0.37406130620452954  0.38321275794674764  0.39243201685501383  0.40190580819699384
  0.41165057237576880  0.42128521029131427  0.43094237989237516  0.44076893820711410
  0.45016930817440803  0.45966458918045466  0.47067043492539817  0.48181317963467141
  0.49325739226322257  0.50457032494270126  0.51572829952431154  0.52724325317720477
  0.53854095840127802  0.55031886997647994  0.56139935675590646  0.57260147875516854
  0.58398904685522834  0.59595375142896856  0.60781249465228271  0.61880460609174048
  0.62854806631810101  0.63722912121691977  0.64645222228549748  0.65604782707366505
  0.66544261578557817  0.67467167993645116  0.68426043928546443  0.69454023698552680
  0.70494471297843830  0.71479791819058924  0.72445109039882982  0.73443245777264043
  0.74422670646138167  0.75457784724603261  0.76595936772243356  0.77783803291446862
  0.79028890990586376  0.80251819101245847  0.81459331442132143  0.82682344186188039
  0.83895391616309745  0.85025099125236636  0.86129912811927234  0.87115760524206398
  0.88098781947658988  0.89090624015866959  0.90233592735688040  0.91481901463356241
  0.92692627694518415  0.93836464688299381  0.94967080791802994  0.96074595536246887
  0.97175500908830270  0.98213892160534089  0.99125294660627916  1.00000000000000000
  0.01113526529410211  0.01487608225834466  0.01707392147748061  0.01881666813387374
  0.02038442742475394  0.02185175039597436  0.02326668075452484  0.02461639879986741
  0.02590911281612689  0.02717336126026718  0.02842212751123526  0.02971490278071193
  0.03101403077148793  0.03230292160067914  0.03359549907461920  0.03487587168788944
  0.03614209467051935  0.03738732074378584  0.03865050738200707  0.03990348559235023
  0.04126006696214358  0.04252694642922638  0.04381047270983175  0.04505701898517844
  0.04629333052240884  0.04750354604858518  0.04877086819289477  0.05015830817657868
  0.05156739781875046  0.05300362825130899  0.05442077441736818  0.05585550051806144
  0.05731729541911279  0.05880580418175799  0.06035250781787822  0.06197740536561743
  0.06367246844211323  0.06540779646962028  0.06709998844731847  0.06884952997220864
  0.07067836871037897  0.07278829246988874  0.07498826001783844  0.07708534423864252
  0.07904207370015011  0.08086142141731235  0.08259173859136577  0.08434242702679889
  0.08620414746385589  0.08825753098112438  0.09041874824707022  0.09255108164708760
  0.09473082996017634  0.09715884673834220  0.09960688801515739  0.10194101588706514
  0.10422277052387688  0.10651700429774140  0.10889443526791945  0.11126915595970580
  0.11393919619011396  0.11673184072400512  0.11975966465575577  0.12250662903913970
  0.12556207141221032  0.12914111579802354  0.13277777406855587  0.13615903033993210
  0.13952774750307456  0.14294296026165187  0.14637980051919053  0.14976649512479290
  0.15311461855152242  0.15668096840264403  0.16068495154211621  0.16559967135608866
  0.17262251195990955  0.18106769916654486  0.19004135766655583  0.19940721868038622
  0.20887741989899894  0.21780050856474040  0.22545339566879891  0.23259169522661172
  0.24033309025694971  0.24857413952541213  0.26071985347054921  0.27966413305242666
  0.29655308620841264  0.31209588611184619  0.32341083565063455  0.35570284272088548
  0.40040020296658224  0.43743888396364072  0.46624340236817746  1.00000000000000000
 -0.00000735507835204  0.00004316918435429  0.00008111031064819  0.00011533276191623
  0.00015443464492229  0.00019414291606469  0.00024446304765076  0.00029694995748738
  0.00034687456507708  0.00040236695127631  0.00046048516156419  0.00051731855289887
  0.00057727525242656  0.00064656931447758  0.00072480489310802  0.00080522151843314
  0.00088736465423519  0.00097355304837376  0.00106840522109996  0.00117105504083522
  0.00127740412145462  0.00138747141163155  0.00151247627779982  0.00165413842728733
  0.00180211890368377  0.00195462432141723  0.00210961086426151  0.00226411860333052
  0.00238717667879420  0.00252995882062338  0.00267817797157813  0.00282165042374103
  0.00296059590248845  0.00310661609338670  0.00329174419396459  0.00349462942540338
  0.00367363178141845  0.00387032012998198  0.00408573352389912  0.00430071716696823
  0.00453122396138734  0.00479186427767794  0.00507331400084856  0.00535055292619031
  0.00561921002710632  0.00589573307485953  0.00621612885063758  0.00656326104261114
  0.00694178115385159  0.00735374175961181  0.00784171421549921  0.00833523543455593
  0.00882209827763125  0.00931114463196433  0.00980287134798075  0.01030744553069494
  0.01082940927024600  0.01141558035131702  0.01208784465378179  0.01284163549344451
  0.01364963782751543  0.01451478985974467  0.01545344298031249  0.01645727155274787
  0.01750813596833442  0.01861829013955376  0.01979462945759093  0.02097613782774990
  0.02213196448414295  0.02327729593949767  0.02448310434283404  0.02579567598850645
  0.02724959754491223  0.02897810659054521  0.03094275656713380  0.03307147506840322
  0.03553377710800124  0.03790531368263900  0.04033924383690678  0.04286891817663990
  0.04565257542197872  0.04909719250804043  0.05345363174882980  0.05828888560026156
  0.06338915319329678  0.06942102810370129  0.07671830718524783  0.08558406307603768
  0.09531999080514250  0.10602575699284707  0.12936979977478724  0.14939837728003025
  0.17298355608694566  0.25446972396932038  0.29350558756600997  1.00000000000000000
 -0.00240704499620810  0.00968462463662957  0.01981339382218673  0.03047404643616433
  0.04092245144180247  0.05090428186346155  0.06033399743938968  0.07011378623768291
  0.07989195631574131  0.08990792946529320  0.09989393102968810  0.10922697011945182
  0.11796685333030246  0.12670209383048950  0.13550644185316302  0.14458721951062686
  0.15427489647161663  0.16416068734897282  0.17535065596280092  0.18688912050555029
  0.19772780984363172  0.20813507075614215  0.21882688755717777  0.22956185984503938
  0.24048339875603736  0.25089386977579403  0.26047368774561397  0.26997208876249890
  0.27904397783331591  0.28814017558275701  0.29689397992449024  0.30554719748883347
  0.31403556486535600  0.32296858951296131  0.33237536710198939  0.34270980986617910
  0.35330200885132718  0.36391379675009744  0.37447136259782826  0.38590966737129889
  0.39743234141021866  0.40904663413123493  0.42129650499910187  0.43447090220597934
  0.44640942183799776  0.45794375946237881  0.46865671052262881  0.48000662075883410
  0.49156417030185878  0.50327868664473208  0.51508184927367906  0.52640461971161878
  0.53838178749102517  0.55005357184150683  0.56218705732322949  0.57457835060654439
  0.58666310616091699  0.59858488797235687  0.61064511043275993  0.62262123600430219
  0.63345698648127280  0.64350765372570318  0.65363465721824165  0.66426041446946127
  0.67483985106725175  0.68489670761049548  0.69450442274108193  0.70392367277690837
  0.71339013670144658  0.72309794194269561  0.73324709561458301  0.74399007655934069
  0.75465381479068550  0.76486919329575176  0.77438546077278403  0.78292354118709528
  0.79139467195412250  0.79983709849317275  0.80840442691086101  0.81747846045065287
  0.82737511685650411  0.83808724372677301  0.84952781399385424  0.86096790512563659
  0.87193134062102307  0.88288955852157991  0.89378125105669759  0.90553164402185682
  0.91827309302003313  0.93202422348796821  0.94546377198481724  0.95779596862532235
  0.96906905858836012  0.97994531660516881  0.99036581572574467  1.00000000000000000
 -0.00275723268288042  0.01024479462693395  0.02020901800847591  0.03013289859761730
  0.04064737151691486  0.05129937838727155  0.06246403492914204  0.07250168293161748
  0.08211938279470159  0.09209324294922044  0.10219489654409362  0.11395684024336551
  0.12605747827929817  0.13791899969631038  0.15021402179370760  0.16237125422520546
  0.17562273142630266  0.18746167895610633  0.19780003124254855  0.20712526168693854
  0.21657515444633904  0.22642224470255726  0.23594173948511099  0.24551485936531009
  0.25570985989213213  0.26603437652005180  0.27599038771018752  0.28628060441263009
  0.29789524195384048  0.31016690191778223  0.32281400254875542  0.33542281656315065
  0.34806914658591120  0.36036469409015470  0.37269663451525192  0.38480049815924122
  0.39592569905295166  0.40637522019816225  0.41681848229076895  0.42704394265613177
  0.43719075892359344  0.44736782069362929  0.45796148609199477  0.46767056983706201
  0.47767284393709519  0.48779599529264106  0.49788375871124230  0.50721855089741952
  0.51673584912027970  0.52669567338118606  0.53712566919519389  0.54776220769188855
  0.55862395512451635  0.56957145558269506  0.58072693953939580  0.59155468523437160
  0.60212227787302974  0.61211015224070753  0.62195775745892334  0.63108599086540917
  0.64015556481992153  0.64940669010765173  0.65891399204568712  0.66820016439959518
  0.67751005182194501  0.68668824924069460  0.69667035382690679  0.70670805375311940
  0.71736513249546829  0.72823914002664913  0.73934529723922537  0.74963245368415532
  0.75987373751475851  0.77026971340721007  0.78013853537651234  0.79011310542956859
  0.79986548892042708  0.80944959330731725  0.81931123514466753  0.82981975948206477
  0.84084871356151325  0.85195927980240127  0.86281117595799650  0.87353946712635666
  0.88526062830654939  0.89748947387611833  0.90899478992943172  0.91994878203156905
  0.93140927917738825  0.94191042124743929  0.95164941429930527  0.96110477539309136
  0.97064088057383890  0.98073953253079882  0.99043050929614940  1.00000000000000000
 -0.00127136793483255  0.00608517122983692  0.01223062260641254  0.01867982720288704
  0.02541418120472920  0.03216815655103015  0.03886812942263135  0.04590847840972843
  0.05307343419188847  0.06042420034755259  0.06774286427434842  0.07492303914299978
  0.08242154670389312  0.09021522072872143  0.09813844960897340  0.10666668162839708
  0.11516380152258132  0.12299743334699911  0.13069436036457646  0.13850658390837173
  0.14605926894242324  0.15379945778791090  0.16187553466836402  0.16979962528540338
  0.17777813587061098  0.18577884764796976  0.19402601237150402  0.20337612232782099
  0.21222209797495145  0.22115991969079662  0.23000907609190327  0.23844358925495981
  0.24703441947997223  0.25543074879979172  0.26351118021646941  0.27176375618676629
  0.27991563023298571  0.28804728289613024  0.29598523084268830  0.30364379094009197
  0.31164994364493348  0.32033727363695347  0.32895782572723492  0.33755691462044152
  0.34587123945403897  0.35385192235500457  0.36290742352565730  0.37232814820538418
  0.38212291708946611  0.39238069840190387  0.40286897176565251  0.41328200640830831
  0.42363134701636807  0.43397811247860879  0.44429403130819534  0.45452193340813868
  0.46453597090480853  0.47439032557452210  0.48383521513934769  0.49273908131601207
  0.50210962199165976  0.51132805723576291  0.52075310632368943  0.53052451844188842
  0.54037326456535040  0.55155318027630229  0.56187291551303153  0.57307610035713341
  0.58442680845224426  0.59612686564407025  0.60940797995621565  0.62354831158875379
  0.63729156911018769  0.65028224504933518  0.66307248845711975  0.67434201303089070
  0.68638401513331315  0.69950349399269018  0.71299004902770102  0.72606916094214624
  0.73870938133213826  0.75170266912387218  0.76460255708569447  0.77727559909546529
  0.79091464107782605  0.80721009301264157  0.82441515759139306  0.84012078139907964
  0.85547890548812355  0.87056333205960035  0.88712022868630325  0.90663674274396988
  0.92999607620583302  0.95452656063281349  0.97684324349462426  1.00000000000000000
 -0.00263737462452463  0.00973246952542034  0.02065720575438121  0.03144068943941886
  0.04266946328818973  0.05338059321386537  0.06382639844034846  0.07421573836245748
  0.08480522768793546  0.09591837550439269  0.10733848464564276  0.11836229186561351
  0.12920034015668533  0.14023614387944289  0.15127248766038151  0.16175910720370773
  0.17105940525250807  0.17942980756013180  0.18797943847906801  0.19707633161736718
  0.20633557808867392  0.21528783160898843  0.22428272971310395  0.23404463419900751
  0.24496417434137222  0.25573151411375883  0.26557039579806557  0.27539195891971707
  0.28573665822970457  0.29618186772104671  0.30680748027609633  0.31681485220734940
  0.32646943269085876  0.33567571239317912  0.34448677952925488  0.35355384248205823
  0.36264320674425121  0.37101236714982133  0.37979585643198588  0.38903593545663145
  0.39863732059972423  0.40858459058911067  0.41944127359473488  0.43113355960448757
  0.44269500091144381  0.45379029500389567  0.46407035194609469  0.47422981269398451
  0.48520242450067796  0.49684004328276260  0.50862318754175628  0.51983402514195109
  0.53020988461753615  0.54008794226629520  0.54931553617832640  0.55806189566168507
  0.56689119659004095  0.57579324247787023  0.58478804274623852  0.59426819123676955
  0.60416447687084596  0.61559438369901909  0.62752105829744986  0.63893441941575446
  0.65037070969487965  0.66223432641308755  0.67442858830528296  0.68660666983302709
  0.69893615458316527  0.71055418814260896  0.72106209750500150  0.73184867253222263
  0.74276672467093419  0.75347381107510969  0.76358175317527810  0.77377861108569423
  0.78460055293771813  0.79543032695620985  0.80604588241427810  0.81801408348114790
  0.83088980766525522  0.84390338717696189  0.85649419778320479  0.86949234449963442
  0.88196326698672578  0.89427759463793377  0.90663805019215826  0.91894942702133642
  0.93062557956540992  0.94113163201253636  0.95064014160551924  0.96017423558468618
  0.96987713009929377  0.98033318812532999  0.99028548846932218  1.00000000000000000
 -0.00243427126949532  0.00997051074917180  0.02081985302745811  0.03118501677740241
  0.04166071401915412  0.05188347217669918  0.06258235542773755  0.07349982158913923
  0.08502542962054173  0.09655858310846877  0.10792191085597552  0.11865086213693538
  0.12916211358196786  0.13944743388364703  0.15121185976021198  0.16397066960361462
  0.17643162825319691  0.18908805021861111  0.20191039498552027  0.21453481646785150
  0.22734446411029538  0.24027078326401977  0.25276963369460076  0.26447195131595580
  0.27556277675146046  0.28616114170701501  0.29642448371762797  0.30587874852274410
  0.31529553984642716  0.32492944226512405  0.33505887162250114  0.34519596341813946
  0.35560621947150639  0.36659721398062423  0.37778970250673050  0.38891421547799515
  0.40010901480443928  0.41194872204777438  0.42293505852542429  0.43455329101061141
  0.44738538883157991  0.46038709254752119  0.47057675594502063  0.48021391714881267
  0.48996474540837237  0.49947660980573599  0.50824854457031132  0.51687541282787552
  0.52677443755104436  0.53798606732630150  0.54880699816691370  0.55897236685613849
  0.56920887690331712  0.57991367513573433  0.59021324048169554  0.59992752235755209
  0.61002797410500398  0.62103143399798433  0.63174510674275697  0.64203620563046215
  0.65234998800876287  0.66319110329453934  0.67418280319566204  0.68510017901364195
  0.69591922981219667  0.70669090921491973  0.71714527054255595  0.72681597580089108
  0.73555859035276028  0.74378015208689940  0.75262057376698022  0.76197356313252351
  0.77195691854447401  0.78225901507529727  0.79319927609890506  0.80422256461304442
  0.81480508193655654  0.82507945375448533  0.83543799983971967  0.84614083765958481
  0.85628554846027749  0.86560230415833184  0.87443729804335757  0.88329826588346516
  0.89199759858828731  0.90119241191190558  0.91027038770887736  0.91995506303725150
  0.93148617535111633  0.94181084554162442  0.95173372303990988  0.96139564233412478
  0.97096917214629885  0.98060145098849705  0.99020640776615876  1.00000000000000000
 -0.00827141803301033  0.37268259300795725  0.48693327320137053  0.55392975969978564
  0.60135517570271957  0.63732339584755604  0.66544900034756926  0.68912312976348644
  0.71017805606945916  0.72875182524713711  0.74428418231762550  0.75846790011881882
  0.77103728179606001  0.78177179337127178  0.79172844438966261  0.80101071439978455
  0.80964028814709466  0.81725705455919728  0.82414090590300693  0.83099981716312243
  0.83778616235284231  0.84403430059190465  0.84987640522279451  0.85545341437548150
  0.86099696592283492  0.86620866671475449  0.87093637758229769  0.87527921559977884
  0.87929296609966123  0.88322153332539732  0.88713616331099121  0.89103018218782204
  0.89489194865287491  0.89825882323148010  0.90126605320194741  0.90415222147232788
  0.90688284042236100  0.90951159594900666  0.91210711917936227  0.91458562383924979
  0.91691105094322489  0.91906880485834852  0.92113300687735933  0.92312610060395417
  0.92509024070305290  0.92705260700997560  0.92902521274764049  0.93094337254725223
  0.93279749629763054  0.93462805679935468  0.93641525540825976  0.93812567956158077
  0.93979376030138673  0.94145618539336484  0.94312643227527937  0.94479816543439621
  0.94640936758348215  0.94792016079183161  0.94933836219281131  0.95069972629558774
  0.95198974899998456  0.95326309546346977  0.95455246462177812  0.95588732858681746
  0.95719991193804055  0.95849991079257024  0.95977545987393476  0.96102209064413036
  0.96224859731052048  0.96344071103498097  0.96462772151011333  0.96579783409918674
  0.96694552504531617  0.96815728989697492  0.96932377082991594  0.97049061017038685
  0.97166582057390805  0.97284119866420726  0.97401416012582365  0.97514986339334664
  0.97626845051298294  0.97738303665408155  0.97851342286498877  0.97964391662843198
  0.98078221783597630  0.98193780327974378  0.98310638294501695  0.98429162068293574
  0.98552222717739757  0.98682584599430634  0.98821167564129975  0.98972852967780423
  0.99138707903019940  0.99336006662969223  0.99600112300777588  1.00000000000000000
   3.1118644940746734E-014  -1.0000000000000000     
 F F F F F F F F F F F F F F F F F F F F F F F F F F F F F F F F F F F F F F F F F F F F F F F F F F F F F F F F F F F F F F F F
  <DiscreteSampler_grid>
  grouped_processes
  1 # 1 for a reference and 2 for a running grid.
  10 # Attribute 'min_bin_probing_points' of the grid.
  1 # Attribute 'grid_mode' of the grid. 1=='default',2=='initialization'
  0.0000000000000000 # Attribute 'small_contrib_threshold' of the grid.
  0.5000000000000000 # Attribute 'damping_power' of the grid.
 # binID   n_entries weight   weight_sqr   abs_weight
    10   10   6.247810469541927E-004   2.107196716719590E-006   6.247810469541927E-004
  </DiscreteSampler_grid>
