  0.00936806276904094  0.01674137594880201  0.02720213923474870  0.03808043138616671
  0.04810038079511066  0.05779917698781119  0.06780651524098363  0.07826847834848540
  0.08861976194911156  0.09889469418230609  0.10926109951079710  0.11897562787180097
  0.12821726743032544  0.13788826395176293  0.14845396176088602  0.15988566969922788
  0.17112019312267510  0.18129146730965900  0.19214819054264945  0.20265563795902050
  0.21411576237393851  0.22503067534938528  0.23655307905635253  0.24815099664077880
  0.25970323248952126  0.27082708454658033  0.28147417707042527  0.29184056760373062
  0.30206707522716447  0.31223488973309083  0.32259170419119482  0.33330802794271719
  0.34422798096000523  0.35497193665309834  0.36573224680283978  0.37730965610012107
  0.38940676407659180  0.40011461697471223  0.40975602713439585  0.41937440216069233
  0.42977829860011718  0.44043860792986050  0.45038183678496341  0.45999155168060712
  0.47030433718432613  0.48101545257522316  0.49221139715496276  0.50316337959484303
  0.51386372684470283  0.52478377435033141  0.53570524231730354  0.54628611042490616
  0.55644759406210365  0.56580020818078336  0.57437324767627518  0.58319107411037308
  0.59231368798266248  0.60191792302438751  0.61218355159399940  0.62302738964416549
  0.63441304864467485  0.64628894798636183  0.65745692683687718  0.66910946246083036
  0.67888522444968658  0.68842083815904143  0.69740105527792695  0.70696491607301293
  0.71641997894927500  0.72598259448608982  0.73596095706742182  0.74620102853971182
  0.75623537594066637  0.76629372711417865  0.77704037090608602  0.78866787665260818
  0.80041118566599623  0.81204410180423869  0.82335160572947985  0.83388731356810653
  0.84350042432177408  0.85265971554143005  0.86172562779638728  0.87150231104716214
  0.88159652746984940  0.89193544125336410  0.90293373227287399  0.91426085879020391
  0.92538119853249912  0.93697766705182495  0.94723712454715603  0.95800617814053990
  0.96911468402727396  0.98040914522110822  0.99115275515634349  1.00000000000000000
 -0.00000614762400137  0.00003653089610333  0.00007518769648868  0.00010771494124085
  0.00014108704969121  0.00017605958268998  0.00021487271293745  0.00025774987032863
  0.00030594696654147  0.00035522091087397  0.00040357098172897  0.00045311192691311
  0.00050784700864902  0.00057097869704697  0.00063957945780099  0.00070762994517869
  0.00077317481467819  0.00083985534369112  0.00090701568896716  0.00097977417369422
  0.00105476916431015  0.00113640476694778  0.00121758833402340  0.00129754740137123
  0.00137860383075517  0.00146132153537733  0.00154913325181656  0.00164402343780573
  0.00174600267949702  0.00185371124012951  0.00196249198378166  0.00207433522409260
  0.00218619391665692  0.00228856947366040  0.00238230388143728  0.00247830380461571
  0.00258505311024216  0.00269778188324215  0.00281360105581995  0.00293260088233188
  0.00305762111101480  0.00319964594499977  0.00335536641853994  0.00351284348721168
  0.00368029606459312  0.00387392856636497  0.00407956770680390  0.00428828021908719
  0.00449582224169340  0.00470185831599618  0.00491351098235174  0.00513843607374461
  0.00537088648380018  0.00560960794870082  0.00585719616001958  0.00613798512363310
  0.00643683180517961  0.00673833354040858  0.00705198415806388  0.00736629890043847
  0.00768604082229979  0.00802325851196476  0.00837587372829616  0.00873333475471878
  0.00911572789424697  0.00952642535801330  0.00996073112404234  0.01045283844239085
  0.01099975124401665  0.01156740722885095  0.01216980804888329  0.01283890279081976
  0.01355831201085769  0.01428912325665485  0.01503971099522511  0.01586106684301303
  0.01683631800163283  0.01785779920163152  0.01897176117529807  0.02020702202053859
  0.02151006483475814  0.02294354904935996  0.02480561473380529  0.02707007961735921
  0.02940620888925297  0.03191047417944431  0.03468462791277357  0.03804637027958931
  0.04220490767483905  0.04731437027916933  0.05418823827360987  0.06374806385304854
  0.07563079760652856  0.09425732065230520  0.27291701498980653  1.00000000000000000
 -0.00000661995062521  0.00013198358737134  0.00025997017634407  0.00041900647173127
  0.00060738812633667  0.00079916117881259  0.00099484920168280  0.00119784705869078
  0.00143194248860435  0.00169452820145090  0.00197532273687001  0.00225840147894249
  0.00254707772593324  0.00282343562285931  0.00311572282863426  0.00343317279239409
  0.00377891256067413  0.00414029986426419  0.00450848312607573  0.00487689739584247
  0.00524671519328384  0.00562357613651092  0.00600730922004359  0.00640483712703307
  0.00681806549538052  0.00724140325368688  0.00768371832204300  0.00812408068826456
  0.00853997387499069  0.00893485733929513  0.00933615529766182  0.00975223837045614
  0.01017904567265925  0.01061352628111279  0.01104866438482287  0.01149646525326261
  0.01198141936026472  0.01249337219414557  0.01298087107110383  0.01348408873044373
  0.01401010557419072  0.01454430044860885  0.01510294997282810  0.01571330164222014
  0.01635906651993038  0.01705074092625489  0.01780242950297670  0.01857110140748414
  0.01934008187277314  0.02012759401109408  0.02093186476449166  0.02174215716462609
  0.02256995795868720  0.02350415020584059  0.02440384285288698  0.02531712947592907
  0.02626397098028414  0.02724662265293534  0.02825696456114904  0.02932135104032049
  0.03038910797881246  0.03154901830724171  0.03264916609007673  0.03374983941429677
  0.03489125606318050  0.03607369634188522  0.03735125452910868  0.03874699945621602
  0.04021885884965497  0.04176330837054891  0.04342457125150512  0.04511656154246375
  0.04679557930696920  0.04862982715649286  0.05057660200682106  0.05254645375332945
  0.05460470206506478  0.05686496917466770  0.05929396102351989  0.06210002113568366
  0.06548110483828300  0.06933410747888530  0.07327721304356756  0.07659796027560942
  0.08011536483324697  0.08393434822285299  0.08833053422230104  0.09333195529773626
  0.09843193154829162  0.10333622158000819  0.10797342090180749  0.11286113535043629
  0.11878591867075015  0.12587661673666120  0.40632039487881361  1.00000000000000000
 -0.00172706064816638  0.00896978881976417  0.01864764730599407  0.02869235920202352
  0.03899209950010470  0.04881440508471138  0.05924592977196290  0.07079852530218556
  0.08197514730593444  0.09244250576916349  0.10298610647689112  0.11341877469657978
  0.12447488830071846  0.13464052040464414  0.14533569600600765  0.15542426979036994
  0.16566309273742172  0.17644927734010254  0.18664540905432403  0.19709648796704402
  0.20756032595359813  0.21882612871805854  0.23007593626749445  0.24201201417554252
  0.25349006318198025  0.26528556899516997  0.27709105109420884  0.28936507117059945
  0.30155267896126708  0.31310017168062065  0.32428639421250915  0.33530173343779679
  0.34689162847282112  0.35785003025989126  0.36826641663503223  0.37903328899554917
  0.39037824901614765  0.40244592852452443  0.41344883748289990  0.42325519665899847
  0.43258447777641207  0.44204736633916425  0.45211398720004076  0.46244813266133128
  0.47258958505814597  0.48301631212490326  0.49369997413978550  0.50416377259506417
  0.51445973402769851  0.52438383027076885  0.53458662163879644  0.54538253786625257
  0.55596558333219326  0.56590674290879184  0.57531914570616494  0.58551206466757433
  0.59646353444346012  0.60686055078346046  0.61612930042061587  0.62584545497984478
  0.63521395370564460  0.64441891096017478  0.65224040529591898  0.66024360858913311
  0.66865877352097614  0.67816501341620916  0.68798971020058519  0.69786835094395205
  0.70772862921830682  0.71850945820370582  0.72960314658616277  0.74109122301182184
  0.75235381525855538  0.76291916847263286  0.77333671294484896  0.78466663406922932
  0.79626673377752522  0.80811198543570817  0.82012741405760003  0.83247525386068677
  0.84502999260143741  0.85720497650730410  0.86834317326945321  0.87850404684160832
  0.88787971944321664  0.89766242980335498  0.90755186594640425  0.91764345499876665
  0.92763776109293961  0.93819314335663484  0.94941797746932099  0.96042340280012362
  0.97065350864201250  0.98023314592481925  0.99006169193287363  1.00000000000000000
 -0.00228954914204696  0.00955127467693355  0.01975233066995500  0.03023298822582486
  0.04047266487943397  0.05042406887487950  0.06064445589507206  0.07068233339214208
  0.08095260672832329  0.09147168585545233  0.10185560858149466  0.11233299093199831
  0.12324848750446710  0.13463623458558269  0.14695145160011169  0.15915849864446291
  0.17039263082245606  0.18116252249974815  0.19186304021358194  0.20308360307313617
  0.21442248762496888  0.22553016805494264  0.23641751181783452  0.24726847578367100
  0.25835965602937705  0.26983516170871880  0.28064997013035337  0.29131307472707596
  0.30124818475829951  0.31076192206130798  0.31962125391325136  0.32857564890001401
  0.33788747258304197  0.34783218547561684  0.35811156316239862  0.36847541378880411
  0.37902831952577454  0.38978540017365776  0.40056518331478053  0.41140420690652574
  0.42274552794494952  0.43496616332109944  0.44787500508309125  0.46004072650414618
  0.47029554956786057  0.48029255097974632  0.49048379776587536  0.49971897049423020
  0.50912759546772035  0.51808402934704423  0.53025600450307286  0.54135853854815541
  0.55138713982494536  0.56104289579280819  0.57112829783725150  0.58167498892343050
  0.59221926039737449  0.60259546525045815  0.61259163491851742  0.62219777370642382
  0.63127238325602453  0.64003125724355092  0.64884624955345438  0.65815281898074296
  0.66829290769274474  0.67907834240530196  0.69019164791125842  0.70115282016584735
  0.71228919693862214  0.72353590171633020  0.73450767812347428  0.74535641121411333
  0.75787518060280934  0.77031223810008909  0.78309689206672672  0.79502221519562499
  0.80687375923675242  0.81766280717746431  0.82699255445990083  0.83602054545053739
  0.84529201210485116  0.85476407428776269  0.86424553521115033  0.87376949140987836
  0.88327262408656448  0.89306981132322660  0.90345834277346027  0.91359027182359431
  0.92343134799800008  0.93353294252862695  0.94422210533814122  0.95490961053725276
  0.96551535627708640  0.97571715004578385  0.98774712111657070  1.00000000000000000
 -0.00258726543145891  0.00906023263228670  0.01930519924228379  0.02964485526745155
  0.03959935540632860  0.04918570850271999  0.05874651650353573  0.06861834684181949
  0.07823332586721744  0.08777970484116918  0.09731964018453353  0.10751737871340113
  0.11844507096851827  0.12948283499771510  0.14007716001476300  0.15012275485250426
  0.15966610572521231  0.16904538274398503  0.17785528160392633  0.18702578321797014
  0.19723507971918464  0.20784139102964139  0.21850224736891372  0.22943675734159841
  0.24103242794993401  0.25282973207899229  0.26452360248184809  0.27625865002153621
  0.28819631521583794  0.30070666850764860  0.31313265260640755  0.32538395542708132
  0.33686653490615476  0.34799615010080709  0.35952097221370527  0.37193146814763983
  0.38272515386123601  0.39223772146425584  0.40106236766039127  0.40976471572853390
  0.41849438670760741  0.42744158509115843  0.43689199673594747  0.44738094397617106
  0.45793362233923479  0.46818710417280279  0.47846075742399019  0.48813351760109808
  0.49808987855186859  0.50746810868405534  0.51689642539719716  0.52702929491789763
  0.53798326580664269  0.54985012941145828  0.56246638565456619  0.57557919212549036
  0.58835562867898028  0.59981730215999263  0.61010702504447578  0.62002114316038182
  0.63027628558732263  0.64101397794969550  0.65147541212493731  0.66144900246325167
  0.67149909863499702  0.68188444925054781  0.69288179122469695  0.70414717649465253
  0.71524397315276755  0.72588867402369150  0.73651259076625197  0.74677715637462905
  0.75664824132265840  0.76665772937542809  0.77694869867282057  0.78744811693034611
  0.79785078273081356  0.80842437142338641  0.81921353108311279  0.83015676312467224
  0.84098461430311455  0.85189235285104847  0.86278554565684373  0.87363645152914537
  0.88425996288856368  0.89492361773377982  0.90614289708249984  0.91705142275776141
  0.92716324747450518  0.93718668048790110  0.94739967299943262  0.95782480100315237
  0.96767587458625837  0.97781165398153125  0.98878975563567906  1.00000000000000000
  0.01165183828089909  0.01253774669872247  0.01452080555063139  0.01618161560854606
  0.01764673633776084  0.01897921970957045  0.02021131175950138  0.02158571564607563
  0.02310573961076525  0.02457774570508338  0.02597627038298538  0.02738572027658072
  0.02880679111888751  0.03023800512890386  0.03167100884792305  0.03305365872576251
  0.03441560206336291  0.03576436778479059  0.03710463874145134  0.03848539226187107
  0.03986316512664323  0.04121809623356870  0.04252919581696062  0.04370120916095726
  0.04489233073907462  0.04614450464129015  0.04747111096925543  0.04886973094044775
  0.05024794192980177  0.05169129740383679  0.05307472370918739  0.05443057261790754
  0.05581256878954612  0.05724918005672826  0.05866706583861807  0.06011454694728387
  0.06163660946768239  0.06320212574689303  0.06475978551345253  0.06631691743112324
  0.06785103408657596  0.06941371325223039  0.07096397707166030  0.07255765621728430
  0.07418970983786947  0.07583402035050739  0.07754507197427218  0.07934378697149465
  0.08110295801162963  0.08290197315156234  0.08482143995245574  0.08678342892350371
  0.08870131909075012  0.09055126420912971  0.09240755864370617  0.09434564349535120
  0.09627490508893222  0.09826434849818134  0.10026285279975274  0.10230545864764695
  0.10431354579447284  0.10638730962616660  0.10853243976656134  0.11065592220357595
  0.11277664378286895  0.11490520365263114  0.11706348047346400  0.11925107212416151
  0.12141494526013014  0.12354636913636420  0.12579907701819532  0.12801353981544042
  0.13037549037333318  0.13270156808674274  0.13514347430017401  0.13762593690421168
  0.14022522557234848  0.14323637709668979  0.14662400597031261  0.15019069359247944
  0.15364248608753270  0.15749590959542309  0.16150891820015473  0.16574343870628844
  0.17155593779444300  0.17776764278051302  0.18457935574849893  0.19413967630387197
  0.20509330853173169  0.22152671947484673  0.23692720979953186  0.24675369890523272
  0.26240408237148605  0.29116094301575185  0.32523750752749914  1.00000000000000000
 -0.00202200162136492  0.00823486007244975  0.01650044894611823  0.02511002820099852
  0.03380418906958565  0.04315443365667375  0.05438999274127113  0.06493555277662232
  0.07482869357749525  0.08460646380903562  0.09460674747668062  0.10455846505350036
  0.11409781269173132  0.12357702981146175  0.13328097635213002  0.14287552204804571
  0.15263099693184001  0.16281195709216609  0.17308885733409676  0.18362421969032708
  0.19357555893579326  0.20226970253310678  0.21094207979799789  0.21978423624347873
  0.22923176171352577  0.23923397073793401  0.24872555564459636  0.25825714109580949
  0.26826287432913692  0.27870597272386760  0.28873282990819066  0.29894115819230327
  0.30911324549545860  0.31953850429333086  0.33015310293695310  0.34097996496945993
  0.35217140363072741  0.36410316404899445  0.37639960325466770  0.38837420144022355
  0.40063232521591585  0.41349308634835252  0.42718276129410587  0.44151954547756667
  0.45609393245173752  0.47150371235671878  0.48735381451046378  0.50324325828304417
  0.51894210811571673  0.53412122709554311  0.54900173835235433  0.56406644926209470
  0.57795614401247664  0.59130776852164502  0.60470301934362902  0.61782246852105016
  0.63103358074116822  0.64444451134385528  0.65726925621540622  0.66924547302005066
  0.67913559477485519  0.68926325540215871  0.70041842812924526  0.71073793912989958
  0.72087323205129916  0.73057385050990875  0.74120439644491753  0.75130299104936316
  0.76079770017700665  0.77029085230315553  0.78008860401778790  0.79005594442248539
  0.79986713899976725  0.80935812982942890  0.81880350339621810  0.82834352504152498
  0.83767163694730007  0.84665041923176165  0.85529436699341788  0.86334638413358133
  0.87098881805367900  0.87867798760611104  0.88682694238894089  0.89516014865064342
  0.90308371558137601  0.91020579777364763  0.91736761546898427  0.92524796319426350
  0.93392106816699794  0.94299191226449419  0.95173336931635388  0.96091395027774840
  0.97077698776613686  0.98048366503852269  0.99005633380892555  1.00000000000000000
  0.01531488732664676  0.17713451457112131  0.25594581334147359  0.31395880690707795
  0.35551694786348920  0.38979875719372370  0.41966347933485959  0.44729156294815597
  0.47196583694247807  0.49425245175602356  0.51456193794310467  0.53296832932758220
  0.55031213135233814  0.56646684311844142  0.58165401129923167  0.59662126064360355
  0.61034123041152000  0.62268658881595773  0.63444875524967359  0.64618408938160254
  0.65745170149867527  0.66808706996636780  0.67800188033202324  0.68727607729493723
  0.69616758053157624  0.70505978107585621  0.71382609170073019  0.72218997986537892
  0.72997297871694333  0.73719941762721608  0.74430991598179452  0.75150406090114796
  0.75876035846762646  0.76587788865489737  0.77257748255981218  0.77859459394626196
  0.78453977278520182  0.79011977823888890  0.79549784923170275  0.80058687175099685
  0.80564113493753198  0.81077679825331528  0.81583944629135940  0.82060618114052508
  0.82504357208821466  0.82934187077734223  0.83339719590980033  0.83721313380352458
  0.84102101310125921  0.84475935261814117  0.84847926720006261  0.85219798659261414
  0.85585766016025355  0.85941198731684321  0.86290435806310328  0.86641143935377385
  0.86991699557681068  0.87337950268746256  0.87676067496938892  0.88002084857673279
  0.88315314866397210  0.88621020542337947  0.88930052582379926  0.89232792338904177
  0.89541305686049799  0.89849814458299360  0.90153535788716055  0.90450638966484298
  0.90745619419417134  0.91039639377299553  0.91320907187773581  0.91583950328379826
  0.91838014787906053  0.92084380098387786  0.92324959799467410  0.92562120003451231
  0.92795610400202433  0.93029694863904910  0.93258292216621219  0.93485317599072426
  0.93708603360378451  0.93935965192138104  0.94181656246362211  0.94424032133090297
  0.94669814448454237  0.94915445674248577  0.95164076170387812  0.95419263871751236
  0.95678528118826578  0.95951393416975228  0.96281459958893678  0.96648555414093984
  0.97055935032163021  0.97570821562014498  0.98408740388281279  1.00000000000000000
   5.7921150511430471E-018  -1.0000000000000000     
 F F F F F F F F F F F F F F F F F F F F F F F F F F F F F F F F F F F F F F F F F F F F F F F F F F F F F F F F F F F F F F F F
  <DiscreteSampler_grid>
  grouped_processes
  1 # 1 for a reference and 2 for a running grid.
  10 # Attribute 'min_bin_probing_points' of the grid.
  1 # Attribute 'grid_mode' of the grid. 1=='default',2=='initialization'
  0.0000000000000000 # Attribute 'small_contrib_threshold' of the grid.
  0.5000000000000000 # Attribute 'damping_power' of the grid.
 # binID   n_entries weight   weight_sqr   abs_weight
    10   10   3.954049978570726E-006   3.775608627253074E-011   3.954049978570726E-006
  </DiscreteSampler_grid>
