  0.02187728512628961  0.10108581883064653  0.11160389837929185  0.12060284935985333
  0.12960981993893755  0.13862445347168548  0.14763908700443343  0.15665372053718146
  0.16566835406992947  0.23721973879239536  0.31655913836232907  0.39589853793226282
  0.43121236396615864  0.45091565661467053  0.46036415858220975  0.46362113360284207
  0.46687810862347434  0.47013508364410661  0.47339205866473894  0.47664903368537120
  0.47990604224604477  0.48316316501842232  0.48642028779079988  0.48967741056317748
  0.49293453333555504  0.49619165610793259  0.49944877888031014  0.50270590165268769
  0.50596302442506524  0.50922014719744280  0.51247726996982035  0.51573439274219801
  0.51899151551457556  0.52120612981144265  0.52206406780933268  0.52292200580722270
  0.52377994380511272  0.52463788180300275  0.52549581980089277  0.52635375779878280
  0.52721169579667282  0.52806963379456284  0.52892757179245276  0.52978550979034278
  0.53064344778823280  0.53150138578612283  0.53235932378401285  0.53321726178190287
  0.53407519977979290  0.53493313777768292  0.53579107577557294  0.53664901377346286
  0.53750695177135288  0.53836488976924290  0.53922282776713293  0.54008076576502295
  0.54093870376291298  0.54176642858323654  0.54242493581138185  0.54308344303952727
  0.54374195026767258  0.54440045749581789  0.54505896472396320  0.54571747195210851
  0.54637597918025382  0.54703448640839913  0.54769299363654456  0.54835150086468987
  0.54901000809283518  0.54966851532098049  0.55032702254912580  0.55098552977727111
  0.55164403700541653  0.55230254423356184  0.55296105146170715  0.55361955868985246
  0.55427806591799778  0.55493657314614309  0.55559508037428851  0.55625358760243382
  0.55691209483057913  0.55757060205872444  0.55822910928686975  0.55888761651501506
  0.55954612374316048  0.56020463097130579  0.56086313819945111  0.56152164542759642
  0.56218015265574173  0.60330300215033439  0.68264240172026813  0.76198180129020177
  0.81784459529009024  0.81784459529010023  0.81784459529011022  1.00000000000000000
  0.00002452502655176  0.00002598339278564  0.00002912485384644  0.00004681391479936
  0.00006364879144725  0.00007715455442259  0.00011801525878308  0.00020366814379641
  0.00035184544365146  0.00060697497537298  0.00104601323516902  0.00180815411976930
  0.00312107446700970  0.00538007819459427  0.00928984929289982  0.01394119453170405
  0.01550199721705432  0.01652876444831465  0.01716091813769770  0.01727968851424764
  0.01739845889079758  0.01751722926734752  0.01763599964389746  0.01775477002044740
  0.01787354039699734  0.01799231077354728  0.01811108115009721  0.01822985152664715
  0.01834862190319709  0.01846739227974703  0.01858616265629697  0.01870493303284691
  0.01882370340939685  0.01894247378594679  0.01906124416249673  0.01918001453904667
  0.01929878491559660  0.01941755529214654  0.01955091632476275  0.01968578830089209
  0.01982066027702143  0.01995553225315077  0.02009040422928011  0.02022527620540945
  0.02036014818153879  0.02049502015766812  0.02062989213379746  0.02076476410992680
  0.02089963608605614  0.02103450806218548  0.02116938003831481  0.02130425201444415
  0.02143912399057349  0.02157399596670283  0.02170886794283217  0.02184373991896151
  0.02197861189509085  0.02212044139788632  0.02227372829275638  0.02242701518762644
  0.02258030208249650  0.02273358897736656  0.02288687587223662  0.02304016276710668
  0.02319344966197674  0.02334673655684679  0.02350002345171685  0.02365331034658691
  0.02380659724145697  0.02395988413632703  0.02411317103119709  0.02426645792606715
  0.02441974482093721  0.02457303171580727  0.02472631861067733  0.02487960550554739
  0.02503289240041745  0.02560247592771647  0.02623636940025100  0.02687026287278554
  0.02750415634532008  0.02813804981785461  0.02876499728507790  0.02938522559021551
  0.03000545389535312  0.03062568220049073  0.03124591050562833  0.03186613881076594
  0.03790419333521282  0.06544694119363717  0.07389596673606606  0.07389596673607607
  0.07389596673608607  0.07389596673609608  0.07389596673610609  1.00000000000000000
  0.00003035383077923  0.00009486229859633  0.00014161710831982  0.00023030515808358
  0.00024904779154191  0.00026334313056445  0.00027912331072949  0.00029524822615458
  0.00031279310691269  0.00033810609539935  0.00038242299036333  0.00049892125609311
  0.00050197693558943  0.00050503261508574  0.00050808829458206  0.00051114397407837
  0.00051419965357469  0.00051725533307100  0.00052031101256732  0.00052336669206363
  0.00052642237155995  0.00052947805105626  0.00053253373055258  0.00053558941004889
  0.00053864508954521  0.00054170076904152  0.00054475644853784  0.00054781212803415
  0.00055086780753047  0.00055392348702678  0.00055721834206701  0.00056061944227551
  0.00056402054248401  0.00056742164269251  0.00057082274290101  0.00057422384310951
  0.00057762494331801  0.00058102604352651  0.00058442714373502  0.00058782824394352
  0.00059122934415202  0.00059463044436052  0.00059803154456902  0.00060143264477752
  0.00060483374498602  0.00060823484519452  0.00061163594540302  0.00061503704561152
  0.00061853443696456  0.00062232000500015  0.00062610557303574  0.00062989114107133
  0.00063367670910693  0.00063746227714252  0.00064124784517811  0.00064503341321370
  0.00064881898124930  0.00065260454928489  0.00065639011732048  0.00066017568535607
  0.00066396125339167  0.00066774682142726  0.00067153238946285  0.00067531795749845
  0.00067910352553404  0.00068288909356963  0.00068667466160522  0.00101983431346735
  0.00165823081465794  0.00253189192895385  0.00281864645266058  0.00313787782109010
  0.00372826188533055  0.00606547998006555  0.00902241908406268  0.00922296835639694
  0.00942351762873120  0.00962406690106546  0.00982461617339973  0.01002413460042394
  0.01021646882745343  0.01040880305448292  0.01060113728151242  0.01079347150854191
  0.01098580573557140  0.01256611714006723  0.02045006705754619  0.02876564898598212
  0.02876564898599212  0.02876564898600211  0.02876564898601211  0.02876564898602211
  0.02876564898603211  0.02876564898604211  0.02876564898605211  1.00000000000000000
  0.02395712931950886  0.03908943785572814  0.04991310265038872  0.05985231581034912
  0.06981599279540167  0.07978855303157735  0.08976111326775309  0.09973367350392888
  0.12065540860531263  0.15033913118182329  0.20494043147443247  0.29000271824197354
  0.37506500500951445  0.41210234678961949  0.43362660072484616  0.45515085466007282
  0.53081869574609242  0.54255276657043405  0.54356838846573485  0.54458401036103565
  0.54559963225633645  0.54661525415163725  0.54763087604693805  0.54864649794223874
  0.54966211983753954  0.55067774173284034  0.55169336362814114  0.55270898552344194
  0.55372460741874274  0.55474022931404354  0.55575585120934434  0.55677147310464503
  0.55778709499994583  0.55880271689524663  0.55981833879054743  0.56083396068584823
  0.56184958258114903  0.56286520447644983  0.56388082637175063  0.56489644826705132
  0.56591207016235212  0.56692769205765292  0.56794331395295372  0.56895893584825452
  0.56997455774355532  0.57099017963885612  0.57200580153415692  0.57302142342945761
  0.57403704532475841  0.57505266722005921  0.57606828911536001  0.57708391101066081
  0.57809953290596161  0.57911515480126241  0.58013077669656321  0.58114639859186390
  0.58216202048716470  0.58317764238246550  0.58419326427776630  0.58520888617306710
  0.58622450806836790  0.58724012996366870  0.58825575185896950  0.58927137375427030
  0.59028699564957110  0.59130261754487190  0.59231823944017270  0.59333386133547350
  0.59434948323077430  0.59536510512607510  0.59638072702137590  0.59739634891667670
  0.59841197081197750  0.59942759270727830  0.60044321460257910  0.60145883649787990
  0.60247445839318070  0.60349008028848150  0.63256221082999931  0.71762449759754021
  0.80268678436508123  0.85562684718623339  0.85932539992725787  0.86302395266828236
  0.86672250540930684  0.87042105815033133  0.87411961089135581  0.87742823109784207
  0.88061503710143063  0.88380184310501919  0.88698864910860775  0.89017545511219631
  0.89336226111578498  0.91433092121007487  0.91600495974222818  1.00000000000000000
  0.04089784224828092  0.07162222807503248  0.13791004689675793  0.19725711192354886
  0.21957681892668329  0.24189652592981772  0.30611757124891109  0.31348158609473159
  0.31453983238163552  0.31559807866853945  0.31665632495544338  0.31771457124234731
  0.31877281752925124  0.31983106381615517  0.32088931010305910  0.32194755638996303
  0.32300580267686696  0.32406404896377089  0.32512229525067482  0.32618054153757869
  0.32723878782448262  0.32829703411138655  0.32935528039829048  0.33041352668519441
  0.33147177297209834  0.33253001925900227  0.33358826554590620  0.33464651183281013
  0.33570475811971406  0.33676300440661805  0.33782125069352198  0.33887949698042591
  0.33993774326732984  0.34099598955423377  0.34205423584113770  0.34311248212804163
  0.34417072841494561  0.34522897470184954  0.34628722098875347  0.34734546727565740
  0.34840371356256133  0.34946195984946526  0.35052020613636919  0.35157845242327312
  0.35263669871017711  0.35369494499708104  0.35475319128398497  0.35581143757088890
  0.35686968385779283  0.35792793014469676  0.35898617643160069  0.36004442271850462
  0.36110266900540855  0.36216091529231242  0.36321916157921635  0.36427740786612028
  0.36533565415302421  0.36639390043992814  0.36745214672683207  0.36851039301373600
  0.36956863930063993  0.37062688558754386  0.37168513187444779  0.37274337816135172
  0.37380162444825565  0.37485987073515958  0.45143884410451152  0.53954430452503932
  0.62511561214796763  0.62895974992476888  0.63280388770157003  0.63664802547837118
  0.64049216325517244  0.64433630103197359  0.64818043880877474  0.65202457658557600
  0.65586871436237726  0.65971285213917841  0.66355698991597967  0.66740112769278093
  0.67124526546958208  0.67508940324638322  0.67893354102318448  0.68277767879998563
  0.68662181657678678  0.75547799378735780  0.81936481821710139  0.83882301503383427
  0.85828121185056738  0.88740386579423025  0.94196460665454373  0.95231354635088583
  0.96085823250871649  0.96689406238866493  0.97150266567866006  1.00000000000000000
  0.06414973338445026  0.14758676735798318  0.18308945577829158  0.21100182038056334
  0.21477180770282051  0.21854179502507770  0.22231178234733487  0.22608176966959206
  0.22985175699184923  0.23362174431410637  0.23739173163636351  0.24116171895862065
  0.24493170628087779  0.24870169360313490  0.25247168092539207  0.25624166824764921
  0.26001165556990635  0.26378164289216349  0.26755163021442063  0.28202369517049791
  0.30068292351515236  0.31083189810679146  0.32098087269843051  0.33112984729006961
  0.34127882188170877  0.35142779647334793  0.41724983626345169  0.50364935926382326
  0.58341400506122087  0.58445189472308745  0.58548978438495414  0.58652767404682082
  0.58756556370868751  0.58860345337055420  0.58964134303242077  0.59067923269428746
  0.59171712235615415  0.59275501201802083  0.59379290167988752  0.59483079134175421
  0.59586868100362078  0.59690657066548747  0.59794446032735415  0.59898234998922084
  0.60002023965108753  0.60105812931295410  0.60209601897482079  0.60313390863668748
  0.60417179829855416  0.60520968796042085  0.60624757762228743  0.60728546728415411
  0.60832335694602080  0.60936124660788737  0.61039913626975406  0.61143702593162075
  0.61247491559348743  0.61351280525535401  0.61455069491722070  0.61558858457908738
  0.61662647424095407  0.61766436390282065  0.61870225356468733  0.61974014322655402
  0.62077803288842059  0.62181592255028728  0.62285381221215397  0.62389170187402065
  0.62492959153588723  0.62596748119775392  0.62700537085962060  0.62804326052148718
  0.62908115018335387  0.63011903984522055  0.63115692950708724  0.63219481916895381
  0.63323270883082050  0.63427059849268719  0.63530848815455387  0.63634637781642045
  0.63738426747828714  0.63842215714015382  0.63946004680202040  0.64049793646388709
  0.64153582612575377  0.64257371578762046  0.64361160544948703  0.64464949511135372
  0.64568738477322041  0.72008331246632962  0.80648283546670119  0.86271730430502014
  0.87744317302453323  0.88288987080256143  0.88288987080257142  1.00000000000000000
  0.00713782256959664  0.00927255875981427  0.01140729495003190  0.01354203114024953
  0.01567676733046716  0.01781150352068480  0.01994623971090242  0.02300723435766941
  0.02672681343457903  0.03044639251148865  0.03416597158839826  0.03788555066530788
  0.04160512974221751  0.07295855221937916  0.14547449065565377  0.21799042909192845
  0.29050636752820314  0.36302230596447777  0.43553824440075234  0.46471806024695100
  0.47402993782792302  0.48334181540889504  0.49265369298986700  0.50196557057083890
  0.51127744815181086  0.52058932573278283  0.59144907065703556  0.66396500909331024
  0.73648094752958493  0.75062088310185071  0.75138404068301490  0.75214719826417908
  0.75291035584534327  0.75367351342650746  0.75443667100767164  0.75519982858883594
  0.75596298617000013  0.75672614375116432  0.75748930133232850  0.75825245891349269
  0.75901561649465688  0.75977877407582117  0.76054193165698536  0.76130508923814955
  0.76206824681931373  0.76283140440047792  0.76359456198164211  0.76435771956280640
  0.76512087714397059  0.76588403472513478  0.76664719230629896  0.76741034988746315
  0.76817350746862734  0.76893666504979163  0.76969982263095582  0.77046298021212001
  0.77109010606430983  0.77158897528872106  0.77208784451313239  0.77258671373754362
  0.77308558296195495  0.77358445218636618  0.77408332141077740  0.77458219063518874
  0.77508105985959996  0.77557992908401119  0.77607879830842252  0.77657766753283375
  0.77707653675724508  0.77757540598165631  0.77807427520606753  0.77857314443047887
  0.77907201365489009  0.77957088287930132  0.78006975210371265  0.78056862132812388
  0.78106749055253510  0.78156635977694644  0.78206522900135766  0.78256409822576900
  0.78306296745018023  0.78356183667459145  0.78406070589900279  0.78455957512341401
  0.78505844434782523  0.78555731357223657  0.78605618279664780  0.78655505202105902
  0.78705392124547036  0.78755279046988158  0.78805165969429292  0.78855052891870414
  0.78861391941706338  0.78861391941707337  0.78861391941708336  1.00000000000000000
  0.02318465312321979  0.50058778098002599  0.50117556196005209  0.50176334294007807
  0.50235112392010417  0.50293890490013016  0.50352668588015626  0.50411446686018224
  0.50470224784020834  0.50529002882023433  0.50587780980026043  0.50646559078028641
  0.50705337176031251  0.50764115274033850  0.50822893372036448  0.50881671470039058
  0.50940449568041657  0.50999227666044267  0.51058005764046865  0.51116783862049475
  0.51175561960052074  0.51234340058054684  0.51293118156057282  0.51351896254059892
  0.51410674352062491  0.51469452450065090  0.51528230548067699  0.51587008646070298
  0.51645786744072908  0.51704564842075507  0.51763342940078116  0.51822121038080715
  0.51880899136083325  0.51939677234085924  0.51998455332088533  0.52057233430091132
  0.52125908754761097  0.52202488942605985  0.52279069130450861  0.52355649318295749
  0.52432229506140626  0.52508809693985503  0.52585389881830391  0.52661970069675268
  0.52738550257520156  0.52815130445365033  0.52891710633209921  0.52968290821054798
  0.53044871008899674  0.53121451196744562  0.53198031384589439  0.53274611572434327
  0.53351191760279204  0.53427771948124092  0.53504352135968969  0.53580932323813846
  0.53657512511658734  0.53734092699503611  0.53810672887348499  0.53887253075193375
  0.53963833263038263  0.54040413450883140  0.54116993638728028  0.56655362004388787
  0.63738411910644854  0.68094761512344459  0.70529362183867950  0.73054266754036967
  0.80137316660293023  0.87220366566549079  0.87779274435929489  0.88070027585488553
  0.88360780735047617  0.88651533884606681  0.88942287034165746  0.89233040183724810
  0.89523793333283874  0.89814525034309012  0.90105251212094162  0.90395977389879312
  0.90686703567664462  0.90977429745449623  0.91268155923234773  0.91558882101019923
  0.91848155582931434  0.92136573173217595  0.92424990763503745  0.92713408353789906
  0.93001825944076066  0.93290243534362216  0.93578661124648377  0.93977256146138455
  0.94537090357537346  0.95096924568936247  0.95327431360880532  1.00000000000000000
  0.22030955155690510  0.22729554329364429  0.24139969366114283  0.25966601849006926
  0.27958520033831807  0.32322681272067100  0.40343542539751959  0.48364403807436829
  0.52194813104695814  0.54951831210310875  0.60425471651080520  0.61336813193311024
  0.62248154735541517  0.63159496277772009  0.64070837820002502  0.64982179362233006
  0.65893520904463510  0.67882949616597632  0.75903810884282485  0.77364192209585314
  0.77693474261232742  0.78022756312880182  0.78352038364527610  0.78681320416175049
  0.79010602467822477  0.79339884519469916  0.79669166571117345  0.79998448622764773
  0.80327730674412201  0.80657012726059629  0.80986294777707069  0.81315576829354497
  0.81644858881001925  0.81974140932649353  0.82303422984296781  0.82632705035944221
  0.82961987087591649  0.83291269139239077  0.90329568255674031  0.93799747188335303
  0.93886481545218470  0.93973215902101637  0.94059950258984804  0.94146684615867982
  0.94233418972751148  0.94320153329634315  0.94406887686517482  0.94493622043400649
  0.94580356400283816  0.94667090757166983  0.94753825114050150  0.94840559470933317
  0.94927293827816484  0.95014028184699650  0.95100762541582817  0.95187496898465995
  0.95274231255349162  0.95360965612232329  0.95447699969115496  0.95534434325998663
  0.95621168682881830  0.95707903039764997  0.95794637396648163  0.95863318879185999
  0.95917458399690680  0.95971597920195362  0.96025737440700043  0.96079876961204724
  0.96134016481709406  0.96188156002214087  0.96242295522718768  0.96296435043223449
  0.96350574563728131  0.96404714084232812  0.96458853604737493  0.96512993125242175
  0.96567132645746856  0.96621272166251537  0.96675411686756219  0.96729551207260900
  0.96783690727765581  0.96837830248270262  0.96891969768774944  0.96946109289279625
  0.97000248809784306  0.97054388330288988  0.97108527850793669  0.97162667371298350
  0.97216806891803031  0.97270946412307713  0.97325085932812394  0.97379225453317075
  0.97433364973821757  0.97487504494326438  0.97527581850687661  1.00000000000000000
   1.9925620754697383E-009  -1.0000000000000000     
 F F F F F F F F F F F F F F F F F F F F F F F F F F F F F F F F F F F F F F F F F F F F F F F F F F F F F F F F F F F F F F F F
  <DiscreteSampler_grid>
  grouped_processes
  1 # 1 for a reference and 2 for a running grid.
  10 # Attribute 'min_bin_probing_points' of the grid.
  1 # Attribute 'grid_mode' of the grid. 1=='default',2=='initialization'
  0.0000000000000000 # Attribute 'small_contrib_threshold' of the grid.
  0.5000000000000000 # Attribute 'damping_power' of the grid.
 # binID   n_entries weight   weight_sqr   abs_weight
    10   10   6.332737460805966E+004   2.790434576257263E+010   6.332737460805966E+004
  </DiscreteSampler_grid>
