  0.00958477770014372  0.01659234216954329  0.02589174295231610  0.03600455538711355
  0.04640715702919223  0.05724821034844413  0.06733429375014255  0.07723068645936226
  0.08687253633014889  0.09628818713109180  0.10546502583943977  0.11412135580512026
  0.12256956491852143  0.13154567645780824  0.14110010389315150  0.15182068781209809
  0.16320319351434240  0.17310231996008335  0.18223026716486126  0.19140407218310121
  0.20083370796128824  0.21052174007490329  0.22021322537122151  0.23004749412988440
  0.24089554402166807  0.25276085784996488  0.26527614398277255  0.27814528519254822
  0.28979522053727563  0.30113811497664450  0.31235408124936209  0.32352211141967696
  0.33476055903734947  0.34599580806530605  0.35699791153164911  0.36771846086519366
  0.37793205243946038  0.38732201362582935  0.39724315333062432  0.40774097523126984
  0.41794296294504107  0.42742853261762576  0.43701907404420420  0.44827585465410880
  0.46038110521990255  0.47195456092978888  0.48282409611628369  0.49337167587412623
  0.50420587004036277  0.51508674396328591  0.52676254049761018  0.53815104363639199
  0.54959725888029287  0.56043266971384753  0.57105330671805565  0.58146940351052556
  0.59243585786338260  0.60395532194800705  0.61642571924491263  0.62849308758630396
  0.63981581699826073  0.65020125102199422  0.66026187024672600  0.66985859088640831
  0.67923340525932197  0.68903551129838581  0.69937763309677037  0.70988025755168094
  0.71987320583877823  0.72997459520712005  0.73988550464007863  0.74985428920361907
  0.75988299152403771  0.76975879593873453  0.77897415273056514  0.78766617612794898
  0.79705442569974760  0.80676038777450643  0.81685676522102557  0.82623867476864077
  0.83585623183709190  0.84622760914306272  0.85682366892908413  0.86762289603113463
  0.87870196885801566  0.88938415186115860  0.89953726543204149  0.90974935485152741
  0.92016293853941300  0.93018620614067016  0.93985392734435491  0.94989737342192027
  0.96038687440196080  0.97116898706281740  0.98121970488610799  1.00000000000000000
  0.00002418390563187  0.00004027686412846  0.00005473465068684  0.00007037279178220
  0.00008625483682436  0.00010471093010010  0.00012660791932003  0.00015202294636912
  0.00017870722768682  0.00020701772882333  0.00023844516304445  0.00027119587720523
  0.00030397408934162  0.00033930469866095  0.00038011002304375  0.00042578300848097
  0.00047412634544737  0.00052279145172667  0.00057264150406176  0.00062376395170361
  0.00067510819615549  0.00072833316638596  0.00078480128764959  0.00084274800915911
  0.00090233583630606  0.00096266723573917  0.00102614746935661  0.00109083206254113
  0.00115255886906536  0.00121554481899174  0.00128175781245777  0.00135112185099050
  0.00142651301691847  0.00150707613930989  0.00159233080849158  0.00168280811042138
  0.00177786668521275  0.00188021567230382  0.00198760526979782  0.00210324005037312
  0.00222693810621695  0.00235546063035291  0.00248729730569775  0.00262177258049565
  0.00275669810696976  0.00289603404339619  0.00304121053875824  0.00319375304959969
  0.00335335250895616  0.00351657924253416  0.00367961456759243  0.00385324491845655
  0.00402705813741521  0.00420824905599745  0.00440326670072382  0.00460599246364212
  0.00481100363476168  0.00504703101289760  0.00527985057936829  0.00552516349667808
  0.00578940529018397  0.00607064504600183  0.00638432085316874  0.00673264221379467
  0.00709646511423979  0.00750153893252978  0.00790095961179046  0.00833445486015525
  0.00883677865128157  0.00936466685044148  0.00996354915384580  0.01060397468412861
  0.01126076995037363  0.01192944850285148  0.01263309432469944  0.01341722524536854
  0.01427382866931789  0.01514440855526462  0.01603979645921444  0.01699629220772719
  0.01810772287073012  0.01927084639060529  0.02058958718284145  0.02208914504957885
  0.02397293132095468  0.02601906341125614  0.02860507310301312  0.03221424028852186
  0.03678508030046598  0.04295882090490499  0.05219105378130568  0.06513139069130515
  0.08340629011921474  0.11447068534543792  0.36584372732453529  1.00000000000000000
 -0.00000480561871948  0.00002496449226416  0.00005374594900898  0.00007812083757796
  0.00010080170650680  0.00012298297627011  0.00014778894004018  0.00017809643687233
  0.00021031776219387  0.00024338632772809  0.00027927972072269  0.00031894799855804
  0.00036216634235695  0.00040637493606096  0.00045011677204014  0.00049487611948048
  0.00054235277712758  0.00059300499837569  0.00064460546718872  0.00069576936189143
  0.00074842581258860  0.00080312351118457  0.00085898064947845  0.00091622026285331
  0.00097456710264597  0.00103600651509463  0.00110503266497287  0.00117862300024771
  0.00125951964107027  0.00134331590995964  0.00142718341926019  0.00151088890946864
  0.00159421469923336  0.00167744728794194  0.00176149869380538  0.00184868915970065
  0.00193729079099292  0.00203285267682973  0.00213582721842499  0.00224300260738956
  0.00235099105800621  0.00246037587614638  0.00257152814222290  0.00269184504847999
  0.00281669375010445  0.00294406596722813  0.00307614570766645  0.00321343763545872
  0.00335134957535064  0.00348998382156231  0.00362618146134057  0.00375724594580505
  0.00390075024600036  0.00404867251987036  0.00420320318911715  0.00437769563306597
  0.00455964745032905  0.00474800493080934  0.00497754361257679  0.00521392293958916
  0.00545863044420387  0.00571730605824752  0.00599918462676646  0.00628763071306838
  0.00658945387685236  0.00691675817531489  0.00726488985404115  0.00762471939974853
  0.00800357258772806  0.00845885423870466  0.00893643049365313  0.00944678817064809
  0.00998559968026875  0.01054561775532503  0.01113296341950201  0.01175625514286870
  0.01243448969341346  0.01319272811621495  0.01405942977447442  0.01505026959827512
  0.01611559364515964  0.01734316032246746  0.01875469756752653  0.02029958213012627
  0.02206290570626880  0.02419786090057817  0.02700719582570954  0.03059753350207910
  0.03536406990429172  0.04247009768036757  0.05165093207255200  0.06029014240650848
  0.07573613096550669  0.11896989187274698  0.29183486066993874  1.00000000000000000
 -0.00213106241018594  0.00962425073446230  0.01905013036175896  0.02856648759785891
  0.03816028961825757  0.04836398032718067  0.05811513408586702  0.06890658740331033
  0.08011345928742583  0.09199835481519818  0.10396350253517223  0.11491502000872905
  0.12513928881197317  0.13507518489857545  0.14540122963206539  0.15582326801089549
  0.16566667086632406  0.17495179953381559  0.18450264362568286  0.19465836168266193
  0.20497741684468521  0.21536220698100461  0.22488962523342559  0.23464364557202941
  0.24448483693675374  0.25433527417738117  0.26320235048988050  0.27190169777528828
  0.28053269632157829  0.28965784043930609  0.29928733995817858  0.30912274309698190
  0.31999481927185341  0.33053127511457775  0.34062421143857208  0.34999414894315378
  0.36032705983247693  0.37102651939314807  0.38210919231256890  0.39440230195636822
  0.40797724315287798  0.42144443135891924  0.43359473974192914  0.44468174275809719
  0.45556281108926105  0.46634612499464317  0.47700967781278431  0.48728926590784594
  0.49746317122139189  0.50747196195994682  0.51756531543118867  0.52747755052052181
  0.53689744324505684  0.54618485586930776  0.55567003054834496  0.56599457976689060
  0.57712391050367806  0.58847678288004357  0.59944774239150411  0.60966798682646139
  0.61964337335251163  0.63036231414618515  0.64160622696235847  0.65251335830498403
  0.66359646430141628  0.67459218162196821  0.68615348310412327  0.69749761455959236
  0.70864759977708447  0.71992196519652774  0.73096978655430422  0.74179121104888102
  0.75242681026621772  0.76338166024946363  0.77423258668554096  0.78473087984995560
  0.79501930857461411  0.80556450955984016  0.81647105724784830  0.82731575472198160
  0.83842611594015326  0.84937563194121601  0.86080177404289826  0.87150798988970657
  0.88160919593794562  0.89122952442151948  0.90115430206578984  0.91147713829594390
  0.92215306240990369  0.93298778877410959  0.94406187239183870  0.95602606115016531
  0.96728579874161902  0.97811703402875427  0.98866731385632300  1.00000000000000000
 -0.00232133738576939  0.01090762154991597  0.02104582017984036  0.03110245201306817
  0.04117942893445498  0.05151840968868842  0.06174352227502932  0.07206375346348140
  0.08226996420658321  0.09272081497305625  0.10318966565810447  0.11421161760119981
  0.12538675132696439  0.13641835405262354  0.14706798498565232  0.15698240664734553
  0.16671294763566707  0.17673435419196440  0.18764368239091794  0.19849218707553340
  0.20904593480232730  0.21958683379014388  0.23023689807071671  0.24108874157727272
  0.25172987607824315  0.26203486222651473  0.27219835296871620  0.28268725765557168
  0.29389245286551507  0.30567676680077199  0.31761193115177688  0.32910135310886307
  0.33990638480893509  0.35040509782634044  0.36067401513851932  0.37134699353407330
  0.38323600162224813  0.39606373058609601  0.40801482539386436  0.41874831083318304
  0.42946564517673930  0.44037094235226104  0.45131959807598837  0.46256403727203987
  0.47407866731706344  0.48529667575989616  0.49586963532351064  0.50676980754519874
  0.51825002295944267  0.53012612368751411  0.54075931539406530  0.55123083969510922
  0.56102326431044369  0.57056276261306715  0.58015325093966652  0.58989431937731873
  0.59995331283026787  0.61020236804250727  0.62061179435985303  0.63127519184175573
  0.64251119844734628  0.65438307968089626  0.66636686231033382  0.67767330370399148
  0.68889677135044314  0.70054415066493358  0.71234024687894781  0.72409199950923431
  0.73529187155529352  0.74574314171315326  0.75561989381780248  0.76464463477937650
  0.77401864661885478  0.78308545922066397  0.79235310563554229  0.80177270928114930
  0.81186175743696820  0.82222149371870368  0.83302751739511427  0.84327935226644790
  0.85268090112240791  0.86146648576809359  0.87054980944846416  0.88036165534892175
  0.89084931988806770  0.90107475585984220  0.91086945157346888  0.92059268060476873
  0.93077703916328480  0.94124215023470725  0.95191233366707018  0.96201220887407135
  0.97166871714837288  0.98112892664695517  0.99031237641370573  1.00000000000000000
 -0.00227955567139157  0.01087851388247411  0.02297814069511912  0.03554435265446128
  0.04783722380246010  0.05912747669396305  0.07000959119683998  0.08052767846843578
  0.09090112560293155  0.10158312996951148  0.11265766922934285  0.12390473414547655
  0.13472844433529096  0.14543516154530262  0.15524111854745079  0.16417575843323709
  0.17277430866170523  0.18170420273564697  0.19108287435713531  0.20113606018589675
  0.21130549307130067  0.22195251556931389  0.23246748162235137  0.24312177173770591
  0.25326334682843188  0.26317594204584160  0.27348650887160697  0.28445990977914709
  0.29558561210279688  0.30594725569361042  0.31587687485501942  0.32541993239364830
  0.33505309630078750  0.34483180363908295  0.35475115908950128  0.36423277162034462
  0.37404894130762806  0.38478941158606894  0.39543537179447141  0.40531773760795770
  0.41486357263305490  0.42499431344132577  0.43609207254735421  0.44761619616635634
  0.45923660900985364  0.47050089977517784  0.48136330173329023  0.49215182241409272
  0.50310120711380935  0.51378917745623376  0.52412210421018424  0.53427920383141769
  0.54458529067009787  0.55554171781639794  0.56734633826522263  0.57934920530047673
  0.59012434252309531  0.59963440376024457  0.60966891827300485  0.61990070376869078
  0.62987522749794533  0.63960992442701725  0.65048768688447900  0.66334743258352780
  0.67702129086221940  0.68925183453250616  0.70079994035100934  0.71167097551111302
  0.72153657099528012  0.73174196968960070  0.74118369305809217  0.75131427856477218
  0.76123395497506308  0.77116010103723875  0.78141407211845104  0.79157198731351885
  0.80243659472930928  0.81335647587999327  0.82491299938207263  0.83573776585043091
  0.84551130432005606  0.85560341853829736  0.86638429392422134  0.87611710238573270
  0.88544385607446763  0.89486793718902458  0.90506097794920615  0.91536807693743028
  0.92497403854160642  0.93494866863311388  0.94488067988914948  0.95469538064035098
  0.96532382228368463  0.97614490043897528  0.98788346866699894  1.00000000000000000
  0.01037777855459919  0.01461751548966396  0.01785306075600700  0.02026097310238274
  0.02285503031206895  0.02536552231560841  0.02776576399656482  0.03011168880287027
  0.03240602196933817  0.03473064078682426  0.03707023979642909  0.03939971957276766
  0.04169212537833097  0.04390850446463118  0.04609801922896323  0.04828815774129492
  0.05048449941390176  0.05276063160282659  0.05513059738560262  0.05759114502658759
  0.06016893931146468  0.06281335572825909  0.06538383954128527  0.06789475109452280
  0.07029708939678678  0.07270870270264966  0.07525689170274996  0.07788934398144684
  0.08042395660848467  0.08313003804695186  0.08594029599160560  0.08873525147645420
  0.09166979740692976  0.09477980834800617  0.09791412855133820  0.10115430358725547
  0.10442224587519963  0.10759074907837880  0.11073304423369004  0.11401842868461820
  0.11730694513127209  0.12047040698453899  0.12361015689237058  0.12675872880790157
  0.13008985264861417  0.13319483649464428  0.13660496404813458  0.14020520471102557
  0.14407260462994756  0.14801392085113513  0.15239789645132945  0.15675799026383869
  0.16083953407398585  0.16470294956848761  0.16889915322820587  0.17379099849542640
  0.17853111120276105  0.18381200187997013  0.18996760603027768  0.19723411984110631
  0.20431971910964877  0.21074112951023821  0.21679968030693592  0.22176483282310078
  0.22749533518829659  0.23819928891276013  0.24819061787340599  0.25555894643002414
  0.26061595684807209  0.26893140671498550  0.27674363808224794  0.28318090805124935
  0.29009986204875832  0.29790431289571573  0.30398190382625156  0.30921708738233777
  0.31447149461460006  0.32043167412012191  0.32649593030003521  0.33245219082794597
  0.33869138171478513  0.34526178586654355  0.35138990372018170  0.35853860118075503
  0.36752846984487830  0.37795139838028236  0.39228523302121615  0.41376735596809550
  0.43274370818824154  0.45434379639525452  0.49544227386814060  0.53947504220135745
  0.55992900531740730  0.61075033061987449  0.66909310480500284  1.00000000000000000
 -0.00247837087995642  0.00975853346416415  0.02073857451538557  0.03239554236027780
  0.04417381373835598  0.05620306914042215  0.06816156949065227  0.08002544426228453
  0.09052691951927935  0.10029475667057053  0.11059471904401626  0.12145534348916372
  0.13251320161075203  0.14350190016134037  0.15567443706704812  0.16802119422456527
  0.17949044660362620  0.19094978788190947  0.20294136126400264  0.21438938637205598
  0.22471385823060719  0.23502975736450218  0.24564211065139374  0.25599673134424489
  0.26619817703609383  0.27695172032792975  0.28833166564371043  0.29969642384114603
  0.31077929103656848  0.32148093387940196  0.33176434862856174  0.34210542013405359
  0.35235572322001241  0.36193175603976008  0.37086734606760230  0.37948895643192010
  0.38831228074389179  0.39754737672982216  0.40705606813350970  0.41655323555000140
  0.42623477217613404  0.43636944102147279  0.44669451286497552  0.45708272803947875
  0.46722682201843929  0.47688359050846202  0.48642697647165783  0.49584460320404827
  0.50542258208813973  0.51519376007069051  0.52443997863387559  0.53390897293556272
  0.54348817097382818  0.55355290536462665  0.56414495964715772  0.57466622439255499
  0.58517810898274825  0.59609371815283385  0.60598130936535244  0.61520218838986418
  0.62437641985821790  0.63368216314209891  0.64301765404059930  0.65235343788044831
  0.66166017301149882  0.67115526135698311  0.68083678055136598  0.69023715596304713
  0.69972389094690635  0.70918226872890833  0.71896237263896201  0.72920707720606126
  0.74011050642123732  0.75117376216550213  0.76146109993809641  0.77203744803997321
  0.78349365269786564  0.79508089256941616  0.80620901682281476  0.81701653628590287
  0.82809916806063499  0.83909873700877058  0.85022638324176103  0.86176419684611572
  0.87332798214853258  0.88422946794814672  0.89464383044535045  0.90477294396314134
  0.91555857978692712  0.92722779988919424  0.93990847075284512  0.95224273325741560
  0.96407125512460967  0.97623456495780003  0.98808585648078273  1.00000000000000000
 -0.00761481922931475  0.29666927602758175  0.39078876713343197  0.45332748863385747
  0.49720557517191866  0.53094108261549500  0.55689787763070786  0.57907585666392947
  0.59954235403095391  0.61768154648863716  0.63356957006791970  0.64817852362234252
  0.66151079593546891  0.67389417311080990  0.68522814960834899  0.69541454744114195
  0.70489198589303448  0.71376876395389766  0.72181784580216635  0.72936912072824400
  0.73646808201870673  0.74351902424770311  0.75022853670078804  0.75670252363237633
  0.76296663567243406  0.76928148903726745  0.77533563663167893  0.78132035774888553
  0.78716908317484713  0.79287809981988622  0.79812879578320528  0.80306449677805458
  0.80792268549680168  0.81244852449015847  0.81666106719820286  0.82072102978760642
  0.82470199092741703  0.82869320008645753  0.83263351344280401  0.83636229362913006
  0.83999241707659977  0.84357402927032166  0.84718645715266583  0.85070422657838018
  0.85410149212689412  0.85731696799371937  0.86063325462649454  0.86406894603166962
  0.86741852270632436  0.87044941115584051  0.87333653242449050  0.87612403679872752
  0.87881547349536315  0.88150673949957203  0.88418589460656849  0.88688457028965617
  0.88958210243408775  0.89225110783360129  0.89487382937162163  0.89745006953615181
  0.90000591458335999  0.90254518946940221  0.90502414258065378  0.90747312399302271
  0.90990207189415573  0.91230553337211873  0.91471809611967658  0.91710426126921640
  0.91962864531125676  0.92219014266349586  0.92473188959259334  0.92724948935288787
  0.92976247988752936  0.93228749499112584  0.93475574351714963  0.93718580655308070
  0.93956387693390453  0.94188831279068275  0.94424227116058623  0.94672688388748394
  0.94926869934012603  0.95193275540475064  0.95469912316403682  0.95754387973525501
  0.96048722740416370  0.96361567761520150  0.96744246996344074  0.97231745538211189
  0.97707144276742919  0.98078600482942002  0.98379400665885686  0.98649755619634383
  0.98912967071184921  0.99197545567283507  0.99545197815853226  1.00000000000000000
   2.6931459315360957E-009  -1.0000000000000000     
 F F F F F F F F F F F F F F F F F F F F F F F F F F F F F F F F F F F F F F F F F F F F F F F F F F F F F F F F F F F F F F F F
  <DiscreteSampler_grid>
  grouped_processes
  1 # 1 for a reference and 2 for a running grid.
  10 # Attribute 'min_bin_probing_points' of the grid.
  1 # Attribute 'grid_mode' of the grid. 1=='default',2=='initialization'
  0.0000000000000000 # Attribute 'small_contrib_threshold' of the grid.
  0.5000000000000000 # Attribute 'damping_power' of the grid.
 # binID   n_entries weight   weight_sqr   abs_weight
    10   10   7.720703757871626E+003   2.411718398601801E+008   7.720703757871626E+003
  </DiscreteSampler_grid>
