  0.00955050222770369  0.01639982343698466  0.02616568426818496  0.03615341608216277
  0.04693463581392916  0.05842626256233129  0.07047398327769477  0.08210839752463774
  0.09286493279281972  0.10294102775610398  0.11334986586164970  0.12316061965036154
  0.13333820190504883  0.14426818311431897  0.15724073422324925  0.16952559842960344
  0.18038812136063959  0.19115298265541272  0.20333880809802357  0.21666835104805171
  0.22938808944908959  0.24103477389466377  0.25214130879918117  0.26306503949354054
  0.27401692529402155  0.28495579612228522  0.29567891864257867  0.30673694006221025
  0.31723880672238031  0.32824598953366468  0.33920619904176902  0.35116665583427709
  0.36475620419052912  0.37765632819450146  0.38886525533078775  0.39986365775749816
  0.41110552063671407  0.42165783762297493  0.43130785946379302  0.44095777154944510
  0.45167198594023217  0.46323876289103455  0.47354534569614953  0.48397971864207034
  0.49467960340203565  0.50538506243237757  0.51488818399465586  0.52424569824562706
  0.53423983482310955  0.54478436760371951  0.55585482333309999  0.56774900268944406
  0.58047358170199659  0.59257202082443117  0.60401221412101280  0.61477998517281296
  0.62551467486890810  0.63576417100764804  0.64590442284372640  0.65623048922527893
  0.66701396295516391  0.67796403446089892  0.68868788979231932  0.69969634366679756
  0.71018103052629655  0.71989591425870292  0.72959111464380721  0.73835979634379012
  0.74705193961491689  0.75538752801961273  0.76405548337448859  0.77284475939147357
  0.78215971899139691  0.79224421294609204  0.80401309096626883  0.81597062122201625
  0.82690951434428139  0.83766211229656984  0.84878160703327266  0.86088670414560553
  0.87263776742491606  0.88350854917024713  0.89362410924539082  0.90350711729206168
  0.91389874123088255  0.92284119734945069  0.93089278390428054  0.93881189567798751
  0.94604001906381519  0.95320611822968571  0.96055828134770604  0.96762968752488709
  0.97439285747022086  0.98241737848166577  0.99078975518873835  1.00000000000000000
 -0.00000142826088935  0.00000393056135527  0.00001157470100593  0.00002057152345612
  0.00003026936772723  0.00004060056891183  0.00005158950892000  0.00006228422146710
  0.00007226110953298  0.00008164428431251  0.00009073004008487  0.00010025323854117
  0.00011120501701995  0.00012186492994489  0.00013248997001263  0.00014406633812302
  0.00015694853339674  0.00017098122440534  0.00018562320832445  0.00020040680727488
  0.00021321015869969  0.00022661484592241  0.00023976499547839  0.00025368903885750
  0.00026879274187528  0.00028496866898054  0.00030208136895618  0.00032042956049174
  0.00034039264062975  0.00035985099688856  0.00037700473328695  0.00039254894249438
  0.00040884731174713  0.00042564024006404  0.00044206281300410  0.00045831975843237
  0.00047526166676504  0.00049299318394995  0.00051836569582798  0.00054507620599382
  0.00057331373126053  0.00060361599689045  0.00063558956427887  0.00066776762050710
  0.00069951660206186  0.00073105804420801  0.00076181642302160  0.00079554841315564
  0.00083190571907314  0.00087002068666488  0.00091226763392220  0.00096131628757672
  0.00101540801329458  0.00107299909441226  0.00113229604536209  0.00119385113679732
  0.00125974659334952  0.00132864243471299  0.00140045404848476  0.00147485831977148
  0.00154329356772570  0.00161367752976977  0.00169305807369733  0.00177692940012653
  0.00188264320264722  0.00198786526061354  0.00211543586985470  0.00223870460818178
  0.00235546566242241  0.00247594264316778  0.00261133521477655  0.00277015670746657
  0.00293656138585467  0.00310856782776635  0.00329851238350113  0.00354777033063773
  0.00384880776413834  0.00416278765035002  0.00448238772978705  0.00483692982324133
  0.00525479102257686  0.00574799286000002  0.00626958332689048  0.00679183755536603
  0.00738716925478473  0.00814576919260613  0.00920694835839251  0.01051722583377012
  0.01189478937491579  0.01388813455308651  0.01799364006308431  0.02406015865556441
  0.03551988571041356  0.06123250293707198  0.23866372196571140  1.00000000000000000
  0.00000655223413559  0.00001142803220479  0.00001690640042475  0.00002373452705248
  0.00003150407506419  0.00004043202324529  0.00005357685441815  0.00006769196942551
  0.00008339315095812  0.00010211889550865  0.00012296134817610  0.00014563346235124
  0.00017123247596901  0.00020062157943231  0.00023161587002744  0.00026510986554809
  0.00030019150431083  0.00033648718808493  0.00037391052521245  0.00041277549881915
  0.00045513859944858  0.00050072935867287  0.00055041228913548  0.00060181815564956
  0.00065919931971187  0.00072055262079494  0.00078700609668678  0.00085460450238358
  0.00092434438562514  0.00099463773711151  0.00106171815442413  0.00112846861042559
  0.00119747896078169  0.00126699906205655  0.00133743613439681  0.00140745032142611
  0.00147707233864056  0.00154481469433055  0.00163191391435778  0.00173199122138643
  0.00185533751154666  0.00198955743674102  0.00213043363026017  0.00227426049666046
  0.00241816762824135  0.00255969042800738  0.00269320008307096  0.00282244203925107
  0.00295891679278079  0.00309785492410916  0.00323255957602484  0.00335817639009506
  0.00351181039660381  0.00367046760004616  0.00386388668054403  0.00411514835498010
  0.00441027795682549  0.00471792460143442  0.00502412968935943  0.00533302969065379
  0.00565256416454078  0.00599605862581386  0.00632798807556822  0.00665019597903507
  0.00697383598177586  0.00729023233905246  0.00766192439563671  0.00801784286523904
  0.00838439311723357  0.00875619541601911  0.00917914286487959  0.00958967653089283
  0.01009473575701371  0.01063769752118826  0.01122720930882481  0.01190186814527600
  0.01265420580870609  0.01348280823825753  0.01438835371132408  0.01530068875542299
  0.01616545098612463  0.01708308985132254  0.01807968300391209  0.01901438836778557
  0.02006019344315466  0.02115140712526234  0.02238682505117692  0.02370712060201636
  0.02525641477082347  0.02715085677709920  0.02909406945187633  0.03195785403148114
  0.03609304147717840  0.04257289158060687  0.32622382634391056  1.00000000000000000
 -0.00206869102509077  0.01002116601334530  0.02000183078023359  0.03019054662101446
  0.04022558522382336  0.05134841525870509  0.06240817920402200  0.07563990599668864
  0.08790876848112432  0.09964483672153954  0.11114390973630010  0.12274222603920676
  0.13445146536738031  0.14697640060088088  0.16055196863317700  0.17416835674869588
  0.18673116021828726  0.19859127368491172  0.20981497957586975  0.22058222468039165
  0.23319918102001386  0.24626922202137227  0.25607860792903442  0.26460244570760505
  0.27338496109687555  0.28288852280539156  0.29202187264764007  0.30111237740146019
  0.31004878514930168  0.31998221575184560  0.33046031395592396  0.33997478018368388
  0.34962968465387639  0.35899826347407471  0.36853851662689147  0.37798619935523625
  0.38744024498984608  0.39739889621473040  0.40794377825617689  0.41829481639125893
  0.42858868449982213  0.43901874161851151  0.45002303052779391  0.46135435486303356
  0.47263641647069848  0.48331307293784426  0.49366015611169278  0.50432935311256766
  0.51646783639347704  0.52835710003638803  0.54055103250668435  0.55314942729484284
  0.56599497441745772  0.57834196817741668  0.59065792536305772  0.60319851335087504
  0.61466440878405870  0.62593461395795758  0.63545841407800829  0.64504817378063140
  0.65397734830914889  0.66349698801062218  0.67269405544147898  0.68197444780248084
  0.69170203826566667  0.70195023754421182  0.71269989124570066  0.72350778282498729
  0.73555373061198848  0.74797210559258187  0.76031712380241945  0.77133543482170774
  0.77964334639659549  0.78795764382786893  0.79610420625227640  0.80325302309631530
  0.81020926490283296  0.81780004636824200  0.82644658476175425  0.83547292670140350
  0.84582625326965122  0.85581080096360729  0.86686391230551085  0.87762023736333727
  0.88861814796710292  0.89677987628751621  0.90652618568197507  0.91577520062449513
  0.92476315347747506  0.93466276700518258  0.94452618350212647  0.95474183375255350
  0.96578345450886971  0.97720884196038871  0.98909025008880269  1.00000000000000000
 -0.00297029911700410  0.01244354210388770  0.02506581956429608  0.03727419600096967
  0.04996664933723948  0.06178380235257026  0.07292649360051537  0.08330716218838574
  0.09337487998761421  0.10398683790250283  0.11396912970006950  0.12363027219376696
  0.13332185173748062  0.14317111089000120  0.15447893851716640  0.16683572608561770
  0.17874579463920798  0.19016784348541851  0.20181416416209935  0.21365205514280988
  0.22471956268030929  0.23483885230414531  0.24467865356979057  0.25517861143242787
  0.26607412297263477  0.27652233114556612  0.28622242627509198  0.29478311887943531
  0.30234533788460027  0.31017988498813309  0.31828278145087985  0.32626254407121580
  0.33400334430339029  0.34252231685500928  0.35157242053411425  0.36454664365425316
  0.37681384097145315  0.38774310129996431  0.39728529248161409  0.40614200177617177
  0.41552809715529915  0.42599742561620868  0.43672044818238803  0.44813872331994536
  0.45964595859936314  0.46974190023998086  0.47874663957609109  0.48738449778338488
  0.49563917059845236  0.50361223953579815  0.51203043501397350  0.52070196225324572
  0.53014719456963433  0.54087017039682406  0.55158703000977283  0.56193530569231687
  0.57100607859729158  0.58050233102861892  0.58914270525343981  0.59772389964651984
  0.60663935809627334  0.61506874196265404  0.62345833755258651  0.63176482581366256
  0.64029249847817182  0.64979219651767595  0.66064529748793344  0.67272991842380847
  0.68605229288911851  0.70002365843478909  0.71358559765405438  0.72594381352742066
  0.73705107449252127  0.74743025815430408  0.75823943063078969  0.76938793874666167
  0.78129615074595593  0.79360378123213204  0.80621235292717197  0.81825737694178002
  0.82918132736479178  0.84004372236147329  0.85092516633282078  0.86186144584845403
  0.87287325500301827  0.88424524048805508  0.89560307264890404  0.90621662473532860
  0.91749031365346001  0.93023269507094741  0.94388202278382738  0.95650596183428460
  0.96835267761205479  0.97918434409517974  0.98959110848236931  1.00000000000000000
 -0.00320947945161123  0.01027275613267790  0.02228469694225827  0.03470105270363084
  0.04800489524682987  0.06084766811281135  0.07273563415008340  0.08357534862222642
  0.09342249373152495  0.10268848473641191  0.11154421590369314  0.12087182117717397
  0.13065588825704982  0.14061102918500121  0.15111356026621611  0.16205980719970473
  0.17314319913144735  0.18426294701985271  0.19529164025536136  0.20684300077804346
  0.21812106239757509  0.22950555786035864  0.24024342994558709  0.25078322587386798
  0.26063795700246167  0.27136888720434765  0.28356673716110148  0.29744578232418495
  0.31149010935045141  0.32421058809333880  0.33543516289546482  0.34576510390878579
  0.35601716294388580  0.36569689846056747  0.37498889277349629  0.38434167609634790
  0.39439590580316164  0.40602961433819151  0.41631471252627789  0.42659452364988049
  0.43712765102570483  0.44920966812927487  0.45969450152225577  0.46777495652300494
  0.47630399501388715  0.48498362054144556  0.49306132716463336  0.49995318373598924
  0.50651554423573630  0.51356442171441319  0.52247154760015280  0.53251187348413676
  0.54182878884714880  0.55007612874752654  0.55829589792039769  0.56689380116266197
  0.57574010024353717  0.58478042448291145  0.59428415255400746  0.60298536128055191
  0.61298405850041704  0.62368860286246330  0.63429884540310988  0.64465263420113672
  0.65430491965534254  0.66302644582900749  0.67135996490244854  0.67924300103896851
  0.68622016617238779  0.69461430765396981  0.70347055956081894  0.71269678516310586
  0.72240925861881911  0.73304829718299136  0.74418570000259465  0.75566950068899419
  0.76724905678129962  0.78012932145807223  0.79402643354089064  0.80746364580887864
  0.81949746254104905  0.83062322232102981  0.84164692811402986  0.85370985351852768
  0.86583700716402523  0.87873204875295086  0.89193020523557487  0.90491598327042866
  0.91749204816400431  0.92978318181000263  0.94235640152805289  0.95471935722903978
  0.96677320043263182  0.97771574064757372  0.98893200203060105  1.00000000000000000
  0.00093008068479257  0.00151850461229860  0.00265348108037143  0.00359028559104403
  0.00441299848022957  0.00517194107648411  0.00590209238228307  0.00658405749112357
  0.00725405766549983  0.00790638220690038  0.00853870296601293  0.00916565249197813
  0.00979383187905987  0.01043365226970663  0.01110697119237060  0.01181273421519559
  0.01253160964195416  0.01325819620402056  0.01398691005796231  0.01471013728083564
  0.01542554372759528  0.01613621303099185  0.01685667160393010  0.01764188304927499
  0.01845326450234564  0.01925512625460925  0.02005335084653004  0.02086914571847498
  0.02174104652563125  0.02265056582330637  0.02357968697678185  0.02447577557520315
  0.02535369472281334  0.02623440809329676  0.02708608530385062  0.02797455213809380
  0.02888613547236810  0.02984940265567132  0.03085205984551674  0.03187088596518214
  0.03296033708539464  0.03405436693066021  0.03513320986462341  0.03621312577734727
  0.03732410479815820  0.03847814468965700  0.03960376547699718  0.04066582493524933
  0.04174104001041602  0.04285634282031290  0.04403779462443549  0.04523373927434945
  0.04638842083735814  0.04742903093498993  0.04841245296661908  0.04933976507284370
  0.05030314992652866  0.05121569533013699  0.05196405485457961  0.05261051572235233
  0.05335048224328196  0.05415527611305851  0.05501012385072270  0.05587191901603045
  0.05716743414168795  0.05897056275844609  0.06076883163834926  0.06227805876129487
  0.06395073433954623  0.06573344589911938  0.06771817098712243  0.06979175501372435
  0.07200383046582597  0.07403073995558740  0.07585084726714904  0.07748744531351399
  0.07893095602977780  0.07996701608483654  0.08116028187549304  0.08245767613020460
  0.08394825784098073  0.08736028403838574  0.09053773276686201  0.09312149220730198
  0.09596669539651577  0.09916202892977513  0.10353589901208399  0.10793515327340818
  0.11405783453838278  0.11883296576030300  0.12396008197453245  0.13007112842348714
  0.13714968616118581  0.14433212515914493  0.16388932482416571  1.00000000000000000
 -0.00416272898944279  0.01385321546077133  0.02787822405051160  0.03884262118792334
  0.04977113700681013  0.06109424548299491  0.07312732396159116  0.08559399706747182
  0.09847120018128717  0.11245608415655955  0.12598433167349662  0.13762058967312443
  0.14807958053805109  0.15734904664956967  0.16632354904109739  0.17444801060460477
  0.18226678442543168  0.19048753480191058  0.19866438738146802  0.20695110421482737
  0.21544862851592880  0.22375565787679183  0.23276470164038823  0.24236224177368920
  0.25206294428075987  0.26208347436435031  0.27275917464830168  0.28370186847869794
  0.29428239538543988  0.30465549920908774  0.31543251404670891  0.32642346180637710
  0.33772350925048389  0.34921228888275019  0.36032811303793011  0.37091354225414030
  0.38129993714057236  0.39213235164384042  0.40298809929279855  0.41299089854669663
  0.42277917902322543  0.43308780075610515  0.44377556871829593  0.45531417947357361
  0.46685763886674542  0.47894948852106223  0.49118556301371702  0.50275086644737077
  0.51363423772732020  0.52453376245831185  0.53596833423621393  0.54801668476293319
  0.55954538363785267  0.56947601029884687  0.57931076329423059  0.58841665713548108
  0.59869683328363088  0.60886085129966339  0.61896200324204798  0.62869662014227334
  0.63766856751491419  0.64618042383877727  0.65380352281924103  0.66190438942886864
  0.67002436518516417  0.67836462581112544  0.68667126109193521  0.69549784848994589
  0.70484629471566540  0.71521556621786042  0.72594463590132807  0.73633256137491110
  0.74670793519316103  0.75709753838783256  0.76724003468785751  0.77731768967100068
  0.78763729618751421  0.79799226228822751  0.80801343216278854  0.81792790176610985
  0.82818778057236819  0.83897189511591408  0.85016346877086868  0.86119945718664614
  0.87170614645500599  0.88222850873333680  0.89325482126225386  0.90532263352763132
  0.91885952199619203  0.93372976957863774  0.95027369162652098  0.96244138728737272
  0.97192786583870450  0.98152616989472297  0.99051986159878547  1.00000000000000000
 -0.01636510545139502  0.36623519776951702  0.47722458772821402  0.54409203940997986
  0.59108607200093455  0.62764124497368268  0.65701273048636422  0.68119835840286258
  0.70169245079028142  0.71949087555609437  0.73587949492995119  0.75105152322975099
  0.76402626797719408  0.77553300237639045  0.78558520504687079  0.79445567274572182
  0.80207763157525469  0.80961378388111616  0.81704493276414869  0.82432964757128524
  0.83133844199069262  0.83780192592607738  0.84369081720630235  0.84974096180696101
  0.85534935203269913  0.86071625203535140  0.86577404988803397  0.87095305635360043
  0.87587510349641629  0.88031530700415683  0.88442104762236096  0.88848726325276017
  0.89255271671202685  0.89653869347255433  0.89956604937443874  0.90252616788709605
  0.90538614272040052  0.90829197196958444  0.91117550697911032  0.91386626873438248
  0.91639647430485460  0.91889798911136744  0.92131564921720743  0.92374535550260051
  0.92614727838964583  0.92856276941859028  0.93096548798841572  0.93336329484795322
  0.93564337546130705  0.93781881054509897  0.93981747333979970  0.94163692972228730
  0.94348211576517904  0.94535793486443331  0.94720447929619733  0.94908979757956169
  0.95099014785010427  0.95285200739067366  0.95465057809878962  0.95626724673439467
  0.95775200508287206  0.95913115634479684  0.96044406832457485  0.96174807459231604
  0.96309786077451898  0.96438215500768687  0.96565644443674514  0.96688372231947795
  0.96804487591695498  0.96913068004016645  0.97023841605222116  0.97137411207721225
  0.97254086817202534  0.97370161163370439  0.97486199987734212  0.97594547240358787
  0.97700744434017417  0.97808711993461928  0.97918440395705564  0.98030928211501667
  0.98140633359704876  0.98244833590128644  0.98349237940893453  0.98449950604067660
  0.98545751095334055  0.98637175083184769  0.98725091637096452  0.98823479496470068
  0.98930465365012055  0.99042142453821969  0.99158070672757970  0.99276130004126817
  0.99389379769420161  0.99536864063940045  0.99718516488602049  1.00000000000000000
   2.7667447048521500E-011  -1.0000000000000000     
 F F F F F F F F F F F F F F F F F F F F F F F F F F F F F F F F F F F F F F F F F F F F F F F F F F F F F F F F F F F F F F F F
  <DiscreteSampler_grid>
  grouped_processes
  1 # 1 for a reference and 2 for a running grid.
  10 # Attribute 'min_bin_probing_points' of the grid.
  1 # Attribute 'grid_mode' of the grid. 1=='default',2=='initialization'
  0.0000000000000000 # Attribute 'small_contrib_threshold' of the grid.
  0.5000000000000000 # Attribute 'damping_power' of the grid.
 # binID   n_entries weight   weight_sqr   abs_weight
    10   10   3.983284823920650E+001   1.100953748094161E+004   3.983284823920650E+001
  </DiscreteSampler_grid>
