  0.01000850232692623  0.01452111145652737  0.02123669055273002  0.02913909646478905
  0.03744608306815025  0.04584882278698280  0.05441491330938635  0.06410066922590289
  0.07490309122881281  0.08679394977137586  0.09972931705007754  0.11256140007807289
  0.12513802717388645  0.13739052370331456  0.14975296393670678  0.16154320023606991
  0.17334677169292134  0.18565404795642473  0.19761312539981607  0.21006979206646179
  0.22209477201322977  0.23322128884537771  0.24417902584803516  0.25521834262727200
  0.26584159325180512  0.27688524472358161  0.28848048031727058  0.30060568080475253
  0.31248174405955281  0.32569497846905088  0.33751673577055596  0.34853473931048079
  0.35826104341597731  0.36609858236967752  0.37556057567567414  0.38514832994446968
  0.39509717820540358  0.40495254740214776  0.41522662386572118  0.42716377437020142
  0.43948032104376666  0.45162031977471462  0.46377364801676968  0.47630688004072663
  0.48908543772029767  0.50085043105679350  0.51387873278570173  0.52532953342147137
  0.53512835069100650  0.54521402430985511  0.55476233237527761  0.56412749906825332
  0.57282565401259677  0.58176128268553196  0.59169098732463610  0.60245546436342612
  0.61306273563631508  0.62339185684496357  0.63423378458393775  0.64571131159629058
  0.65644889825471042  0.66795403189036495  0.67833421226602730  0.68888214668071868
  0.69855137653895627  0.70763312947378476  0.71671125095097388  0.72599956610499483
  0.73568974196672932  0.74572503189240302  0.75634213894229463  0.76778611240379779
  0.77853495447277488  0.78955789005054688  0.80261581544143012  0.81657509490912428
  0.83022110649850456  0.84203512237875133  0.85320540339480067  0.86301711787349944
  0.87281447474880824  0.88292743930488593  0.89329414158732456  0.90148270851124368
  0.90910315289447452  0.91716338709432410  0.92444571795543662  0.93173342029464312
  0.93951002278114237  0.94806265924593935  0.95675795017240151  0.96630919743665022
  0.97599724243421537  0.98512978043204980  0.99021824659797331  1.00000000000000000
  0.00106260068287713  0.00168014179176878  0.00203750924353764  0.00232271349137970
  0.00262183098402391  0.00287544601484430  0.00312612476226871  0.00338864714732180
  0.00366264857434483  0.00391890449557153  0.00415680413424469  0.00440229933159637
  0.00467301947910838  0.00495545121398369  0.00526938010452727  0.00558926924686749
  0.00589323005255988  0.00621636696846235  0.00655356370852769  0.00686777070397993
  0.00719970665641160  0.00755686821599691  0.00793246526306375  0.00832542045386950
  0.00873970827628957  0.00913454819207742  0.00950925376097509  0.00988718147892933
  0.01027749873321347  0.01069575936881225  0.01112873528277337  0.01160909695955753
  0.01211028886892982  0.01263546911445028  0.01314460784351361  0.01366083271915764
  0.01415622501650670  0.01465075859392286  0.01512471581201621  0.01550651564559913
  0.01585804963420490  0.01622864136885751  0.01660343033630195  0.01698041379838592
  0.01737108176973520  0.01781493597116479  0.01832048817269784  0.01885973035922532
  0.01944048088405790  0.02022344263757138  0.02107700674849471  0.02211516963365062
  0.02298622079421590  0.02380823320749544  0.02461030184387962  0.02543008997910796
  0.02629879119188027  0.02722328609986564  0.02836240819818734  0.02967194049491927
  0.03112998467082753  0.03258276265795812  0.03403387956692802  0.03581716694862151
  0.03814414267272158  0.04082567035360225  0.04234804310367320  0.04400937671720757
  0.04558509268200327  0.04694014506039763  0.04832206127365631  0.04974901042092375
  0.05119535298076067  0.05271191060636021  0.05425767425085292  0.05579604000199900
  0.05744464577183880  0.05930577890036729  0.06147624939298740  0.06417957738161090
  0.06684238795251046  0.06930613634893880  0.07172418080453007  0.07442345295636801
  0.07731046189634108  0.08075764140002629  0.08445738615567182  0.08769263628521901
  0.09332593410164385  0.10179254923620172  0.11285296068793797  0.12528611091017189
  0.13402311897942362  0.17127465337374506  0.30544369536333460  1.00000000000000000
 -0.00000267917002630  0.00000675121407876  0.00001725438892419  0.00002849904082904
  0.00003993335295215  0.00005076824276288  0.00006128502738440  0.00007108747413941
  0.00008014998708123  0.00008837115958246  0.00009662517729639  0.00010575112349482
  0.00011667443800298  0.00012780193477768  0.00013813121154919  0.00014831037464337
  0.00015908433596956  0.00017097588515095  0.00018342278478400  0.00019759742512344
  0.00021233980422429  0.00022707471466881  0.00024523019577442  0.00026424606264791
  0.00028216453459454  0.00029984727339242  0.00031537838842708  0.00033097442843035
  0.00034619644379750  0.00036161116853792  0.00037857557389118  0.00039858624709311
  0.00042325263744557  0.00045206219300094  0.00048056611006426  0.00050601191947298
  0.00052901626783426  0.00055067023852588  0.00057353729661152  0.00059779501974176
  0.00062241302016796  0.00064691471691151  0.00067198841671205  0.00069788806598791
  0.00072972255634096  0.00076179872038755  0.00080213730128356  0.00084181577905361
  0.00088523701107680  0.00092547873577388  0.00096977634520985  0.00101696333252114
  0.00106535148034333  0.00111873377672077  0.00117612905474027  0.00123554968258949
  0.00129794445742348  0.00136668361438661  0.00144242907191968  0.00151790526651621
  0.00159342128990296  0.00167323819997755  0.00175674058206620  0.00184990879190797
  0.00195488180379264  0.00205825513768327  0.00215288817258230  0.00225161586361901
  0.00236171816662116  0.00249035983702464  0.00261711910255900  0.00275083774146494
  0.00289622717945918  0.00304518540655833  0.00321966835631975  0.00342084677239574
  0.00364234855903713  0.00387091864211201  0.00411707282359767  0.00438893875831997
  0.00471935221169250  0.00522598812531458  0.00590015387823715  0.00666951517480730
  0.00767012709790630  0.00871613986092302  0.00986996030990013  0.01136976865219431
  0.01332795448912640  0.01793175615633575  0.02497590112707036  0.03267325507635369
  0.04273837510302925  0.06603349636705240  0.20993902041861973  1.00000000000000000
 -0.00368169616317615  0.01247799265169247  0.02347770972734000  0.03283775591605188
  0.04219975984133868  0.05170518441120841  0.06083096540998845  0.07015746669131569
  0.07970068991715527  0.09096962772621907  0.10323739425337117  0.11500667341053894
  0.12722753330795944  0.13837171527352546  0.14987709423031553  0.16062514714678472
  0.17054979443351856  0.17995666092123683  0.18988455001512564  0.20085939515115833
  0.21262649937673853  0.22349822769784841  0.23362137681698658  0.24403835131728788
  0.25405727520261240  0.26540859276499329  0.27736928126294641  0.29159756007329268
  0.30315440569348751  0.31479414229842961  0.32663533268241624  0.33833951167442111
  0.34982130197784345  0.36114404004751782  0.37168975566998680  0.38202827299949538
  0.39251841529102061  0.40356621630107020  0.41493694794491776  0.42735530329966598
  0.43915853285185064  0.44566507901362484  0.45299606948215049  0.46076064285778623
  0.46853675361575681  0.47600864502995055  0.48351667459672287  0.49132701619660990
  0.50015182778084522  0.51196153935126276  0.52498719676926098  0.53792456464709304
  0.55123607172407307  0.56460943766430016  0.57704485825095120  0.58893290209625604
  0.60113114038228221  0.61339436582808915  0.62463845118223105  0.63485175527158544
  0.64529259625982127  0.65510690742766386  0.66404930525994799  0.67231776543829125
  0.68087794401056323  0.68953797454528554  0.69861371122276628  0.70757903637247743
  0.71686398888085290  0.72470019156132504  0.73387138890023684  0.74460883934168320
  0.75660093324997313  0.76924889374557559  0.78109012196804206  0.79179518126057857
  0.80183504460281108  0.81279810331263858  0.82316778716924821  0.83378271845546714
  0.84387001627087621  0.85420344854503927  0.86472928636842095  0.87488070093297299
  0.88711779331164919  0.89954022651110876  0.91244857398611323  0.92252916314516387
  0.93219355939735082  0.94384531683968131  0.95541258425368170  0.96526430591246459
  0.97379987672854140  0.98161075372860052  0.99109826262534395  1.00000000000000000
 -0.00278611221145292  0.00911383631432855  0.02048118759949112  0.03119740770493296
  0.04188405893616848  0.05270606314816360  0.06447668302506045  0.07759732687383794
  0.09040181141580289  0.10178174852201208  0.11268376374503604  0.12350260986239389
  0.13435862712239033  0.14557664248246516  0.15739876827300589  0.16997185522050851
  0.17909881008816206  0.18932779102032993  0.19943761118543629  0.20963132138582949
  0.21992729966193139  0.23105264324851771  0.24472623762828882  0.25818361597443812
  0.27026505321907052  0.27837468002686255  0.28604397321341657  0.29349919925482598
  0.30109871794071319  0.30908196910797853  0.31728360519494525  0.32523705471480246
  0.33342999031323278  0.34282015142344358  0.35266052342614473  0.36243757521726511
  0.37280393796299222  0.38305534880382158  0.39527147373127158  0.40669613958310741
  0.41822773706751099  0.42988704965384505  0.44125843473187842  0.45332777915077166
  0.46484451991631720  0.47627519314465255  0.48836591631505516  0.50067004878280530
  0.51270195093645088  0.52456816664976091  0.53634047214123159  0.54703873547009030
  0.55631358351251559  0.56661944928332120  0.57866375333348974  0.59032730109726339
  0.60058278933682263  0.61074258867891984  0.62105923987650069  0.63124676841256511
  0.64058508628677924  0.64954908813431600  0.65890703318628641  0.66965520109733923
  0.68202538913946575  0.69401816801984573  0.70479667372089116  0.71467731832588510
  0.72401846296660155  0.73367635008732301  0.74388930431584699  0.75455987809285086
  0.76555878830186208  0.77709162155495992  0.78974903748184155  0.80046830300942506
  0.80959594370597843  0.81766430471744700  0.82528867862134447  0.83328303106182677
  0.84153197304709937  0.84971855095653048  0.85805748816901839  0.86668109734434862
  0.87560743071632352  0.88599087575510194  0.89797838813401953  0.90958663682855423
  0.92132380031611549  0.93244108743253062  0.94396247284503887  0.95663890999528556
  0.96775434683688877  0.97801562467769254  0.98836882499757583  1.00000000000000000
 -0.00105103680407150  0.00485553143995677  0.00949037513813912  0.01399052927437777
  0.01827900635692069  0.02273377662941875  0.02773522006303003  0.03268613003341374
  0.03773989894158543  0.04300073757757906  0.04893796715571046  0.05542019877001452
  0.06161051259521969  0.06783496881726490  0.07382018647389170  0.08002530949644701
  0.08665367585165873  0.09334904677318226  0.10007651742417382  0.10724115401849674
  0.11535111529685819  0.12373042301703853  0.13202142407441683  0.14019308450383697
  0.14794146155266708  0.15473884761501011  0.16247128835397018  0.16868279812101741
  0.17449854004533427  0.18030765446916625  0.18613618966566148  0.19230191472134556
  0.19921450109986194  0.20679630977067212  0.21495266090192158  0.22377323787012249
  0.23201086307548430  0.24082000979450691  0.25015101347365698  0.25908958395319365
  0.26737769935429057  0.27588443715755512  0.28421634979799465  0.29210797253053172
  0.30037048359860891  0.30907257046946812  0.31808744536892786  0.32876080839566935
  0.33963000140010058  0.35053814454860899  0.36201658822852129  0.37313915749429344
  0.38365065569237988  0.39382404207696103  0.40361116580307560  0.41315920166466108
  0.42275669390212189  0.43220251895702783  0.44204256412348031  0.45354264310663245
  0.46545148828504068  0.47863551945236776  0.49231701970750785  0.50704437831951954
  0.52169044374938844  0.53124618515484867  0.54049258002031253  0.54946651151255399
  0.55873516123213629  0.56759068873485530  0.57592901065873403  0.58564445409858645
  0.59802849317787443  0.61232015912523663  0.62596788518380653  0.63828424311590692
  0.65148211044948889  0.66643268320273263  0.67872794992479801  0.69091444316568595
  0.70265541416592725  0.71442036750520277  0.72466303441241886  0.73507998298775357
  0.74595617711902240  0.75860752595366676  0.77252454305217677  0.78866889988639410
  0.80593142202807166  0.82388073593754108  0.84214425147182248  0.86048531330734268
  0.88099347484566981  0.90761557087826961  0.94700477935673388  1.00000000000000000
 -0.00273622807390267  0.00953341152466524  0.02226187831251889  0.03493540995160203
  0.04752306746774487  0.05912573869303582  0.07080129346448295  0.08189287728515961
  0.09168244143433196  0.10101990217861935  0.11110893954263677  0.12124485369038916
  0.13053690308897614  0.13965458810698689  0.14828301311422204  0.15721177501844613
  0.16581107749745819  0.17600458685986661  0.18520730380726752  0.19434919051388613
  0.20349718434684522  0.21732964915637332  0.23157000968741046  0.24370413148636536
  0.25446101135456367  0.26447315266614929  0.27356912964416713  0.28268644113208602
  0.29234479570570909  0.30507252521113021  0.31696067133158212  0.32795045354880886
  0.33808974642718737  0.34698514647166318  0.35531749873685325  0.36377063855264846
  0.37286039859451592  0.38263768587872099  0.39332433473779121  0.40503018165264321
  0.41720945128553871  0.42915915076860750  0.43995761464183875  0.44964437962618620
  0.45996227742195667  0.46981955505420669  0.47952200809980489  0.49029170213735324
  0.50182257659041585  0.51571678667713428  0.52864969514343363  0.54005823313994894
  0.54828706004877814  0.55580575829763412  0.56482039181296573  0.57411061943665864
  0.58267321964541996  0.59107160957728444  0.59956629551311291  0.60801181154192019
  0.61635779515468547  0.62495255258392379  0.63364652230906138  0.64298416572933159
  0.65288725458957730  0.66207550873072540  0.67168761493020535  0.68353430548495930
  0.69458655767182609  0.70502417960018260  0.71556110652915184  0.72702634423146273
  0.73925022831360909  0.75132580912394942  0.76361774666120363  0.77618427222436470
  0.78817166802142968  0.80159038419796114  0.81478560960513746  0.82618983710129357
  0.83663394804805358  0.84610464027702192  0.85555447872765733  0.86614523658265552
  0.87666117927280351  0.88737048140783825  0.89784347383326069  0.90913700503512218
  0.92089305639752417  0.93241678416819029  0.94360274642961472  0.95462100435501795
  0.96585106134035736  0.97711898829304089  0.98823331209034870  1.00000000000000000
 -0.00215340494547499  0.00820172555839131  0.01708659484280554  0.02704388007899513
  0.03731987257099428  0.04826003712608317  0.06002589695163323  0.07092104486991482
  0.08085012948244767  0.09080594173156593  0.10060839794413499  0.11003521319590918
  0.12015274847270654  0.13116841892202671  0.14153206217806999  0.15136760762371873
  0.16153963276205097  0.17220747390183636  0.18304243570830514  0.19372473556319397
  0.20413587643788750  0.21420580537184727  0.22409021121486242  0.23498421703970879
  0.24658163188972052  0.25859267878902031  0.27049323300948913  0.28298481851997981
  0.29458930037504333  0.30521973500721372  0.31537069173702037  0.32496100265012468
  0.33446755412752771  0.34427179626365301  0.35426434954054176  0.36489776643261496
  0.37539340054633941  0.38665491656850148  0.39855554868669019  0.41001797358758263
  0.42239785733089180  0.43433723406957442  0.44540230238060874  0.45577263782266320
  0.46701636816319009  0.47768072074555062  0.48701311295690924  0.49662720931116622
  0.50719390369342177  0.51932845701396702  0.53042144912068356  0.54038534869967603
  0.55134719297188883  0.56295900911256858  0.57582332241100753  0.59080024791763475
  0.60507355139238461  0.61649969878589561  0.62695320208663463  0.63685729367729327
  0.64684550103940430  0.65580135318694599  0.66546452479009111  0.67418738743383189
  0.68324336981241784  0.69234149099794651  0.70191022137356673  0.71089001064210466
  0.71992975496488609  0.72925461315547457  0.73920094904297107  0.74957556984000018
  0.76045219579527268  0.77266482537176906  0.78688655905864913  0.80213518959726837
  0.81768476899770459  0.83300368925507995  0.84744300110925685  0.85943949030133515
  0.86943616536267676  0.87828466764504598  0.88691843302149043  0.89604508845950359
  0.90529107319778690  0.91432034429462850  0.92247344934757214  0.92992718304402577
  0.93722720600805431  0.94488976941499558  0.95303942224442928  0.96165501486859473
  0.97041998021659814  0.97889322666064538  0.98944751374877782  1.00000000000000000
 -0.02835221054675162  0.41342775723924580  0.53272606493084784  0.60428991462020853
  0.65669829602538898  0.69631477512319695  0.72780124174617844  0.75289246303705615
  0.77456362291180481  0.79259107998444234  0.80739998109183930  0.82018521359933505
  0.83225372204561110  0.84303158298054226  0.85256950943403942  0.86151304364606429
  0.87045350361241436  0.87778003459600873  0.88412290672962812  0.89067317510164623
  0.89726439376082945  0.90316043144860259  0.90862607193281908  0.91391341641920965
  0.91825604635203251  0.92208727822433900  0.92576780697800043  0.92936263029579547
  0.93270673391210368  0.93584165244803141  0.93867424933707888  0.94102071273661736
  0.94343982793497305  0.94573522323109183  0.94812952803054629  0.95037654362037072
  0.95254825987289471  0.95461540935496425  0.95665192365458929  0.95837153465304625
  0.95985121749124558  0.96118245110534384  0.96253700478173188  0.96389105196079305
  0.96523236106067145  0.96647952610782373  0.96768273029622764  0.96881669078850918
  0.96997851892568865  0.97112532171980648  0.97223305250171943  0.97327399162993644
  0.97426636702105418  0.97524658941486464  0.97621617271180927  0.97716480223348334
  0.97813308132136001  0.97907225970912048  0.97996266526044395  0.98080298166768842
  0.98160192524343259  0.98235566324199852  0.98306966684382713  0.98375240122446161
  0.98442326027298399  0.98508308298127678  0.98572351663717395  0.98633593230908545
  0.98694668785906192  0.98755233479676818  0.98815801840369355  0.98877607329512107
  0.98932125603885501  0.98983866904133355  0.99033328615255733  0.99080426070811445
  0.99126595912032467  0.99171496436222495  0.99214732090219182  0.99255680634543053
  0.99297177788586988  0.99339484763386587  0.99381904032922819  0.99424188953791559
  0.99466213005957316  0.99506368437265935  0.99546552057406923  0.99587770225794792
  0.99630321639996422  0.99673270243935308  0.99716280005205704  0.99760806040089811
  0.99806898713028980  0.99855453954606921  0.99921422307193519  1.00000000000000000
   8.3618518096891512E-016  -1.0000000000000000     
 F F F F F F F F F F F F F F F F F F F F F F F F F F F F F F F F F F F F F F F F F F F F F F F F F F F F F F F F F F F F F F F F
  <DiscreteSampler_grid>
  grouped_processes
  1 # 1 for a reference and 2 for a running grid.
  10 # Attribute 'min_bin_probing_points' of the grid.
  1 # Attribute 'grid_mode' of the grid. 1=='default',2=='initialization'
  0.0000000000000000 # Attribute 'small_contrib_threshold' of the grid.
  0.5000000000000000 # Attribute 'damping_power' of the grid.
 # binID   n_entries weight   weight_sqr   abs_weight
    10   10   1.659150972070427E-005   1.569502701186069E-009   1.659150972070427E-005
  </DiscreteSampler_grid>
