  0.00977873533908279  0.01530068000859533  0.02341312428776839  0.03247697149554930
  0.04220258741859611  0.05228718982342540  0.06262866746937605  0.07313904383612237
  0.08448577416050819  0.09668705194266160  0.10896911585874597  0.12087901364692487
  0.13217336251516185  0.14339034893336255  0.15462698788476831  0.16559740253380434
  0.17616151019249102  0.18660227289129605  0.19757751106763830  0.20853992569427005
  0.21906601016724164  0.22908997359579059  0.23933856640848650  0.24960225219934565
  0.25998502039081411  0.27105166486299592  0.28205655164660159  0.29237975216908418
  0.30237454506168759  0.31278337337563333  0.32355925183003820  0.33420198350958336
  0.34438246551942642  0.35426057932670230  0.36418624735014832  0.37396634208593921
  0.38354912220461906  0.39325602203340720  0.40314153032387151  0.41336824763560104
  0.42341831691362425  0.43318764011712835  0.44324843591752522  0.45375376014293745
  0.46505837597800853  0.47635141706522144  0.48774256316665027  0.49902547225091781
  0.50981062535566879  0.52053844098045787  0.53144546758904554  0.54168757267897039
  0.55062138097140956  0.55959748857356229  0.56902979547432953  0.57887577862993922
  0.58857615114519479  0.59860215947735229  0.60815416916170906  0.61799536800121946
  0.62776142573654747  0.63779643913792305  0.64644755707323232  0.65495869463403422
  0.66352847214410415  0.67386654788193268  0.68484576495530936  0.69668833003722397
  0.70902930936848296  0.72229041022055607  0.73536414882710910  0.74776192184081169
  0.75926236618783649  0.77000740491814512  0.77982776668108267  0.78967583630083193
  0.80024917735504264  0.81099457138736053  0.82142382042706197  0.83134449118108300
  0.84090206957725044  0.84986696421811614  0.85893581615291037  0.86840846795116566
  0.87834791578378069  0.88819132449478477  0.89803261655440780  0.90833586154705004
  0.91936543993083930  0.93016169627426970  0.94036495141012810  0.95042137163650231
  0.96108794580867851  0.97326904780944645  0.98643311369274311  1.00000000000000000
  0.00003085340245544  0.00004752829971525  0.00006079815116183  0.00007590426038913
  0.00009348071230817  0.00011235634124678  0.00013191705790822  0.00015338772089517
  0.00017750083830882  0.00020328515432408  0.00022941366102353  0.00025585850252692
  0.00028304398838163  0.00031183104062297  0.00034294252425506  0.00037623663603297
  0.00041287923573273  0.00045188928998129  0.00049160559978255  0.00053271685011220
  0.00057628033946761  0.00062186410592476  0.00067466877154631  0.00072830881824099
  0.00077997723037083  0.00083540689316014  0.00089413483876047  0.00095358184680629
  0.00101582258102790  0.00108165800030908  0.00115073090274706  0.00122245673500772
  0.00129485736993209  0.00136467134104577  0.00143491669019734  0.00150565569066869
  0.00157760010437427  0.00164990555555029  0.00172725765123377  0.00181156921804890
  0.00190318177522905  0.00200161294425629  0.00210643337074215  0.00221815000674339
  0.00233405611598105  0.00244720060570186  0.00255358416516814  0.00266638628770648
  0.00277864606953786  0.00289362635323108  0.00302942917348073  0.00317436553408359
  0.00332735342137099  0.00348984389434343  0.00365541491785050  0.00382150994180772
  0.00398669878271052  0.00416891990134777  0.00438078531194415  0.00462064068157465
  0.00487940117651025  0.00514334862065099  0.00540073954990808  0.00565824710138645
  0.00592715754528605  0.00620069738644633  0.00652268620818740  0.00685054576175729
  0.00718784676347587  0.00753223614621284  0.00789158565210760  0.00830676486355113
  0.00875511799699357  0.00924403728519371  0.00979527935872464  0.01042890180871603
  0.01126199487953281  0.01208366164090210  0.01297455541246199  0.01385757107817368
  0.01483145291515691  0.01596125232089904  0.01722257712595597  0.01865683862231719
  0.02029018727560972  0.02220779989140897  0.02453307300486174  0.02728386851400061
  0.03088116035790244  0.03577197474875637  0.04258688774813206  0.05135270253171054
  0.06563669328709518  0.09411540433505534  0.65866195661970472  1.00000000000000000
 -0.00000630951071943  0.00003109304912343  0.00006146149932946  0.00008943049305860
  0.00011726522366970  0.00014886426588305  0.00017842092281904  0.00020893255272640
  0.00024133191829793  0.00027492482965015  0.00031000917922673  0.00034834501429478
  0.00038927961865051  0.00043065677165977  0.00047293649710930  0.00051833582424952
  0.00057036749608035  0.00062849338049718  0.00068537768370159  0.00074346587757970
  0.00079413793405243  0.00084735934702019  0.00090374434520286  0.00096285233474012
  0.00102631989992066  0.00109591181127035  0.00117074503071603  0.00125020406741735
  0.00133545396845123  0.00142435565009534  0.00151145983929231  0.00159603757964946
  0.00168448612405200  0.00177612435492157  0.00186707175667375  0.00195887250854329
  0.00205343248482532  0.00215053633846496  0.00225088763877100  0.00235666242850294
  0.00246833309605763  0.00259158184624037  0.00272325556721629  0.00284653339261126
  0.00297389384451379  0.00310700430052282  0.00324850143897207  0.00340089814311264
  0.00356365435800202  0.00373499723193638  0.00392024759113672  0.00411090063465326
  0.00430786270682190  0.00451083016609476  0.00472734922718481  0.00496885767796605
  0.00522610686706887  0.00548927083897313  0.00575040843131932  0.00601676722993116
  0.00628402727341990  0.00655433959181013  0.00682655495197027  0.00709770577282528
  0.00737442935919211  0.00766374997988931  0.00798003189371270  0.00834199033546130
  0.00874286682262676  0.00915800925202663  0.00958016281946963  0.01002732346934375
  0.01056806636703486  0.01112284645920257  0.01175039046681183  0.01237989716226343
  0.01320481765416999  0.01422627070401713  0.01540616535331812  0.01647148007396854
  0.01777818450960204  0.01915681174750091  0.02055745201027321  0.02223588310188911
  0.02431227099105828  0.02696502762929284  0.03015327105944431  0.03387392444206214
  0.03840357314065273  0.04413543588340393  0.05203308893626477  0.06653458328956892
  0.09517060914084069  0.14323558423749080  0.39897104045525322  1.00000000000000000
 -0.00243829345518034  0.01089085101773237  0.02182471970486391  0.03292284821373531
  0.04301295349233071  0.05309448573309523  0.06299682649374008  0.07370380713321914
  0.08452422082797975  0.09444115850920681  0.10405285461021536  0.11351550118690309
  0.12297798078844334  0.13185467232212161  0.14065336538994891  0.14992812413008719
  0.15963544680005823  0.16994556523765011  0.18068275581464377  0.19098100129268572
  0.20071359931113117  0.21020869681514934  0.21994034967379320  0.23005505963239897
  0.24062570630075117  0.25101298812818451  0.26157769822428667  0.27282421685156921
  0.28423166219671181  0.29572120397093832  0.30723015105344681  0.31876217925059708
  0.33029778870815890  0.34165858974672303  0.35294871470148242  0.36365813006581105
  0.37368956784648455  0.38373557647012152  0.39377964322909254  0.40374019449097870
  0.41331321217859113  0.42367326971157904  0.43437020898486145  0.44477250150091086
  0.45540883023230921  0.46619311792998142  0.47705632496381539  0.48807421994264888
  0.49950757373193255  0.51091819860947474  0.52248744017826598  0.53418046183846646
  0.54494307541140963  0.55466178069916416  0.56438302352306624  0.57442651017845148
  0.58446853602928339  0.59397808936166829  0.60318823847420933  0.61291463387314427
  0.62317992465566419  0.63363491768985525  0.64423213658480205  0.65410252971432969
  0.66426417780749158  0.67456256811931248  0.68499037649401540  0.69553533794157008
  0.70624552110857164  0.71699776034081730  0.72801409831150621  0.73893606868201289
  0.75005683007539259  0.76160851683658759  0.77299767457241209  0.78374501667575447
  0.79430286573376030  0.80542246407440432  0.81732611905805808  0.82951621486515381
  0.84129034673348080  0.85297508442340642  0.86419478481633838  0.87525252008831222
  0.88584764768330526  0.89572287350482749  0.90630410619060942  0.91657254819570877
  0.92709653374371348  0.93772601695627855  0.94833304297302035  0.95840798498840463
  0.96769213894832706  0.97706067573195188  0.98809029887732180  1.00000000000000000
 -0.00238196284545795  0.01122191359770232  0.02234483212879246  0.03399273247125719
  0.04524990157863068  0.05619662687150864  0.06675814657103238  0.07721308623651521
  0.08700801821244164  0.09607675034626355  0.10523526459236057  0.11452439789756001
  0.12418162593040051  0.13404442320385834  0.14491980824202244  0.15569643476996087
  0.16630356778381825  0.17672615809332290  0.18701651185674539  0.19695376739034520
  0.20696596489699104  0.21743721147446063  0.22814588524180635  0.23836749756997549
  0.24793818461866823  0.25760528326411075  0.26757525775164803  0.27781975310562079
  0.28811492073391198  0.29815696081978271  0.30801652316283129  0.31815174129724050
  0.32857562557765996  0.33902607259989914  0.35009509120319721  0.36179960783319337
  0.37362896322729194  0.38460909018896361  0.39523491948650824  0.40621060622046168
  0.41712229965299608  0.42825385435942354  0.43907315851313000  0.45048789364802500
  0.46197724466301382  0.47327307593429097  0.48411736007900841  0.49542079362092117
  0.50679796682871503  0.51789037070607091  0.52852386539512530  0.53927388342494886
  0.54974873991687656  0.55974982053935196  0.56936071606612859  0.57859344147974223
  0.58771541260802673  0.59736273325794620  0.60777649194851568  0.61822862850471239
  0.62838027892923487  0.63819659531416151  0.64767006917422687  0.65683953203790313
  0.66616007524737308  0.67606303996446615  0.68636236507004933  0.69679962749811952
  0.70718060406181016  0.71756851738437721  0.72867670884545621  0.74027359105110357
  0.75186359064557373  0.76351772591269040  0.77487264115736354  0.78598023851984433
  0.79638907065706654  0.80570437076531232  0.81467264637836412  0.82419400979028035
  0.83471027642576290  0.84585412858583520  0.85684101780689759  0.86824905442612399
  0.87955625359960621  0.89061311107900853  0.90171650674375037  0.91279993913401902
  0.92389760525593578  0.93539889236257390  0.94681838156891751  0.95806854441953204
  0.96857537273800232  0.97969626698540468  0.98979210611942769  1.00000000000000000
 -0.00228435514144369  0.00985777258471630  0.02078080041374415  0.03117908079871969
  0.04210812706196822  0.05329666484460959  0.06453599248109966  0.07596257373046300
  0.08680811993974143  0.09658048202984740  0.10643705019508218  0.11566648144337209
  0.12541784087835181  0.13432706593228982  0.14348830583075400  0.15346712292189368
  0.16428750591426283  0.17598415888833424  0.18797826376274909  0.19931744806759419
  0.20938002936398059  0.21897348930241692  0.22897732913647015  0.23992514725591019
  0.25011249484680009  0.26079536332772968  0.27162192059548002  0.28425004575555907
  0.29695295708601077  0.30913041992633239  0.32039363443342933  0.33138599084539710
  0.34212623716737445  0.35263130784108421  0.36393722862974914  0.37596813271898144
  0.38759654887790673  0.39756417860219800  0.40695462291566348  0.41683806288748171
  0.42677661338935236  0.43644858401377240  0.44613483978824880  0.45556405849284970
  0.46465275943522827  0.47392812020644126  0.48372182803530289  0.49396264525970768
  0.50419547792762942  0.51441070810568423  0.52606075485652692  0.53842483037729538
  0.54955338359510653  0.56005787364249715  0.57033423005162787  0.58130472510695297
  0.59150750136899966  0.60052650109330119  0.61017007611734098  0.62087148586382213
  0.63314494525379816  0.64564210877094796  0.65670680165182138  0.66758602965690805
  0.67745806006056941  0.68730668022141339  0.69576130215924670  0.70467333493291040
  0.71435828918643574  0.72495521986379674  0.73508345668253594  0.74523010568286607
  0.75620362915193484  0.76863458437614773  0.78036362032616835  0.79137083002920050
  0.80328301310319650  0.81417600225645159  0.82428754478598509  0.83441421804946592
  0.84494174454869742  0.85545713833712989  0.86485808476998316  0.87358809534751813
  0.88277264277660128  0.89308905392881299  0.90439796824352992  0.91608233668992922
  0.92722418236832005  0.93791756740929300  0.94797060844883685  0.95782630027225624
  0.96788181882053281  0.97804493293999983  0.98894181524838631  1.00000000000000000
  0.01045685357249695  0.01438358814181742  0.01739791715664483  0.01967687003432479
  0.02171572594520507  0.02366262438592636  0.02554545117183167  0.02737569962983504
  0.02914941634351410  0.03088808002026453  0.03261926555467218  0.03434632336287603
  0.03607127150907830  0.03779942638898896  0.03947953616759832  0.04109770848314898
  0.04259785028900862  0.04384943015227288  0.04520286425971799  0.04656607581973313
  0.04798802760202441  0.04944862965745370  0.05093319149038955  0.05243201683914039
  0.05392182716564117  0.05543125186117690  0.05704176416826647  0.05873116476970935
  0.06045672692022195  0.06214256820239786  0.06371038600098054  0.06514944183971691
  0.06661970454887518  0.06809532121119470  0.06961108544439774  0.07112036044850174
  0.07267304652088025  0.07427476309028641  0.07588434419445921  0.07754254551792547
  0.07920695660314443  0.08093157214512391  0.08272043986055319  0.08458764739014774
  0.08641100848870953  0.08814432299260749  0.08990427089973858  0.09170089204091704
  0.09359003795829668  0.09554759326198384  0.09750731023229116  0.09949046091936464
  0.10141717355355641  0.10336810972138588  0.10547894387200844  0.10775385256255154
  0.11021921804989319  0.11274289866196864  0.11519930952727986  0.11762095255206778
  0.12010115126402397  0.12252659082082749  0.12538350834417289  0.12860436294913527
  0.13168222510052319  0.13472397205538786  0.13772185126701697  0.14076886659412402
  0.14393891987280530  0.14761873652160948  0.15173505848533764  0.15573437043098246
  0.16025894508639196  0.16491063449780460  0.16972457975143837  0.17502548315284072
  0.18003653550655235  0.18524048359275455  0.19050824418176768  0.19696227658156651
  0.20389127949868710  0.21065936743026331  0.21719387713927804  0.22376476946923396
  0.23022704290204407  0.23796618832087549  0.24622701028233443  0.25404457689141363
  0.26376153230164812  0.28008513453644113  0.30312404119340697  0.32641753064232004
  0.35599816366478676  0.39607200368488926  0.43460622462144144  1.00000000000000000
 -0.00299782109972027  0.01254658878839445  0.02500045565368408  0.03664078390559948
  0.04895789798956001  0.06132483780843850  0.07276890204231690  0.08369270147049496
  0.09486452214631348  0.10613061599809172  0.11758492320869669  0.12949189081684209
  0.14074806027025583  0.15121877271771575  0.16136173922704250  0.17171609551695419
  0.18261637774538234  0.19438845201185417  0.20682811376279880  0.21899004068369624
  0.23042181636551282  0.24141133017443622  0.25241104856659990  0.26348835330482684
  0.27423185120602755  0.28438593109654825  0.29450442451325498  0.30549862244308179
  0.31655226918878243  0.32715364962248544  0.33774028533420475  0.34912769961393830
  0.35997140995568727  0.37042974058235828  0.38026868716770107  0.38932950313322595
  0.39786332369461980  0.40600301416953283  0.41403150197794297  0.42216574887134367
  0.43081759185125901  0.43984076432715341  0.44920929460816206  0.45882313743645248
  0.46821575616145533  0.47761490125764183  0.48634488427712746  0.49511098693461097
  0.50389870796742253  0.51269550989714308  0.52145693668913629  0.53034422306386331
  0.53996369259340815  0.55041923489654709  0.56127699065165226  0.57196613529848583
  0.58282829044919271  0.59269670150164000  0.60193078792813193  0.61116216824084657
  0.62054693241564673  0.62966075859110104  0.63870766265674572  0.64764157651327903
  0.65803121886273419  0.66847189903383897  0.67905634337737342  0.68969126199834740
  0.70047378588907883  0.71102492366760184  0.72252694212309465  0.73478248791469991
  0.74771209256582272  0.75853587316479254  0.76850798514545005  0.77824366553231450
  0.78890747393994265  0.79929271578723560  0.80997697833994242  0.82086941970449956
  0.83170545440791166  0.84272680673141642  0.85377822708494511  0.86635540537964484
  0.87840949536808344  0.89013046338633661  0.90120154751140313  0.91213437483199089
  0.92286580808605534  0.93331375185323773  0.94386861699516300  0.95403494617837681
  0.96491304283299906  0.97579629390920752  0.98798523883677258  1.00000000000000000
 -0.00752709448005205  0.31877631570268056  0.41377192907143318  0.47649531601957484
  0.51998092426947573  0.55384571881762168  0.58155109424604701  0.60460801685306720
  0.62401271025725646  0.64263835725302021  0.65979129957805271  0.67515294206126952
  0.68873963605212218  0.70098310800027164  0.71229931238800082  0.72264072509931676
  0.73196267529707404  0.74022110414292797  0.74789647406680348  0.75502929173334699
  0.76208442349855710  0.76908222527353864  0.77555306452121642  0.78139767388880665
  0.78688742133975098  0.79209368575981154  0.79691387556515547  0.80187562937070322
  0.80685451944064712  0.81163129624242414  0.81626006855474853  0.82062595717196041
  0.82516169989780219  0.82941193727678209  0.83376292900610771  0.83774213818242815
  0.84164472185536610  0.84541116796900340  0.84905667208967794  0.85266216348919777
  0.85600312148798319  0.85906421949557521  0.86206069777941841  0.86504096674687436
  0.86807468534673859  0.87114292702896434  0.87399093672793493  0.87676802662970565
  0.87950819278381220  0.88224502918210468  0.88496586910315622  0.88766838966184647
  0.89037950174726899  0.89312236810976797  0.89568168330346976  0.89813221260140674
  0.90049149445247489  0.90279127372498080  0.90502378150139262  0.90717794397283480
  0.90924790265594524  0.91123230190914917  0.91322522012159801  0.91519972101686409
  0.91718925368990645  0.91915523448640535  0.92107263290181207  0.92300529942935883
  0.92489185448969546  0.92677504726159810  0.92864240736838932  0.93048668633069687
  0.93232555212145563  0.93416156847410992  0.93596779991007339  0.93778005211591908
  0.93960324076218260  0.94143999930028510  0.94330229795018405  0.94517144487178573
  0.94705378858280165  0.94895458148031042  0.95085555000398247  0.95279620627330297
  0.95476572494342438  0.95670307083019890  0.95877613948300566  0.96121616191453185
  0.96377905631480465  0.96646106577388669  0.96928951118899020  0.97227097231464377
  0.97555252466696074  0.97972707959199423  0.98724075974183390  1.00000000000000000
   8.2788991165789413E-009  -1.0000000000000000     
 F F F F F F F F F F F F F F F F F F F F F F F F F F F F F F F F F F F F F F F F F F F F F F F F F F F F F F F F F F F F F F F F
  <DiscreteSampler_grid>
  grouped_processes
  1 # 1 for a reference and 2 for a running grid.
  10 # Attribute 'min_bin_probing_points' of the grid.
  1 # Attribute 'grid_mode' of the grid. 1=='default',2=='initialization'
  0.0000000000000000 # Attribute 'small_contrib_threshold' of the grid.
  0.5000000000000000 # Attribute 'damping_power' of the grid.
 # binID   n_entries weight   weight_sqr   abs_weight
    10   10   2.628624636648091E+004   5.190818719972871E+009   2.628624636648091E+004
  </DiscreteSampler_grid>
