  0.00910802532030323  0.01759144207226432  0.02950723421525327  0.04127667867887202
  0.05266558939138020  0.06379011147463448  0.07510991676203298  0.08717029996773042
  0.10003573300046857  0.11196144701373897  0.12236069805561453  0.13254234626597983
  0.14248378010524765  0.15179646992028445  0.16145917569693000  0.17152773327793899
  0.18167740180686984  0.19132078655706694  0.20058843174265281  0.21090539995669744
  0.22240539025429945  0.23425930177640758  0.24569943027026298  0.25729024414980772
  0.26887022024549151  0.28072211864217950  0.29275235704957542  0.30452287083837803
  0.31639781047251708  0.32898273560202429  0.34183914468062110  0.35393501148841916
  0.36464828270745220  0.37451632262427947  0.38388572746118610  0.39304739830086932
  0.40159957243337385  0.40964293890699155  0.41818711662722241  0.42753072950180165
  0.43748533395647593  0.44736933871003959  0.45771189531063655  0.46864927254860667
  0.47957571462021997  0.49060535463203159  0.50205108785367036  0.51278579937093494
  0.52390247706465165  0.53638538328285346  0.54913080290060223  0.56169903937087617
  0.57417599907275407  0.58582738834294279  0.59616706967823330  0.60612790466713284
  0.61640353318090479  0.62720853658803544  0.63858023707364642  0.65024735695272384
  0.66140702284307384  0.67105159775398948  0.67970595376963616  0.68825144838837105
  0.69698498433037270  0.70577590985269167  0.71457606068874746  0.72389578532442167
  0.73467731731809538  0.74581314252844833  0.75658422799917646  0.76687973769759032
  0.77666080766085610  0.78610148320704754  0.79592106554216624  0.80650991188141941
  0.81796989626263494  0.82831624348408284  0.83805808713292662  0.84736733284293320
  0.85743685728465580  0.86843753264017942  0.87926726258602483  0.89018114913629753
  0.90120532024490141  0.91194871502443942  0.92251618710934680  0.93323803609650180
  0.94330200951762355  0.95245040255007773  0.96100035566105335  0.96855711257120258
  0.97645057592766460  0.98464242255529333  0.99024331656120734  1.00000000000000000
  0.00000159807804969  0.00000296173093484  0.00000667944636120  0.00001253170652971
  0.00002129235992165  0.00003039649401520  0.00004123489564171  0.00005259041277057
  0.00006415016645941  0.00007598508048245  0.00008719770270016  0.00009685474207015
  0.00010566921948074  0.00011400692301725  0.00012322883336986  0.00013330573834077
  0.00014440502309266  0.00015783166975968  0.00016956192852951  0.00018142210441531
  0.00019460219862776  0.00020971791924491  0.00022543879019866  0.00024074726064394
  0.00025528155290359  0.00026897363692449  0.00028363488520566  0.00029801377923947
  0.00031396654149954  0.00032999095932303  0.00034608696214949  0.00036121141021444
  0.00037782339294839  0.00039576272410287  0.00041445508124765  0.00043276767619920
  0.00045222878489907  0.00047377356201191  0.00049670778351223  0.00052061129610627
  0.00054506567502156  0.00057423957162661  0.00060537092412642  0.00063846803805214
  0.00067413562373224  0.00071266320925998  0.00075384659592137  0.00079471922459667
  0.00083544647988467  0.00087822932001752  0.00092181175387827  0.00096759886879445
  0.00101421971053684  0.00106488935542716  0.00112101598871702  0.00118156450735340
  0.00124702625608902  0.00131772939219727  0.00139169899055193  0.00147031508599792
  0.00156195474130739  0.00166101743392160  0.00176575769682902  0.00187357607390959
  0.00198638660123281  0.00210603410790543  0.00223619250936947  0.00237219680934477
  0.00251630078633276  0.00266945445996856  0.00283691344337055  0.00303402179343341
  0.00325836759788062  0.00349734963142857  0.00374932889296031  0.00402132069896306
  0.00431824181174765  0.00460234190336246  0.00488800284404197  0.00521345987286855
  0.00559751413401180  0.00604910866256533  0.00662606475532318  0.00728354211516355
  0.00801881917364906  0.00882519475520591  0.00973328111217767  0.01089699821417091
  0.01266327371873874  0.01714195122527830  0.02421554232385154  0.03026279615723420
  0.04557304435811040  0.08565906424264574  0.13198917760461690  1.00000000000000000
  0.00000164758574466  0.00001347127656038  0.00001897240105362  0.00002612946081653
  0.00003617986438480  0.00004857513905335  0.00006447460027953  0.00008372922562032
  0.00010454189994909  0.00012734659754542  0.00015289883659182  0.00018232032224023
  0.00021686874767156  0.00025680447865134  0.00029964255515839  0.00034171008200462
  0.00038244028167175  0.00042535484536015  0.00047079570417950  0.00051774698023092
  0.00056728789318739  0.00062114065766865  0.00067953375683173  0.00074122660378662
  0.00080006022539173  0.00086546843920374  0.00093572805871895  0.00100577048538018
  0.00107456391072777  0.00114388019385188  0.00121497368189298  0.00128750118415346
  0.00136360549469145  0.00144980215175114  0.00154490436200534  0.00165764101411581
  0.00177118030297670  0.00188967745383411  0.00201007010398129  0.00213548345669175
  0.00226345308524854  0.00239233423912026  0.00252530983440133  0.00266091681357626
  0.00280087917129101  0.00294910756803285  0.00310362115788163  0.00328182138202128
  0.00348354582905652  0.00371022606685711  0.00392626825368037  0.00413631295170594
  0.00435806983031539  0.00458573767179993  0.00483249142101949  0.00509862197067478
  0.00538126363361223  0.00570333399970263  0.00602772967023959  0.00632164782134678
  0.00659553446918496  0.00685731496482510  0.00711458582173359  0.00741146579191311
  0.00775122624330385  0.00811960346603192  0.00848469307615162  0.00885308325219882
  0.00919627741784985  0.00955023732482892  0.00999362157432438  0.01059618724045624
  0.01145514771017281  0.01244885631497330  0.01351934626611868  0.01462863482391235
  0.01574070212701214  0.01655781970010073  0.01738051808234066  0.01825477369355096
  0.01920118529305060  0.02021970902587673  0.02127173213136894  0.02241006785416873
  0.02341430656187954  0.02500986961996671  0.02787752964724165  0.03085882423114595
  0.03366486085024740  0.04053696452017521  0.04817749865884233  0.05480694406943905
  0.06348311689133206  0.07399578954022432  0.08841911253333361  1.00000000000000000
 -0.00260415983381246  0.00946260416431983  0.01947241124361880  0.02872306686734264
  0.03836287156493232  0.04827109282748647  0.05899208361776489  0.07061646287791391
  0.08230162640806583  0.09392851754515394  0.10528705345769447  0.11633453962132918
  0.12803400712099772  0.14063178378434971  0.15224141609229916  0.16177774993486965
  0.17102399413688912  0.18050697203339228  0.18993315870584160  0.19883762537132824
  0.20764738125965088  0.21973482921847634  0.23195407992409850  0.24412831345069777
  0.25671403188468794  0.26858154588739691  0.27999772465562517  0.29045849416615505
  0.30073981859816046  0.31079276153540930  0.32121155390841355  0.33045802759296805
  0.33992593250791470  0.34963590754900264  0.36156448182065981  0.37375859564188352
  0.38455143162128008  0.39432461706560928  0.40322712384092335  0.41201523976883592
  0.42199278765973358  0.43268544108931078  0.44361196634189515  0.45415528826154833
  0.46520749044237270  0.47630286550868800  0.48658634554715102  0.49690312542223819
  0.50779051233088568  0.51967559963283783  0.53187632581972899  0.54352948602389173
  0.55414212424831288  0.56414007700998869  0.57451159634412241  0.58561880124833143
  0.59660558517105289  0.60706634698983408  0.61751692629937893  0.62847345042184821
  0.63994796620647587  0.65091552053543156  0.66144415076118512  0.67262148708584335
  0.68316341462234376  0.69225661983587117  0.70019343217934993  0.70845885289106236
  0.71825226463586134  0.72885320739924742  0.74040424916468117  0.75209579640901525
  0.76326760995604748  0.77415463231944626  0.78475469917904661  0.79488304709239765
  0.80448815365456838  0.81503718655281687  0.82702252717618352  0.83934301721009819
  0.85141571977653929  0.86228668487173887  0.87386492004999716  0.88220757810316430
  0.89071824400225541  0.89926107165730673  0.90781623394059596  0.91664075967575309
  0.92570046590783084  0.93466235028871048  0.94425949311788038  0.95435787803692951
  0.96441051192091831  0.97476986595869519  0.98705649328568479  1.00000000000000000
 -0.00247941496943837  0.00925292435123869  0.01993323367326541  0.03052761314438599
  0.04163058004485964  0.05347030981756451  0.06616656251457299  0.07910784860637239
  0.09075862242084001  0.10187303502824491  0.11337439098325038  0.12466879285385303
  0.13569440635242483  0.14705753846120470  0.15966915045069174  0.17272222435834797
  0.18487208704525077  0.19635404159296921  0.20750701197225108  0.21876470183487981
  0.23021660900456578  0.24121550095697153  0.25205885368202569  0.26103679046983608
  0.26957467991472828  0.27790288904051347  0.28669974007533128  0.29518712694552529
  0.30321534797906735  0.31135639247539360  0.32104313508865401  0.33126436640756346
  0.34113173886920128  0.35153756905993649  0.36315840543419980  0.37560368264107785
  0.38785864792878072  0.39976169133444706  0.41153931116328640  0.42253391322698575
  0.43401245195060412  0.44666313712652933  0.45970740510433150  0.47202157908906328
  0.48286171906118291  0.49361543512260903  0.50433111273807463  0.51577416854230362
  0.52683796260614879  0.53762701560124937  0.54911318082070071  0.56130300473231487
  0.57404649674189445  0.58478336025956879  0.59522277617220531  0.60548560861638867
  0.61454141210422741  0.62499515659395743  0.63325301268000200  0.64145324079066057
  0.64985245844575756  0.65926298751220791  0.66978687256251068  0.68004788985725850
  0.69060424424067857  0.70226194928755747  0.71299151981010933  0.72328750377119466
  0.73282206997086463  0.74304680213759855  0.75364179257452579  0.76542314569005476
  0.77473457452521555  0.78296621659324472  0.79086682853801971  0.79838334397173794
  0.80578136083282559  0.81312202865233030  0.82070158442529406  0.82864801245015218
  0.83866508917010629  0.85089523630790065  0.86380227229887951  0.87652352303065795
  0.88955549547842538  0.90253867817861488  0.91532572312236782  0.92726553066762041
  0.93788386482178510  0.94707306895039634  0.95578740291258968  0.96478825549471503
  0.97335436260321073  0.98172643504065726  0.99037120304776649  1.00000000000000000
 -0.00388821207051926  0.01451466143685712  0.02550517097701205  0.03461460179970018
  0.04386913000060556  0.05254439703985863  0.06168999251119714  0.07027601973778538
  0.07823285107639892  0.08668566958488697  0.09594570455012683  0.10592608517346123
  0.11683881379304413  0.12855340289467884  0.14073396309338457  0.15335544724728400
  0.16569301468756983  0.17708188011680498  0.18847810886262362  0.20063157480902219
  0.21256367254941200  0.22398990002925903  0.23580749104695842  0.24814083567003270
  0.25960179708854220  0.27109366490521059  0.28327382675109702  0.29656564095634191
  0.30953142963113828  0.32193000958719920  0.33339970464677848  0.34375481731015650
  0.35377654403528275  0.36356419295526232  0.37334258392637099  0.38203696073377952
  0.39069537771456958  0.39928006028738861  0.40884311030070303  0.41844478741698277
  0.42816958968589319  0.43785584221073792  0.44719359997591956  0.45648966992344187
  0.46590867534323804  0.47587329958957258  0.48716018916252046  0.49878832342864754
  0.50919999563365204  0.51845387903444051  0.52725992329310234  0.53649277845091059
  0.54709760827200182  0.55865532163031295  0.57014553610673246  0.58185187825837792
  0.59341635359959888  0.60485776443029260  0.61662227547912796  0.62855736910871529
  0.64073396110591629  0.65199649202802168  0.66223190259031384  0.67235140352037026
  0.68167376921568423  0.69063246731431449  0.69864324243981724  0.70706948383447998
  0.71759800453308076  0.73043782248108802  0.74177674860267395  0.75255873951445917
  0.76315722990744839  0.77401380619055793  0.78477859347096446  0.79622800749676015
  0.80817862240839378  0.81996546493533784  0.83119716887024908  0.84205589567553540
  0.85252122537948882  0.86102547975533195  0.86893478231873333  0.87683487251160741
  0.88444956687296539  0.89225766426526421  0.90055423784483346  0.90937601848590077
  0.91879411798817767  0.92990693355494780  0.94133809997831674  0.95310749299993780
  0.96408355449740646  0.97507065136655002  0.98641081211797499  1.00000000000000000
  0.00081646962989163  0.00169346666186509  0.00302922857434687  0.00410541491863421
  0.00507964584310783  0.00600148974597407  0.00689929078581193  0.00780136147517229
  0.00866810916799492  0.00951862696006558  0.01034390155972233  0.01114322694470407
  0.01192472383451256  0.01270130166867151  0.01353206718737377  0.01440167413686664
  0.01527992010254941  0.01616194214459449  0.01709539538498157  0.01801681103348198
  0.01893051108467559  0.01987122770984982  0.02082922550894802  0.02186267771666508
  0.02292663217445579  0.02400939624911963  0.02508975053322106  0.02614669926150884
  0.02717740929671444  0.02817383981610923  0.02915314833936366  0.03005356562006264
  0.03092164261900001  0.03179942646428319  0.03271286778169327  0.03368615074705718
  0.03466913271833552  0.03562436994088580  0.03656304482404480  0.03752218596267570
  0.03850874178167632  0.03950986808781709  0.04054050709130526  0.04163032031541717
  0.04279264870482377  0.04402365081198820  0.04522316794470505  0.04638797909887615
  0.04760798615543983  0.04908630825131959  0.05073633647532705  0.05220631361198640
  0.05355542594209825  0.05481181041355028  0.05620501293280598  0.05759223956393169
  0.05892584061506184  0.06033006525006194  0.06168401042858610  0.06330432520251580
  0.06496634334216289  0.06644602078455177  0.06797060953780538  0.06960491281155667
  0.07136731763551402  0.07336008113424633  0.07504375789215366  0.07632982634607792
  0.07756299622345098  0.07880467601795792  0.08035663679896410  0.08267549370656495
  0.08518283690437724  0.08778993597098438  0.09011015615682880  0.09189006009651897
  0.09367300981779431  0.09574696152767924  0.09860442478813056  0.10230173331783055
  0.10555337237991030  0.10857392780130369  0.11135921744655440  0.11474301870864527
  0.11850337344920411  0.12426615033170653  0.13807570716562229  0.15663141714823561
  0.16690095184677739  0.17725807698533247  0.18846318659376102  0.19835375864234300
  0.22052541411787624  0.24394247497353042  0.66096975948722236  1.00000000000000000
 -0.00164519278151123  0.00706637230148090  0.01509264524999509  0.02463456933138339
  0.03367283836843937  0.04227281920352498  0.05252304828589823  0.06326028358229917
  0.07345176884639139  0.08341714224334131  0.09403392622375742  0.10449213282137192
  0.11441869834086275  0.12418620163258605  0.13378561352220997  0.14335586743031253
  0.15305104222258831  0.16327447953751251  0.17389094704457109  0.18417382232485768
  0.19352614799286597  0.20191833808337362  0.20999268950603739  0.21847599561550976
  0.22753773969057597  0.23671986796538133  0.24572641148189714  0.25473413521433619
  0.26403640709871468  0.27355499960741730  0.28305724862047105  0.29234843822058704
  0.30162321837480754  0.31110233200876009  0.32064999980789871  0.33035850853557852
  0.33960903317851854  0.34816020584852786  0.35590447381728235  0.36351282325018908
  0.37105613761405204  0.37992368870670312  0.38991511676656804  0.40124273322303355
  0.41327362810313090  0.42542651107869422  0.43708775439695025  0.44904049662661077
  0.46229459374537762  0.47743269565060148  0.49368713054496666  0.50958889366032800
  0.52535387656591082  0.54123849341897334  0.55859855419235216  0.57482880081889820
  0.58905813932312467  0.60168928456861359  0.61336787692514694  0.62556105512937421
  0.63855329471418243  0.65044680500299257  0.66092503768105937  0.67097165786743629
  0.68059505160264466  0.69045465154369123  0.70041805209603314  0.71042623128989180
  0.72023714771207414  0.72991704570168314  0.73980083384062856  0.74982640432197922
  0.75949372149885275  0.76927415794425558  0.77898177996134399  0.78901827424975868
  0.79947855364566234  0.81056629899781774  0.82129095549604980  0.83146626829084769
  0.84214054163775975  0.85304245937173906  0.86312648496273936  0.87213512037673735
  0.88100904731054941  0.89072118825051794  0.90190205945073554  0.91443664047089279
  0.92516327808567522  0.93524180697360482  0.94563875091175842  0.95611101736754267
  0.96668536436568453  0.97691154270414260  0.98827617042090221  1.00000000000000000
 -0.01981682488829142  0.37485048909902069  0.48450693883927221  0.55390545878222497
  0.60078119319627421  0.63569105709886142  0.66528228045174675  0.69041824626632153
  0.71157084581321817  0.72985628765851895  0.74566161769733841  0.75936727974204488
  0.77173338927254154  0.78311482361760643  0.79358577655076312  0.80278557736980116
  0.81128364096662320  0.81921409645596666  0.82680835090237625  0.83376189571656167
  0.84009702090402472  0.84643848708613512  0.85265278697805380  0.85846390886078916
  0.86391789478648462  0.86926591201146608  0.87425058686202239  0.87860289961537896
  0.88247774001189050  0.88613432493399880  0.88966057263111198  0.89330958826966689
  0.89687461498492682  0.90011205844932229  0.90316982171364968  0.90606860725736393
  0.90889746262027016  0.91177274939502750  0.91475550700086694  0.91757537175226078
  0.92014218370355660  0.92253172923553262  0.92476835064196583  0.92690603698744867
  0.92902486274692853  0.93114331421166407  0.93325502997589738  0.93541933861488757
  0.93755785716916051  0.93957747014422033  0.94143085985811570  0.94326256624304616
  0.94498661845298970  0.94661469263790232  0.94823155977851681  0.94992291093539372
  0.95155598519053208  0.95321684121077388  0.95480816520321066  0.95634350324817785
  0.95783111618286931  0.95921431389781597  0.96056573714605931  0.96189778362727563
  0.96317743589288474  0.96442142511679940  0.96567782468491015  0.96694735587818059
  0.96820537285424590  0.96946801990304143  0.97075680321005964  0.97202216861054902
  0.97317220582363773  0.97431230060710505  0.97537090538972704  0.97644054522981238
  0.97750782234379230  0.97858895277945235  0.97968031781204123  0.98066834414349846
  0.98166249059605570  0.98265712152318063  0.98364882680566168  0.98473325800947176
  0.98578821462870025  0.98682449097040803  0.98786897733136869  0.98889798465619294
  0.98986205640556035  0.99081604838756066  0.99183191559886241  0.99294697744994809
  0.99415800058879122  0.99558562441594745  0.99744450329283352  1.00000000000000000
   1.3394650075433763E-014  -1.0000000000000000     
 F F F F F F F F F F F F F F F F F F F F F F F F F F F F F F F F F F F F F F F F F F F F F F F F F F F F F F F F F F F F F F F F
  <DiscreteSampler_grid>
  grouped_processes
  1 # 1 for a reference and 2 for a running grid.
  10 # Attribute 'min_bin_probing_points' of the grid.
  1 # Attribute 'grid_mode' of the grid. 1=='default',2=='initialization'
  0.0000000000000000 # Attribute 'small_contrib_threshold' of the grid.
  0.5000000000000000 # Attribute 'damping_power' of the grid.
 # binID   n_entries weight   weight_sqr   abs_weight
    10   10   5.968426790926477E-002   3.522712879740719E-002   5.968426790926477E-002
  </DiscreteSampler_grid>
