  0.00909608615806702  0.01850257024863124  0.02912605932402614  0.03911910869986605
  0.04883166395103423  0.05857047416098617  0.06880627011745974  0.07897649172565821
  0.09010043599033003  0.10255603132654437  0.11643834292413621  0.12931324790451856
  0.13976182952469102  0.14995002683399555  0.16010037115306286  0.17042164768867388
  0.18075564019175600  0.19137659029168272  0.20338430915874101  0.21503670588969684
  0.22672094583895494  0.23685696460211955  0.24675902522413454  0.25605911421483046
  0.26558176390890165  0.27530090430782433  0.28495664883198929  0.29487170535713020
  0.30520458655069527  0.31669571642052247  0.32872163234493279  0.33994870165303648
  0.35040644009208788  0.36115446256573125  0.37225661565204454  0.38287620035809633
  0.39264932466680214  0.40215451643812800  0.41178782075642928  0.42134409606259721
  0.43138584138168984  0.44219972949257963  0.45344359425002934  0.46462285431849759
  0.47524736380761179  0.48536573452090742  0.49522866374159774  0.50470916802215993
  0.51436679058198498  0.52441077684163651  0.53565908694103048  0.54714901884260381
  0.55930646564816966  0.57140207791660691  0.58272825417644858  0.59325613989216086
  0.60327966460674975  0.61350981058133713  0.62404691112328825  0.63482873552374308
  0.64558662911178333  0.65567594726623213  0.66513954272553288  0.67468955848835854
  0.68454086961013616  0.69465173775614397  0.70487759599966737  0.71652183256801372
  0.72858135310638494  0.73920950898025772  0.74854278740195090  0.75738466943221039
  0.76607542147177843  0.77492644028543856  0.78393887610845148  0.79328562397766123
  0.80328800596077632  0.81354617978340671  0.82450706054769773  0.83538790711470845
  0.84530762506868073  0.85480794829051454  0.86378131474874631  0.87305162015266746
  0.88319582901019111  0.89360943527415415  0.90395227396680644  0.91441597979831379
  0.92473617103841410  0.93451461818106984  0.94393275297478296  0.95330512935091549
  0.96347874472379036  0.97434589258078319  0.98674744549252713  1.00000000000000000
  0.00109807590035617  0.00161185589634930  0.00192502928456283  0.00218645413616077
  0.00242096817878041  0.00263752109621831  0.00284191055417184  0.00304857924000136
  0.00325612336440111  0.00347198641317749  0.00367642723707026  0.00387365520444116
  0.00407244108270821  0.00427436873816599  0.00447486043605372  0.00468050647417091
  0.00490210499687317  0.00513458822572885  0.00537360088448667  0.00564271336875430
  0.00591813133340275  0.00617068201327091  0.00643189324339667  0.00668600601961539
  0.00693461907177614  0.00717039678476770  0.00740767145495841  0.00765501494350776
  0.00790331219149507  0.00815118640626781  0.00842516315034211  0.00868936915720430
  0.00896083644111688  0.00922461394976705  0.00948741884777082  0.00976961923360012
  0.01007407619668492  0.01039261296723844  0.01069924534621676  0.01100177843362831
  0.01133701161240305  0.01168775385653000  0.01204280777092906  0.01239283346218147
  0.01275790349369502  0.01313552929597733  0.01352172178038600  0.01392321316673754
  0.01433703559707195  0.01474531624765697  0.01514342370885862  0.01557303962319484
  0.01602526609339245  0.01649988415076949  0.01702253448963013  0.01750296107578995
  0.01809628991040935  0.01873420125390486  0.01938955786986650  0.02007119784795184
  0.02083058439840141  0.02169514999175955  0.02261866603103161  0.02353058183605288
  0.02444972205906986  0.02548918997982925  0.02654766953162125  0.02765659754139568
  0.02869434089336471  0.02978102899077313  0.03096446328843361  0.03241218560236223
  0.03388348470495330  0.03529170025022139  0.03666876010966741  0.03810492783365051
  0.03958631474636878  0.04113089436660961  0.04281941488739820  0.04484744123922296
  0.04877716351367550  0.05258745128266090  0.05557294393408714  0.05802301939252312
  0.06031067359841850  0.06263001578938301  0.06538536356794020  0.06874018885071534
  0.07191151983769579  0.07611744018837535  0.08131190739281723  0.08882202132607939
  0.09686994914715191  0.11015496193252546  0.73631719371547422  1.00000000000000000
 -0.00000182314049683  0.00000588595526606  0.00001652658396803  0.00002660565777563
  0.00003613709973826  0.00004547343760217  0.00005501565615268  0.00006534272085350
  0.00007631689760761  0.00008768798342216  0.00009938064588335  0.00011026250526184
  0.00012069776623920  0.00013173549299004  0.00014347258755265  0.00015552408580109
  0.00016973171864948  0.00018517767494945  0.00020050897836545  0.00021583589178205
  0.00023148086391814  0.00024668569240258  0.00026247566835061  0.00027927806565125
  0.00029751822386132  0.00031751281695570  0.00033972692062694  0.00036421135936884
  0.00038978170492962  0.00041527106336174  0.00044039144252585  0.00046550240518904
  0.00049215851380192  0.00051982798533452  0.00054913647420524  0.00058168914323743
  0.00061454020931831  0.00064626434260183  0.00067869832638667  0.00071401343214084
  0.00075270199623061  0.00079466448483231  0.00083937802982013  0.00088758538427790
  0.00094267518131251  0.00099862507281132  0.00106004950888973  0.00112264784586789
  0.00118934809190789  0.00125945914434572  0.00132934385063074  0.00139896875784036
  0.00147238627879150  0.00155254941576410  0.00164056952131804  0.00173390766541553
  0.00183552801065652  0.00195080644413094  0.00207557506602132  0.00220355009417749
  0.00233414936740363  0.00247634876787415  0.00261260159314554  0.00276077333589107
  0.00292773413049220  0.00309892692618557  0.00327263817698138  0.00346093923314995
  0.00367116641249110  0.00389749251105804  0.00413426608611831  0.00443454954991254
  0.00477633514016964  0.00514904558868778  0.00557132288133995  0.00601240307815892
  0.00650243693211312  0.00709629982027956  0.00766158861374718  0.00825256977026113
  0.00890348848870445  0.00957058012625593  0.01035530013056712  0.01137662855785492
  0.01262765714281965  0.01421507894651927  0.01604654476046204  0.01806285611028859
  0.02038971181668222  0.02363095720468163  0.03162448355691387  0.03911059762517948
  0.05950756158481754  0.08679073118989963  0.47900473223782325  1.00000000000000000
 -0.00208492202583817  0.00841375473032570  0.01850644141132838  0.02880972007939930
  0.03897979614779865  0.04907345988925099  0.05900737578188666  0.06962619596739354
  0.08036313157456038  0.09258503856450770  0.10518773591595204  0.11680170407391352
  0.12764191023396029  0.13883190777075438  0.14979268270897322  0.16119395392834127
  0.17160612400320280  0.18129757514956654  0.19064796885912311  0.20004663585378876
  0.20985801738404430  0.21978677303694258  0.22962991733505084  0.24013976278431542
  0.25108940511719152  0.26252025321749678  0.27447300451492779  0.28647351125542964
  0.29753116946357772  0.30750597458947027  0.31797881784255372  0.32895576772547752
  0.33911727297725036  0.34824643574138858  0.35795179009964911  0.36824415417761341
  0.37889109148994649  0.38920544049427391  0.39873622808743964  0.40947822377577758
  0.41939824138767368  0.43015469479164320  0.44175181876465336  0.45384979113728063
  0.46540311458882844  0.47588294013777299  0.48704918002900055  0.49876004172015426
  0.50963299150286023  0.51993065911202441  0.52982141129784632  0.54014745918129237
  0.55065707772015093  0.56057534077575921  0.57094478451232378  0.58133010248512507
  0.59178956097289692  0.60225894183864637  0.61328713770981680  0.62459413505748573
  0.63605276215166429  0.64703886786706044  0.65772571780493438  0.66837304413841503
  0.67963375074049337  0.69062239645022117  0.70135782491087784  0.71213725374230497
  0.72315594411421524  0.73382322478819917  0.74431980663220032  0.75467240978680961
  0.76527209389420381  0.77551268229643489  0.78540920462362684  0.79501315034881559
  0.80454410460160208  0.81453966333974293  0.82385488575567700  0.83275419146325913
  0.84208237597448521  0.85186233304527859  0.86144882433128078  0.87086580628752819
  0.88035051246217855  0.88980918678154686  0.89909296696412067  0.90841865962801915
  0.91862538564478569  0.92924238032715312  0.94011843435380615  0.95121113085151110
  0.96294047115270409  0.97524227198985503  0.98763893304631711  1.00000000000000000
 -0.00321629064588336  0.01087919445268888  0.02233794066016318  0.03311604032828756
  0.04364036102856055  0.05463001260367510  0.06622642503468654  0.07808194773558179
  0.08888614662624195  0.09722979430496424  0.10540307856913869  0.11335951286121337
  0.12196202984839502  0.13040327968575000  0.13839161818048890  0.14679356274539623
  0.15582380337561619  0.16502458614412593  0.17500913301521218  0.18562179838020085
  0.19738476194029123  0.20849350074088618  0.21748511313021551  0.22731020240944741
  0.23760617640024742  0.24868999686074883  0.25972776139614312  0.27045664710466866
  0.28140095477037791  0.29262134844383353  0.30381914695707762  0.31425721751508340
  0.32419621378375008  0.33394667979694792  0.34390683210582862  0.35375464783993971
  0.36347352053914772  0.37352677543626855  0.38426403096222561  0.39475286902257373
  0.40461491047006570  0.41448514649909318  0.42496940545173639  0.43567123785502332
  0.44619087128961360  0.45701898335830932  0.46892567148324910  0.48109283081627818
  0.49146443048827904  0.50210520837674577  0.51354247724070201  0.52552313816816676
  0.53766035328132566  0.54998796473072276  0.56212707649185434  0.57402335429798901
  0.58551849733302064  0.59670605802586696  0.60848727563700489  0.62121702446292593
  0.63344603445147074  0.64445177836108702  0.65545350835603677  0.66622055339824870
  0.67678522779174188  0.68680386930451220  0.69731507690636574  0.70827326070298124
  0.72056195960543767  0.73231233657159245  0.74231208423923845  0.75211142151799204
  0.76148851316672317  0.77071617963044892  0.77954367352315801  0.78877423022028181
  0.79914287704676912  0.81015222596050329  0.82081638906779353  0.83145006880503036
  0.84164164278095432  0.85193248795508481  0.86221983258403034  0.87223074373887799
  0.88180892683479040  0.89085436254718420  0.90049803702650333  0.91159966932047387
  0.92363110036873763  0.93533244436150043  0.94633938642312476  0.95661965767249035
  0.96683758060951619  0.97761110528829465  0.98867869964827282  1.00000000000000000
 -0.00089114029342711  0.00506941739226511  0.01085575488673862  0.01671423544257733
  0.02248198157633231  0.02811729842225734  0.03395320163801022  0.04035742654170853
  0.04750517633944809  0.05460996453393858  0.06170374742730165  0.06936440292002219
  0.07693774964947872  0.08325849411796070  0.08928426814190941  0.09537024724778767
  0.10183812698064280  0.10860349961321507  0.11504186814666875  0.12106849701199017
  0.12705904244758795  0.13321392253011280  0.13956552261704094  0.14621201072951440
  0.15341804623605759  0.16099176426598408  0.16880143074831658  0.17683389805131750
  0.18503688262214443  0.19353048357128441  0.20253009742961503  0.21143460575939088
  0.21933876868661234  0.22741591773603040  0.23517281525238196  0.24305512091369422
  0.25124767018704813  0.25970963870875963  0.26822819874943016  0.27682274953296471
  0.28546037342316183  0.29421759935016878  0.30324191508374360  0.31242236904805032
  0.32162590420879295  0.33071357726561085  0.33988691563955326  0.34901533107349397
  0.35801811709124676  0.36668225989862230  0.37593690901253735  0.38585064215560233
  0.39547223559376299  0.40473176395956711  0.41373761241498869  0.42340779711179949
  0.43372714121561001  0.44450655394795141  0.45534931592511679  0.46622965570776564
  0.47702753347296784  0.48718017759075571  0.49656375696943383  0.50545071207109438
  0.51414159718347985  0.52330053046445701  0.53295344609244300  0.54348287498230585
  0.55414580676584912  0.56500325994682865  0.57646888811313846  0.58859640514725253
  0.60073112725306610  0.61253876863788148  0.62445864184350941  0.63718582599547946
  0.64991946189375305  0.66284675850430597  0.67599344970283615  0.68964609274751876
  0.70419282368185099  0.71849995310800630  0.73357237806828957  0.75051051439139527
  0.76695077246738574  0.78368249461062034  0.80001430820971209  0.81663078279774559
  0.83433346510769180  0.85387787416661376  0.87533125984053917  0.89714024786461488
  0.91981092164877776  0.94512720457399590  0.97206612442233808  1.00000000000000000
 -0.00224042124314875  0.00968053683521145  0.01957254111567085  0.03050113916103214
  0.04080566943392659  0.05231231836934697  0.06379603635642109  0.07536481883525839
  0.08674437097069618  0.09849389307479389  0.10923174159685523  0.11899229337107772
  0.12934790405914570  0.14029307289642390  0.15096129642457473  0.16088347893625765
  0.17035539749391301  0.17992133612061015  0.18961927881908083  0.19937471362089085
  0.20911303651722829  0.21815646387045096  0.22683295365635991  0.23631027161339113
  0.24656850116150367  0.25718924560953488  0.26820142486232046  0.27955114601511988
  0.29104649181710873  0.30235969981291622  0.31344598405580315  0.32457911689320773
  0.33552388674388789  0.34621166371425816  0.35707610294458686  0.36821315050032238
  0.37964306865863701  0.39073662929302511  0.40069684053118421  0.41015907658881623
  0.41994454726341079  0.42976026233937142  0.43926646863322860  0.44847962421475368
  0.45784168764643435  0.46795688315294665  0.47850913245322624  0.48970790215709026
  0.50135900194603467  0.51230160127201330  0.52321742718785846  0.53382825864731087
  0.54442626209796019  0.55477136862886889  0.56478312166504174  0.57470770803747262
  0.58506735378690533  0.59606687752327581  0.60829744120844453  0.62106108038714491
  0.63377462460892553  0.64582277256501730  0.65586568856657701  0.66596544997430651
  0.67544675713352620  0.68489640657459305  0.69486381657098995  0.70558174758814218
  0.71660680408775557  0.72709134873559866  0.73714985493563090  0.74728465909864894
  0.75768033526322587  0.76834466399112711  0.77947868038925394  0.79105286633681648
  0.80250200113423176  0.81485232436838773  0.82827856648308329  0.84097664925992066
  0.85219568503681808  0.86355435173230388  0.87447322730959443  0.88550447372934127
  0.89528342044464704  0.90421935051769597  0.91370577877122527  0.92291654933760048
  0.93259075225841936  0.94160311333096447  0.95067312676395621  0.96002989053160515
  0.96997324094347104  0.97969980440182503  0.98964062528430441  1.00000000000000000
 -0.00301693615544200  0.00971734538128495  0.02139778861371755  0.03348509556850580
  0.04598874530178972  0.05842135333641262  0.07035954380987258  0.08218307419048249
  0.09484340552297291  0.10747522726530057  0.12027590613703547  0.13194724102601657
  0.14307160552373022  0.15360836458089328  0.16368667779983764  0.17420959194464938
  0.18420267188620729  0.19374260595955040  0.20303561038791731  0.21288787734717426
  0.22311080582601323  0.23356068658931786  0.24454323262113006  0.25478000139791862
  0.26545364557059858  0.27620854111209242  0.28774120541349868  0.29999334008280054
  0.31184853942448626  0.32319086220788273  0.33441459852116712  0.34553233914987891
  0.35667636393794855  0.36756281669658564  0.37816509091207506  0.38919653998164971
  0.40107739645101226  0.41303099279221728  0.42435771646666814  0.43539635955718098
  0.44649184195760910  0.45773053710727318  0.46960209315943813  0.48185937087585257
  0.49347806217923523  0.50483721449902419  0.51622782523803656  0.52765558595678141
  0.53920161873926220  0.54943425255875544  0.55947293248275787  0.56841292673921329
  0.57648628465035934  0.58444795759291435  0.59218906675026606  0.59981045600967153
  0.60809003416077567  0.61765679607908963  0.62756517665323341  0.63883715477453284
  0.64990714379714820  0.66114693695010562  0.67173066105225654  0.68136221245719775
  0.69074789491435962  0.69992482336147854  0.70905639288409561  0.71829309168201427
  0.72764076833951141  0.73718518296873292  0.74664254604736047  0.75671055524307251
  0.76697185326388428  0.77722083329875236  0.78739107353984272  0.79787148195810986
  0.80839296345880907  0.81895637267982324  0.82969595403733809  0.84036822905855157
  0.85057116572059044  0.86106782194489617  0.87171729086680572  0.88230995278189195
  0.89293412102345804  0.90354405156615059  0.91415966923092595  0.92374025104111568
  0.93307155945357534  0.94236621494879069  0.95160435017955136  0.96128715253188657
  0.97068698576674783  0.97974102313485367  0.98959927073778287  1.00000000000000000
 -0.01541128791064970  0.36700408226604631  0.47695959776009217  0.54236414284573331
  0.58881890640280754  0.62653888664691249  0.65775752004347621  0.68382277174893136
  0.70607913748946594  0.72467815647858569  0.74094033975890861  0.75531525249960285
  0.76818196801812599  0.78014334835374644  0.79186999445003414  0.80281229179624203
  0.81280422078434900  0.82197819028147889  0.83058652412187517  0.83828457749030638
  0.84533489763221970  0.85195617725205908  0.85800122095370379  0.86357656559572826
  0.86898027274546763  0.87407840111346347  0.87879488102774350  0.88320331288678189
  0.88734089792141768  0.89136060374625170  0.89523879666746842  0.89889777543722471
  0.90237970734073336  0.90572429050534875  0.90896489713345419  0.91216937923136454
  0.91538178803745285  0.91842607584448643  0.92120965972231450  0.92384978049944810
  0.92643982232103939  0.92895812770733655  0.93138788966981723  0.93384035771549745
  0.93619870415317241  0.93850275933720839  0.94054199274678685  0.94246988506871499
  0.94437679653193063  0.94623882231895851  0.94800882958217714  0.94972984886723888
  0.95141949663964265  0.95306956178964919  0.95471743699516309  0.95639050881592036
  0.95804583001470189  0.95962727156644434  0.96095235398609868  0.96226592125483612
  0.96357822407052407  0.96487269240741169  0.96613522215156766  0.96738090417291833
  0.96857934595159512  0.96975810150777653  0.97089078213604829  0.97199476839021537
  0.97308408855928885  0.97414529860118726  0.97522461744570976  0.97627605840316001
  0.97730670961091826  0.97831286682369045  0.97928793865204777  0.98021987219443851
  0.98116945945449108  0.98209795601566163  0.98302518113999326  0.98394634008394721
  0.98483554120832983  0.98574370801344169  0.98664516959861281  0.98755051246691261
  0.98847383944276368  0.98928421929445121  0.99011285270262483  0.99096501897077871
  0.99183234303407153  0.99271280470658152  0.99358232033919014  0.99449286653358293
  0.99550102062642576  0.99664038596102633  0.99815758662606446  1.00000000000000000
   1.8354296987997710E-015  -1.0000000000000000     
 F F F F F F F F F F F F F F F F F F F F F F F F F F F F F F F F F F F F F F F F F F F F F F F F F F F F F F F F F F F F F F F F
  <DiscreteSampler_grid>
  grouped_processes
  1 # 1 for a reference and 2 for a running grid.
  10 # Attribute 'min_bin_probing_points' of the grid.
  1 # Attribute 'grid_mode' of the grid. 1=='default',2=='initialization'
  0.0000000000000000 # Attribute 'small_contrib_threshold' of the grid.
  0.5000000000000000 # Attribute 'damping_power' of the grid.
 # binID   n_entries weight   weight_sqr   abs_weight
    10   10   8.284105065722461E-005   2.114009742601049E-008   8.284105065722461E-005
  </DiscreteSampler_grid>
