  0.07953450648573203  0.17012834342631317  0.17359002018595959  0.17705169694560605
  0.18051337370525247  0.18397505046489890  0.18743672722454532  0.19145906985994926
  0.19549185118546392  0.19952463251097854  0.20355741383649317  0.20759019516200783
  0.27143106018727209  0.27489668418725077  0.27836230818722946  0.28182793218720820
  0.28529355618718688  0.28875918018716557  0.29185710186754088  0.29303956457319374
  0.29422202727884655  0.29540448998449942  0.29658695269015223  0.29776941539580504
  0.29895187810145790  0.30013434080711071  0.30131680351276358  0.30249926621841638
  0.30368172892406925  0.30486419162972206  0.30604665433537492  0.30722911704102773
  0.30841157974668060  0.30959404245233341  0.31077650515798627  0.31195896786363908
  0.31314143056929195  0.31432389327494475  0.31550635598059762  0.31668881868625043
  0.31787128139190324  0.31905374409755610  0.32023620680320891  0.32141866950886178
  0.32260113221451459  0.32378359492016745  0.32496605762582026  0.32614852033147312
  0.32733098303712593  0.32851344574277880  0.32969590844843161  0.33087837115408447
  0.33206083385973728  0.33324329656539015  0.33450617719013820  0.33577568578779510
  0.33704519438545200  0.33831470298310895  0.33958421158076585  0.34085372017842275
  0.34212322877607970  0.34339273737373660  0.34466224597139350  0.34593175456905040
  0.34720126316670735  0.34847077176436425  0.34974028036202115  0.35100978895967810
  0.35227929755733500  0.35354880615499190  0.40404086969011188  0.44243453863533361
  0.44996086294626403  0.45748718725719445  0.46501351156812498  0.47253983587905546
  0.48006616018998599  0.48759248450091641  0.49511880881184683  0.53414782891784640
  0.63131028654116439  0.72847274416448260  0.79691005634148093  0.81190807216008809
  0.82690608797869514  0.84190410379730241  0.87188789956013080  0.90052808768696946
  0.90675824902036195  0.91298841035375444  0.91888247579133198  0.92429210045207655
  0.92970172511282101  0.93511134977356558  0.93704121950049379  1.00000000000000000
  0.00003735453993836  0.00004080287584100  0.00004425121174364  0.00004875268763151
  0.00005528469140138  0.00006181669517124  0.00009440663622963  0.00010396160966992
  0.00011376667356460  0.00012768346738607  0.00014089037011409  0.00014433944687910
  0.00014778852364411  0.00015123760040912  0.00015482329349493  0.00015866226146221
  0.00016250122942949  0.00016634019739676  0.00017017916536404  0.00017437879376508
  0.00017865172709126  0.00018292466041745  0.00018719759374363  0.00022943267232392
  0.00040291460713002  0.00041153036860160  0.00042014613007318  0.00042876189154477
  0.00043737765301635  0.00044599341448794  0.00045536972606557  0.00046495943211057
  0.00047454913815558  0.00048413884420058  0.00049372855024558  0.00050386172153730
  0.00051453546898642  0.00052520921643554  0.00053588296388466  0.00054655671133377
  0.00063438393156972  0.00115456259313423  0.00210323774743788  0.00231102576026743
  0.00239821728274115  0.00248544049978542  0.00258248834319390  0.00267953618660239
  0.00277777450392359  0.00288579284840285  0.00299381119288211  0.00308376087973748
  0.00310727364952903  0.00313078641932057  0.00315429918911211  0.00317781195890366
  0.00320132472869520  0.00322483749848675  0.00324835026827829  0.00327186303806983
  0.00329537580786138  0.00331888857765292  0.00334240134744446  0.00336591411723601
  0.00338942688702755  0.00341293965681910  0.00343511294689271  0.00345537620002053
  0.00347563945314834  0.00349590270627615  0.00351616595940396  0.00353642921253178
  0.00355669246565959  0.00357695571878740  0.00359721897191521  0.00361748222504303
  0.00363774547817084  0.00365800873129865  0.00367827198442646  0.00369853523755428
  0.00371879849068209  0.00373906174380990  0.00375932499693771  0.00377958825006553
  0.00379985150319334  0.00455845767254768  0.00829705924053058  0.01509981150619243
  0.02750771009328344  0.04645800952744843  0.04645800952745843  0.04645800952746842
  0.04645800952747842  0.04645800952748842  0.04645800952749842  1.00000000000000000
  0.00000149368653315  0.00000735740964907  0.00000758027045804  0.00000780313126702
  0.00000802599207599  0.00000824885288497  0.00000852558179652  0.00000882840647133
  0.00000913123114614  0.00000943405582095  0.00001057075498863  0.00002375940016048
  0.00005341289629377  0.00007486594827533  0.00007974034706262  0.00008388990757990
  0.00008484287784110  0.00008579584810230  0.00008674881836350  0.00008770178862470
  0.00008865475888590  0.00008960772914710  0.00009056069940830  0.00009151366966950
  0.00009246663993070  0.00009341961019190  0.00009437258045310  0.00009532555071430
  0.00009627852097550  0.00009723149123670  0.00009827473100899  0.00009938625475193
  0.00010049777849487  0.00010160930223781  0.00010272082598076  0.00010383234972370
  0.00010494387346664  0.00010605539720958  0.00010716692095252  0.00010827844469546
  0.00010938996843840  0.00011050149218134  0.00011161301592428  0.00011272453966723
  0.00011383606341017  0.00011513178950649  0.00011643643333134  0.00011774107715619
  0.00011904572098104  0.00012035036480588  0.00012165500863073  0.00012295965245558
  0.00012426429628043  0.00012556894010527  0.00012687358393012  0.00012817822775497
  0.00012948287157981  0.00013078751540466  0.00013209215922951  0.00018871570143901
  0.00030543031633220  0.00034586483488202  0.00039129936610292  0.00044409588531036
  0.00086727590946097  0.00100819565754061  0.00103891340048331  0.00106963114342602
  0.00110034888636872  0.00113106662931142  0.00116446236302932  0.00120029086891301
  0.00123611937479670  0.00127194788068039  0.00130777638656408  0.00134481923954208
  0.00138660882793247  0.00142839841632287  0.00147018800471326  0.00151197759310366
  0.00155376718149405  0.00188885710308067  0.00199106036005344  0.00209326361702621
  0.00219813561979555  0.00230397386939530  0.00240981211899505  0.00342757376129216
  0.00772506127821525  0.01737975007277096  0.03903669074288012  0.07280072909748572
  0.07280072909749573  0.07280072909750573  0.07280072909751574  1.00000000000000000
  0.06333225568135580  0.21119333438839258  0.21405333544345187  0.21691333649851119
  0.21977333755357048  0.22263333860862980  0.22549333966368909  0.22835334071874841
  0.23150510079857317  0.23477280267324033  0.23804050454790746  0.24130820642257461
  0.24457590829724174  0.24784361017190890  0.25249427821582954  0.25982845373108615
  0.26716262924634276  0.27449680476159943  0.28183098027685616  0.28916515579211283
  0.35414464300905740  0.35540108798374570  0.35663579608960128  0.35787050419545685
  0.35910521230131243  0.36033992040716800  0.36157462851302358  0.36280933661887915
  0.36404404472473473  0.36527875283059030  0.36651346093644588  0.36774816904230145
  0.36898287714815703  0.37021758525401260  0.37145229335986818  0.37268700146572376
  0.37392170957157933  0.37514904392320586  0.37632554611355051  0.37750204830389517
  0.37867855049423987  0.37985505268458453  0.38103155487492918  0.38220805706527383
  0.38338455925561848  0.38456106144596314  0.38573756363630785  0.38691406582665250
  0.38809056801699715  0.38926707020734180  0.39044357239768646  0.39162007458803111
  0.39279657677837576  0.39397307896872047  0.39514958115906512  0.39632608334940977
  0.39750258553975443  0.39867908773009914  0.39985558992044379  0.40103209211078850
  0.40220859430113315  0.40338509649147780  0.40456159868182251  0.40573810087216716
  0.40691460306251187  0.40809110525285652  0.40926760744320118  0.41044410963354588
  0.41162061182389054  0.41279711401423519  0.41397361620457990  0.41515011839492455
  0.41632662058526926  0.41945890220347287  0.42338627052545874  0.42731363884744461
  0.43124100716943042  0.43516837549141629  0.47602592999838939  0.57084410556012499
  0.66566228112186066  0.76048045668359632  0.85434123631014647  0.86896392044045734
  0.88358660457076821  0.89820928870107908  0.91283197283139017  0.94064451214698297
  0.94671454880330397  0.95278458545962497  0.95854555264299790  0.96101669537963486
  0.96348783811627181  0.96595898085290888  0.96788716713587442  1.00000000000000000
  0.06354784568150838  0.07020423115135134  0.07686061662119430  0.08354827130708330
  0.09133789227077997  0.09912751323447665  0.13960946816252007  0.23998730806852775
  0.34036514797453532  0.36754625569401189  0.38305874486616415  0.39857123403831646
  0.41408372321046882  0.45888442232474269  0.46020157428387043  0.46151872624299817
  0.46283587820212585  0.46415303016125359  0.46547018212038133  0.46678733407950906
  0.46810448603863675  0.46942163799776448  0.47073878995689222  0.47205594191601996
  0.47337309387514764  0.47469024583427538  0.47600739779340312  0.47732454975253080
  0.47864170171165854  0.47995885367078628  0.48127600562991396  0.48259315758904170
  0.48391030954816938  0.48522746150729712  0.48654461346642480  0.48786176542555254
  0.48917891738468022  0.49049606934380796  0.49181322130293564  0.49313037326206333
  0.49444752522119106  0.49576467718031875  0.49708182913944648  0.49839898109857417
  0.49971613305770191  0.50103328501682964  0.50235043697595727  0.50366758893508501
  0.50498474089421275  0.50630189285334048  0.50761904481246811  0.50893619677159585
  0.51025334873072359  0.51157050068985133  0.51288765264897895  0.51420480460810669
  0.51552195656723443  0.51683910852636206  0.51815626048548979  0.51947341244461753
  0.52079056440374527  0.61795182815209593  0.66998615730311373  0.67643571096241761
  0.68288526462172139  0.68933481828102527  0.69578437194032916  0.70223392559963305
  0.70868347925893693  0.71513303291824093  0.72158258657754482  0.72803214023684881
  0.75257540921768373  0.75675258532414635  0.76092976143060898  0.76510693753707171
  0.76928411364353433  0.77266323861164243  0.77557190047421143  0.77848056233678042
  0.78138922419934931  0.78429788606191830  0.78720654792448730  0.79011520978705618
  0.79279719095859968  0.79522004744228658  0.79764290392597359  0.80006576040966049
  0.80248861689334738  0.80491147337703439  0.80733432986072129  0.80975718634440830
  0.81218004282809519  0.81658566395441690  0.81658566395442689  1.00000000000000000
  0.03784608443578093  0.04255029730394047  0.04343392794121419  0.04431755857848792
  0.04520118921576165  0.04608481985303536  0.04696845049030909  0.04785208112758282
  0.04873571176485654  0.04961934240213026  0.05050297303940399  0.05138660367667771
  0.05227023431395143  0.05315386495122516  0.05403749558849889  0.05492112622577261
  0.05580475686304633  0.05668838750032006  0.05757201813759378  0.05845564877486750
  0.05933927941214123  0.06022291004941496  0.06110654068668868  0.06199017132396240
  0.06295979764264850  0.06404671351287800  0.06513362938310749  0.06622054525333698
  0.06730746112356648  0.06839437699379596  0.06948129286402545  0.07056820873425494
  0.07165512460448444  0.07274204047471393  0.07382895634494341  0.07491587221517290
  0.07600278808540240  0.07708970395563189  0.07817661982586138  0.07926353569609088
  0.08035045156632036  0.08143736743654985  0.08252428330677934  0.08429379915713339
  0.08805081201230203  0.09180782486747065  0.09556483772263927  0.09932185057780790
  0.10307886343297652  0.10683587628814512  0.11059288914331371  0.11434990199848229
  0.11810691485365088  0.12186392770881946  0.14080421723353673  0.23642793833644343
  0.31544545233644938  0.32985114069329935  0.34425682905014943  0.35866251740699950
  0.37306820576384947  0.45780063700654527  0.46417486874585961  0.47004912821898348
  0.47592338769210735  0.48149857966330922  0.48670510324586785  0.49191162682842648
  0.49711815041098512  0.50232467399354375  0.50753119757610232  0.51273772115866090
  0.51794424474121958  0.52400683330892106  0.53113665681217925  0.53826648031543745
  0.59168779028602037  0.64722755831488388  0.65044180221469572  0.65365604611450756
  0.65687029001431940  0.66008453391413124  0.66329877781394309  0.66651302171375493
  0.66924826554362771  0.67195946311834986  0.67467066069307202  0.67738185826779429
  0.68009305584251645  0.68280425341723860  0.68551545099196087  0.71312883669127092
  0.80875255779417754  0.86619645754496255  0.86619645754497254  1.00000000000000000
 -0.00297540027062504  0.00264784648689016  0.00529569297378032  0.00794353946067048
  0.01059138594756064  0.01323923243445081  0.01588707892134097  0.01853492540823113
  0.02123794204432537  0.02430383651368133  0.02736973098303730  0.03043562545239326
  0.03350151992174922  0.03656741439110518  0.03963330886046115  0.06473835746052445
  0.13324475701805605  0.20175115657558765  0.27025755613311925  0.33876395569065088
  0.40727035524818256  0.47577675480571424  0.54428315436324581  0.61278955392077750
  0.68129595347830907  0.74980235303584064  0.75072585702864914  0.75145381427773394
  0.75218177152681864  0.75290972877590345  0.75363768602498815  0.75436564327407296
  0.75509360052315766  0.75582155777224247  0.75654951502132717  0.75727747227041198
  0.75800542951949668  0.75873338676858149  0.75946134401766630  0.76018930126675099
  0.76091725851583580  0.76164521576492050  0.76237317301400531  0.76310113026309001
  0.76382908751217482  0.76455704476125952  0.76528500201034433  0.76601295925942903
  0.76674091650851384  0.76746887375759854  0.76819683100668334  0.76892478825576804
  0.76965274550485285  0.77038070275393755  0.77104437107151091  0.77160234989539445
  0.77216032871927809  0.77271830754316162  0.77327628636704515  0.77383426519092868
  0.77439224401481233  0.77495022283869586  0.77550820166257939  0.77606618048646292
  0.77662415931034656  0.77718213813423009  0.77774011695811363  0.77829809578199716
  0.77885607460588080  0.77941405342976433  0.77997203225364786  0.78053001107753139
  0.78108798990141493  0.78164596872529857  0.78220394754918210  0.78276192637306563
  0.78331990519694916  0.78387788402083280  0.78443586284471634  0.78499384166859987
  0.78555182049248340  0.78610979931636704  0.78666777814025057  0.78722575696413410
  0.78778373578801764  0.78834171461190128  0.78889969343578481  0.78945767225966834
  0.79001565108355187  0.79057362990743540  0.79113160873131905  0.79294693186574239
  0.80114460388819375  0.80114460388820374  0.80114460388821374  1.00000000000000000
 -0.00216627518335977  0.35821545998440568  0.36226425330214457  0.36631304661988351
  0.37036183993762239  0.37441063325536134  0.37901296626711006  0.38370960331468473
  0.38840624036225940  0.39310287740983407  0.44077762071517690  0.52514857452237429
  0.54211654906861784  0.55908452361486116  0.57605249816110449  0.62527942757682176
  0.62680801770513350  0.62833660783344525  0.62986519796175700  0.63139378809006885
  0.63292237821838060  0.63445096834669235  0.63597955847500409  0.63750814860331584
  0.63903673873162758  0.64056532885993933  0.64209391898825108  0.64362250911656282
  0.64515109924487457  0.64667968937318632  0.64820827950149806  0.64973686962980981
  0.65126545975812156  0.65279404988643330  0.65432264001474516  0.65585123014305691
  0.65737982027136865  0.65890841039968040  0.66043700052799215  0.66196559065630389
  0.66349418078461575  0.66502277091292750  0.66655136104123924  0.66807995116955099
  0.66960854129786274  0.67113713142617448  0.67266572155448623  0.67419431168279798
  0.67572290181110972  0.67725149193942147  0.67878008206773321  0.68030867219604496
  0.68183726232435671  0.68336585245266845  0.68489444258098020  0.68642303270929195
  0.71921924347238109  0.77531309789367708  0.78394067548053803  0.79256825306739898
  0.80119583065425992  0.80982340824112076  0.81845098582798159  0.82707856341484254
  0.86285981088549291  0.88136243992875329  0.88853607797931167  0.89570971602987004
  0.90288335408042841  0.91005699213098690  0.91723063018154538  0.92440426823210375
  0.93157790628266213  0.93820715284038736  0.94226043196819098  0.94631371109599449
  0.95036699022379811  0.95442026935160174  0.95842703283106356  0.96113565760574249
  0.96384428238042141  0.96655290715510023  0.96926153192977915  0.97197015670445808
  0.97467878147913700  0.97738740625381593  0.97993174222791768  0.98216154864703797
  0.98439135506615827  0.98662116148527845  0.98885096790439875  0.99108077432351893
  0.99331058074263923  0.99554038716175941  0.99777019358087971  1.00000000000000000
  0.20512204964955655  0.62852757363654788  0.63205514727309564  0.63558272090964352
  0.63911029454619128  0.64263786818273916  0.64622020183325701  0.65032942270192307
  0.65443864357058912  0.65854786443925517  0.66265708530792122  0.66703727163861426
  0.68232134605820827  0.68983872448497185  0.69337595870038682  0.69691319291580167
  0.70045042713121664  0.70398766134663149  0.70752489556204645  0.71106212977746142
  0.71459936399287627  0.71813659820829123  0.72167383242370620  0.72521106663912116
  0.72874830085453612  0.73228553506995109  0.73582276928536594  0.73936000350078090
  0.74289723771619576  0.74643447193161072  0.74997170614702557  0.77579831391128629
  0.78215254676514800  0.78850677961900983  0.79450708491739175  0.80015728062644942
  0.80580747633550709  0.81145767204456476  0.81710786775362232  0.82275806346267999
  0.82840825917173766  0.83431825851043639  0.84199286151856434  0.84966746452669217
  0.89508993219635180  0.91768111675525943  0.91897861877119547  0.92027612078713150
  0.92157362280306743  0.92287112481900346  0.92416862683493950  0.92546612885087542
  0.92676363086681146  0.92806113288274750  0.92935863489868353  0.93065613691461946
  0.93195363893055549  0.93325114094649153  0.93454864296242746  0.93584614497836349
  0.93714364699429953  0.93844114901023545  0.93973865102617149  0.94103615304210753
  0.94233365505804345  0.94363115707397949  0.94492865908991552  0.94622616110585156
  0.94752366312178748  0.94882116513772352  0.95011866715365956  0.95141616916959548
  0.95271367118553152  0.95401117320146755  0.95530867521740348  0.95660617723333952
  0.95790367924927555  0.95919831387849763  0.96049152892213696  0.96178474396577618
  0.96307795900941551  0.96437117405305472  0.96566438909669405  0.96695760414033338
  0.96825081918397260  0.96954403422761193  0.97083724927125115  0.97213046431489047
  0.97342367935852969  0.97471689440216902  0.97601010944580835  0.97730332448944757
  0.97859653953308690  0.98371848704404141  0.99185924352202082  1.00000000000000000
   5.8647474218951621E-011  -1.0000000000000000     
 F F F F F F F F F F F F F F F F F F F F F F F F F F F F F F F F F F F F F F F F F F F F F F F F F F F F F F F F F F F F F F F F
  <DiscreteSampler_grid>
  grouped_processes
  1 # 1 for a reference and 2 for a running grid.
  10 # Attribute 'min_bin_probing_points' of the grid.
  1 # Attribute 'grid_mode' of the grid. 1=='default',2=='initialization'
  0.0000000000000000 # Attribute 'small_contrib_threshold' of the grid.
  0.5000000000000000 # Attribute 'damping_power' of the grid.
 # binID   n_entries weight   weight_sqr   abs_weight
    10   10   8.909990587085485E+004   6.030842518087594E+010   8.909990587085485E+004
  </DiscreteSampler_grid>
