  0.00974429348894141  0.01516963532882150  0.02364317821229551  0.03494172189817366
  0.04610529050491034  0.05689700887033144  0.06725246492145392  0.07676295512937216
  0.08635362610494990  0.09545138101642826  0.10421178076893009  0.11341035696911439
  0.12309579927831638  0.13370388144207529  0.14456324425479467  0.15584012368765887
  0.16673225948554418  0.17682968784676797  0.18674635165916806  0.19743419021741931
  0.20864219777606766  0.22001139326801758  0.23117457917307874  0.24196133029313407
  0.25241446933582118  0.26249805634634454  0.27239198039548285  0.28238067492517011
  0.29212128985562152  0.30161039319500715  0.31207916364480698  0.32328184724642528
  0.33342095887322304  0.34285075060401260  0.35246526215514751  0.36305736797662191
  0.37402800995284108  0.38420795055051554  0.39463956415666929  0.40587599631319948
  0.41750319776863765  0.42934567557264891  0.44152394409011375  0.45398448896981264
  0.46573820852969949  0.47647059832674471  0.48700759944843436  0.49730045106842291
  0.50717261361092736  0.51689375188954323  0.52743147705142635  0.53882963274313334
  0.54932609721980485  0.55973046941888560  0.57038268391092939  0.58045849656433957
  0.58966609899997224  0.59897905768120008  0.60935070304203698  0.62032726229888213
  0.63118668336926242  0.64109519131248149  0.65105958674597020  0.66115320781185982
  0.67165595935666866  0.68274063912125027  0.69423312636158685  0.70562669534608013
  0.71573485894938582  0.72569752462054005  0.73705041126521542  0.74838344085213326
  0.75888423420424611  0.76894471444069190  0.77930937552995350  0.78978325879274114
  0.79953353687053075  0.80898033744128384  0.81873819224580824  0.82884433095638466
  0.83881458861182912  0.84918890011997550  0.85987781031981669  0.87105298360083694
  0.88172925734729535  0.89198273416060436  0.90171286596869005  0.91177016509155895
  0.92150759379076386  0.93152364505172136  0.94142331731159035  0.95170443171185926
  0.96241995870977115  0.97387145591771151  0.98647713375628665  1.00000000000000000
  0.00108693720751137  0.00159561842624692  0.00188385957766380  0.00212771659936025
  0.00234721653021610  0.00255602204513387  0.00274398313974159  0.00291616882121206
  0.00307547295172085  0.00324338083654236  0.00342268557935507  0.00360777508987060
  0.00379367415090584  0.00398175601631797  0.00417314660246626  0.00435941136271968
  0.00454119893761325  0.00472703535973532  0.00492223858925598  0.00512588490558956
  0.00533322391418619  0.00554474967377660  0.00576154441071862  0.00597077929723390
  0.00618100831064730  0.00639684067345928  0.00663522743897741  0.00688133480706562
  0.00714264503996195  0.00740471452653464  0.00767114701785574  0.00793901169231835
  0.00820542407578514  0.00848359595344884  0.00876512808665001  0.00905358691967844
  0.00932810175610004  0.00964213004651871  0.00996400834333104  0.01032049387905653
  0.01069966862913914  0.01110862854107626  0.01159999906117652  0.01212389459018287
  0.01264219873427718  0.01311565869085239  0.01357392191662517  0.01401331187769205
  0.01447958267180276  0.01497424707605330  0.01542100883956489  0.01585046795726824
  0.01629655015862486  0.01676183306962303  0.01724290841281847  0.01771424583360420
  0.01822502670910228  0.01875213540916968  0.01936308862220152  0.02009656407324597
  0.02092811125035303  0.02171351067353480  0.02256378966250105  0.02348451963933313
  0.02443324305360833  0.02532081414637116  0.02620834893704207  0.02712960155403996
  0.02831703764178879  0.02986415626907422  0.03130735728567910  0.03229129430335898
  0.03343331120479344  0.03463138888083733  0.03578759598778448  0.03691591693300982
  0.03812502883279056  0.03956143776925330  0.04120794763137992  0.04295424187146369
  0.04474206478980852  0.04685476745747889  0.04902375868406209  0.05274465587554156
  0.05804292262790110  0.06327890043500620  0.07102986705771656  0.09085689893741214
  0.09926664155532315  0.10617867536043187  0.11513841787981346  0.12048522801132606
  0.12316475768558464  0.15821885682562492  0.19503793209122175  1.00000000000000000
 -0.00000245724377967  0.00000783189765741  0.00002287821602951  0.00003552685040462
  0.00004691467522125  0.00005765249596907  0.00006776745409923  0.00007758748761255
  0.00008731836178167  0.00009704294755212  0.00010727005025155  0.00011877303276488
  0.00013059670185884  0.00014309428661079  0.00015639871110114  0.00016964716438366
  0.00018281325446046  0.00019629680852683  0.00021080181217942  0.00022585903186549
  0.00024128280750636  0.00025777147223260  0.00027510088137242  0.00029315383983115
  0.00031336281925533  0.00033444648937284  0.00035744131191017  0.00038187750305538
  0.00040572147986181  0.00042785998231104  0.00044983183688399  0.00047406638630126
  0.00049976170098291  0.00052460607394993  0.00054996112418407  0.00057887438245144
  0.00060978648685944  0.00064179491322140  0.00067626517369295  0.00071431978869915
  0.00075439416290981  0.00079555454668641  0.00084042270520964  0.00088608779709616
  0.00093529790837293  0.00098778021220986  0.00103981282757855  0.00109150063490583
  0.00114508796859350  0.00120679214391586  0.00127367071669980  0.00134165396587953
  0.00140978631824901  0.00148065366416367  0.00155721649210111  0.00164117488928797
  0.00173027178594164  0.00182705071970779  0.00193407784014870  0.00204721731902913
  0.00217112429040921  0.00229609536571415  0.00242948498018428  0.00256406701477657
  0.00270530600900873  0.00286221883880599  0.00303658714412950  0.00321689587867043
  0.00341216822236632  0.00362772106454206  0.00385980145009362  0.00410620169911638
  0.00436896435177661  0.00466087826366466  0.00501729305270315  0.00541105543091910
  0.00584862698795359  0.00629072358405935  0.00676505344256126  0.00733109697123144
  0.00800148023474303  0.00897577476795664  0.01020713304209547  0.01140252556772658
  0.01247160795589510  0.01358831456617526  0.01491392668260503  0.01661196072499822
  0.01867971272931551  0.02183812327698395  0.02773036105486408  0.03779904889766141
  0.04863453136973354  0.07482089082275800  0.11895356553546675  1.00000000000000000
 -0.00207326015387903  0.00960333672148150  0.02001614066808726  0.03036050037036357
  0.04105869903511682  0.05086128819125438  0.06082301085057643  0.07103392413846674
  0.08131240390427773  0.09126716519582875  0.10089448973952572  0.11140676911815774
  0.12274695087952661  0.13352889599136467  0.14389790518864351  0.15405339559274681
  0.16402578744852236  0.17384836783242572  0.18358097570080720  0.19347330357072642
  0.20372858508259598  0.21416624113493760  0.22448940685928226  0.23478082592319810
  0.24542836379209759  0.25655994324709330  0.26786075531760223  0.27905998159603296
  0.29007543188122109  0.30072895551630274  0.31101094283152958  0.32083325994835238
  0.33055899474432437  0.34114539525788407  0.35225580373231014  0.36323216364116573
  0.37425385176094667  0.38586900187961071  0.39791598779463538  0.40966935155512002
  0.42130805864346688  0.43267664947356749  0.44383695012788149  0.45432112832562449
  0.46490518068471975  0.47562006346695279  0.48639063455990827  0.49692247457942545
  0.50672453186946087  0.51596858440029325  0.52550679904939301  0.53504225265337779
  0.54475941262421090  0.55531840315461733  0.56726224761763688  0.57970582064674614
  0.59070797340040004  0.60083586168781122  0.60980238181805990  0.61813661334469594
  0.62684200930484812  0.63668520891111324  0.64794744243976854  0.65972412180741891
  0.67114783323900662  0.68228435722906122  0.69314802183108482  0.70387602647815650
  0.71490926511838138  0.72637348742898211  0.73832523027703101  0.74957745784494856
  0.76063916977750579  0.77105631951138975  0.78096691049956601  0.79106983312889134
  0.80093573561186315  0.81052369244442568  0.82007535533234943  0.83038360595857030
  0.84166647645916448  0.85338329616584285  0.86427722692994735  0.87487199639443003
  0.88606852454235152  0.89776253303906373  0.90870190584836930  0.91906161465764835
  0.92990426805189841  0.94044071745410907  0.95095630421024979  0.96098948932085104
  0.97062804572821570  0.98034955440849547  0.98996538728512173  1.00000000000000000
 -0.00201569117713478  0.00981747183343829  0.02000989255333065  0.02835856638135724
  0.03614666795541017  0.04371597705765575  0.05135331295360806  0.05960753511944035
  0.06951379808754718  0.07980751214089017  0.09073756802565335  0.10304125680005136
  0.11469197330646759  0.12601915347693579  0.13713034010033009  0.14835783433469005
  0.15993619325431546  0.17183546199071253  0.18407201221887498  0.19620540483601140
  0.20814457519845203  0.21868815139067455  0.22855030127867987  0.23789193934906622
  0.24793169710233384  0.25854342855089851  0.26966575201821885  0.28075034193260140
  0.29192395182966385  0.30282614218095683  0.31360920693584593  0.32374241088547762
  0.33447040510499332  0.34594799412691363  0.35715164474818500  0.36813322869130327
  0.37950374547577576  0.39147662960085905  0.40320516562543485  0.41470724505297074
  0.42484200291819779  0.43405854323954957  0.44356262854243433  0.45414616567866256
  0.46562507487263155  0.47622324861267401  0.48722808115692456  0.49830362021198299
  0.50926065078411253  0.51984693284374650  0.53010038429665540  0.54054130945735335
  0.55007521814649940  0.55931493132058974  0.56799908663407872  0.57703016233324833
  0.58727519110568016  0.59788195094163832  0.60802401812863172  0.61831608079657130
  0.62950182816177724  0.64181691230504634  0.65351614971401040  0.66389837050289568
  0.67422127266562026  0.68478954728012131  0.69550431928375667  0.70650177232645039
  0.71776021099796583  0.72901053355875589  0.73785326420675901  0.74758834422633968
  0.75754092772887149  0.76773780137161229  0.77808525737813972  0.78893677509713100
  0.80026677725045925  0.81127631337312045  0.82117427346661653  0.83157308735429092
  0.84163894908821590  0.85186492176477824  0.86188736825366563  0.87108183256916449
  0.88033938728056538  0.89010862530278756  0.90085821182638914  0.91244898285555720
  0.92408635416355989  0.93590597606820314  0.94764508261581404  0.95870822700671954
  0.96899241159660743  0.97920203732497491  0.98897333027167467  1.00000000000000000
 -0.00111714146823389  0.00519299079877438  0.01078249947481467  0.01702477171760909
  0.02306737720832603  0.02902350537852921  0.03426058727489285  0.03942837569908442
  0.04510340773362750  0.05167893705330056  0.05830638761971205  0.06484635603850988
  0.07145617597840882  0.07851444283569843  0.08568278242323556  0.09242742073224122
  0.09945318110398760  0.10590525276025987  0.11276568783822973  0.11965233602062313
  0.12650216031922193  0.13356277109031417  0.14093210511151852  0.14848235112188335
  0.15606246687682249  0.16337024305837800  0.17042723078229069  0.17733067535860095
  0.18428365234342237  0.19116787307033517  0.19906159611955393  0.20646778915488051
  0.21441618008626687  0.22212983720477425  0.23050408534565334  0.23873986320517115
  0.24729135141180178  0.25605171681902955  0.26457965795173666  0.27333961033018078
  0.28247396848167322  0.29155760066556469  0.30125791095654936  0.31189920146235922
  0.32236263942478399  0.33281930631594925  0.34303350823807671  0.35285179855088250
  0.36262090204948144  0.37270790799899300  0.38284160804325001  0.39266090705032974
  0.40163546518331006  0.41016243012498760  0.41971080811510553  0.42962426326658387
  0.43906025736234244  0.44806824711805110  0.45732007172033945  0.46772167149881994
  0.47927480578392517  0.49071050970155305  0.50156528503431530  0.51209183285645821
  0.52250772197223849  0.53346489054129009  0.54466974104056631  0.55633876359127055
  0.56811389769413378  0.58011306576477184  0.59167224596873913  0.60317475529207165
  0.61416166548369766  0.62506889163887935  0.63634648917436598  0.64810612014923663
  0.66032762493029395  0.67371664717934809  0.68823709288042423  0.70335777008183797
  0.71794265659422352  0.73164990421128950  0.74516929080371164  0.76037468254322049
  0.77632978168209810  0.79324341009651467  0.80816977005378865  0.82450414468648614
  0.84193370383106192  0.86129392728800236  0.88152361954143610  0.90238792081720365
  0.92509574163459729  0.94848573026616234  0.97283944862983607  1.00000000000000000
 -0.00254918269405653  0.01049432264704837  0.02103988994629166  0.03130800846309960
  0.04129030865452562  0.05217006523739384  0.06342544327536755  0.07443842672085033
  0.08545564107843261  0.09689180575564763  0.10718839094194385  0.11661233571889547
  0.12616247803823680  0.13612144026895320  0.14616947422082494  0.15572565109053191
  0.16490761781704064  0.17485852513046651  0.18523622345626703  0.19618936856990032
  0.20809999578742094  0.21965919586333024  0.23066325133228041  0.24078700728094907
  0.25009097385227269  0.25938159357091178  0.26884727546835524  0.27846044704535633
  0.28842696399865692  0.29838900696395931  0.30894128847017704  0.31914557486096107
  0.32866307762961999  0.33803377402595924  0.34787921874123706  0.35845570556464629
  0.36934285660266114  0.37982283361398389  0.38972648352642403  0.39914648142722936
  0.40818093563672153  0.41757598753475150  0.42759051175203150  0.43872453335166806
  0.45167765790120595  0.46402008110094473  0.47540506131370930  0.48670473544443216
  0.49814342010458074  0.50934765668433968  0.52016436031336233  0.53081251623427372
  0.54139479519930256  0.55213128733815631  0.56359601578520202  0.57543265015946166
  0.58630709468140207  0.59734499545440556  0.60866061373321334  0.61982217223414071
  0.63177954440235873  0.64521460383208595  0.65552878859402119  0.66621094117035662
  0.67727861582691751  0.68864170198888630  0.69868266500052933  0.70857253343609450
  0.71893668643912401  0.72958976847681578  0.73992399895966332  0.75111020752647795
  0.76331743475474922  0.77557840145112955  0.78655080627599683  0.79741022477800616
  0.80814706023727001  0.81866470370999866  0.82733404603909333  0.83551708325033047
  0.84398312323285440  0.85315254787782502  0.86320063973490313  0.87364062662551301
  0.88332381427321938  0.89280244086302540  0.90239240902089757  0.91226485362913989
  0.92196855085118723  0.93178681852484224  0.94252116254365081  0.95425969162248869
  0.96552902541653884  0.97659693564648931  0.98773006664933394  1.00000000000000000
 -0.00215734316574954  0.00856746147163188  0.01852715269050403  0.02874378300398931
  0.04006672678856021  0.05125363488663093  0.06196950948906595  0.07246191428821395
  0.08246131184472148  0.09231623132740498  0.10186335826097324  0.11152646818095839
  0.12083265736732160  0.13032736406016046  0.13940566693388451  0.14880317778066399
  0.15842408894217402  0.16791129332731886  0.17810090133314535  0.18893670372199800
  0.20028247084415812  0.21178570368592795  0.22341258042210754  0.23418089843725640
  0.24420171087687181  0.25422675987913185  0.26496075068009278  0.27672108209015706
  0.28878158475790333  0.30122607507068311  0.31328807517640983  0.32447118780860040
  0.33621779947031322  0.34838762738477086  0.36039921384912132  0.37216617708167826
  0.38234767311510859  0.39260948972225684  0.40291408136460893  0.41337592415420898
  0.42375047895081963  0.43374446276472012  0.44385955505195707  0.45444408378879353
  0.46582755092323930  0.47738493269291365  0.48777048516295718  0.49765650028199954
  0.50760304022080338  0.51774858803535062  0.52730545590932809  0.53607541644366286
  0.54539744205411222  0.55689891088187304  0.56799960557631979  0.57917864794134977
  0.59093210609649727  0.60320419909881462  0.61510594539855112  0.62677614802878057
  0.63843986988702073  0.64965062240907090  0.65989292449246517  0.66953577577364576
  0.67924376806841147  0.68953036940446732  0.70019815453197920  0.71107722032086995
  0.72213338797733817  0.73349635139270464  0.74492496005501641  0.75520171793672519
  0.76525638417089747  0.77521032449627558  0.78550133033839542  0.79490168399654015
  0.80437812472520442  0.81519507998607332  0.82761720270726302  0.83950949184581269
  0.84996491972352828  0.86026020323463848  0.87032256826357257  0.87979217770679974
  0.88906606369365204  0.89890432067644099  0.90870145530262203  0.91793651968759149
  0.92670883687581418  0.93558146008791232  0.94517429391676233  0.95535321316245680
  0.96624306120207026  0.97733430875065930  0.98887594370136367  1.00000000000000000
 -0.01984284697639471  0.34314964751083793  0.45327123615732579  0.51809843969724856
  0.56521420000985645  0.60186534723064034  0.63242536493358781  0.65863622130112487
  0.68090843744399832  0.70059082852855081  0.71828392065006463  0.73323637367840555
  0.74547063812561754  0.75699607594050966  0.76787659618627835  0.77754467889332779
  0.78664847128041582  0.79552412810859774  0.80401572552087719  0.81198728393778885
  0.81934695139987246  0.82623724500508555  0.83333856327300959  0.83904100399957549
  0.84500108095909521  0.85049121407042250  0.85566974165747223  0.86027951120923662
  0.86462257467559334  0.86893136837701812  0.87321088479567033  0.87737349796647968
  0.88138460551341402  0.88531697713267299  0.88922454048610178  0.89302459397996037
  0.89654388150308506  0.89984650875866012  0.90305477691124714  0.90624613169554868
  0.90940807536885360  0.91245389557011869  0.91539375783235000  0.91814068130266602
  0.92068494387650446  0.92326450783492708  0.92581966510304559  0.92835539338441586
  0.93083244436462775  0.93317393201754295  0.93536756862997583  0.93747124411593830
  0.93949651209116092  0.94143350663464764  0.94333046927511577  0.94516743058062658
  0.94694455032872416  0.94869155057824839  0.95044112032641959  0.95213578127139342
  0.95383690123294906  0.95552755711264525  0.95716610174795147  0.95873325090996309
  0.96024945545746088  0.96165381818498630  0.96306351906926957  0.96444172200918099
  0.96577163621889095  0.96706833906997580  0.96832892813683091  0.96960966803960003
  0.97087170002080225  0.97208987258988222  0.97326987040972479  0.97439186402136724
  0.97553545219930859  0.97669529835921975  0.97786253925847932  0.97898832698798310
  0.98010948370555073  0.98123182429233025  0.98234690235622901  0.98342879064400646
  0.98448332600885491  0.98557521429115946  0.98668473022829617  0.98780268606015020
  0.98892695081103721  0.99006508890388978  0.99129284062817635  0.99256073655479338
  0.99387669414217938  0.99530644778757671  0.99722328726424070  1.00000000000000000
   2.7660768551286119E-013  -1.0000000000000000     
 F F F F F F F F F F F F F F F F F F F F F F F F F F F F F F F F F F F F F F F F F F F F F F F F F F F F F F F F F F F F F F F F
  <DiscreteSampler_grid>
  grouped_processes
  1 # 1 for a reference and 2 for a running grid.
  10 # Attribute 'min_bin_probing_points' of the grid.
  1 # Attribute 'grid_mode' of the grid. 1=='default',2=='initialization'
  0.0000000000000000 # Attribute 'small_contrib_threshold' of the grid.
  0.5000000000000000 # Attribute 'damping_power' of the grid.
 # binID   n_entries weight   weight_sqr   abs_weight
    10   10   1.587505182683224E-002   5.113198262100604E-004   1.587505182683224E-002
  </DiscreteSampler_grid>
