  0.04960903428699506  0.05170319502876393  0.05379735577053280  0.05589151651230166
  0.05798567725407052  0.06007983799583939  0.06217399873760825  0.06586046340177686
  0.06984050627247496  0.07382054914317304  0.07780059201387114  0.08178063488456923
  0.14888674412275557  0.23030437985455793  0.23479927469675316  0.23929416953894836
  0.24378906438114356  0.24828395922333879  0.25277885406553402  0.25727374890772919
  0.26176864374992442  0.26626353859211965  0.27075843343431488  0.27525332827651011
  0.27974822311870540  0.28424311796090063  0.28873801280309591  0.32912001813719760
  0.43660595334473551  0.54409188855227342  0.65157782375981110  0.67791498358627345
  0.69100019907855537  0.70408541457083729  0.71717063006311932  0.72966012756141729
  0.73558848534691001  0.74151684313240285  0.74744520091789557  0.75337355870338840
  0.75930191648888123  0.76523027427437396  0.77115863205986679  0.77708698984535962
  0.78301534763085245  0.78894370541634529  0.81298438668506035  0.81438085714410335
  0.81577732760314636  0.81717379806218937  0.81857026852123238  0.81996673898027539
  0.82136320943931840  0.82275967989836141  0.82415615035740442  0.82555262081644731
  0.82694909127549032  0.82834556173453333  0.82974203219357634  0.83113850265261935
  0.83253497311166236  0.83393144357070537  0.83532791402974838  0.83672438448879138
  0.83812085494783439  0.83951732540687740  0.84091379586592041  0.84231026632496342
  0.84370673678400643  0.84510320724304944  0.84649967770209245  0.84789614816113545
  0.84929261862017846  0.85068908907922147  0.85208555953826448  0.85348202999730749
  0.85487850045635050  0.85627497091539351  0.85767144137443652  0.85906791183347953
  0.86046438229252253  0.86186085275156543  0.86325732321060844  0.86465379366965145
  0.86605026412869446  0.86744673458773747  0.86884320504678048  0.87023967550582348
  0.87163614596486649  0.87303261642390939  0.87442908688295240  0.91978845698544420
  0.93512694439836730  0.94942788586445193  0.95806881484572881  1.00000000000000000
 -0.00002645189810999  0.00006576774642156  0.00014097707518364  0.00017321330525571
  0.00020544953532777  0.00023768576539984  0.00026992199547190  0.00030139290420722
  0.00033130214239234  0.00036121138057745  0.00039112061876257  0.00042102985694768
  0.00044689079777618  0.00046653923749762  0.00048618767721905  0.00050583611694049
  0.00052548455666193  0.00054513299638336  0.00056478143610480  0.00057889270609896
  0.00058634995791275  0.00059380720972655  0.00060126446154034  0.00060872171335414
  0.00061617896516793  0.00062363621698172  0.00063109346879552  0.00063855072060931
  0.00064600797242311  0.00065346522423690  0.00066092247605069  0.00066837972786449
  0.00067583697967828  0.00068329423149208  0.00069075148330587  0.00069820873511967
  0.00070535009892641  0.00071224063184934  0.00071913116477226  0.00072602169769518
  0.00073291223061810  0.00073980276354103  0.00074669329646395  0.00075358382938687
  0.00076047436230979  0.00076736489523272  0.00077425542815564  0.00078114596107856
  0.00078803649400149  0.00079492702692441  0.00080181755984733  0.00080870809277025
  0.00081559862569318  0.00082242201750133  0.00082921091411652  0.00083599981073170
  0.00084278870734689  0.00084957760396208  0.00085636650057727  0.00086315539719245
  0.00086994429380764  0.00087673319042283  0.00088352208703802  0.00089031098365320
  0.00089709988026839  0.00090388877688358  0.00091067767349877  0.00091746657011395
  0.00092425546672914  0.00121374491989526  0.00124030155404754  0.00126685818819981
  0.00129341482235209  0.00131937850651598  0.00134461694181960  0.00136985537712322
  0.00139509381242684  0.00152090103238701  0.00222850444829003  0.00326474887900916
  0.00478197961438300  0.00700301690468846  0.01025368348601004  0.01502174440344039
  0.02201009157790373  0.02601547105630584  0.02601547105631584  0.02601547105632584
  0.02601547105633584  0.02601547105634584  0.02601547105635584  0.02601547105636583
  0.02601547105637583  0.02601547105638583  0.02601547105639583  1.00000000000000000
  0.00001453693560952  0.00004731775128460  0.00004811363701384  0.00004890952274308
  0.00004970540847232  0.00005050129420156  0.00005129717993080  0.00005209306566004
  0.00005288895138929  0.00005368483711853  0.00005448072284777  0.00005527660857701
  0.00005607249430625  0.00005686838003549  0.00005766426576473  0.00005846015149397
  0.00005925603722321  0.00006005192295245  0.00006084780868169  0.00006164369441093
  0.00006249056259654  0.00006340931317828  0.00006432806376002  0.00006524681434176
  0.00006616556492350  0.00006708431550524  0.00006800306608699  0.00006892181666873
  0.00006984056725047  0.00007075931783221  0.00007167806841395  0.00007259681899569
  0.00007351556957743  0.00007443432015917  0.00007535307074092  0.00007660702475156
  0.00007947354015314  0.00008234005555471  0.00008520657095628  0.00008807308635785
  0.00013769640908350  0.00017721084704659  0.00018776981998893  0.00019925465625718
  0.00021100723865958  0.00022401773110297  0.00025155483447528  0.00040329297032569
  0.00040989922340014  0.00041650547647460  0.00042311172954906  0.00042971798262352
  0.00043632423569798  0.00044293048877243  0.00044972389287565  0.00045707693128692
  0.00046442996969820  0.00047178300810947  0.00047913604652075  0.00048648908493202
  0.00049384212334329  0.00050149862773842  0.00050968286973888  0.00051786711173935
  0.00052605135373982  0.00053423559574028  0.00054241983774075  0.00055060407974121
  0.00072175790398942  0.00117659123994199  0.00119871981736845  0.00122084839479492
  0.00124297697222138  0.00126510554964785  0.00128723412707431  0.00130921394629178
  0.00132994307949093  0.00135067221269008  0.00137140134588923  0.00139213047908839
  0.00141285961228754  0.00143358874548669  0.00145431787868584  0.00248115710485469
  0.00428204862688973  0.00739062213299967  0.01275454107374487  0.02013303558340748
  0.02013303558341748  0.02013303558342748  0.02013303558343748  0.02013303558344748
  0.02013303558345748  0.02013303558346748  0.02013303558347748  1.00000000000000000
  0.00378971894582111  0.00455979051423902  0.00532986208265693  0.00609993365107483
  0.00687000521949274  0.00764007678791064  0.00841014835632855  0.00918021992474646
  0.00995029149316437  0.01072036306158227  0.01149043463000018  0.01226050619841808
  0.01303057776683599  0.01380064933525390  0.01457072090367180  0.01534079247208971
  0.01611086404050761  0.01688093560892552  0.01765100717734343  0.01842107874576134
  0.01919115031417924  0.01996122188259715  0.02073129345101505  0.02188928540890722
  0.02310653106945216  0.02432377672999711  0.02554102239054205  0.02675826805108700
  0.02797551371163194  0.02919275937217689  0.03041000503272183  0.03162725069326677
  0.03284449635381172  0.03406174201435666  0.03527898767490160  0.03649623333544655
  0.03771347899599149  0.03893072465653644  0.04014797031708138  0.04136521597762633
  0.11869929641024872  0.19147552229418713  0.20359423928708956  0.21571295627999207
  0.22783167327289464  0.23995039026579706  0.26748159542638039  0.36987092621915901
  0.47226025701193758  0.48419474424086101  0.48958650951008226  0.49497827477930351
  0.50037004004852481  0.50576180531774606  0.51115357058696731  0.51654533585618856
  0.52193710112540981  0.52732886639463106  0.53272063166385242  0.53811239693307378
  0.57656060748818028  0.62713749668918894  0.63119416223045577  0.63525082777172248
  0.63930749331298931  0.64336415885425602  0.64742082439552284  0.65147748993678967
  0.65553415547805649  0.65959082101932331  0.66364748656059014  0.66770415210185696
  0.67176081764312379  0.67581748318439050  0.67987414872565732  0.68393081426692415
  0.69980388131038063  0.80219321210315919  0.84324637594751528  0.85749200485508303
  0.87173763376265068  0.88598326267021832  0.92742606048005172  0.96083221720418821
  0.96441156361139802  0.96799091001860782  0.97157025642581774  0.97514960283302754
  0.97872894924023734  0.98182534656073139  0.98485445546727612  0.98788356437382085
  0.99091267328036559  0.99394178218691032  0.99697089109345505  1.00000000000000000
  0.02652620871861777  0.17858727112088599  0.19075384251198033  0.20364924611931998
  0.27578494840980183  0.38171385903915084  0.45955896099742122  0.46398857205542221
  0.46841818311342320  0.47284779417142420  0.47727740522942519  0.48170701628742618
  0.48613662734542712  0.49056623840342806  0.49499584946142899  0.49942546051942993
  0.50385507157743092  0.50828468263543181  0.51271429369343280  0.51714390475143379
  0.53853392201565975  0.58412748476883081  0.58550363862882016  0.58687979248880962
  0.58825594634879907  0.58963210020878853  0.59100825406877788  0.59238440792876734
  0.59376056178875680  0.59513671564874615  0.59651286950873561  0.59788902336872507
  0.59926517722871453  0.60064133108870388  0.60201748494869334  0.60339363880868280
  0.60476979266867226  0.60614594652866161  0.60752210038865107  0.60889825424864041
  0.61027440810862987  0.61165056196861933  0.61302671582860868  0.61440286968859814
  0.61577902354858749  0.61715517740857695  0.61853133126856641  0.61990748512855576
  0.62128363898854522  0.62265979284853457  0.62403594670852403  0.62541210056851348
  0.62678825442850283  0.62816440828849229  0.62954056214848175  0.63091671600847110
  0.63229286986846056  0.63366902372844991  0.63504517758843937  0.63642133144842883
  0.63779748530841818  0.63917363916840764  0.64054979302839699  0.64192594688838645
  0.64330210074837590  0.64467825460836525  0.66285050626793296  0.67229848085121469
  0.67814076734422124  0.68398305383722791  0.68982534033023446  0.69566762682324101
  0.70150991331624768  0.70735219980925423  0.71319448630226090  0.71903677279526756
  0.72487905928827423  0.75735519613820268  0.80188645159656213  0.81700247198161191
  0.83211849236666169  0.84723451275171158  0.87635211213964315  0.88027433904896013
  0.88419656595827711  0.88811879286759399  0.89204101977691097  0.89588987096866057
  0.89759680431868816  0.89930373766871585  0.90101067101874355  0.90271760436877113
  0.90442453771879883  0.90613147106882652  0.90649557511011758  1.00000000000000000
  0.02871608336766564  0.03099774013597085  0.03327939690427606  0.03556105367258126
  0.03784271044088647  0.04012436720919169  0.04305125866935736  0.04732410979019526
  0.05159696091103316  0.05586981203187107  0.06014266315270898  0.10823581761646381
  0.13717506018434580  0.14637225870988377  0.14770061502498791  0.14902897134009205
  0.15035732765519622  0.15168568397030036  0.15301404028540450  0.15434239660050866
  0.15567075291561280  0.15699910923071694  0.15832746554582108  0.15965582186092525
  0.16098417817602939  0.16231253449113353  0.16364089080623770  0.16496924712134184
  0.16629760343644598  0.16762595975155012  0.16895431606665426  0.17028267238175840
  0.17161102869686251  0.17293938501196665  0.17426774132707079  0.17559609764217493
  0.17692445395727907  0.17825281027238318  0.17958116658748732  0.18090952290259146
  0.18223787921769560  0.18356623553279974  0.18489459184790386  0.18622294816300800
  0.18755132112625106  0.18888010848872730  0.19020889585120357  0.19153768321367981
  0.19286647057615608  0.19419525793863232  0.19552404530110856  0.19685283266358483
  0.19818162002606107  0.19951040738853731  0.20083919475101358  0.20216798211348982
  0.20349676947596609  0.20482555683844234  0.20615434420091858  0.20748313156339485
  0.24507788451833104  0.34709870590489778  0.44911952729146443  0.55114034867803119
  0.65316117006459784  0.66994957414881551  0.67373338128820448  0.67751718842759345
  0.68130099556698243  0.68508480270637140  0.68886860984576037  0.69265241698514934
  0.69643622412453832  0.70022003126392729  0.70400383840331626  0.70778764554270523
  0.71124008717315124  0.71463668709642403  0.71803328701969682  0.72142988694296950
  0.72482648686624229  0.72822308678951508  0.73323574022808247  0.73887002559332060
  0.74450431095855885  0.75013859632379698  0.75577288168903511  0.76140716705427325
  0.76704145241951138  0.80419401765710530  0.90621483904367195  0.92782306675343662
  0.94004488791088381  0.95153558844012220  0.96689361731211343  1.00000000000000000
 -0.00302537963461751  0.00061681987703264  0.00123363975406527  0.00185045963109791
  0.00246727950813055  0.00308409938516318  0.00370091926219582  0.00431773913922846
  0.00493455901626109  0.00555137889329374  0.00616819877032637  0.00678501864735901
  0.00740183852439165  0.00801865840142429  0.00863547827845693  0.00925229815548957
  0.00986911803252221  0.01048593790955484  0.01110275778658748  0.01171957766362012
  0.01233639754065276  0.01295321741768540  0.01357003729471803  0.01418685717175068
  0.01480367704878331  0.01542049692581595  0.01603731680284859  0.01665413667988123
  0.01727095655691387  0.01788777643394650  0.01850459631097914  0.01912141618801178
  0.01973823606504442  0.02035505594207706  0.02101327078708914  0.02181438964588000
  0.02261550850467087  0.02341662736346174  0.02421774622225260  0.02501886508104346
  0.02581998393983433  0.02662110279862519  0.02742222165741606  0.02822334051620692
  0.02902445937499779  0.02982557823378865  0.03062669709257952  0.03142781595137038
  0.03222893481016124  0.03303005366895211  0.03383117252774298  0.03463229138653384
  0.03543341024532471  0.03623452910411557  0.03703564796290644  0.03783676682169730
  0.03863788568048817  0.03943900453927903  0.04024012339806990  0.04104124225686076
  0.05728025529787308  0.12847396903289371  0.19966768276791430  0.27086139650293495
  0.34205511023795565  0.41324882397297635  0.41870780648091221  0.42085187813054004
  0.42299594978016780  0.42514002142979557  0.42728409307942339  0.42942816472905115
  0.43157223637867898  0.43371630802830674  0.43586037967793456  0.43792157395143783
  0.43971339153246625  0.44150520911349467  0.44329702669452314  0.44508884427555157
  0.44688066185657999  0.44867247943760846  0.45046429701863688  0.45225611459966536
  0.45404793218069378  0.45583974976172220  0.45763156734275068  0.50164400385486208
  0.57283771758988267  0.64403143132490326  0.71522514505992396  0.78641885879494466
  0.85761257252996537  0.92880628626498596  0.95336640278498330  1.00000000000000000
  0.06177639563878377  0.35985927470654688  0.36555188274642703  0.37124449078630717
  0.37715361903091732  0.38348252122449783  0.38981142341807828  0.39658386485294483
  0.41205669891486452  0.42752953297678409  0.46780511409307957  0.48126815677297313
  0.48369292102148298  0.48611768526999277  0.48854244951850256  0.49096721376701241
  0.49339197801552220  0.49581674226403200  0.49824150651254184  0.50066627076105163
  0.50309103500956143  0.50551579925807122  0.50794056350658112  0.51036532775509091
  0.51279009200360071  0.51521485625211050  0.51763962050062029  0.52006438474913008
  0.52248914899763998  0.52491391324614978  0.52733867749465968  0.52976344174316947
  0.53218820599167926  0.53461297024018917  0.53703773448869896  0.53946249873720886
  0.54941958083222675  0.63463854174331757  0.71985750265440840  0.80507646356549933
  0.89029542447659005  0.92065303646261976  0.92642580555548781  0.93219857464835598
  0.93797134374122415  0.94374411283409221  0.94951688192696038  0.95528965101982855
  0.95880668682957837  0.95980795965600074  0.96080923248242300  0.96181050530884526
  0.96281177813526764  0.96381305096168990  0.96481432378811227  0.96581559661453453
  0.96681686944095691  0.96781814226737917  0.96881941509380143  0.96982068792022380
  0.97082196074664606  0.97182323357306843  0.97282450639949070  0.97382577922591296
  0.97482705205233533  0.97582832487875759  0.97682959770517996  0.97783087053160223
  0.97883214335802460  0.97968691747680359  0.98046818988154194  0.98124946228628018
  0.98203073469101854  0.98281200709575689  0.98359327950049513  0.98437455190523349
  0.98515582430997184  0.98593709671471019  0.98671836911944855  0.98749964152418679
  0.98828091392892514  0.98906218633366350  0.98984345873840185  0.99062473114314009
  0.99140600354787844  0.99218727595261680  0.99296854835735515  0.99374982076209339
  0.99453109316683175  0.99531236557157010  0.99609363797630845  0.99687491038104670
  0.99765618278578505  0.99843745519052340  0.99921872759526176  1.00000000000000000
  0.11502748330434158  0.12122441666873533  0.13045316444107041  0.14440938564165604
  0.24211912456010787  0.29434976791424139  0.29933773362019234  0.30432569932614323
  0.30931366503209412  0.31430163073804507  0.31928959644399596  0.32427756214994685
  0.32926552785589774  0.33425349356184869  0.33924145926779964  0.34422942497375059
  0.34921739067970159  0.35499837738769108  0.46222439666336829  0.56945041593904555
  0.58612867364924026  0.58933976486599027  0.59255085608274016  0.59576194729949017
  0.59897303851624006  0.60218412973298996  0.60539522094973997  0.60860631216648986
  0.61181740338323976  0.61502849459998965  0.61823958581673955  0.62145067703348944
  0.62466176825023934  0.62787285946698934  0.63108395068373924  0.63429504190048913
  0.63750613311723903  0.64071722433398892  0.64392831555073882  0.68752787660273540
  0.68906370005093676  0.69059952349913811  0.69213534694733947  0.69367117039554094
  0.69520699384374229  0.69674281729194365  0.69827864074014501  0.69981446418834636
  0.70135028763654772  0.70288611108474919  0.70442193453295054  0.70595775798115190
  0.70749358142935326  0.70902940487755461  0.71056522832575608  0.71210105177395744
  0.71363687522215880  0.71517269867036015  0.71670852211856162  0.71824434556676298
  0.71978016901496433  0.72131599246316580  0.72285181591136716  0.72438763935956851
  0.72592346280776998  0.72745928625597134  0.72899510970417269  0.73053093315237405
  0.73206675660057541  0.73360258004877688  0.73513840349697823  0.73667422694517959
  0.73821005039338095  0.73974587384158230  0.74128169728978366  0.74281752073798513
  0.74435334418618648  0.74588916763438784  0.74742499108258920  0.74896081453079055
  0.78467359062058117  0.81522093918038185  0.81889545946309827  0.82256997974581458
  0.82624450002853100  0.82991902031124731  0.83355317292850184  0.83665764068790960
  0.83976210844731736  0.84286657620672512  0.84597104396613299  0.84907551172554074
  0.85217997948494850  0.89277398072431968  0.97594625155131021  1.00000000000000000
   2.8664127293137314E-011  -1.0000000000000000     
 F F F F F F F F F F F F F F F F F F F F F F F F F F F F F F F F F F F F F F F F F F F F F F F F F F F F F F F F F F F F F F F F
  <DiscreteSampler_grid>
  grouped_processes
  1 # 1 for a reference and 2 for a running grid.
  10 # Attribute 'min_bin_probing_points' of the grid.
  1 # Attribute 'grid_mode' of the grid. 1=='default',2=='initialization'
  0.0000000000000000 # Attribute 'small_contrib_threshold' of the grid.
  0.5000000000000000 # Attribute 'damping_power' of the grid.
 # binID   n_entries weight   weight_sqr   abs_weight
    10   10   1.446585317218013E+005   1.537072412947249E+011   1.446585317218013E+005
  </DiscreteSampler_grid>
