  0.00947350283930078  0.01684617497613473  0.02697201460667503  0.03814255926174499
  0.04838787435708025  0.05832912099712356  0.06817780377524772  0.07793522785804176
  0.08738805612735502  0.09657840576469751  0.10572321327128098  0.11483140340941679
  0.12399769129705691  0.13349882949068217  0.14281263459275298  0.15324144730242686
  0.16365406801600918  0.17368646412234290  0.18348148483251614  0.19372118174245567
  0.20502337015379901  0.21551182131243127  0.22534313515240070  0.23581742910763584
  0.24698244857507096  0.25775434842142864  0.26839586804142312  0.27848832758966235
  0.28932724972570595  0.29995777746867153  0.31084509826028073  0.32136865182013480
  0.33213075295580741  0.34292638599729375  0.35419125288381320  0.36510996037626625
  0.37565634617394172  0.38480709515154204  0.39400565532126708  0.40343758550536146
  0.41413156437363080  0.42437063755053822  0.43530876215714354  0.44614500400761847
  0.45903200683557704  0.47069580163745200  0.48232666627024945  0.49282093918766351
  0.50373299994025800  0.51476108588612379  0.52636139364224532  0.53721973916712973
  0.54823391997733628  0.55991852625063065  0.57122682011969217  0.58251560283768633
  0.59396763402210639  0.60525173880917216  0.61615993531783064  0.62712487169756292
  0.63890762528912226  0.65139736531009151  0.66335887074897071  0.67517251312761262
  0.68596279491937873  0.69632168809075534  0.70686885447274272  0.71723550875585163
  0.72723369773739199  0.73729869038941154  0.74698980247016600  0.75696591993108608
  0.76637430237949855  0.77695689070159113  0.78829699885538096  0.79985256458283349
  0.81118290500658496  0.82216668442274587  0.83361434934733936  0.84447330464733183
  0.85588548557347177  0.86654645862115565  0.87730366501481005  0.88678249205563076
  0.89604330544329669  0.90555330720552973  0.91514185292306760  0.92439769772966318
  0.93367157159111047  0.94395371731154332  0.95461445772916120  0.96399188619249021
  0.97299955760928869  0.98260971708734335  0.99099741333351643  1.00000000000000000
 -0.00000549092296416  0.00002722054967306  0.00006017917965174  0.00008693071010616
  0.00011157758205271  0.00014046110589561  0.00017545286521779  0.00021308451537859
  0.00025220886688834  0.00029222943030390  0.00033519014225531  0.00038136429580330
  0.00042918781252822  0.00047812937589213  0.00053325800622910  0.00059173922684554
  0.00065190341556939  0.00071220979711141  0.00077457911593625  0.00083947404329905
  0.00090606112699503  0.00097610124436772  0.00105174773322559  0.00113363794354696
  0.00122087629979667  0.00131299904283611  0.00140799724626513  0.00150202352238649
  0.00159548544604821  0.00168923087459345  0.00178372416643799  0.00188207220190534
  0.00198425306698873  0.00208839936209265  0.00219640004902102  0.00231147877125696
  0.00243288221356739  0.00255694571967370  0.00268616762975429  0.00282800958828537
  0.00298165574249970  0.00314027840886824  0.00329976652808984  0.00346212878450716
  0.00363472508639659  0.00382551292626806  0.00401866590192959  0.00422116545955303
  0.00443719536561467  0.00466243399507417  0.00489595991161270  0.00515380480667329
  0.00542801388520981  0.00571443706400140  0.00601515540794447  0.00631656998363827
  0.00663985828419788  0.00698668121283418  0.00734095275702576  0.00771168458016090
  0.00810221964321364  0.00849265887346098  0.00889964224251001  0.00933077715499481
  0.00978719074228097  0.01027577077708702  0.01080931056212100  0.01137992217737946
  0.01196973200980706  0.01257919124316963  0.01322594464444574  0.01392420745722742
  0.01467447278819312  0.01549037544997002  0.01636937970529657  0.01734078079599776
  0.01841345986067684  0.01958287873788872  0.02083304779031659  0.02219994377777457
  0.02365202872955629  0.02518218266553721  0.02692388601524703  0.02912007336532123
  0.03159738921771673  0.03423385831866880  0.03720813577771482  0.04071528500683264
  0.04517596978768532  0.05180518915308382  0.06130067446120496  0.07351465261207550
  0.09904489827685738  0.14359301358103185  0.23046888297335269  1.00000000000000000
  0.00001553150098655  0.00004549441053518  0.00008901795103092  0.00014317266405290
  0.00020257482678826  0.00027979072722207  0.00037376967265976  0.00048384340854506
  0.00060652348926762  0.00072450463062667  0.00084457025813700  0.00096338113920339
  0.00109350455042895  0.00123960109627656  0.00140289884569172  0.00156225736117146
  0.00171677837998865  0.00188239391409889  0.00206220976573330  0.00225636440564711
  0.00245284200063879  0.00264986450458864  0.00284453197296817  0.00304460074476304
  0.00324978859607905  0.00346689171196847  0.00369737384186789  0.00392864405823384
  0.00415930570104434  0.00439812146293682  0.00464458428717448  0.00491724953753712
  0.00520541265570696  0.00550341472366120  0.00581359946545470  0.00614048564634883
  0.00648236783724934  0.00680877451084186  0.00713084366053785  0.00747016309028537
  0.00782050719009103  0.00818361664601554  0.00855555916594114  0.00893289218445464
  0.00932872536222536  0.00974595773076606  0.01016611806472390  0.01059285117322959
  0.01103994916808415  0.01150106525788559  0.01201720822467310  0.01258681089264134
  0.01313687428250515  0.01373614119914853  0.01434519975270108  0.01495231130852492
  0.01559196544392938  0.01628694305652906  0.01701337693821987  0.01776544980692605
  0.01855127002942506  0.01932147909249689  0.02018828183138322  0.02103890397179591
  0.02193903284274268  0.02287149014769625  0.02381885848398995  0.02482063799610890
  0.02588493103843604  0.02699307736845078  0.02815574413710660  0.02935300191212250
  0.03065899429166292  0.03205515712429689  0.03357617962925209  0.03511974553143041
  0.03677837392736203  0.03867216720895552  0.04063872285105859  0.04273256848763795
  0.04499456711851423  0.04744580424616900  0.05021730723337072  0.05293884838342959
  0.05580325451307158  0.05900001295303818  0.06283604258202864  0.06859834627015922
  0.07722364164935801  0.08688073614634896  0.09553463799677803  0.10473067058240039
  0.11459646009371603  0.12714944885563098  0.28600961805289565  1.00000000000000000
 -0.00244649346568270  0.00945055652278885  0.01987155931888623  0.03022751036179527
  0.04086496018183655  0.05123295044703316  0.06173514851544459  0.07236632945867963
  0.08275284165321665  0.09314333436556363  0.10405023755858489  0.11543371642471270
  0.12730233957919254  0.13988989074312552  0.15201875591300953  0.16400363332131138
  0.17540238119342685  0.18647260468158455  0.19753918109439000  0.20830077743551237
  0.21918690932033358  0.23023734553859077  0.24127879025763110  0.25230870135555494
  0.26307399319002556  0.27375038922917805  0.28411365607556988  0.29465894487339489
  0.30510980597478998  0.31535245009397045  0.32522373037270769  0.33514622815044026
  0.34571725998906067  0.35653763874269634  0.36745159359749580  0.37777443570572666
  0.38767053469581947  0.39742928099278629  0.40765113440152007  0.41811681766115499
  0.42858168459458112  0.43858995962903013  0.44835820860606040  0.45798099579479706
  0.46807907347868755  0.47878162425875692  0.48988658352659276  0.50149987732886547
  0.51350699583646042  0.52545566287491363  0.53622599016168071  0.54608103168474154
  0.55574915435249572  0.56568542823801193  0.57641869956746150  0.58727614651444626
  0.59763363795682700  0.60733997428077191  0.61682267000731350  0.62677882043233646
  0.63731110393741586  0.64794091502058493  0.65844185188878601  0.66923972672725018
  0.68089126162705760  0.69225404986173100  0.70282284233252745  0.71307576864347300
  0.72327749538374364  0.73314164238206281  0.74274795308691399  0.75259513173342629
  0.76270298997492614  0.77307036595170053  0.78379387292843283  0.79526276194089984
  0.80632380275317228  0.81741555058922544  0.82786941116904300  0.83758472457101918
  0.84676825909644193  0.85627895230183826  0.86649525140219685  0.87654278859353507
  0.88621641658772476  0.89573326503887696  0.90506295824432015  0.91461099195469397
  0.92480835191460764  0.93520253041125856  0.94638902203854258  0.95758892471274237
  0.96927876506536392  0.98064252805405849  0.99038524190870481  1.00000000000000000
 -0.00229012637770581  0.00987839898116920  0.02028878453636034  0.03043065537466532
  0.04078749022062544  0.05107391003559508  0.06144796142705201  0.07221550446093299
  0.08335255574048489  0.09392829977081701  0.10466059102040598  0.11517927057732044
  0.12591822995305832  0.13650170452000357  0.14707749544575502  0.15806075624221380
  0.16933214910679900  0.18033986132403201  0.19117961476306053  0.20214577776652795
  0.21279289759687051  0.22318172726362756  0.23384895908495268  0.24516694484548462
  0.25667661772430111  0.26796264002061365  0.27860697996887512  0.28934004638669208
  0.30016144390562177  0.31065041481861977  0.32136821724431175  0.33180650820932867
  0.34326772354974833  0.35464424963968455  0.36534900871036724  0.37579804533447503
  0.38652045685268116  0.39702513748345675  0.40669989667715206  0.41620673679405779
  0.42593217059756139  0.43551156296610788  0.44452557157682066  0.45374186733333932
  0.46391067198767982  0.47540198176475101  0.48666864807126453  0.49759978604065869
  0.50760567672542767  0.51764248542293589  0.52761667655019651  0.53750513802748612
  0.54779876948230199  0.55768792996812055  0.56801628640487700  0.57874914565532509
  0.58952002563459138  0.60065741944855100  0.61108186030272238  0.62143423667423914
  0.63090294177624928  0.63972209039632100  0.64903944863193863  0.65867887456983898
  0.66953389745894820  0.68023356087581321  0.69143496301628238  0.70313117168849937
  0.71441486914213170  0.72564021274975532  0.73666445817917126  0.74740567225330667
  0.75772321571039880  0.76766427252534275  0.77771217435623285  0.78800285624468380
  0.79819982362590025  0.80838930136743314  0.81854769857600307  0.82870467942188275
  0.83888607017875150  0.84909836703541508  0.85976329451432942  0.87096851547434062
  0.88282471937282814  0.89494965671747007  0.90672350964024040  0.91804660153769446
  0.92894831483727891  0.93970991828523798  0.94956338455392864  0.95931351701341350
  0.96981830377443201  0.98028233402186404  0.99054289514164251  1.00000000000000000
 -0.00236807077768011  0.00884468958127801  0.01888599148696048  0.02982844638330042
  0.04105786278864586  0.05216675838178697  0.06375431168491354  0.07633661520637196
  0.08827769079896158  0.09968770065809325  0.11080745771831130  0.12164958820367833
  0.13243106496420137  0.14320429734527831  0.15449373145206086  0.16544807959617547
  0.17630480738712645  0.18735743026664595  0.19880506453604591  0.21076344153093729
  0.22337491789745884  0.23537266596996756  0.24557133601615558  0.25505440110313021
  0.26448703899645493  0.27477359597623480  0.28540793481645566  0.29623790907395509
  0.30686924060572301  0.31733720952605576  0.32793022751484124  0.33792801902688124
  0.34757810894500379  0.35782029631812567  0.36796099119462572  0.37806907170881104
  0.38757448701783104  0.39728090203280103  0.40742949533161221  0.41798517230251475
  0.42890786925182550  0.43975195579645671  0.45091824601961206  0.46213575221323139
  0.47287283589063051  0.48300500316580541  0.49295835517476488  0.50310324575207266
  0.51298230436811176  0.52249048089575845  0.53211901892217317  0.54233320321154399
  0.55313628309682716  0.56431550508331485  0.57533456775988512  0.58580867561447414
  0.59604349453521910  0.60671756422853496  0.61781255505520616  0.62862195978905355
  0.63896479251790539  0.64930776846876437  0.65995273028589485  0.67080983710266295
  0.68183590223550472  0.69265286990704666  0.70311512931725018  0.71411573269598738
  0.72487107687276109  0.73560764138866719  0.74559613108748723  0.75597401900958316
  0.76727638971955991  0.77881757352757819  0.79014170354023094  0.80063590132054074
  0.81121671052841648  0.82068783380589561  0.83035536476460348  0.84017364722941645
  0.85034658546094954  0.85998775495038615  0.86875957387719471  0.87748095935880710
  0.88656967378817686  0.89617379079420711  0.90638972651591743  0.91623624477001619
  0.92610611872798221  0.93669024213801277  0.94756469343640870  0.95809182314169317
  0.96899386324532599  0.97958996784266672  0.99016483900667485  1.00000000000000000
  0.01114719208752443  0.01467899114145504  0.01782264142288039  0.02036333322878248
  0.02293520341300845  0.02533577336038232  0.02757596317095119  0.02969784521007716
  0.03171563732946257  0.03360443374356321  0.03548390055033059  0.03733945027359417
  0.03917747529628547  0.04100887342710562  0.04285196528621110  0.04460081407598242
  0.04634547221110426  0.04807714248499754  0.04978335105237569  0.05145644951292051
  0.05311546233014504  0.05477582578199430  0.05643694621382758  0.05812012761300685
  0.05982711185206969  0.06151989070157687  0.06312502576978753  0.06470570397054917
  0.06631083855817126  0.06797191349361706  0.06967976490207904  0.07140117583464289
  0.07312008044245258  0.07487839807801501  0.07665269224086185  0.07843308292412692
  0.08019716841138026  0.08203573746960278  0.08394104553631616  0.08591902778969623
  0.08792893372489656  0.08991317618527662  0.09184177486975993  0.09371828658818322
  0.09560658221822534  0.09764759952589350  0.09974077078076012  0.10183496391806832
  0.10396183059881385  0.10612731096796731  0.10835982632185472  0.11071090834778974
  0.11308878444574424  0.11537326189243746  0.11771702536112014  0.12013412815319825
  0.12274365717501813  0.12523913660059219  0.12761086771127086  0.12983292171055469
  0.13225756397281457  0.13491045093544024  0.13791578779834443  0.14135233472244768
  0.14376914649111655  0.14604450346485195  0.14835637097954613  0.15079079014558100
  0.15360745378405269  0.15677513381670138  0.15979502148073396  0.16287835153942590
  0.16609260589702832  0.16957767269496909  0.17335997183715934  0.17711169332270180
  0.18098070367332547  0.18503300992455141  0.18927034636502940  0.19394793867244747
  0.19885353437746608  0.20403080470823109  0.20971057087747674  0.21579373913585748
  0.22209571058497785  0.22911278721770920  0.23782488642046146  0.24890937614724926
  0.26141553661881350  0.27202298452603474  0.28730211576147330  0.30055635832839794
  0.31648421233723201  0.33609669548637366  0.35434858321738510  1.00000000000000000
 -0.00207862427260478  0.01063156887982190  0.02195665852329378  0.03453841499606466
  0.04795877760471370  0.06144997732994720  0.07380226906725598  0.08504278274141157
  0.09598238508231592  0.10719082496402298  0.11870088398104464  0.12980903655674059
  0.13997362905120994  0.14964318332166243  0.15924641911904444  0.16955549341492901
  0.17969762321618574  0.18922769359199271  0.19788801506138509  0.20637843545213710
  0.21504126964624301  0.22397264172625500  0.23298245962432301  0.24189800722809343
  0.25070915947929939  0.26027368269363543  0.27011295444007938  0.28050373751395213
  0.29083889329354878  0.30092157815732989  0.31062372941894728  0.31975002899740168
  0.32865777065259427  0.33766078820593109  0.34634032247728802  0.35516766878076966
  0.36454753457157052  0.37433557849549459  0.38415796732300417  0.39396987647860410
  0.40394140973069853  0.41426511913113545  0.42501322075315184  0.43657590848112166
  0.44993683285332220  0.46401356027404245  0.47699324847578850  0.48931828471137967
  0.50039805917430125  0.51081040820712253  0.52080830499570741  0.53081352937682413
  0.54112833513820202  0.55207959250217964  0.56351574949706218  0.57467140577793840
  0.58493057076310218  0.59516879762005548  0.60589623150490157  0.61685470348880078
  0.62791815179844179  0.63900570502421661  0.64946045943242092  0.65967611494841616
  0.67009355640992063  0.68053770123492685  0.69026634164053702  0.69912763295823643
  0.70797209676229311  0.71711682315929426  0.72645660358164799  0.73568563713614299
  0.74477625456105168  0.75381222407759241  0.76306411427549492  0.77247122968297077
  0.78170770859286820  0.79052177811908797  0.79877862334393979  0.80701875766969522
  0.81579201774128762  0.82513360589802243  0.83481720113212265  0.84467222780442908
  0.85459634155878395  0.86510864263369702  0.87622159638407748  0.88790784809632872
  0.89986518118439629  0.91182196560229034  0.92410674879778298  0.93701229563796407
  0.95077906238483245  0.96577751444781967  0.98212955292551718  1.00000000000000000
 -0.00983623347468047  0.29889072426586788  0.39182617969985140  0.44824871476779560
  0.48983732728927487  0.52268766396306943  0.54985380708278087  0.57216805949004357
  0.59143439119028618  0.60841854143734542  0.62397265136155788  0.63800523393048880
  0.65065183178329111  0.66267475560599653  0.67434927610748219  0.68516512888207470
  0.69507463633229083  0.70426794365843703  0.71304838325136533  0.72117319014917614
  0.72907961593990989  0.73627398110705145  0.74335583130945848  0.74991820564118128
  0.75577638719043316  0.76147933440220705  0.76721026360330902  0.77290282972522484
  0.77835205937568297  0.78355055800557349  0.78860568165902722  0.79343068154935015
  0.79811773760288618  0.80291420449502227  0.80754546615288225  0.81202695500056454
  0.81616778151500924  0.82023173222462420  0.82421029515877720  0.82811557677651426
  0.83203264728036452  0.83578215409423973  0.83938185188176606  0.84288841286584892
  0.84627547912727252  0.84959660440685958  0.85278979190238180  0.85579039828792647
  0.85874454839508230  0.86174951362781704  0.86485720448522729  0.86797390757566772
  0.87101264725032090  0.87394517877626832  0.87679585235632040  0.87956509536582783
  0.88228533709380141  0.88491528672504494  0.88749041981392951  0.89004897582807929
  0.89261391429636527  0.89526881122878033  0.89784737821356153  0.90030651424734254
  0.90278424233606513  0.90522568560135541  0.90763830386995648  0.91008176567982191
  0.91257584469367803  0.91499410007142123  0.91737286256972816  0.91969405996127807
  0.92200045400941688  0.92430695125832785  0.92664100810828542  0.92909964022718539
  0.93146769577266209  0.93384178259667594  0.93609408594868282  0.93829296052811129
  0.94050229386987660  0.94269197531558568  0.94494216715481516  0.94719794594131079
  0.94950060286666460  0.95191206146254437  0.95444704473243747  0.95703009201881550
  0.95962837931427114  0.96274641291827423  0.96583935107173546  0.96904081678299137
  0.97280880392363422  0.97751894381149695  0.98530406590020436  1.00000000000000000
   9.1285794929274254E-014  -1.0000000000000000     
 F F F F F F F F F F F F F F F F F F F F F F F F F F F F F F F F F F F F F F F F F F F F F F F F F F F F F F F F F F F F F F F F
  <DiscreteSampler_grid>
  grouped_processes
  1 # 1 for a reference and 2 for a running grid.
  10 # Attribute 'min_bin_probing_points' of the grid.
  1 # Attribute 'grid_mode' of the grid. 1=='default',2=='initialization'
  0.0000000000000000 # Attribute 'small_contrib_threshold' of the grid.
  0.5000000000000000 # Attribute 'damping_power' of the grid.
 # binID   n_entries weight   weight_sqr   abs_weight
    10   10   5.053898322508541E-001   9.008244063081952E-001   5.053898322508541E-001
  </DiscreteSampler_grid>
