  0.16200092761026991  0.16665717129778812  0.19149434416014932  0.28181335950970327
  0.35438081079756989  0.35545737771264618  0.35653394462772242  0.35761051154279871
  0.35868707845787501  0.35976364537295125  0.36084021228802754  0.36191677920310383
  0.36299334611818007  0.36406991303325636  0.36514647994833266  0.36622304686340890
  0.36729961377848519  0.36837618069356148  0.36945274760863772  0.37052931452371402
  0.37160588143879031  0.37268244835386655  0.37375901526894284  0.37483558218401913
  0.37591214909909543  0.37698871601417167  0.37806528292924796  0.37914184984432420
  0.38021841675940049  0.38129498367447678  0.38237155058955308  0.38344811750462932
  0.38452468441970561  0.38560125133478190  0.38667781824985814  0.38775438516493443
  0.38883095208001073  0.38990751899508697  0.39098408591016326  0.39206065282523955
  0.39313721974031579  0.39421378665539208  0.39529035357046838  0.39636692048554467
  0.39744348740062091  0.39852005431569720  0.39959662123077350  0.40067318814584979
  0.40174975506092608  0.40282632197600238  0.40390288889107867  0.40497945580615496
  0.40605602272123120  0.40713258963630750  0.40820915655138379  0.40928572346646008
  0.41036229038153638  0.41143885729661267  0.41251542421168896  0.41359199112676526
  0.41466855804184155  0.41574512495691779  0.41818316446240861  0.42871442839613016
  0.43924569232985172  0.44977695626357328  0.46030822019729484  0.47083948413101651
  0.49806947480792368  0.52404870688091532  0.52834755520650789  0.53264640353210047
  0.53694525185769293  0.54124410018328550  0.54554294850887808  0.54984179683447054
  0.55414064516006301  0.55843949348565558  0.56273834181124804  0.56703719013684062
  0.57133603846243308  0.57563488678802555  0.57993373511361812  0.60222662241085145
  0.67161540324318525  0.68888676280367467  0.70615812236416398  0.72342948192465362
  0.78948359243188315  0.87555901902249644  0.88607206734359911  0.89614423335671400
  0.90049191064634115  0.90483958793596819  0.90517585700330661  1.00000000000000000
  0.00004125392006798  0.00004357917165665  0.00005171470550123  0.00009074256255694
  0.00015929729474362  0.00027979781060925  0.00049050186918729  0.00086244682411424
  0.00124369371645691  0.00138376710860480  0.00153896223465606  0.00171375330062761
  0.00284309795875340  0.00499557135634790  0.00876841071287584  0.01054604937457504
  0.01090612845038945  0.01126620752620385  0.01162628660201826  0.01202733273172067
  0.01243622545052968  0.01284511816933869  0.01325401088814770  0.01371642239251618
  0.01418074611117959  0.01464506982984300  0.01507653454746022  0.01518272755961765
  0.01528892057177507  0.01539511358393250  0.01550130659608992  0.01560749960824735
  0.01571369262040477  0.01581988563256220  0.01592607864471962  0.01603227165687705
  0.01613846466903447  0.01624465768119190  0.01635085069334932  0.01645704370550675
  0.01656323671766417  0.01666942972982160  0.01677562274197902  0.01688181575413645
  0.01698800876629387  0.01709420177845130  0.01721274382958254  0.01733333275678238
  0.01745392168398222  0.01757451061118206  0.01769509953838190  0.01781568846558174
  0.01793627739278157  0.01805686631998141  0.01817745524718125  0.01829804417438109
  0.01841863310158092  0.01853922202878076  0.01865981095598060  0.01878039988318044
  0.01890098881038028  0.01902157773758011  0.01914216666477995  0.01926275559197979
  0.01938334451917963  0.01951413230400768  0.01965106870940553  0.01978800511480338
  0.01992494152020123  0.02006187792559908  0.02019881433099692  0.02033575073639477
  0.02047268714179262  0.02060962354719047  0.02074655995258832  0.02088349635798617
  0.02102043276338402  0.02115736916878187  0.02129430557417972  0.02143124197957757
  0.02156817838497542  0.02170511479037326  0.02184205119577111  0.02197898760116896
  0.02751981771593887  0.04828801694719127  0.06347402037119039  0.06771514701923460
  0.07208227841660782  0.07652250253757654  0.09075624431842258  0.09075624431843259
  0.09075624431844259  0.09075624431845260  0.09075624431846260  1.00000000000000000
  0.00012049420532698  0.00012957786664629  0.00013526944089321  0.00014162344498897
  0.00014854298197057  0.00015830137390726  0.00017560519698000  0.00019479828424062
  0.00023157427374670  0.00036861053398883  0.00058704756331986  0.00062088584766041
  0.00062460232106148  0.00062831879446256  0.00063203526786363  0.00063575174126470
  0.00063946821466578  0.00064318468806685  0.00064690116146793  0.00065061763486900
  0.00065433410827008  0.00065805058167115  0.00066176705507222  0.00066548352847330
  0.00066920000187437  0.00067291647527545  0.00067663294867652  0.00068034942207760
  0.00068406589547867  0.00068780211811565  0.00069171036724037  0.00069561861636509
  0.00069952686548981  0.00070343511461453  0.00070734336373924  0.00071125161286396
  0.00071515986198868  0.00071906811111340  0.00072297636023812  0.00072688460936284
  0.00073079285848756  0.00073470110761228  0.00073860935673700  0.00074251760586172
  0.00074642585498644  0.00075033410411116  0.00075424235323588  0.00075815060236060
  0.00076205885148532  0.00076606457623569  0.00077041462241331  0.00077476466859092
  0.00077911471476853  0.00078346476094615  0.00078781480712376  0.00079216485330138
  0.00079651489947899  0.00080086494565660  0.00080521499183422  0.00080956503801183
  0.00081391508418944  0.00081826513036706  0.00082261517654467  0.00082696522272229
  0.00083131526889990  0.00083566531507751  0.00084001536125513  0.00084436540743274
  0.00084871545361035  0.00085693344969683  0.00087271739573096  0.00088850134176509
  0.00090428528779922  0.00092006923383335  0.00093585317986749  0.00105960196555155
  0.00147789904536190  0.00155076324926412  0.00162371099548379  0.00169795220814582
  0.00177219342080785  0.00237989838504269  0.00378423741878330  0.00602762370181702
  0.00959615345198813  0.01525760282644666  0.02430614570811930  0.02883805591497577
  0.02883805591498577  0.02883805591499577  0.02883805591500577  0.02883805591501577
  0.02883805591502576  0.02883805591503576  0.02883805591504576  1.00000000000000000
  0.04813015063603724  0.07174528967041952  0.08099057934083903  0.08983265456458837
  0.09853787685503253  0.10770321554795673  0.11771040548783160  0.12772179485597290
  0.13774444864152283  0.16242172869612551  0.24839876913872322  0.29217813699719808
  0.29320776911557506  0.29423740123395203  0.29526703335232901  0.29629666547070599
  0.29732629758908297  0.29835592970745994  0.29938556182583692  0.30041519394421395
  0.30144482606259093  0.30247445818096791  0.30350409029934489  0.30453372241772186
  0.30556335453609884  0.30659298665447582  0.30762261877285280  0.30865225089122977
  0.30968188300960675  0.31071151512798378  0.31174114724636076  0.31277077936473774
  0.31380041148311472  0.31483004360149169  0.31585967571986867  0.31688930783824565
  0.31791893995662263  0.31894857207499960  0.31997820419337658  0.32100783631175356
  0.32203746843013059  0.32306710054850757  0.32409673266688455  0.32512636478526152
  0.32615599690363850  0.32718562902201548  0.32821526114039246  0.32924489325876943
  0.33027452537714641  0.33130415749552339  0.33233378961390042  0.33336342173227740
  0.33439305385065438  0.33542268596903135  0.33645231808740839  0.33748195020578536
  0.33851158232416234  0.33954121444253932  0.34057084656091635  0.34160047867929333
  0.34263011079767031  0.34365974291604734  0.34468937503442432  0.34571900715280129
  0.34674863927117827  0.34777827138955530  0.34880790350793228  0.34983753562630926
  0.35086716774468629  0.35189679986306327  0.35292643198144025  0.35395606409981722
  0.42255782853753204  0.50853486898012978  0.59451190942272758  0.68048894986532538
  0.76646599030792306  0.79456689412325099  0.79866968929841864  0.80277248447358640
  0.80687527964875405  0.81097807482392181  0.81507960827946768  0.81918039770572959
  0.82328118713199161  0.82738197655825352  0.83148276598451543  0.83528664841948619
  0.83884635656196083  0.84240606470443546  0.84596577284691010  0.84952548098938474
  0.85308518913185938  0.91402295955739987  0.92777711550394693  1.00000000000000000
 -0.00020057360331217  0.00922430667856035  0.01844861335712070  0.02825112514248433
  0.03825523642918459  0.09846910508766898  0.18466437391339821  0.23161939604052625
  0.23669012227914149  0.24176084851775670  0.24683157475637194  0.25190230099498717
  0.25697302723360238  0.26204375347221759  0.26711447971083280  0.27218520594944806
  0.27725593218806333  0.28232665842667859  0.28739738466529385  0.30529010012120200
  0.39148536894693120  0.47768063777266057  0.49531144094136886  0.51173943816882972
  0.52816743539629063  0.55703346795736786  0.64322873678309711  0.66740394377706547
  0.66841657114146724  0.66942919850586913  0.67044182587027101  0.67145445323467279
  0.67246708059907467  0.67347970796347645  0.67449233532787833  0.67550496269228022
  0.67651759005668199  0.67753021742108388  0.67854284478548577  0.67955547214988754
  0.68056809951428943  0.68158072687869131  0.68259335424309309  0.68360598160749497
  0.68461860897189675  0.68563123633629863  0.68664386370070052  0.68765649106510229
  0.68866911842950418  0.68968174579390606  0.69069437315830784  0.69170700052270973
  0.69271962788711150  0.69373225525151339  0.69474488261591527  0.69575750998031705
  0.69677013734471893  0.69778276470912082  0.69879539207352259  0.69980801943792448
  0.70082064680232625  0.70183327416672814  0.70284590153113002  0.70385852889553180
  0.70487115625993368  0.70588378362433557  0.70689641098873734  0.70790903835313923
  0.70892166571754112  0.70993429308194289  0.71094692044634478  0.71195954781074666
  0.71297217517514844  0.71398480253955032  0.71499742990395221  0.71601005726835409
  0.71702268463275587  0.71803531199715775  0.71904793936155964  0.72006056672596142
  0.72107319409036330  0.72208582145476519  0.72309844881916707  0.72411107618356885
  0.72512370354797073  0.72613633091237262  0.72714895827677450  0.72816158564117628
  0.72980901422114464  0.81600428304687378  0.90219955187260303  0.96181631702413650
  0.97180307223352658  0.98158512832267197  0.99079256416133554  1.00000000000000000
  0.00515651305516559  0.01140189109425614  0.01764726913334669  0.02527456354102741
  0.03434102846239107  0.05871566576705441  0.14585389597552040  0.14694338144400260
  0.14803286691248480  0.14912235238096699  0.15021183784944919  0.15130132331793139
  0.15239080878641359  0.15348029425489579  0.15456977972337799  0.15565926519186019
  0.15674875066034238  0.15783823612882458  0.15892772159730678  0.16001720706578898
  0.16110669253427118  0.16219617800275338  0.16328566347123558  0.16437514893971777
  0.16546463440819997  0.16655411987668217  0.16764190705060367  0.16872949857498698
  0.16981709009937029  0.17090468162375363  0.17199227314813695  0.17307986467252029
  0.17416745619690360  0.17525504772128692  0.17634263924567026  0.17743023077005357
  0.17851782229443691  0.17960541381882023  0.18069300534320357  0.18178059686758688
  0.18286818839197022  0.18395577991635353  0.18504337144073685  0.18613096296512019
  0.18721855448950350  0.18830614601388684  0.18939373753827016  0.19048132906265347
  0.19156892058703681  0.19265651211142013  0.19374410363580347  0.19483169516018678
  0.19591928668457012  0.19700687820895343  0.19809446973333678  0.19918206125772009
  0.20026965278210340  0.20135724430648674  0.20244483583087006  0.20353242735525340
  0.20462001887963671  0.20570761040402005  0.20679520192840337  0.20788279345278668
  0.21365399186661252  0.22273756174813875  0.25511453979504772  0.34390807149508612
  0.43270160319512452  0.52149513489516286  0.58435190707422646  0.58770718964009883
  0.59106247220597130  0.59441775477184366  0.59777303733771603  0.60112831990358850
  0.60448360246946087  0.60783888503533323  0.61119416760120560  0.61454945016707796
  0.61790473273295032  0.62126001529882280  0.62461529786469516  0.62797058043056753
  0.63132586299643989  0.63468114556231225  0.63803642812818462  0.64139171069405698
  0.64474699325992935  0.70587817700156841  0.74379973233764263  0.76294249254520463
  0.82241293659991654  0.85426611105600991  0.85426611105601991  1.00000000000000000
  0.00711373118721607  0.02014280943150204  0.03606747612659014  0.05238031560070247
  0.06881387942198522  0.09335325585628290  0.12564529665827304  0.12666613310268926
  0.12768696954710548  0.12870780599152171  0.12972864243593793  0.13074947888035415
  0.13177031532477038  0.13279115176918657  0.13381198821360279  0.13483282465801902
  0.13585366110243524  0.13687449754685146  0.13789533399126769  0.13891617043568391
  0.13993700688010013  0.14095784332451633  0.14197867976893255  0.14299951621334878
  0.14402035265776500  0.14504118910218122  0.14606202554659745  0.14708286199101367
  0.14810369843542989  0.14912453487984614  0.15014537132426237  0.15116620776867859
  0.15218704421309481  0.15320788065751106  0.15422871710192729  0.15524955354634351
  0.15627038999075976  0.15729122643517598  0.15831206287959221  0.15933289932400843
  0.16035373576842468  0.16137457221284091  0.16239540865725713  0.16341624510167335
  0.16443708154608960  0.16545791799050583  0.16647875443492205  0.16749959087933827
  0.16852042732375450  0.16954126376817072  0.17056210021258694  0.17158293665700317
  0.17260377310141936  0.17362460954583558  0.17464544599025181  0.17566628243466803
  0.17668711887908425  0.17770795532350048  0.17872879176791670  0.17974962821233292
  0.18077046465674912  0.18179130110116534  0.18281213754558157  0.18383297398999779
  0.18485381043441401  0.18587464687883024  0.18689548332324646  0.22258327387758867
  0.30860917835180862  0.32206341658427490  0.33207986185004001  0.34209630711580524
  0.35211275238157047  0.36212919764733564  0.37214564291310082  0.38214968863343957
  0.39214879267622865  0.39838727289376408  0.40243143332481418  0.40647559375586423
  0.41051975418691433  0.41456391461796438  0.41712920088052224  0.41809270891040895
  0.41905621694029566  0.42001972497018236  0.42098323300006907  0.42194674102995577
  0.42239118019739796  0.42239118019740796  0.42239118019741795  0.42239118019742794
  0.42239118019743793  0.42239118019744792  0.42239118019745792  1.00000000000000000
  0.00719767411549884  0.01943674275149831  0.03836236394306678  0.12478348441705270
  0.13720674187066481  0.14944002926580915  0.16167331666095355  0.17390660405609790
  0.18613989145124218  0.23492172583285903  0.24713453720890766  0.25106308370844455
  0.25245205949020572  0.25384103527196689  0.25523001105372806  0.25661898683548923
  0.25800796261725040  0.25939693839901157  0.26078591418077274  0.26217488996253391
  0.26356386574429508  0.26495284152605625  0.26634181730781742  0.26773079308957859
  0.26911976887133976  0.27050874465310093  0.27189772043486210  0.27328669621662327
  0.27467567199838444  0.27606464778014561  0.27745362356190678  0.27884259934366801
  0.28023157512542918  0.28162055090719035  0.28300952668895152  0.28439850247071269
  0.28578747825247391  0.28717645403423508  0.28856542981599625  0.28995440559775743
  0.29134338137951865  0.29273325523079768  0.29412340151827038  0.29551354780574307
  0.29690369409321576  0.29829384038068846  0.29968398666816115  0.30107413295563384
  0.30246427924310654  0.30385442553057923  0.30524457181805192  0.30663471810552462
  0.30802486439299731  0.30941501068047000  0.31080515696794270  0.31219530325541539
  0.33629448236521020  0.34147110899717276  0.34664773562913537  0.35182436226109792
  0.35700098889306048  0.36217761552502303  0.36735424215698559  0.37253086878894809
  0.37770749542091064  0.38288412205287314  0.38806074868483570  0.39323737531679825
  0.44557569774258599  0.54535512963026633  0.64513456151794635  0.74491399340562658
  0.84469342529330682  0.87669844774948369  0.90159384310451818  0.95603501648369094
  0.96059850582952555  0.96291708440455992  0.96523566297959440  0.96755424155462877
  0.96987282012966314  0.97219139870469762  0.97450997727973199  0.97682855585476647
  0.97914713442980084  0.98104609041744884  0.98294148137570392  0.98483687233395911
  0.98673226329221420  0.98862765425046928  0.99052304520872447  0.99241843616697956
  0.99431382712523464  0.99620921808348983  0.99810460904174492  1.00000000000000000
  0.07385515769322713  0.18682449818137287  0.19735306291682056  0.20754775653300758
  0.21775711720961166  0.22796770245411285  0.23817828769861391  0.24838887294311499
  0.25351029333510666  0.25767824770494441  0.26184620207478210  0.26601415644461979
  0.27018211081445748  0.27435006518429517  0.27851801955413291  0.28268597392397066
  0.28685392829380840  0.29102188266364615  0.29518983703348384  0.29935779140332153
  0.30352574577315922  0.30769370014299691  0.31186165451283460  0.38665697547944844
  0.47422557026650208  0.56179416505355562  0.64936275984060909  0.72925921931004922
  0.73030300947464388  0.73134679963923843  0.73239058980383309  0.73343437996842764
  0.73447817013302230  0.73552196029761685  0.73656575046221151  0.73760954062680606
  0.73865333079140072  0.73969712095599527  0.74074091112058993  0.74178470128518448
  0.74282849144977914  0.74387228161437380  0.74491607177896835  0.74595986194356301
  0.74700365210815756  0.74804744227275222  0.74909123243734677  0.75013502260194143
  0.75117881276653597  0.75222260293113064  0.75326639309572518  0.75431018326031984
  0.75535397342491439  0.75639776358950905  0.75744155375410360  0.75848534391869826
  0.75952913408329281  0.76057292424788747  0.76161671441248202  0.76266050457707668
  0.76370429474167123  0.76474808490626589  0.76579187507086044  0.76683566523545510
  0.76787945540004965  0.76892324556464431  0.76996703572923886  0.77101082589383352
  0.77205461605842818  0.77309840622302273  0.77414219638761739  0.77518598655221194
  0.77622977671680660  0.77727356688140126  0.77831735704599581  0.77936114721059047
  0.78040493737518513  0.78144872753977968  0.78249251770437434  0.78353630786896888
  0.78458009803356354  0.78562388819815820  0.78666767836275275  0.78771146852734741
  0.78875525869194207  0.78979904885653662  0.79084283902113128  0.79519550597719946
  0.81194093961072966  0.82226125501279146  0.83235965355643260  0.84174385704631327
  0.85105185026622432  0.91243140521294297  0.96068233648935941  1.00000000000000000
   1.3168092746960232E-013  -1.0000000000000000     
 F F F F F F F F F F F F F F F F F F F F F F F F F F F F F F F F F F F F F F F F F F F F F F F F F F F F F F F F F F F F F F F F
  <DiscreteSampler_grid>
  grouped_processes
  1 # 1 for a reference and 2 for a running grid.
  10 # Attribute 'min_bin_probing_points' of the grid.
  1 # Attribute 'grid_mode' of the grid. 1=='default',2=='initialization'
  0.0000000000000000 # Attribute 'small_contrib_threshold' of the grid.
  0.5000000000000000 # Attribute 'damping_power' of the grid.
 # binID   n_entries weight   weight_sqr   abs_weight
    10   10   1.209393294581107E+004   1.236736106439529E+009   1.209393294581107E+004
  </DiscreteSampler_grid>
