  0.00939205871760191  0.01579799129293751  0.02438639690270100  0.03467336446380984
  0.04448161398316527  0.05512698238057072  0.06535954996737871  0.07602355234920824
  0.08713985222811391  0.09826855671470915  0.10846960617883064  0.11829093016290668
  0.12862714390135510  0.13939444468378712  0.14965494972768142  0.15957077269458478
  0.16988739999943689  0.18085035737500132  0.19152629936811669  0.20178234498249037
  0.21219527805000896  0.22321954570747801  0.23460497870798022  0.24511039457968342
  0.25547266469903446  0.26594126324935868  0.27715269162087042  0.28805979410523108
  0.29943836423255976  0.31116059251440847  0.32361473033786770  0.33611849045827880
  0.34760404372452930  0.35908145830053451  0.37021672820468593  0.38113665671959429
  0.39140484602071102  0.40238473637398980  0.41384371888918842  0.42527004512721500
  0.43652350950979990  0.44731372816990883  0.45771485622646130  0.46805491511574809
  0.47804295663209329  0.48763260156789606  0.49679747795391049  0.50575631093254181
  0.51449956827744048  0.52331988438991639  0.53232764671831001  0.54190045531942932
  0.55209764082751656  0.56244458571595002  0.57292493379406217  0.58336259506624111
  0.59473240424981255  0.60667498925168806  0.61814853070289477  0.62940449034127988
  0.64056294839993499  0.65174066061275959  0.66301564043375683  0.67409717530399449
  0.68496448599853232  0.69597901945942464  0.70679310316048194  0.71726793286363355
  0.72736260892707749  0.73733025789322715  0.74703674326705038  0.75585268887648249
  0.76459069161332360  0.77402078230835680  0.78372830504520685  0.79341288322828185
  0.80306136415649687  0.81287051295957768  0.82312682460642650  0.83324769453856262
  0.84301839296834924  0.85268341223408417  0.86241992451548610  0.87203003491647935
  0.88148099586671791  0.89071137015392110  0.89979037928097161  0.90901631516236192
  0.91866918030973599  0.92892548831336097  0.93978511111185736  0.95032902478411474
  0.96158130104278616  0.97303212840630193  0.98632026838819054  1.00000000000000000
 -0.00000734230476975  0.00004047225427958  0.00007948790048397  0.00011050241734491
  0.00015002720387326  0.00018735658767294  0.00022798480777530  0.00027330390790140
  0.00032221589310176  0.00037453715801399  0.00043082303051444  0.00048732153262784
  0.00054422572379455  0.00060367817094329  0.00066684979376060  0.00073584635981165
  0.00080671492025527  0.00088134597923028  0.00095813396411748  0.00103889660287951
  0.00112182816521259  0.00120389758176681  0.00128532262510818  0.00137355528111017
  0.00146679178281514  0.00156275555373893  0.00166244287951615  0.00176708476421602
  0.00187532684613716  0.00197950366406007  0.00208338438883307  0.00218922457244360
  0.00229999405743882  0.00241744116259850  0.00254695430533736  0.00267998141705676
  0.00281667256103666  0.00295737086110816  0.00310332243057991  0.00325774870769447
  0.00341656625751217  0.00358807591013898  0.00376533461590444  0.00395232716633375
  0.00413717970084756  0.00433331327684431  0.00453542331419325  0.00473228196889099
  0.00493820038559072  0.00515854872808126  0.00539010685361590  0.00562895800283446
  0.00586631205418826  0.00612539436952316  0.00639128768662451  0.00667778851573184
  0.00698887743523617  0.00732807209777368  0.00770077351508438  0.00808570430302709
  0.00846460944790305  0.00888085639910463  0.00930390864048632  0.00973730763973508
  0.01017316110052473  0.01061795903743938  0.01108909172738856  0.01161282798432872
  0.01217445765012477  0.01278207713863985  0.01345629339044539  0.01418619162978247
  0.01499658570486461  0.01590505267826596  0.01686842817922037  0.01787788578090536
  0.01897034037168613  0.02016582832106657  0.02143155467065597  0.02273012422162165
  0.02415178418929362  0.02567993564375498  0.02731291518635959  0.02915336585246002
  0.03135487886201289  0.03386981577931451  0.03701336321397405  0.04109296909264604
  0.04613130772340887  0.05196477258430982  0.06085133142065169  0.07357005022491041
  0.08717183047279159  0.11626817195077802  0.39628513456364339  1.00000000000000000
  0.00000639668799135  0.00013255143791191  0.00025595258288468  0.00041390300551193
  0.00059820543239121  0.00080709048444814  0.00104399053846561  0.00129379952608227
  0.00153841879180348  0.00179752146919948  0.00207811496685079  0.00236780950951782
  0.00266983029068480  0.00298961810116201  0.00331836654158951  0.00364924218713205
  0.00400065459675803  0.00436782655973205  0.00472720194614416  0.00510207957263638
  0.00548983270057414  0.00588715132698450  0.00630435612269879  0.00673764429359333
  0.00720573651188326  0.00766785263889587  0.00811628807850081  0.00859168977319341
  0.00908068603437698  0.00959552936554678  0.01011263218138131  0.01062961306206485
  0.01113345801626275  0.01165303020387447  0.01221058923161159  0.01280152830150594
  0.01344070372177905  0.01413206347220358  0.01481458725510017  0.01546813082184513
  0.01611325612538897  0.01675044690374362  0.01742080709166386  0.01812331948004612
  0.01885221321584288  0.01959458301116191  0.02038155683277241  0.02121101364425285
  0.02208799280032291  0.02298906708617011  0.02392445815027026  0.02489496710940447
  0.02589853655934534  0.02690698877271564  0.02787663017084731  0.02882960081243566
  0.02983558310169559  0.03093095145719863  0.03210156879546969  0.03332462124764016
  0.03454791020955979  0.03570571859923656  0.03696371058344512  0.03831256273546987
  0.03978723418117078  0.04138922828406245  0.04336036796036605  0.04570037328311833
  0.04810945608434350  0.05050484841813902  0.05279643410328516  0.05496266925444672
  0.05702461412731899  0.05910026944355545  0.06154244919435509  0.06428772038821126
  0.06705902460392006  0.06988880347949857  0.07294603379221762  0.07618055051997301
  0.07989657463636662  0.08470052237266998  0.09064969008112071  0.09760020034035617
  0.10514650525577324  0.11205362616044058  0.11847000570225286  0.12478035078085953
  0.13305678087129669  0.14423670558113832  0.15723773199722713  0.17198805959011446
  0.18929985006675284  0.25873140491532631  0.34759482496753175  1.00000000000000000
 -0.00239307623252476  0.01072138898772359  0.02072243744963874  0.03153469441545226
  0.04177316177873459  0.05291940064996224  0.06379080318119057  0.07547478338370418
  0.08682875448106077  0.09724882128144399  0.10672413716262982  0.11577616147944300
  0.12498289014898244  0.13493338017569134  0.14567271044452804  0.15627982744334573
  0.16687272334315889  0.17756198298798764  0.18824898612349045  0.19913578198757681
  0.21029653081874047  0.22182996395771756  0.23368223764562474  0.24537777665099361
  0.25725829207739637  0.26904861609709196  0.28033928539883124  0.29094303230827540
  0.30048720489613634  0.30993916749868483  0.31983768629620302  0.33013192020331705
  0.34019483643348675  0.35038553212467899  0.36034522899195276  0.37112134876912978
  0.38041690546422702  0.39044519603625477  0.40080366687910590  0.41138121099326058
  0.42148168289544446  0.43150069895068449  0.44106803069398803  0.45024714135525118
  0.45941922551832520  0.46872488667371415  0.47828322373999743  0.48790314472246066
  0.49756431352133301  0.50872989127685042  0.52069455435150902  0.53275967595145668
  0.54526230995168734  0.55783072961028024  0.56973658590027021  0.58093660557562699
  0.59183278206973811  0.60257881973957106  0.61265019489524253  0.62271025289764026
  0.63377701615720938  0.64494341046100923  0.65607037066026874  0.66701620916060755
  0.67979397484110227  0.69258061194038900  0.70551312755350171  0.71798904683594089
  0.72945311661449497  0.73941394229818114  0.74894195901288529  0.75862538443059602
  0.76875446900385125  0.77927374644108072  0.78959665080576324  0.79917110382466228
  0.80783727927800364  0.81696327154353043  0.82631878326669495  0.83533520730412958
  0.84413462218213164  0.85291712156514232  0.86313222556440949  0.87363010153602372
  0.88401979708657275  0.89485512231438213  0.90594474344234410  0.91730895764811815
  0.92819921553025575  0.93977447245598311  0.95062413581284477  0.96139667859443056
  0.97100060330937910  0.98062731007399273  0.99007731914912644  1.00000000000000000
 -0.00277342244727357  0.01112252807799727  0.02201010025234898  0.03243041284958239
  0.04245529219984769  0.05227726526238208  0.06268168830884153  0.07271777202119549
  0.08299951093147515  0.09292505010663986  0.10247567955837056  0.11225010157782850
  0.12254522775334659  0.13322717430940131  0.14445154677968602  0.15610160079318178
  0.16753969432013721  0.17841437129734372  0.18909291235200901  0.20037887543900695
  0.21228651638797252  0.22472794001007004  0.23701044100942148  0.24914572199258173
  0.26044072906624377  0.27131479599882735  0.28185016439665939  0.29231199316927281
  0.30251722111958512  0.31308650123909532  0.32388663410622726  0.33502395772741245
  0.34551183864904672  0.35564048474651838  0.36576469184773402  0.37598708074211129
  0.38575905152131007  0.39488023403882333  0.40370710494338324  0.41338410198636610
  0.42355073595143439  0.43289047137988157  0.44185756120938913  0.45081625542416903
  0.45997321820230930  0.46903061770562360  0.47823142761325010  0.48786968746685760
  0.49797692545129024  0.50834332168120600  0.51850510492571411  0.52858018121640682
  0.53867902316247707  0.54896645196288374  0.55949473122991034  0.57005560728570681
  0.58085066839749588  0.59166702075804001  0.60253016356899525  0.61290478399321724
  0.62272711009032733  0.63206128930698635  0.64158322933209377  0.65178249189001680
  0.66258910176674968  0.67295873311931442  0.68290653206791285  0.69278526513580774
  0.70249521687461680  0.71248508969878510  0.72283157385536534  0.73414722170149505
  0.74589491129520347  0.75793587612968372  0.76972570356444803  0.78070079832696881
  0.79104531571099812  0.80094559624470996  0.81127039988488314  0.82191747863311260
  0.83284242817906229  0.84402167913981807  0.85496965835895078  0.86633252702276953
  0.87789410044652638  0.88973208825057437  0.90088980098041194  0.91115852765999050
  0.92110731518125288  0.93150841947535112  0.94247554462284100  0.95327485817965851
  0.96440750391045704  0.97622094630568645  0.98810835965980792  1.00000000000000000
 -0.00240656216035624  0.00918623913553508  0.01978066916077932  0.03130557072333986
  0.04286231706437382  0.05512989645407949  0.06712333429173725  0.07855431907866599
  0.08864836082481191  0.09813729461268077  0.10768411255688998  0.11733690863161035
  0.12696227588136269  0.13655221513021348  0.14616788451548693  0.15629218300685516
  0.16734029231859371  0.17860235886402229  0.18965527223221920  0.20042939418892988
  0.21037831732293241  0.21968035755103232  0.22893044796449483  0.23838397184663826
  0.24782424276167656  0.25735622376152228  0.26704076545235550  0.27780025841753636
  0.28867192527407864  0.29947366478346299  0.30987938822014072  0.32035722935361943
  0.33076167879673518  0.34112439313651366  0.35174289897417471  0.36220728091542043
  0.37263537604614977  0.38306519021367319  0.39349081709711020  0.40422613242600736
  0.41524503622565140  0.42600739352897909  0.43628757491914827  0.44619080701324465
  0.45609468974168160  0.46608423641409724  0.47661634891564836  0.48826840242701658
  0.50006813484202883  0.51034898109350091  0.52103964162684868  0.53102678262663361
  0.54167202460739194  0.55245312328998952  0.56298253841373214  0.57280060350062256
  0.58320924173782152  0.59395790986182317  0.60505056011696334  0.61537213909067900
  0.62584990447654931  0.63683728602896184  0.64834603619251374  0.66041027483608106
  0.67292719346396457  0.68532988919213023  0.69680375612849177  0.70759365580031308
  0.71761112071660293  0.72739741162334559  0.73732388404836946  0.74771334688701507
  0.75865960142344868  0.76855168805613461  0.77833499815823781  0.78810748616686943
  0.79872719903912681  0.80927572337463638  0.81934524904966011  0.82924865952378912
  0.83935270244582538  0.84970690324331255  0.85999311036279924  0.87062138671437328
  0.88160958477687357  0.89311696320277056  0.90408011105368336  0.91471261602122667
  0.92471130087464604  0.93506988114721956  0.94610994831935813  0.95701219577069085
  0.96744837936394534  0.97734939772231044  0.98844293222396751  1.00000000000000000
  0.01137610193089990  0.01335414495859364  0.01579826376788801  0.01776803354573612
  0.01945609671165881  0.02120511585724355  0.02304210083479028  0.02490019447696082
  0.02676054925922049  0.02865459867116841  0.03053353263369827  0.03240782676483182
  0.03422361986581850  0.03599378797697091  0.03774290798764511  0.03949165837021031
  0.04123621927561053  0.04292784081943454  0.04463040249093705  0.04636013823144447
  0.04807891293279767  0.04973290988405356  0.05132603303025129  0.05291509221989333
  0.05449415379766519  0.05612585677192128  0.05770576646012598  0.05929927804515450
  0.06097505945417622  0.06267945215633909  0.06436684549314088  0.06619945299401925
  0.06818210977785211  0.07007697205539322  0.07186066960314512  0.07350431719480084
  0.07507284455308832  0.07669360188295414  0.07840584956089193  0.08026172296666105
  0.08208845143788540  0.08390994645842208  0.08577437024837274  0.08755423025303222
  0.08936653933332551  0.09128302747309573  0.09342766660352313  0.09550808932781546
  0.09752459704076256  0.09962617499258877  0.10185030382482528  0.10414408031022673
  0.10646541002140923  0.10876906814217283  0.11116606561675142  0.11359267235083298
  0.11599054148888416  0.11843493186730006  0.12097756289713960  0.12364827706442111
  0.12646295961156143  0.12946933908684610  0.13244695937055292  0.13540248189652887
  0.13832192739022550  0.14157115215826796  0.14512254929279159  0.14869970588631465
  0.15180412340916877  0.15506458934128256  0.15820729195761121  0.16153305504715346
  0.16453132054781658  0.16779367212813820  0.17199905257553930  0.17678284802381233
  0.18244324652689844  0.18949628128771079  0.19803818781015900  0.20804964300806070
  0.21916781296631535  0.22900276130019753  0.23832936685182010  0.25143837514296374
  0.26851594062794604  0.28433676633745736  0.30294749403359594  0.32613751903735916
  0.35514459783194458  0.36804711049032313  0.40345338517491458  0.47291563318371432
  0.52769368632135072  0.56607567891402721  0.80669301390166781  1.00000000000000000
 -0.00226728616795753  0.01025132786590629  0.02028070629835125  0.02939291472940446
  0.03792485890817770  0.04640362062612017  0.05517487205214736  0.06447612283389761
  0.07385306853642684  0.08223679906569720  0.09074561780733739  0.09939846905061345
  0.10908922287976094  0.11948626244262071  0.12965533191985701  0.13946679403411044
  0.14875835274865842  0.15782883744307100  0.16696481763509363  0.17621792811774753
  0.18539990579982363  0.19484327995326567  0.20410424382360021  0.21296286255421434
  0.22151764235110394  0.23049488395236159  0.24033114041759876  0.25036704483879646
  0.26017326361324566  0.26982319813123901  0.27990338775461365  0.28999644016549081
  0.30053248583883324  0.31150349847038300  0.32387467402453757  0.33614896310361192
  0.34829592068772725  0.36002095228599257  0.37231572689618558  0.38473692503067947
  0.39736854774572705  0.41044528821816234  0.42426390708887091  0.43840122642743379
  0.45282231156448371  0.46711436980378329  0.48221507716053630  0.49763093876270514
  0.51173505402133945  0.52567224575331917  0.53992629519059132  0.55388252487939171
  0.56762105633262305  0.58201358393471536  0.59496362979339534  0.60699262732165304
  0.61863406677227084  0.62956267155652557  0.64000310753612122  0.65066137779328359
  0.66145917761367090  0.67179112019044840  0.68209620815496863  0.69319078830934111
  0.70483234160288544  0.71613637822590714  0.72671690041820802  0.73674965856099017
  0.74654367094216212  0.75623525613322129  0.76602244847490408  0.77636602610852057
  0.78666759704207556  0.79680213004879630  0.80639128043225738  0.81573612681135521
  0.82491413828761195  0.83430907618004146  0.84388233297170201  0.85342232030578058
  0.86242123198393006  0.87103644044369866  0.87977587326548357  0.88909016116604578
  0.89881893349582964  0.90841221109359338  0.91789090916680827  0.92767757769510817
  0.93763520966577485  0.94748266211255716  0.95683500283885636  0.96564240603759410
  0.97463189180256593  0.98336193461869936  0.99194459955806724  1.00000000000000000
  0.01790697241589680  0.18310960873838422  0.26006253042571059  0.31320792061728281
  0.35743017074356548  0.39250358376159544  0.42294401452302960  0.44913297418517928
  0.47243608414802046  0.49430040058911318  0.51402729465054897  0.53258936631727738
  0.54990680938282888  0.56602841039883534  0.58158082034866865  0.59575281424266979
  0.60943189226412864  0.62198139410449493  0.63369661980158010  0.64475166655625682
  0.65564970936786615  0.66621463283740423  0.67637358339261655  0.68639436448142777
  0.69631071444925197  0.70575941577403500  0.71379210743194665  0.72122833001880460
  0.72830574029650474  0.73508137015454134  0.74155963320733820  0.74824464958184667
  0.75478233617076906  0.76102830175035674  0.76709357530440281  0.77288188327747742
  0.77826936773928790  0.78365584678528588  0.78898626148992379  0.79408949198304846
  0.79910098486890035  0.80402905118088808  0.80888917499970714  0.81347895512774160
  0.81779404087620455  0.82204678552174659  0.82634462664409702  0.83066180073366946
  0.83493384365305567  0.83907579576287972  0.84299508163946857  0.84666637433374115
  0.85029271170760401  0.85374247021814575  0.85720962131283196  0.86068156430940135
  0.86420530544750029  0.86771655947031745  0.87122166497301679  0.87474781930618195
  0.87821706653224618  0.88174313409938831  0.88504037539609737  0.88832997035844541
  0.89152855426078470  0.89467913087423656  0.89786733373960426  0.90098691940140296
  0.90406709262696305  0.90708725661607126  0.91008860220458332  0.91309831148192910
  0.91609252517171558  0.91898952610087614  0.92175582832549863  0.92446658480804644
  0.92713833606203988  0.92979627577317725  0.93248950543239595  0.93509197993383286
  0.93764090619537777  0.94016668991395824  0.94270173767770526  0.94528247855443959
  0.94795811803604224  0.95068120713980631  0.95330297925610363  0.95592045870167675
  0.95862215929296868  0.96147743992449608  0.96474028913057852  0.96826436193784393
  0.97223423648418628  0.97734746959818053  0.98559163771822456  1.00000000000000000
   1.0509104453232066E-016  -1.0000000000000000     
 F F F F F F F F F F F F F F F F F F F F F F F F F F F F F F F F F F F F F F F F F F F F F F F F F F F F F F F F F F F F F F F F
  <DiscreteSampler_grid>
  grouped_processes
  1 # 1 for a reference and 2 for a running grid.
  10 # Attribute 'min_bin_probing_points' of the grid.
  1 # Attribute 'grid_mode' of the grid. 1=='default',2=='initialization'
  0.0000000000000000 # Attribute 'small_contrib_threshold' of the grid.
  0.5000000000000000 # Attribute 'damping_power' of the grid.
 # binID   n_entries weight   weight_sqr   abs_weight
    10   10   1.230418554038066E-004   8.875259278404290E-008   1.230418554038066E-004
  </DiscreteSampler_grid>
