  0.00929156374402091  0.01707375431336686  0.02517981387712404  0.03565643240230700
  0.04570151738505999  0.05530942857585663  0.06539449402007737  0.07642212515431503
  0.08819846528078390  0.09998655836944693  0.11098074061343552  0.12126652538538236
  0.13131174856950664  0.14163005699952844  0.15208491227406520  0.16242464562572606
  0.17240543783908491  0.18193040210572509  0.19203371113546561  0.20195109064284214
  0.21163883170055878  0.22113588580840038  0.23087563943892916  0.24100329411004448
  0.25089865813534701  0.26050131406484184  0.26994873577122480  0.27960654220437980
  0.28971424226548165  0.30032380754774229  0.31101723284504440  0.32140501281081429
  0.33194468326846177  0.34260419213627435  0.35292804809688416  0.36247194628331880
  0.37155547675306533  0.38071828453047429  0.39017320325454014  0.40008909481756305
  0.40986548200008865  0.42102548327672756  0.43322737725543708  0.44479960088917148
  0.45543816781303947  0.46522884886375254  0.47472290743109047  0.48431925271413911
  0.49421663871358812  0.50357126172104483  0.51259228980805716  0.52149909226524171
  0.53092872991265894  0.54078945020788849  0.55131024805032358  0.56149864390718562
  0.57145786851294444  0.58119293304390740  0.59149047347310624  0.60269215209343552
  0.61321266673886798  0.62417350866435473  0.63461716445554206  0.64591416202153151
  0.65739335300561430  0.66941483261528356  0.68128044304757096  0.69282313362147829
  0.70355251746746472  0.71406823782738071  0.72474876440565938  0.73585511625276734
  0.74704874613448846  0.75844544224982291  0.76983998976526069  0.78090637095334547
  0.79151635249965280  0.80163462145133957  0.81163907448237971  0.82182883113933725
  0.83188072321601159  0.84188509029561287  0.85178237323881423  0.86280118669437733
  0.87440060723117385  0.88671128835700685  0.89935574011316910  0.91200550276355197
  0.92383008071360606  0.93472729712773628  0.94557493740743903  0.95650205164319158
  0.96747687511012803  0.97807583932604825  0.98899787892542790  1.00000000000000000
  0.00002573185316322  0.00006151026200080  0.00008833675185236  0.00011166544015831
  0.00013703569909251  0.00016480859900179  0.00019909862630021  0.00023826843484915
  0.00027922571692274  0.00032111939788534  0.00036631500539179  0.00041545655572013
  0.00046547542277585  0.00051568926424578  0.00056816165470550  0.00062314657483139
  0.00068126489074323  0.00074294158870298  0.00080663461316229  0.00087230601361716
  0.00094152003286931  0.00101645575229817  0.00109672985953350  0.00117736658737856
  0.00125388981998952  0.00133058664161998  0.00140528297532071  0.00148277038096588
  0.00156645289618108  0.00165458025643854  0.00174598159714051  0.00184415857803867
  0.00195135201759143  0.00205596902890456  0.00216481291014483  0.00228702459706405
  0.00241270958200793  0.00253815924437664  0.00266562494674922  0.00280190138210740
  0.00295087886721391  0.00310671855741949  0.00326175001978736  0.00341341859122508
  0.00357703314614759  0.00374796385152963  0.00392495164380663  0.00410953243140198
  0.00430187100785656  0.00450061914103644  0.00470404979205736  0.00491043674114808
  0.00512168238925784  0.00534356599909440  0.00558115589150699  0.00582019574914332
  0.00608044428456920  0.00634243608085395  0.00661910285007847  0.00690049893419959
  0.00719414723995991  0.00752002284787278  0.00787134351234154  0.00823562456538775
  0.00860905420356657  0.00898934583453967  0.00938085252766822  0.00980394634706326
  0.01027624350158881  0.01077910983769184  0.01130111802023823  0.01188376030067851
  0.01248774839660222  0.01312842838255109  0.01383156113314984  0.01461874197333451
  0.01549874134363102  0.01647413579356074  0.01759822280631828  0.01897177632455747
  0.02046506498126060  0.02201193905391587  0.02368900031694314  0.02564544914131853
  0.02796957505358789  0.03070053756446183  0.03409640289329474  0.03822249129990043
  0.04322986093719638  0.04907479303983205  0.05710285155659944  0.06833906574859142
  0.08293765490446196  0.10011640290656350  0.57990701471257178  1.00000000000000000
  0.00002370524624974  0.00007722329691872  0.00013062386757851  0.00020605719609590
  0.00029456640051666  0.00039305877961077  0.00050099549608032  0.00061316830491256
  0.00073305133269324  0.00086462159589595  0.00100901373888233  0.00117341400452011
  0.00134543400125489  0.00151125798481771  0.00167562497112139  0.00184035235343936
  0.00201031789463444  0.00218957441199474  0.00236834525232115  0.00255106800910843
  0.00274722758477429  0.00296482246518582  0.00320222117078642  0.00344887543918830
  0.00369661127840033  0.00394310325114150  0.00419832737963912  0.00446980773266299
  0.00474641100235468  0.00502183278231883  0.00529761003286387  0.00558710862306232
  0.00588780792316656  0.00619403638669879  0.00649888079428421  0.00680259519069286
  0.00712219369675875  0.00746526798480665  0.00781589649301128  0.00817999726801814
  0.00855595067714986  0.00892363830040484  0.00934013074211649  0.00974383300656515
  0.01016161313771639  0.01059267892949484  0.01103321179959369  0.01148617183672235
  0.01196839310396005  0.01247795273621041  0.01300032117872400  0.01354709915574295
  0.01412037356301978  0.01472676745664249  0.01536701891493657  0.01607327121581379
  0.01676270773822040  0.01744479130259444  0.01812927429030014  0.01883182043321373
  0.01960490767024449  0.02045340439479341  0.02131847322283572  0.02217319218182251
  0.02304311611221671  0.02393769188918714  0.02490230063541593  0.02598493561045985
  0.02715099046841184  0.02839399440172612  0.02973283673910230  0.03114263649055628
  0.03251913564079278  0.03396389380524247  0.03542104505657317  0.03700309332211604
  0.03876310452629070  0.04058077400141954  0.04247575248567376  0.04449152339771387
  0.04668203753084111  0.04888844630199975  0.05126364304558847  0.05377627591147266
  0.05694304117376302  0.05981559573264109  0.06542116195415362  0.07217023289578985
  0.08013027269083065  0.08922329496054733  0.10071029600153310  0.11422918751983253
  0.12996992543443994  0.15351616767751611  0.20371548244716128  1.00000000000000000
 -0.00261936654518466  0.01114749055935217  0.02138633373822327  0.03197895118464476
  0.04207505798719043  0.05282154831716166  0.06406468019194628  0.07424182493289305
  0.08434380780689735  0.09449487113722067  0.10486309786878453  0.11552020495633086
  0.12599318439724869  0.13692186778320792  0.14827818149746555  0.15989465099407560
  0.17152263340857110  0.18288096829069664  0.19397144659053392  0.20503482599931067
  0.21650651774888158  0.22784622142884714  0.23878330213651472  0.24993509869231340
  0.26117202788630389  0.27266159604608908  0.28363281498051446  0.29471348770146988
  0.30518903616706972  0.31602526483996263  0.32643886600590410  0.33693177847509503
  0.34761189225169203  0.35838547285136158  0.36925355369020674  0.38032982186446729
  0.39112479695385377  0.40109733316828511  0.41074772074603078  0.42061139036849654
  0.43066896220017031  0.44054213971094019  0.45034654991536638  0.46036933163064314
  0.47060043622270203  0.48066905363648615  0.49048787248270698  0.50037680580729427
  0.51015116239641745  0.52010567251836815  0.52981893078500009  0.53953091233015071
  0.54933734207982554  0.55938908669616372  0.56975384039429000  0.58010261689388620
  0.58974826328620633  0.59918673524521193  0.60912073414148094  0.61919628070969912
  0.62877821112265342  0.63822006701186318  0.64849474811467767  0.65995696896159395
  0.67166917611311672  0.68276366203802452  0.69384210902141485  0.70495527337095232
  0.71615855158544550  0.72738327117381429  0.73885257450993813  0.75056857661136323
  0.76230346949514227  0.77448100563182976  0.78684686675977300  0.79777844283611643
  0.80740028477126813  0.81655399218946800  0.82580455021175359  0.83562945032655400
  0.84515373376881453  0.85509722417788281  0.86503576265751292  0.87511673802723944
  0.88535158009642090  0.89564291077703728  0.90579833884582761  0.91588742540232659
  0.92621293979109465  0.93686524496542933  0.94760729845161273  0.95806181880580310
  0.96852370645035468  0.97881570048782340  0.98932088284714348  1.00000000000000000
 -0.00327650052918326  0.01132815847692908  0.02387547279362192  0.03646197350851631
  0.04824628553265324  0.05917597568230785  0.06945131075954004  0.07942487689671357
  0.08939909073010369  0.09923481318553420  0.10982904437231095  0.12085902581978399
  0.13052673654784261  0.13964943712232325  0.14904022434804587  0.15913309044789259
  0.16920849674292962  0.17920710678244658  0.18903201732857083  0.19925954472028942
  0.20855071923008409  0.21826622898678208  0.22831323835074541  0.23910128696030514
  0.25004713389974637  0.26121275022973856  0.27196576797004646  0.28216694924254043
  0.29184811603704985  0.30135968137923019  0.31114143059986427  0.32179385516332260
  0.33237483679037488  0.34283527759362309  0.35274596673425074  0.36265691552071588
  0.37245728995387634  0.38242039655683363  0.39267513223593670  0.40333866338300667
  0.41407776260842599  0.42487557653060587  0.43613628431634288  0.44783285010923124
  0.45855244350977781  0.46874477133385406  0.47858106537601641  0.48965094644652374
  0.50138991708009628  0.51333784190098419  0.52618704042801501  0.53841344449632578
  0.54928005890761522  0.55876799909690456  0.56828861826840771  0.57803751712197038
  0.58779182510349937  0.59787822101873977  0.60889713790310207  0.62074942547832168
  0.63228479828129425  0.64355686407545343  0.65492099000089221  0.66580233764616104
  0.67653075324073564  0.68722419188819039  0.69745698489740227  0.70744020685007414
  0.71729895941397070  0.72723244473386905  0.73689268474374614  0.74689236556676264
  0.75750133211765069  0.76829065988177092  0.77876088206016347  0.78917788551073997
  0.79991149561884045  0.81060276074003546  0.82077208612825225  0.83076218330350005
  0.84091613609699201  0.85112457424156163  0.86106836076157722  0.87112397123566276
  0.88150989329967022  0.89222873235237854  0.90318531752218567  0.91400742833757154
  0.92442565773113228  0.93502957470157566  0.94563142101776054  0.95635380114992974
  0.96704766334983006  0.97784903392721267  0.98905086035651057  1.00000000000000000
 -0.00235013564523936  0.00987012380599348  0.01939335298048317  0.02959429136440263
  0.03907669758048404  0.04897983152260411  0.05882241504992479  0.06858356397304130
  0.07834233013916193  0.08807488866488015  0.09860751753150296  0.11006991577087032
  0.12191316615151920  0.13303305718218086  0.14390042327193223  0.15500030424012515
  0.16630169063858963  0.17704392143458481  0.18755568331014338  0.19679723820117764
  0.20588091861889654  0.21500582751332226  0.22511184542606233  0.23570370143851799
  0.24613354513522043  0.25768678126671257  0.27019267036360550  0.28174576500410042
  0.29277188427691864  0.30341343584857472  0.31414343078886664  0.32523420291614707
  0.33673566871518790  0.34928939759756095  0.36089866764181400  0.37219654560581006
  0.38250968494337062  0.39240013834557314  0.40230477786207181  0.41222552891443781
  0.42259986883108891  0.43338156561138180  0.44460520138028115  0.45561381743560264
  0.46626426699696100  0.47687292153070382  0.48709466881100166  0.49741631221821092
  0.50792216356148046  0.51840242844018680  0.52841384213988130  0.53814159236649783
  0.54874404490659601  0.55965674905526419  0.56998450301685566  0.58023059529585252
  0.59030234864978781  0.60024974443086954  0.61008575700119516  0.61973220386884997
  0.62918928952745867  0.63872694509429517  0.64831435612087129  0.65770650292044242
  0.66693630750901700  0.67650713843461230  0.68710362184058782  0.69839783578014136
  0.70988235844528169  0.72172789510771096  0.73324156197986068  0.74415233900492850
  0.75520248314148342  0.76737341107491064  0.77904040508256234  0.79096968786554556
  0.80271052510134344  0.81456331690570527  0.82596157270894666  0.83626435751829165
  0.84651988240794385  0.85671639290547297  0.86701042673277007  0.87695675517243465
  0.88680849597051414  0.89635729658916197  0.90642942232650858  0.91701957230677977
  0.92835549817885843  0.93985080099847063  0.95076991935280231  0.96156800245022955
  0.97116903947487598  0.98086528613337109  0.99050181205851517  1.00000000000000000
  0.01060924604337646  0.01386028426266250  0.01705891774243151  0.01967460136820293
  0.02211764390882291  0.02454506741206285  0.02676840063145048  0.02887397347585392
  0.03093243975269050  0.03297752656690919  0.03500402737786924  0.03697565167565765
  0.03896077780836991  0.04082308456441156  0.04253729331581276  0.04415270787897812
  0.04578903811453013  0.04745252541525874  0.04909782514095952  0.05078683190744944
  0.05248984871149832  0.05419303193078834  0.05590882401538810  0.05761794692006743
  0.05936845086722102  0.06109593497758241  0.06278640879426066  0.06445444214603754
  0.06611759779218430  0.06779078447947622  0.06945354157545487  0.07108425554755939
  0.07271995591463150  0.07439914953500090  0.07611237919715652  0.07790257560815082
  0.07971160170784733  0.08150143444017820  0.08333548030316228  0.08522270723080008
  0.08715220227168777  0.08910295851552133  0.09110438072817405  0.09310405401948428
  0.09502654762113964  0.09686376613057346  0.09869060872733504  0.10059891825670712
  0.10256197801371748  0.10465849975508980  0.10693862371518571  0.10941199476016229
  0.11185792875486723  0.11419102377694693  0.11634401838014381  0.11846424776193067
  0.12063066605773785  0.12284235390881275  0.12499417315463925  0.12762200218864514
  0.13023441791906240  0.13298458792913667  0.13570374483420156  0.13868178298420283
  0.14182669033340198  0.14483494338250802  0.14769531607332181  0.15055053060932824
  0.15356161820852543  0.15633352800318459  0.15950654352763294  0.16259840112557569
  0.16611573268975902  0.17027192299106700  0.17489951598580258  0.17966893877334450
  0.18427433305056973  0.18920857595626778  0.19402115669421144  0.19914538124927370
  0.20457449838190675  0.21019633544318303  0.21628106639675321  0.22272521755426053
  0.22983963589063772  0.23815406151161711  0.24639819281632058  0.25541247792201843
  0.26491170481723803  0.27385706795852099  0.28792195891263728  0.30938694184890164
  0.35748627482074213  0.44065274295120382  0.54660911512308752  1.00000000000000000
 -0.00259827885723371  0.01199980945256018  0.02363672610296258  0.03464770983024863
  0.04521510210809948  0.05589536169158044  0.06665704396108454  0.07749506330983319
  0.08779191352047283  0.09788233374757621  0.10743482879970773  0.11674250102161783
  0.12597503187244904  0.13508794219574805  0.14472761296708714  0.15440109414697736
  0.16375474192181030  0.17261185322218722  0.18086664921056417  0.18950319279444736
  0.19794501308656437  0.20612918551435452  0.21414569696674959  0.22188587467259255
  0.22943786507180650  0.23782978755943501  0.24632544647897464  0.25493140215959181
  0.26387832448664839  0.27322295043891476  0.28269338399517624  0.29199342341400869
  0.30116763366349653  0.31061740488127754  0.32093009585114413  0.33204539863385046
  0.34276241054760614  0.35330369372162979  0.36405107360653094  0.37505126454348564
  0.38553995196625596  0.39612675438966027  0.40738509203250362  0.41949412832574540
  0.43177161485278659  0.44643542723047336  0.46257581573812834  0.48045509585776636
  0.49806220051679551  0.51314403799170483  0.52704983126077642  0.54129935948104946
  0.55548082507462737  0.56846341817368684  0.58033664867576551  0.59196681171217891
  0.60327572927345652  0.61472707434747431  0.62685727678412850  0.63946263858506425
  0.65119171424535061  0.66179631131548822  0.67215754376992720  0.68222092226610676
  0.69210894817367619  0.70158233335177189  0.71135555331275979  0.72123493453300314
  0.73064670906117490  0.73960319568126842  0.74812254877006923  0.75673610220556231
  0.76508209590513210  0.77360244455017890  0.78199138899048148  0.79044508212798192
  0.79895012528239284  0.80759521212835095  0.81672427137739601  0.82579717869158342
  0.83465668005101479  0.84330797018080150  0.85235820337102475  0.86120710066584816
  0.87003841283650052  0.87931015903415555  0.88946534176679204  0.89987926805809304
  0.91094131434101056  0.92275270236327556  0.93557079486383410  0.94826591561190632
  0.96084933542972106  0.97409482202448094  0.98688169983073948  1.00000000000000000
  0.00065532152257648  0.31179243658609224  0.40170277103740382  0.45687265890365475
  0.49872309443312957  0.53189571320372864  0.55803390627751570  0.58032111853332136
  0.60035380328925958  0.61863332794419179  0.63486340018930199  0.64935522338872020
  0.66263177860719458  0.67517055086534139  0.68705105565968327  0.69743964392494606
  0.70668354039734138  0.71524149860029917  0.72348815118445464  0.73139480248079280
  0.73881922879878770  0.74600642019631835  0.75289774618214600  0.75929227357007534
  0.76546102348957368  0.77122355446293611  0.77660125198488839  0.78174615750692023
  0.78673089073481928  0.79157017216679082  0.79611616897875159  0.80044886368277679
  0.80471860278355500  0.80886195545683515  0.81294540841735807  0.81691841672499010
  0.82078851183804158  0.82480235985000894  0.82874974395594392  0.83262723926529070
  0.83630979554704343  0.83978069145228962  0.84306867196773594  0.84627615309190407
  0.84949886672009478  0.85276400791366302  0.85596363400758613  0.85895339595122067
  0.86193871314175519  0.86499389777371682  0.86811677929687159  0.87124352246885395
  0.87427618132412199  0.87710760575027513  0.87976638775459970  0.88234917049947859
  0.88489878202344352  0.88738694070656854  0.88988971995786970  0.89237884065470352
  0.89494859456175058  0.89739596807016164  0.89982857950395689  0.90229799137515021
  0.90472908837573873  0.90717988775610825  0.90957901414644415  0.91193244604686075
  0.91424059838360106  0.91648973661007216  0.91865883089967160  0.92074946875948793
  0.92286516547079600  0.92509068332481725  0.92732713589920834  0.92956441550356861
  0.93182930646226259  0.93407604556789237  0.93629694707460598  0.93858965434486741
  0.94102043097711952  0.94348857527101948  0.94594371367327401  0.94837501935950175
  0.95071385876316461  0.95300863288379334  0.95546072165564211  0.95810836633647167
  0.96109994044274705  0.96425823107884756  0.96750698656590139  0.97087667237591413
  0.97453024079853467  0.97914160708084885  0.98653391558430303  1.00000000000000000
   1.2950884860463438E-020  -1.0000000000000000     
 F F F F F F F F F F F F F F F F F F F F F F F F F F F F F F F F F F F F F F F F F F F F F F F F F F F F F F F F F F F F F F F F
  <DiscreteSampler_grid>
  grouped_processes
  1 # 1 for a reference and 2 for a running grid.
  10 # Attribute 'min_bin_probing_points' of the grid.
  1 # Attribute 'grid_mode' of the grid. 1=='default',2=='initialization'
  0.0000000000000000 # Attribute 'small_contrib_threshold' of the grid.
  0.5000000000000000 # Attribute 'damping_power' of the grid.
 # binID   n_entries weight   weight_sqr   abs_weight
    10   10   1.125102502066739E-007   9.770603270630121E-014   1.125102502066739E-007
  </DiscreteSampler_grid>
