  0.00943827886008434  0.01638440872020381  0.02531203465140459  0.03614552391974927
  0.04630879056441764  0.05662976127660439  0.06686120806985528  0.07690711109677403
  0.08729250768528200  0.09833879531292404  0.10978139679610682  0.12123729367032436
  0.13270926417945181  0.14459138980311992  0.15633935393742657  0.16808023434221142
  0.17918070663552668  0.18983406452098295  0.20058628590104349  0.21100447827722590
  0.22132750883332475  0.23167547580829626  0.24182911203945170  0.25234808804087161
  0.26277413735077693  0.27342702007257658  0.28299706753737047  0.29230195822648175
  0.30123429538281371  0.31046035644100023  0.32029834502980470  0.33065217543391096
  0.34209027845879253  0.35430676629164354  0.36726467838588434  0.37970770267323267
  0.39149375593669783  0.40207829669532680  0.41247464376978732  0.42295403954470179
  0.43381865243296264  0.44443171644219687  0.45405213298820618  0.46401887547859094
  0.47452075458276910  0.48532541799895140  0.49627838577716010  0.50789048166406259
  0.51973900535906359  0.53119615407920606  0.54217730880022019  0.55224250855458568
  0.56195929990047278  0.57131887662132341  0.58021300528933306  0.58896146390130089
  0.59734189736897247  0.60647521855110731  0.61657357497337573  0.62668160317353327
  0.63701319925459943  0.64710683375943290  0.65755814457767647  0.66736259757927863
  0.67764911949234763  0.68808760071781749  0.69921920712927665  0.71072281667813142
  0.72250002855723883  0.73340924293790177  0.74342957310880342  0.75392575571489084
  0.76473928264424851  0.77605225066556294  0.78695401874844773  0.79743675681696569
  0.80786361951031183  0.81865850834095677  0.82947825679322296  0.84013680398918356
  0.85012787486663721  0.85971112354316248  0.86940393420982831  0.87937908541207055
  0.88933734244761764  0.89913526552494494  0.90887745856740143  0.91907623432829277
  0.92904563994641753  0.93984124915848821  0.95106727307372163  0.96232813220938374
  0.97232720162517716  0.98192289334741722  0.99118777528899615  1.00000000000000000
  0.01094016225167176  0.01403237507491683  0.01553599683585960  0.01672328975540952
  0.01774854759169131  0.01862931958712273  0.01942628109469321  0.02020524851081120
  0.02099255225219407  0.02180490953927689  0.02261216796478168  0.02341484006426762
  0.02420243559790509  0.02496734930059285  0.02571571471155485  0.02646663969467888
  0.02720944473792651  0.02793410672496846  0.02866000863147956  0.02938052958005813
  0.03010089449048353  0.03081291972885620  0.03151765635107937  0.03224385502776791
  0.03298216196405996  0.03376915457873286  0.03456476264035376  0.03540367205503954
  0.03627903748225428  0.03716454650339115  0.03804673578842660  0.03890683394672941
  0.03979538042183159  0.04070465695661687  0.04161542381225229  0.04254984365572101
  0.04352951897222194  0.04451165072020143  0.04545559637210388  0.04638663457330588
  0.04731790194319781  0.04827186621236585  0.04926020373126656  0.05027048038113537
  0.05130936001648205  0.05238874499208625  0.05353974631844942  0.05480356048144278
  0.05611083946083569  0.05739395339150494  0.05866658783615677  0.05995515964799588
  0.06126553231105730  0.06262893059967430  0.06403895413967835  0.06550257109778329
  0.06703139377087997  0.06857980163550237  0.07014491916664065  0.07177625193783936
  0.07355760358531972  0.07546347922451335  0.07726661672110813  0.07896583367439794
  0.08073724938073316  0.08259999846439235  0.08454977964011855  0.08651886369300041
  0.08844828752274195  0.09064524447457346  0.09282587015286924  0.09516168316802395
  0.09770948897214753  0.10056628772301512  0.10392561037851206  0.10728068541089709
  0.11081491969975782  0.11462529205067935  0.11885397354202977  0.12358450978689864
  0.12864060612857059  0.13271887752149136  0.13637166370465620  0.14005339171709474
  0.14396870134655801  0.14806330573708520  0.15581203250939010  0.17120147421623516
  0.19009496582704644  0.20436010998903131  0.22408402692273549  0.24917330193055623
  0.27845537483296429  0.31080316482096487  0.72348092309599332  1.00000000000000000
 -0.00000621016672818  0.00003902483112969  0.00008026055978956  0.00011510602347045
  0.00015155609158880  0.00019110435699704  0.00023673821941448  0.00029002846248811
  0.00034711546087272  0.00041336576757287  0.00048573702031539  0.00055722185754448
  0.00062581862723737  0.00069643249184905  0.00077284120812357  0.00085644031900907
  0.00094384448516066  0.00103482975145153  0.00113356458964980  0.00124028739570681
  0.00134840693988762  0.00145783839667845  0.00156795448349719  0.00168700214238181
  0.00181058848090867  0.00193468442132105  0.00206182331093041  0.00219634653399923
  0.00233576780026244  0.00248306625442992  0.00264040133518489  0.00280469472407303
  0.00297259971166597  0.00314464251088024  0.00332643960427756  0.00350796498911121
  0.00370112471951307  0.00391321390896013  0.00413133621676774  0.00435259419931482
  0.00457779410240636  0.00480942810668104  0.00505222333749166  0.00530980402195311
  0.00558334813475626  0.00587436058549013  0.00618607306863433  0.00650922950251288
  0.00685051416921278  0.00720631482031442  0.00758621970203092  0.00798970947116966
  0.00841433941746121  0.00885653464650784  0.00930881125925231  0.00978854093522598
  0.01025482418521492  0.01072672666146480  0.01123881890540914  0.01179468582302536
  0.01236438730173632  0.01295009945794372  0.01355099120037737  0.01426556406870087
  0.01511030140341609  0.01600495000349196  0.01695231195289541  0.01796773286528996
  0.01903500405786896  0.02015007301598236  0.02132876069523959  0.02255977804416751
  0.02392448568354318  0.02529673874278370  0.02687328379639288  0.02854489066960173
  0.03036708004714368  0.03234574595910783  0.03470087706888716  0.03718685854812295
  0.03969201299870122  0.04236928813195870  0.04543704159034624  0.04929232211833513
  0.05400235483271276  0.05919484522575465  0.06449484292111096  0.07068221329617973
  0.07850795697514749  0.08798182825824220  0.09969244377782381  0.11636392799759986
  0.14567469211642786  0.19272097259534673  0.54152638946332943  1.00000000000000000
 -0.00172941348628145  0.00916348920816036  0.01855555195567230  0.02859741861227548
  0.03886560223615584  0.04946784792039782  0.06067134689591738  0.07158524392070623
  0.08234537053351039  0.09248318252465051  0.10259332944827385  0.11277783812127130
  0.12355157722120218  0.13426643761502005  0.14477649828911440  0.15457467390658736
  0.16416853602223602  0.17382553926383590  0.18378546257469575  0.19372380528105496
  0.20348977015909309  0.21336121399956476  0.22356024806612473  0.23418279401313224
  0.24473774147669877  0.25465808030294346  0.26422854825641418  0.27382711463815523
  0.28332321370298169  0.29279785820224791  0.30213796936011789  0.31115868297963384
  0.32028622043321231  0.32966024864358129  0.33965487504747360  0.34997029712821576
  0.36095230437071985  0.37325987010593098  0.38499450874237873  0.39678944298888791
  0.40742984725940184  0.41849808037187691  0.42953676924992296  0.44115793274846393
  0.45224710995270695  0.46379002218496290  0.47512947784317000  0.48547672467621661
  0.49573073040437093  0.50633341288023337  0.51705553262853043  0.52724085398658316
  0.53721797040362651  0.54776660636134078  0.55834294678342788  0.56953711762554948
  0.58089708750849200  0.59297271508403759  0.60474249433755300  0.61645119232784673
  0.62751887011118646  0.63799201135576600  0.64805156425984156  0.65809219038860867
  0.66829718518576653  0.67780038531763709  0.68673349399924588  0.69605476710733727
  0.70623337133950259  0.71709331901407214  0.72839963457330403  0.74049645674537867
  0.75272909407883382  0.76365351862534792  0.77439990585405605  0.78477004005447515
  0.79528682597095046  0.80561487932076714  0.81619596509133863  0.82721185474477765
  0.83895618672266314  0.85133646158376863  0.86199574316410765  0.87195288720491393
  0.88182755695384163  0.89209135422315333  0.90235185618861735  0.91252921144385502
  0.92295763052848967  0.93470851268243915  0.94702241799575260  0.95911203392452216
  0.97028611923624697  0.98059698607284074  0.99043016356350544  1.00000000000000000
 -0.00243303636383583  0.00843180202718056  0.01811332999020072  0.02830940213500980
  0.03895723877670953  0.04964981398880349  0.05991429289813247  0.07008904710667593
  0.08010880400766358  0.09009580280212243  0.10015121511568119  0.11014652414810255
  0.12015719166946304  0.13022016469831765  0.14034101772821977  0.15032398767929980
  0.16046842255403707  0.17107150185376374  0.18179068006360349  0.19148990138537564
  0.20066505768141660  0.20997912330137813  0.21973942729475096  0.22988918169003159
  0.24008143948125951  0.25009671393105420  0.26110579290463065  0.27272401681953257
  0.28381145448466372  0.29512435436111789  0.30596272085977610  0.31681250862455634
  0.32784813376134475  0.33916190424460879  0.35056792804135084  0.36146584232962947
  0.37247666239370752  0.38334657940149303  0.39399538655021948  0.40370120080796273
  0.41352380339588118  0.42412762852902525  0.43457932555638085  0.44511521776584206
  0.45590253684103177  0.46804004934644022  0.48015954284864593  0.49149340658095181
  0.50233302512519018  0.51276457606724424  0.52303067844828544  0.53266817475544004
  0.54233960173378826  0.55281187091142403  0.56441336249301444  0.57655380576570714
  0.58782876428508846  0.59852083631371056  0.60876078064343164  0.61892543836677061
  0.62947354384051457  0.64045868936471295  0.65164735981534716  0.66232226364514124
  0.67228704763014890  0.68209100865410310  0.69244468201069731  0.70343225764634243
  0.71419758628248853  0.72443183150517476  0.73474187520439660  0.74574115715939382
  0.75729959478130426  0.76849663014328906  0.77856174232404485  0.78826924196266279
  0.79869508924214827  0.80919722481473344  0.81906685000331003  0.82848866813696220
  0.83883783290230729  0.84917506130490183  0.85964921076205247  0.87013083316040296
  0.88044934802126706  0.89104409394725637  0.90143495894025183  0.91236794238133934
  0.92242803101127679  0.93260959595452464  0.94308086606600672  0.95377273019234021
  0.96492927842268594  0.97620309297290908  0.98824351676069799  1.00000000000000000
 -0.00163577455205730  0.00748486006741754  0.01539948548263430  0.02291434784244637
  0.03019467318327318  0.03736386750767152  0.04446058730477947  0.05154151931774242
  0.05861053968018958  0.06560090097958295  0.07246201388385365  0.07945686028511037
  0.08683783790830078  0.09437207595731693  0.10169647880931604  0.10852392624001042
  0.11510296481501558  0.12180287783367247  0.12884390061271983  0.13662766671814730
  0.14441283571970145  0.15240430763835608  0.16024365730233098  0.16766047294702879
  0.17536683904055966  0.18297793504415819  0.19077151885414761  0.19841089598717032
  0.20605170115288754  0.21436909606340848  0.22254121876106087  0.23125855670489789
  0.24006543050769369  0.24944033874220040  0.25919057441249338  0.26891065907627765
  0.27835769812791267  0.28738523246016351  0.29610103140822913  0.30478393530995584
  0.31337446833690913  0.32193500501311817  0.33032141632671008  0.33890540611253933
  0.34719956467116364  0.35610825953233333  0.36485408049521417  0.37354406046290439
  0.38280645846782202  0.39221869671377352  0.40156797212912598  0.41119019020107794
  0.42111058432360182  0.43157011635710313  0.44221219131267153  0.45299928547721990
  0.46392876294416535  0.47496971684450706  0.48608241337825941  0.49703410416363164
  0.50743262726470029  0.51738258994597386  0.52751864615450506  0.53840238523137973
  0.55016632851115754  0.56265982105123702  0.57526661437994731  0.58764279740445713
  0.59978402830715816  0.61186468630104263  0.62391041639876588  0.63610818065093788
  0.64817724358583140  0.65987139094068303  0.67162780329729765  0.68398871948404882
  0.69714637574791638  0.71070331770262141  0.72452474091388608  0.73862982581506997
  0.75318609183707685  0.76658833054951492  0.78042774845824314  0.79461855809743809
  0.80904506688090039  0.82449168573252318  0.84058321843401695  0.85723971225579487
  0.87442939007398268  0.89095111510862535  0.90750687841048339  0.92450775257903939
  0.94287973991903629  0.96241520574329475  0.98117754949055902  1.00000000000000000
 -0.00207695691252727  0.00968868525431777  0.01897155265739659  0.02847843161746448
  0.03831968359392163  0.04812811381421066  0.05818054457862552  0.06728566131220715
  0.07634269854874612  0.08545895669452566  0.09525670998950339  0.10503688242156578
  0.11470207804777598  0.12441815019388736  0.13405831362255016  0.14387127837143471
  0.15388312260734158  0.16380305582659127  0.17362195125962573  0.18325028711827984
  0.19340609841639253  0.20388877207360767  0.21422806064265368  0.22440540333566714
  0.23456724757784347  0.24503663886736562  0.25591611250030322  0.26722328032322262
  0.27895800685884542  0.29044889777193839  0.30143945164253755  0.31204257067879942
  0.32243447681553172  0.33238914072270215  0.34172527838403005  0.35087517935835755
  0.36056895948114986  0.37096823178493626  0.38160941478426913  0.39209601739240851
  0.40271002552508844  0.41313452638249393  0.42345472199240691  0.43370464997951474
  0.44437034172411277  0.45505548327520734  0.46582000890729813  0.47675976015594568
  0.48770421730264746  0.49861510964521161  0.50974290579216086  0.52106282329376519
  0.53245706342231902  0.54310339339314495  0.55300914647977639  0.56276490206354635
  0.57252002341963748  0.58238295027663756  0.59230914233191034  0.60288122993419246
  0.61469607087802203  0.62695533913040014  0.63884607972832186  0.65024677925358398
  0.66124475542359140  0.67207725684397557  0.68274002407239287  0.69371474454628312
  0.70527792353414720  0.71736099426481281  0.72926521998459315  0.74044390332484922
  0.75098125873256971  0.76122245840309677  0.77157953261976364  0.78243099622224954
  0.79378434828256228  0.80514971360272813  0.81619585748268919  0.82704052460849831
  0.83792653070035039  0.84896669258234414  0.86062724160841120  0.87254288939240709
  0.88370806455036344  0.89515348763196811  0.90582960603073837  0.91711841883458389
  0.92815742094182951  0.93874911753239887  0.94903569860692538  0.95937830146211800
  0.97033171486433867  0.98064937821237463  0.99041056759005075  1.00000000000000000
 -0.00249699669503868  0.00993045386905298  0.02039809455207491  0.03156126561904411
  0.04269972763964781  0.05344571780833080  0.06394363479776972  0.07425397775012101
  0.08495536768904069  0.09538546385766090  0.10612679064337274  0.11666237598684591
  0.12728774275143043  0.13783507892805083  0.14841664574225025  0.15942643720310720
  0.17130805490885659  0.18346732000433119  0.19464028376789963  0.20509981367929223
  0.21573563481563399  0.22645912620519557  0.23664583546427881  0.24653364365018798
  0.25678543985292351  0.26679193420187136  0.27691202522482483  0.28729475476818211
  0.29940738749801465  0.31114484757252842  0.32097330915805655  0.33024497186606977
  0.33973575486667518  0.34929140474836368  0.35843567930746212  0.36696108067444305
  0.37553961653603918  0.38505948797226663  0.39520734973525751  0.40580734051257394
  0.41634965626977538  0.42721886665156328  0.43763090027866441  0.44807727855273993
  0.45871378651911848  0.46924677988277502  0.47931528889024910  0.48876036952641727
  0.49754997562941539  0.50649942620090083  0.51578957340623721  0.52606128229166338
  0.53682123940940141  0.54791891264034720  0.55926196116525217  0.57068471699078038
  0.58259333718335293  0.59514262100068893  0.60758973300482932  0.61957587499541822
  0.63128825288219059  0.64316827856497349  0.65549866231918519  0.66777682076778111
  0.67951328339592143  0.69075144008430245  0.70188303109934691  0.71324414586534257
  0.72508813194729416  0.73593052881561405  0.74649511108992106  0.75744259283823945
  0.76883705409245229  0.77976924921609514  0.79034514795169653  0.80015884085381284
  0.80944760181490882  0.81900081373192346  0.82919835569892286  0.83968575012775737
  0.84984620572687952  0.85978482105284415  0.86983799334950906  0.88011158569717662
  0.89043150914267977  0.90061346981864987  0.91081172765195206  0.92116138795203395
  0.93209353763930525  0.94249481038608485  0.95237458465695746  0.96152427684517172
  0.97088406939278260  0.98058265788247412  0.99044845684011484  1.00000000000000000
  0.00132341259504255  0.28898447136645850  0.37965651231514580  0.43540724797648728
  0.47439498019963355  0.50548572630492328  0.53290875480067679  0.55660432452857789
  0.57675648796552070  0.59414095436260339  0.61016235988723722  0.62541921059398065
  0.63920404682314269  0.65165456780921316  0.66325531843157015  0.67373351816164573
  0.68320439113516451  0.69201998160541922  0.70051578821176164  0.70881089947772258
  0.71679764805757318  0.72460805733159772  0.73201263536655714  0.73905395315236322
  0.74579769863769663  0.75221743055929502  0.75827037316046075  0.76402891514336579
  0.76963777737718475  0.77470832668218814  0.77969319843665674  0.78484506538909915
  0.79008857312814673  0.79519228944143938  0.79991624789211624  0.80423352021795036
  0.80829744873682463  0.81225006772495090  0.81611258714893853  0.81995728169801818
  0.82384660313092384  0.82782835763165807  0.83174180644576901  0.83555588499107503
  0.83911502283419337  0.84254524577111856  0.84577582633716730  0.84886085166065917
  0.85186030558249370  0.85486506740240376  0.85790426048779278  0.86098801263699232
  0.86418559708825282  0.86723949440629067  0.87022489729508812  0.87312446992259984
  0.87590951772746739  0.87860686067645677  0.88126493745710899  0.88390597218232259
  0.88650983456156740  0.88907107324046952  0.89171155430413607  0.89438340351092616
  0.89710585929084696  0.89985506426863948  0.90248055755873324  0.90500811048612950
  0.90748971086785635  0.90993868708812509  0.91233130088090952  0.91468484177914255
  0.91699159807548969  0.91934068107556399  0.92169682351587812  0.92399970114350427
  0.92628375102566995  0.92860977038718784  0.93102532582152397  0.93353971777342393
  0.93611563534622855  0.93874310565565633  0.94150993130146743  0.94414819203215083
  0.94680084684166776  0.94948052949333372  0.95220910706578310  0.95500751039452969
  0.95784576647942110  0.96100118985746874  0.96444922537746292  0.96819446446680135
  0.97243986815440064  0.97761404303067123  0.98500875338615812  1.00000000000000000
   1.7522251608746669E-018  -1.0000000000000000     
 F F F F F F F F F F F F F F F F F F F F F F F F F F F F F F F F F F F F F F F F F F F F F F F F F F F F F F F F F F F F F F F F
  <DiscreteSampler_grid>
  grouped_processes
  1 # 1 for a reference and 2 for a running grid.
  10 # Attribute 'min_bin_probing_points' of the grid.
  1 # Attribute 'grid_mode' of the grid. 1=='default',2=='initialization'
  0.0000000000000000 # Attribute 'small_contrib_threshold' of the grid.
  0.5000000000000000 # Attribute 'damping_power' of the grid.
 # binID   n_entries weight   weight_sqr   abs_weight
    10   10   4.223399406832026E-005   7.659680372453118E-009   4.223399406832026E-005
  </DiscreteSampler_grid>
