  0.01014509901474761  0.01470203162518412  0.02157874010932825  0.03024976211948078
  0.03919785825268329  0.04712307257374700  0.05431322615308860  0.06138986982105520
  0.07289301978770371  0.08718960465082792  0.10141100545589866  0.11568419520507223
  0.12886102052643447  0.14235163212618709  0.15489843693992306  0.16851054622941694
  0.18411941027974393  0.19753516773308796  0.20903500379850071  0.22004802341647539
  0.23187726717374929  0.24466313319703026  0.25429051700641003  0.26530555726042238
  0.27466695855374368  0.28408876915033227  0.29514785427063733  0.30685732367447827
  0.31798957701401803  0.32788098206665039  0.33728327616721526  0.34741674582938015
  0.35973206856171280  0.37281078341156187  0.38671392693399959  0.39815464733542150
  0.40846762015005522  0.41758199482742075  0.42559730708804300  0.43348674137992182
  0.44112424391355831  0.44834682269021631  0.45607458312135640  0.46308675922060311
  0.46958031890441043  0.47688703871972871  0.48379895612879659  0.49107270826661753
  0.50028347513050186  0.51038305423528463  0.51838197112060203  0.52798416812798998
  0.53827292421150386  0.54847474643624472  0.56566753571564354  0.57924625569395993
  0.59226343249098046  0.60557168491205293  0.61980860530801263  0.63577714838126087
  0.65143598627415233  0.66484326530606996  0.67009094335546537  0.67427196291944247
  0.67851756260551266  0.68399952639620909  0.68936790633461209  0.69549600545692014
  0.70194070925957230  0.70915972483242273  0.71606748862686775  0.72178655826604521
  0.72799232944300007  0.73839218815186580  0.75282691510758482  0.76607692358220403
  0.77890720740807917  0.79156559957149575  0.80434537372275228  0.81686113596323273
  0.83000631681247816  0.84311236177647553  0.85586215626887485  0.86805552154728716
  0.87972500770287521  0.89155648300164858  0.90520392251409798  0.92121659236514175
  0.93555051329100969  0.94479665475440144  0.95352377784949616  0.96427683708900924
  0.97402982616760414  0.98373863834479447  0.99005009680333100  1.00000000000000000
 -0.00000464775407540  0.00001152445080100  0.00002548231617948  0.00003773755978183
  0.00004717363514239  0.00005612114838283  0.00006457663924467  0.00007480382227726
  0.00008645213773348  0.00009880078550642  0.00010984040739600  0.00012235950813580
  0.00013709185529551  0.00015181413948642  0.00016240598439176  0.00017204148204399
  0.00018192753372715  0.00018915565572046  0.00019645479849343  0.00020408411750143
  0.00021258181344441  0.00022278097940976  0.00023004203304383  0.00023826855310840
  0.00024702638323968  0.00025918905776953  0.00027330267964412  0.00028753092768981
  0.00030140078624099  0.00031688585546618  0.00033317360640051  0.00035201114297917
  0.00037532157142631  0.00040758757705585  0.00043538516125544  0.00046343975097781
  0.00049252638841470  0.00052098895855360  0.00054631430425189  0.00057002356083208
  0.00059580143827013  0.00062300795690850  0.00065093584085618  0.00067974512669663
  0.00071951813631090  0.00075686758681890  0.00079216119185245  0.00082794734760464
  0.00086482395324840  0.00090415602438266  0.00094600971412564  0.00099172046598578
  0.00104086386723390  0.00109662144469530  0.00115439721498382  0.00121525449848685
  0.00128662993603081  0.00137087529620215  0.00145890080291284  0.00153398578887797
  0.00160546528794507  0.00166475118003975  0.00172176599701308  0.00178578048784693
  0.00186864562296985  0.00194885933753535  0.00202336961494361  0.00210742004673424
  0.00220632156405480  0.00231127011498085  0.00241825939098543  0.00252538916659423
  0.00262811301263769  0.00273697247432585  0.00290944639159105  0.00317849896878340
  0.00345757190128744  0.00377796948457253  0.00416520842607486  0.00461831243859390
  0.00511456537461096  0.00565089961788315  0.00616405633701646  0.00662347508618121
  0.00713254049335391  0.00763141201763576  0.00843700802963568  0.00971185204797204
  0.01134171680792488  0.01332272696170796  0.01535714732132055  0.01764758899364963
  0.02103663399567325  0.04280075414392943  0.07065019720189722  1.00000000000000000
  0.00000107752617570  0.00001067575376635  0.00002715722602083  0.00005319891924391
  0.00008674307004588  0.00011997924793630  0.00016803857644083  0.00022975498138869
  0.00028792693530003  0.00034154949064712  0.00040308454139239  0.00048988920403157
  0.00059487500823546  0.00068801761398892  0.00076587024097343  0.00084407407925759
  0.00093813192753417  0.00103928724554299  0.00113505629895403  0.00126294520507426
  0.00139792032022467  0.00154691684126738  0.00168468539056877  0.00179655991344752
  0.00189602940993099  0.00199478219657542  0.00210389970440143  0.00223457784513518
  0.00236999860392592  0.00250603859938080  0.00264828716356240  0.00278758108570416
  0.00288954305621571  0.00298169977851923  0.00307940835271143  0.00318826528893220
  0.00329482564140656  0.00341439924116413  0.00353890493633560  0.00364533221498788
  0.00375840894642314  0.00388350111725284  0.00400127481480765  0.00412189821537433
  0.00424403333900731  0.00436598012587596  0.00447926669852491  0.00463639894271267
  0.00487950256191056  0.00522726285548679  0.00560148283318597  0.00600543932143083
  0.00644124669895054  0.00690191200654410  0.00739316873720093  0.00791286324675231
  0.00846923225346459  0.00900205272239491  0.00953037340215953  0.01009987133356539
  0.01074599842972367  0.01142094710453543  0.01205387008088944  0.01275075531061262
  0.01351979739120882  0.01441310889756247  0.01527222960003199  0.01627609273483101
  0.01723153902679958  0.01815260095864866  0.01920039336486674  0.02038137698365732
  0.02154222601535102  0.02270567974984217  0.02381923602737692  0.02515885605913932
  0.02658125189403975  0.02806227567707203  0.02971436163911116  0.03150128843537139
  0.03429627396370975  0.03880211465596522  0.04263459947476576  0.04787708310719423
  0.05539561324693389  0.06639006477651350  0.07652525318184689  0.08339982659594443
  0.08934128824475011  0.09193405439837533  0.09807174243386375  0.11221031972384683
  0.12348840268026477  0.13751308375478233  0.28652092174712851  1.00000000000000000
 -0.00329290797428246  0.00904781384459197  0.02123888806874012  0.03428389580520694
  0.04808594992133824  0.05871150393153896  0.06859120123377652  0.07860545343685772
  0.08894670710723607  0.09903575713485849  0.10917341722173493  0.11785321281780982
  0.12696005826442866  0.13795577233890510  0.14861738592508436  0.15865928906240959
  0.16967424936373396  0.18207254797922931  0.19767342737301899  0.21279245847090969
  0.22779720919931679  0.24436795972071748  0.25829300177514997  0.27169064236935153
  0.28505120300309722  0.29683261154024876  0.30801290746983462  0.31925368606117732
  0.32883364728549941  0.33789444037075966  0.34602103248242483  0.35532844683666281
  0.36544332022601295  0.37765703663450906  0.39214784362308314  0.40660858824721235
  0.41986765204422283  0.43207642448711825  0.44229962654253963  0.45258757082150103
  0.46240382285556342  0.47159224960661766  0.48033767096127616  0.49049553121063733
  0.50318044124799965  0.52042753544166986  0.53678596722136707  0.55072263061879834
  0.56389517632897290  0.57773364834108065  0.59017902291100310  0.59911925840335634
  0.60723922990183021  0.61585252698144255  0.62483769326688032  0.63157191907983501
  0.63683379187434741  0.64282143447982187  0.64883081858521108  0.65362129845273087
  0.65812761780052476  0.66299663844150369  0.66822867934470198  0.67440821854275446
  0.68135837644476116  0.68833021022314500  0.69853957263595967  0.71099213257014582
  0.72583483809615901  0.73973000209217321  0.75164024850518052  0.76245675368491594
  0.77274802491314576  0.78333730286881009  0.79386094404712892  0.80570196674863970
  0.81665944239597810  0.82582259160020322  0.83428951907562843  0.84232262111774314
  0.85054490716727293  0.85858955276700677  0.86755065554938149  0.87906701762267858
  0.88991540133137936  0.89584580305478989  0.90191348620374179  0.90800246537440976
  0.91481036803900995  0.92465813982053724  0.93618435384555176  0.94984452515642248
  0.96307866170697731  0.97535263951615569  0.98846151214398292  1.00000000000000000
 -0.00175515967912593  0.00516800227529843  0.01332262593162630  0.02173308289723180
  0.03031468911601522  0.03979396105170224  0.05113418621446138  0.06092856868773617
  0.07087408878355816  0.08171946709035875  0.09096890576624876  0.09947145849680797
  0.11023988865647202  0.12238463189553761  0.13400485230422057  0.14651425009388722
  0.16001381569098372  0.17396003314740963  0.18651022096680292  0.20207638724391322
  0.21853037230084219  0.23262721109114565  0.24171719707538022  0.24871004783048423
  0.25565365943447210  0.26335293556080963  0.27392299290692779  0.28615986952523575
  0.29733596804837875  0.30861873447470195  0.31909532238094485  0.33067834551508535
  0.34378666807661734  0.35661644061033171  0.36931978848164498  0.38243437552298370
  0.39654345668071889  0.41138764875528644  0.42641640396927843  0.44259401580263064
  0.45790081968563007  0.47336096395746385  0.48832441996253101  0.50277574222051846
  0.51758721204508507  0.53246131194238044  0.54793409992246955  0.56142768112175501
  0.56960689950640009  0.57682702991598056  0.58414333538157259  0.59231717375526660
  0.60066892733102351  0.60676102065817905  0.61226554541346268  0.61830335151970484
  0.62297981950911030  0.62958220780184715  0.63698257920903800  0.64313471130845035
  0.64837804252981901  0.65325620494947123  0.65794699927292388  0.66295998075769003
  0.66956395677795766  0.67999747059689142  0.68834631616012165  0.69608263010678340
  0.70460980766495318  0.71214577426047265  0.72058331855989621  0.72883710381108513
  0.73807801149961216  0.74687863836261981  0.75517815958378176  0.76278646078454304
  0.77134005436504638  0.78315361305899478  0.79508596151764643  0.80991237071400468
  0.82278884720208345  0.83557844462284958  0.84734575136038415  0.85801461307109517
  0.87047657979856441  0.88393480730376994  0.89704359681413293  0.90951158208639105
  0.92060091065721539  0.93220150211825781  0.94406478597201171  0.95522098906964836
  0.96699166293228644  0.97931727426366377  0.98979225371657398  1.00000000000000000
 -0.00310246968180835  0.01374875403514148  0.02820337794314307  0.04029524260973948
  0.05003501040030310  0.06012486709771026  0.06946289515312795  0.07723005330133989
  0.08344637177212788  0.09004093818621979  0.09731609118644297  0.10591413235138034
  0.11813510545486172  0.12898129282072124  0.14071327657286758  0.15382731588492296
  0.16550584119245754  0.17674321842254423  0.18758176756037653  0.19806235583303328
  0.20903637047648596  0.22134370144733537  0.23488232930233535  0.25018425856132592
  0.26406648571528202  0.27357690508766447  0.27889005824633500  0.28412856917259655
  0.29025150548684731  0.29728251359248281  0.30465724508870584  0.31076137383302449
  0.31605592313791536  0.32145456476922440  0.32719791545437399  0.33481077883433658
  0.34684747026520008  0.35798058038988129  0.36499672790043736  0.37110329931575653
  0.37794824938073585  0.38514128621928279  0.39416996214164535  0.40351807233805903
  0.41261547696088541  0.42474972390252652  0.44039061935384782  0.45635259200774575
  0.47053889769058949  0.48473327444431885  0.50107914769685957  0.51886322589027345
  0.53574641394134492  0.55007530425072215  0.56268857734176014  0.57417072229406541
  0.58437680337737019  0.59513043588938164  0.60617533581693361  0.61379520069294613
  0.62050797633004351  0.62733588430976306  0.63522082637727839  0.64631846525942305
  0.65932129175486076  0.67238218251655157  0.68097631150527926  0.68944553674768294
  0.69693016910803451  0.70629100874626749  0.71577294793506563  0.72528546769037283
  0.73491992404571360  0.74475583144305568  0.75499747927120531  0.76658700791005308
  0.77723927764177858  0.78781536123541895  0.79914576254992564  0.81111217993521856
  0.82454254546700689  0.83947643170671771  0.85133676271393233  0.86153607834405310
  0.87189426702605766  0.87994725996314260  0.88895119623869268  0.89844376232373557
  0.90888988435306917  0.91994659075081742  0.93348687855626444  0.94548321855330708
  0.95920831852491351  0.97362980934022203  0.98696223104381153  1.00000000000000000
  0.00066268761079162  0.00218777915879264  0.00379177655823493  0.00531072239872857
  0.00670261608975528  0.00810025196907388  0.00937471001573375  0.01056804941263262
  0.01173277327586425  0.01289755920571903  0.01408972212964776  0.01531348462191287
  0.01657586950214185  0.01792785215312771  0.01944684632076733  0.02085536464509836
  0.02179040996525336  0.02268134754057478  0.02366007301264524  0.02474337396816709
  0.02608409163905583  0.02765540017136486  0.02925859647194118  0.03079522861260153
  0.03234798984307875  0.03381900670310899  0.03525140060119408  0.03672292444415250
  0.03811515784448761  0.03958721750760129  0.04106419076212361  0.04248170721532319
  0.04378376278292082  0.04501998588241377  0.04639499132196765  0.04776322386962423
  0.04930324196953022  0.05077158691076172  0.05207543206927128  0.05325253764821258
  0.05434684960370179  0.05537480967691173  0.05644940372799134  0.05760421891741412
  0.05886374234527153  0.06038412353786161  0.06210925296801788  0.06379025148803151
  0.06537757314641660  0.06701063419613200  0.06869650515279148  0.07049362060715310
  0.07237238463919975  0.07410268437057488  0.07559010096883875  0.07709837647073242
  0.07878663585522072  0.08051700651989901  0.08174104593858625  0.08281627836959901
  0.08389318213131929  0.08705457113370625  0.09069041223121607  0.09330216068892877
  0.09592879625730538  0.09936926342134314  0.10259067583680632  0.10576145347989206
  0.10845396764450917  0.11117756517130807  0.11479670455893919  0.11853536074591768
  0.12089243956962700  0.12306613829003317  0.12593452958120155  0.12942259290156347
  0.13220021478628807  0.13450880441932286  0.13629832215144283  0.13904472660083231
  0.14217586376014577  0.14546877976461872  0.14898050215963074  0.15064832633525696
  0.15204297097632688  0.15342969517961336  0.15536961221217233  0.15991981681620435
  0.16482232394669744  0.16952957571250193  0.18415344365147768  0.20131823322812184
  0.22714421428539827  0.25171031560151480  0.29660091320111226  1.00000000000000000
 -0.00140633581928224  0.00784207395650786  0.01556001837804464  0.02228196327369284
  0.02918949902841799  0.03614981022586335  0.04341258225317270  0.05058834584843424
  0.05939396113873562  0.07093469811792487  0.08546869997677169  0.10013400428467412
  0.11414134827442760  0.12739045163390422  0.14010171557521570  0.15339336309454024
  0.16841752760014908  0.18660817112059877  0.20307407751196682  0.21503848203888165
  0.22534892110945307  0.23534215383970106  0.24535234250740512  0.25780551668165658
  0.27057183667678869  0.28066411982899153  0.29052164327555730  0.30104135210337135
  0.31147302023102780  0.32200793582208637  0.33201596073569672  0.33862654320796048
  0.34384450924952298  0.34940534644535581  0.35630149404856848  0.36220928744872222
  0.36737233778264589  0.37289459289115540  0.37848201831754558  0.38421075889588924
  0.38945343544826277  0.39456156460148745  0.40186233408402899  0.41041531384929442
  0.41898788916917884  0.42878928707890807  0.43875708321959034  0.44795880254250525
  0.45758969570229352  0.46673264753573124  0.47485577770429321  0.48626837780181004
  0.50008703359477125  0.51352336768927587  0.52854687762344876  0.54298132923322506
  0.55665024065364588  0.56932007594887235  0.58119236538843233  0.59435353649549705
  0.60796366037596739  0.61984378085214942  0.62802922151551255  0.63588575600808883
  0.64373657402795104  0.65206035152427411  0.66224719603988269  0.67257297579015929
  0.68241459683067673  0.69156236198875243  0.70062388033926415  0.71033212797417722
  0.72132667607597023  0.73368110901994466  0.74489947666023448  0.75603282625605794
  0.76678607030728618  0.77721326434193427  0.78672829314454240  0.79576745995056630
  0.80502098673459332  0.81453570633662242  0.82605696109180826  0.83528298255758304
  0.84516180555526632  0.85568545974326793  0.86566807279505864  0.87712176156678356
  0.88988452413960673  0.90252895335812300  0.91643370943999314  0.93181504135702231
  0.94804014645281942  0.96498787903284278  0.98249617470882467  1.00000000000000000
  0.00949451953751143  0.24211294003977721  0.35981576463703741  0.43673191819453688
  0.49665406478422280  0.54648607829599793  0.58879528902741662  0.62743762473116038
  0.65889598616225675  0.68797624203263519  0.71588436356081731  0.73979440893319204
  0.76154480968120186  0.78044378017772975  0.79745142157910820  0.81342712475561585
  0.82814164459838879  0.84136243409667422  0.85236171613518874  0.86183592580976010
  0.87046990271305191  0.87962911289016943  0.88856197999467867  0.89721365307677869
  0.90283407711424535  0.90869404271006193  0.91444283816833716  0.92088774594568190
  0.92713791991450711  0.93231929282162185  0.93646521300355745  0.94000322620892773
  0.94336748741702525  0.94657273222964133  0.94973806238432135  0.95293071916105010
  0.95595758624869431  0.95840665638433320  0.96015367792149664  0.96156431018723143
  0.96312214643278304  0.96459699026054924  0.96592127412189432  0.96711746196987558
  0.96812440990860138  0.96908670393286545  0.97006555452482324  0.97099468397290900
  0.97204423171185328  0.97318762210694110  0.97434816561746840  0.97554106439811350
  0.97673472620448865  0.97779813862549247  0.97878452449637032  0.97955241006177374
  0.98027046069353385  0.98083938530963233  0.98140094004863043  0.98199598849422243
  0.98262112120168166  0.98320634396298190  0.98377090027621827  0.98431157541063741
  0.98476238515144821  0.98522646132886837  0.98570410078197757  0.98618539580431286
  0.98674763860965609  0.98729531957693939  0.98779742473840082  0.98826743597783628
  0.98871247501513015  0.98913463544137015  0.98953366345867400  0.98992253185939061
  0.99029847137743854  0.99069374538829003  0.99112257312546548  0.99157100163062417
  0.99198773444425048  0.99238329816099413  0.99281681921324005  0.99326331741670149
  0.99372248946775288  0.99424744445853508  0.99476191458023444  0.99525919286492837
  0.99574028791059044  0.99623231847696536  0.99674045673633616  0.99728211865226035
  0.99785364840422885  0.99846915103688205  0.99916193425930799  1.00000000000000000
   3.1645025415916665E-015  -1.0000000000000000     
 F F F F F F F F F F F F F F F F F F F F F F F F F F F F F F F F F F F F F F F F F F F F F F F F F F F F F F F F F F F F F F F F
  <DiscreteSampler_grid>
  grouped_processes
  1 # 1 for a reference and 2 for a running grid.
  10 # Attribute 'min_bin_probing_points' of the grid.
  1 # Attribute 'grid_mode' of the grid. 1=='default',2=='initialization'
  0.0000000000000000 # Attribute 'small_contrib_threshold' of the grid.
  0.5000000000000000 # Attribute 'damping_power' of the grid.
 # binID   n_entries weight   weight_sqr   abs_weight
    10   10   1.606286499088972E-003   2.248061034993563E-005   1.606286499088972E-003
  </DiscreteSampler_grid>
