  0.00967882688333462  0.01520037559021916  0.02435871321987377  0.03433662418988287
  0.04424409243346581  0.05373827591509408  0.06303199101432250  0.07382696692785504
  0.08492437714200353  0.09541781145836377  0.10602587982782843  0.11653728560348785
  0.12736501535915051  0.13685922091129246  0.14617655810681282  0.15568648554895639
  0.16640154995270448  0.17828182922983593  0.18976427748673896  0.20094808009403595
  0.21226880597146378  0.22359880148612538  0.23503094455040591  0.24538664601347535
  0.25565370442883123  0.26441035493368148  0.27238374333216014  0.27990539962384015
  0.28759819959040284  0.29621375717854753  0.30555472567235076  0.31510513483019081
  0.32407139696158493  0.33321231292896736  0.34267429142530409  0.35313076622045458
  0.36297511450580122  0.37296680484565808  0.38405166993316930  0.39629251218888406
  0.40759463289573772  0.41921614146779274  0.43121480693578496  0.44207405437286906
  0.45351961480184672  0.46420518175468856  0.47503975499291440  0.48571908057359975
  0.49656385384168411  0.50882880912537187  0.52164562903057310  0.53345498360892973
  0.54491865432391895  0.55640141944666366  0.56836987946111905  0.57975821492638735
  0.58946548059133697  0.59828398423427243  0.60746494817172014  0.61799615842210509
  0.62874857940003126  0.63896444287740062  0.64935898216531285  0.66012822132473103
  0.67096701656946423  0.68133868677505494  0.69234179207801749  0.70384047425149765
  0.71465647278534128  0.72567577156504426  0.73793524562045676  0.75083839084797188
  0.76212883986847790  0.77257174578176191  0.78279765686924074  0.79335254257963295
  0.80453267786014893  0.81629252441943445  0.82850092905485384  0.84058930059053205
  0.85172106011730409  0.86084941444321195  0.86893881468148471  0.87749772103215251
  0.88554393336411485  0.89346951573622724  0.90168231740470273  0.91062146149838097
  0.92042547693984078  0.93205846752185717  0.94285416545401080  0.95162830822440414
  0.96098403312800118  0.97143336499321176  0.98331303326912012  1.00000000000000000
  0.00000228143509034  0.00000347371749597  0.00000503142364845  0.00000691648938302
  0.00000884492838763  0.00001124177204251  0.00001450795431522  0.00001801139840403
  0.00002182224892053  0.00002614455536398  0.00003097427934019  0.00003622817680698
  0.00004155908039802  0.00004704535775965  0.00005270896208530  0.00005847773019507
  0.00006502020773377  0.00007232327555806  0.00008037070716793  0.00008806133181362
  0.00009553567145694  0.00010435172745811  0.00011397372107805  0.00012440238296122
  0.00013435771235442  0.00014394414842171  0.00015361718555466  0.00016380472632103
  0.00017531583894438  0.00018843896947644  0.00020353695369117  0.00021638370517254
  0.00022777758867589  0.00023954608591868  0.00025191325973298  0.00026446677564221
  0.00027714953246056  0.00028989236519311  0.00030274129632401  0.00031560011358544
  0.00032956602740416  0.00034619196210302  0.00036645992601611  0.00038874340995507
  0.00041116099661026  0.00043386965185804  0.00045788836857793  0.00048309131088415
  0.00050924110698502  0.00053684640710951  0.00056828540596717  0.00060065320740317
  0.00063633380297523  0.00067422614463967  0.00071252650534703  0.00075146749036565
  0.00079661488546032  0.00084060301528923  0.00088549236263907  0.00093140376142952
  0.00097963973777391  0.00103153023058877  0.00108527462806852  0.00114133427158285
  0.00120216140662373  0.00126235535506958  0.00132609121582675  0.00139829849964025
  0.00148162332072258  0.00157417985564963  0.00166957427654846  0.00177469279786147
  0.00189239957406894  0.00202459341469102  0.00216355918550680  0.00230289199773451
  0.00245662848994854  0.00265011541757869  0.00286827841009716  0.00306580215734818
  0.00326227310684137  0.00349083969132310  0.00374696879940219  0.00403301188714954
  0.00436170154359061  0.00477448001236786  0.00534360749353291  0.00597427910867703
  0.00692356403115171  0.00821014890527507  0.00985183674722465  0.01168223036176865
  0.01489078143253973  0.04001930634611256  0.42847383452578403  1.00000000000000000
 -0.00000081349846006  0.00000194613193945  0.00000722819714477  0.00001364554354923
  0.00002080334171616  0.00002860930788086  0.00003688816952335  0.00004449259714793
  0.00005254022149098  0.00006044646786614  0.00006787728396466  0.00007487348867591
  0.00008174194955235  0.00008888815728409  0.00009587932951006  0.00010334694650250
  0.00011072965330765  0.00011728116493263  0.00012361286641098  0.00013094555818179
  0.00013857506661822  0.00014669202327547  0.00015520984806553  0.00016412001047767
  0.00017340667444291  0.00018275668827650  0.00019226136669138  0.00020168429960481
  0.00021141005819998  0.00022180821139995  0.00023366019491056  0.00024735746552199
  0.00026183677662960  0.00027590026390576  0.00028930336315182  0.00030221661723999
  0.00031467239395439  0.00032840677848398  0.00034260183176043  0.00035842071602953
  0.00037602185247821  0.00039529209204616  0.00041665448473958  0.00043942504983951
  0.00046425115189724  0.00048851421243990  0.00051186120862462  0.00053392183907946
  0.00055482303026937  0.00058014176151609  0.00060587062088838  0.00063291875592628
  0.00066603779450185  0.00070592509787343  0.00075198091029914  0.00079918098243292
  0.00084709640101039  0.00089925833337608  0.00094854761675275  0.00098554874666898
  0.00101981567661248  0.00105483763012516  0.00109500345786784  0.00113851334104452
  0.00118693658089887  0.00123660472267543  0.00128062060226959  0.00133939227711873
  0.00141414298299715  0.00149659363832380  0.00158661978466497  0.00168599449645963
  0.00178969769659119  0.00190226040416437  0.00203227376823214  0.00218252197885460
  0.00233320808137463  0.00247895817976789  0.00263495265252147  0.00281926743607279
  0.00304726909073214  0.00331741356392795  0.00361451023262673  0.00393284116340287
  0.00431040932851486  0.00479185514868550  0.00550937867870046  0.00647552412339868
  0.00754436047962284  0.00883924488658439  0.01108907994786260  0.01448642150091975
  0.02107372788877457  0.03621283787766368  0.07937949059715818  1.00000000000000000
 -0.00176915851328687  0.00996382349764749  0.01937940614559705  0.02922675127988044
  0.03888415975788994  0.04888881352807336  0.05870554041337119  0.06893458854428663
  0.07973866291089154  0.09106083234005434  0.10204881088945988  0.11193290536887512
  0.12159096322779475  0.13242388083939940  0.14503807083970108  0.15476046622854864
  0.16476700406738704  0.17511093032520553  0.18497435206329454  0.19358919938995900
  0.20188726118855158  0.21178426944279313  0.22426867988773089  0.23716978676538686
  0.24899288978211137  0.26069065654652784  0.27235283249677289  0.28414749642747261
  0.29612343165781657  0.30695775616053095  0.31807078831721458  0.32908991272038929
  0.34073443672116543  0.35338096411551134  0.36603093909757162  0.37711139235755492
  0.38794182521020448  0.39864799800631684  0.41141985161244099  0.42406390350631618
  0.43620087735379803  0.44667741690258517  0.45648363587255214  0.46581422711942244
  0.47537019380152873  0.48517347206046391  0.49431478110864019  0.50343457282921200
  0.51243752982938029  0.52371758162528437  0.53719082476982671  0.55050885002583116
  0.56318825495357616  0.57660988585105533  0.58938285327986040  0.60163818314008921
  0.61435800698584975  0.62714894392460485  0.63932199673150059  0.65073386929537125
  0.66195597505795001  0.67275309939543448  0.68354778416636708  0.69494015863091663
  0.70661920330417227  0.71626136726297829  0.72569328459490767  0.73518768266545176
  0.74499380902883527  0.75433190112122050  0.76152890818019758  0.76838453179939592
  0.77597133200344637  0.78560499127883221  0.79656086596361653  0.80699920263697722
  0.81625058473981282  0.82493031964952623  0.83422872132906722  0.84349222672587376
  0.85228922660094986  0.86101772698125145  0.87021568605419364  0.87999572394617986
  0.89044148438918524  0.90096241850713188  0.91115421804678143  0.92167608327082473
  0.93091464834016635  0.93998958227649387  0.94900812262935796  0.95830495899706669
  0.96756948112055374  0.97764592283997032  0.98800823541436833  1.00000000000000000
 -0.00172362727317894  0.00744617794142819  0.01568320173374915  0.02534021382535468
  0.03567401120212844  0.04585888969251339  0.05629366660091369  0.06756547920372569
  0.07926971011878534  0.09018781271552639  0.10094758564687782  0.11260747544110321
  0.12541654511735514  0.13718132841560479  0.14857138435457690  0.15946894017236113
  0.17005480560384004  0.18040899017725542  0.19145970890045597  0.20400304057222793
  0.21753937660496606  0.23192623173820601  0.24744154247558547  0.26252515683680405
  0.27677601638975158  0.28792354774346807  0.29881040367109157  0.30857033395150174
  0.31883518741411188  0.32943130404243476  0.34046891966265491  0.35261442979813878
  0.36314978801781955  0.37444256450880053  0.38412135428068861  0.39407894263015186
  0.40306041864607245  0.41191167714949301  0.42106921930361679  0.43025983813611235
  0.43925736407570876  0.44877712159021232  0.45928619911913549  0.47213232999688443
  0.48459406201636340  0.49531592282526626  0.50610994882102300  0.51834888873297036
  0.52989025879459450  0.54058590043336630  0.55094546220799390  0.56102842083756477
  0.57056875089379233  0.57962506718453710  0.58893607261071612  0.59828877206330422
  0.60850373369599353  0.61788084529786036  0.62696474682884706  0.63632441205963775
  0.64669364780683858  0.65829854249029984  0.66916987074025192  0.68006037494858584
  0.69096784640019604  0.70164244131980047  0.71183113171612289  0.72103684012012148
  0.73157315936509504  0.74256939427870694  0.75348633088403427  0.76412176915597074
  0.77417156045185764  0.78412288171216193  0.79424743244873197  0.80531782065390378
  0.81668228274111365  0.82689258814988531  0.83600965258792526  0.84518672905087167
  0.85518589953772717  0.86652872524021973  0.87734414907081160  0.88722149880400014
  0.89658700960802462  0.90588791277202407  0.91482043977722294  0.92434764094532318
  0.93417663181925459  0.94484363521825565  0.95585084962836153  0.96625757259993827
  0.97569694500507786  0.98386246192918292  0.99206512066146513  1.00000000000000000
 -0.00160955624371408  0.00910718162820754  0.01816545565648810  0.02719350203170496
  0.03621172447279303  0.04525021014713863  0.05583216666090476  0.06668925597411306
  0.07760285619606860  0.08786918199396573  0.09759734970955904  0.10709964244303555
  0.11698374450710997  0.12754371438136602  0.13992985950148837  0.15052150802037123
  0.15975540340388472  0.16939051686695167  0.17905806687892131  0.18902104271724859
  0.19900116572622073  0.20855134209943160  0.21773647758943407  0.22754517458937576
  0.23786432096999538  0.24982291763880174  0.25941586551465229  0.26826525932056094
  0.27725328335934396  0.28695649432537307  0.29695641722206767  0.30661374619973264
  0.31679346404512632  0.32906341528943989  0.34215462834553667  0.35533381256417607
  0.36973590070787399  0.38168281274580190  0.39272122031075546  0.40269954319394419
  0.41151066952788984  0.42190586877104241  0.43369367946106935  0.44598108445446694
  0.45885281121045590  0.47198015409854310  0.48456643010342765  0.49609993674614589
  0.50640430955046234  0.51616687961136876  0.52644949660712226  0.53687132658124703
  0.54757003521529468  0.55803559588849161  0.56919515049828873  0.58038949870943024
  0.59107539817798960  0.60164679429615786  0.61213398388065987  0.62327754513635136
  0.63473326073826664  0.64645521239556347  0.65791116521899762  0.66836944674996213
  0.67826119273511865  0.68866491745608249  0.70068959123705155  0.71295440323218984
  0.72449807085582807  0.73590987259245499  0.74685734605349896  0.75722059462184632
  0.76759130734647940  0.77837748532839079  0.78854289049571369  0.79864488578115789
  0.80894650295240622  0.82010109983836088  0.83194625333346783  0.84394115182113405
  0.85567342551175452  0.86492159787221312  0.87403343191221317  0.88264354959240077
  0.89168595749335500  0.90047390180317122  0.90973235596561952  0.91937140104965676
  0.92943134293293361  0.93953538332566899  0.94927367452030531  0.96002977172867354
  0.97006747625160961  0.98031337610518487  0.99015996975389009  1.00000000000000000
  0.00080784890151399  0.00167378016700283  0.00293412120508613  0.00403712983595135
  0.00503332998475453  0.00596817048205037  0.00687769802495575  0.00780242585117733
  0.00875384951386373  0.00970438355926785  0.01068690503579611  0.01170253069102658
  0.01264719864051543  0.01361891293796154  0.01459428149557515  0.01556353153899825
  0.01652775206378959  0.01750435503296003  0.01849707624200876  0.01948919393716490
  0.02051175524289228  0.02155383952723790  0.02254478724848311  0.02354644935139322
  0.02453077400817952  0.02547860433604044  0.02647600268285779  0.02757764539853111
  0.02871619569605166  0.02978272544793301  0.03074962622718177  0.03159631787319194
  0.03234840406622336  0.03322498372783327  0.03414875282770004  0.03507979450198867
  0.03611133792053899  0.03722411544392400  0.03829475389756525  0.03923219221027762
  0.04012522307005513  0.04097111407034466  0.04176201763396606  0.04263388971121027
  0.04364716182847699  0.04475986839190087  0.04592942187812404  0.04706539669466089
  0.04813853451519873  0.04930566111360374  0.05050156889285750  0.05168545575441386
  0.05290674109648884  0.05422515145614537  0.05563858960734507  0.05687370638708865
  0.05808840145921959  0.05920257332902491  0.06035750805744874  0.06147968767878369
  0.06272690152249856  0.06412595668564314  0.06562169086018139  0.06711855212741789
  0.06853260522880025  0.06983759665273044  0.07121799112959500  0.07263515365021454
  0.07417334643558546  0.07576883272268480  0.07749112483784951  0.07931224258866219
  0.08090162069513286  0.08228370691830196  0.08406877697857697  0.08681731099233615
  0.09100011641821318  0.09368375156677317  0.09644863020727165  0.09920567571379764
  0.10297363917343422  0.10743531430462636  0.11217391388740891  0.11639752508730231
  0.12022036480933800  0.12486763892407411  0.12992886297584108  0.13595336920677231
  0.14017652953586429  0.14423809820362624  0.14768106609243420  0.15397856680782437
  0.19694355110169215  0.26819906741557431  0.62462084835990450  1.00000000000000000
 -0.00262650164563652  0.00981649200332966  0.02018771535034711  0.03190372675559555
  0.04406275144307109  0.05686695421315292  0.06898583905211912  0.08076247259382584
  0.09187612400538797  0.10219798368502978  0.11197598376819315  0.12141555030672894
  0.13150594437864230  0.14177937474518013  0.15350777073828034  0.16532813707266286
  0.17499675972090165  0.18332367119454002  0.19194153274926107  0.20137755136439106
  0.21093917874861695  0.21984493581621006  0.22917801589959033  0.23993302210221079
  0.25193046238446026  0.26384734814823158  0.27718828133274542  0.29223629508667937
  0.30442174536980138  0.31565136690371909  0.32623690353256896  0.33753037801214725
  0.34935275698759372  0.36125760631839993  0.37252773551971996  0.38331135252434423
  0.39376773926878894  0.40421409473824688  0.41465984917664034  0.42533290455510064
  0.43621694863637572  0.44693342717892831  0.45714305238457875  0.46637360481922652
  0.47482723915492597  0.48321500837025760  0.49223824570258690  0.50251746750400794
  0.51343634264800664  0.52393991224157199  0.53441845054480075  0.54531619758356709
  0.55683859428648019  0.56939898623710072  0.58113543123166134  0.59191928229976198
  0.60165820825510019  0.61070059255447828  0.61982994708066330  0.62984178212816500
  0.64170435573911833  0.65460555917541963  0.66711102381281462  0.67938025939219793
  0.69030029108435154  0.69812499982439702  0.70541037815250296  0.71242226682846921
  0.71986930598752175  0.72760248055465115  0.73553840993295239  0.74348766490746032
  0.75258900311549759  0.76300619355787203  0.77357039280805873  0.78389835517137074
  0.79465687441507693  0.80603307550515535  0.81710213964008738  0.82924119090440029
  0.83960733439360780  0.85146167050889765  0.86272974554955639  0.87277895275185602
  0.88288587229666049  0.89328458951717382  0.90352880942625347  0.91260025250909438
  0.92191430385771000  0.93233010891365831  0.94229072074478015  0.95171012495581619
  0.96218722858343708  0.97487876293574238  0.98752483977314642  1.00000000000000000
 -0.02167348785004946  0.35259468030212060  0.46653815660537273  0.53472533061471794
  0.58214856655214120  0.61934117327171778  0.64966013966942304  0.67403680493283402
  0.69474776471043165  0.71390357909210156  0.73039086679969401  0.74478155794145795
  0.75782234580310648  0.77022301249480174  0.78113598247831983  0.79133029842918745
  0.80137109712306032  0.81111250291011194  0.81957847349689150  0.82715914393695211
  0.83418931443638811  0.84074068570782123  0.84702927894789748  0.85331666977833132
  0.85909055006926449  0.86487072647884222  0.87048194525028921  0.87544527289896490
  0.87983679316545504  0.88406773643641945  0.88806776062257820  0.89186373050992429
  0.89535634762843208  0.89881582569836660  0.90224695999832605  0.90565531366310092
  0.90892211680449231  0.91222681590041887  0.91540071980236148  0.91836130947908767
  0.92102292604482783  0.92361062333559352  0.92614467375254017  0.92870535859389125
  0.93120794735660040  0.93361499153123662  0.93594985380689921  0.93825332766436287
  0.94058112086471646  0.94276775548181047  0.94490271387373515  0.94697362868602442
  0.94901950654135270  0.95093056656685737  0.95273190504257022  0.95444421370865407
  0.95607239764161400  0.95765864507173803  0.95905027372818374  0.96038456240249870
  0.96177825404557693  0.96318992858881713  0.96468646738858443  0.96614621888327223
  0.96748680305617218  0.96874814094708139  0.96995640877916900  0.97113293186835414
  0.97233505249309404  0.97345724864763195  0.97452647600404130  0.97554692045272828
  0.97651118733220499  0.97748121317668313  0.97843059222648687  0.97937518217899611
  0.98031801434232757  0.98124806366598072  0.98215935007873512  0.98306388842206927
  0.98400152303446775  0.98490049517347933  0.98575132906662866  0.98662165482407582
  0.98750095794728121  0.98837835776582894  0.98924346245327199  0.99003364179485209
  0.99084155523166784  0.99167920674519550  0.99264453808137421  0.99366863649064718
  0.99475255675672003  0.99593342618769565  0.99765470753096652  1.00000000000000000
   5.3137275713913527E-008  -1.0000000000000000     
 F F F F F F F F F F F F F F F F F F F F F F F F F F F F F F F F F F F F F F F F F F F F F F F F F F F F F F F F F F F F F F F F
  <DiscreteSampler_grid>
  grouped_processes
  1 # 1 for a reference and 2 for a running grid.
  10 # Attribute 'min_bin_probing_points' of the grid.
  1 # Attribute 'grid_mode' of the grid. 1=='default',2=='initialization'
  0.0000000000000000 # Attribute 'small_contrib_threshold' of the grid.
  0.5000000000000000 # Attribute 'damping_power' of the grid.
 # binID   n_entries weight   weight_sqr   abs_weight
    10   10   1.337745089997842E+005   1.577514087325166E+011   1.337745089997842E+005
  </DiscreteSampler_grid>
