  0.00955406010497282  0.01591388574779387  0.02542821686467498  0.03612051157402291
  0.04679006245712471  0.05734330935593190  0.06767010551066878  0.07764128846028753
  0.08803388827755597  0.09889056760192677  0.11025987106280316  0.12210502341902049
  0.13382114063253461  0.14520990800204991  0.15599025619683085  0.16692188749503800
  0.17874209795003168  0.19095457463964469  0.20365894579326693  0.21668839302251131
  0.22933303787528636  0.24115382929492241  0.25260612836812707  0.26393547265981709
  0.27473960263625619  0.28501054183816660  0.29491062466080842  0.30476128620877369
  0.31449683144128177  0.32410833390844118  0.33396076678451853  0.34458437116431745
  0.35504315338064873  0.36455955009507024  0.37387917582914210  0.38331311631267251
  0.39238580249606636  0.40132523488490834  0.41005525840099388  0.41918113107526933
  0.42981233816488512  0.44026493645497750  0.45032178051280863  0.46084296163473398
  0.47164152573461082  0.48291550257568000  0.49381397562213530  0.50482394967651434
  0.51583253177356270  0.52697184253638352  0.53766592226264420  0.54841206392318886
  0.55973032254562050  0.57142987998440664  0.58292180327839715  0.59401875708949203
  0.60457705075221668  0.61497063751756886  0.62515251506621494  0.63423126766960169
  0.64274711610952573  0.65120951441584740  0.65998010677529095  0.66915469984334019
  0.67801838270218950  0.68686597994822596  0.69729654855194523  0.70922012150175240
  0.72020107534784761  0.73079509118841546  0.74103110729027666  0.75166826489207994
  0.76213718648356332  0.77222575017010120  0.78239200607366699  0.79216262252483849
  0.80203465865012791  0.81173233244317611  0.82264641179936471  0.83386445131134346
  0.84461412296001726  0.85516254367324185  0.86544772081133903  0.87592605494629161
  0.88670503589201222  0.89752598062429234  0.90833143107956049  0.91910923955505008
  0.93001137833001657  0.94034992664340611  0.95063892363549873  0.96076843520726740
  0.97086711553342420  0.98088790355923960  0.99104896012955601  1.00000000000000000
  0.00002698981591635  0.00006003482666013  0.00008451213200891  0.00010907190990111
  0.00013519518175919  0.00016494549623016  0.00020060864212296  0.00024375179408388
  0.00028603023787351  0.00032571813238466  0.00036834158406377  0.00041432826192482
  0.00046060079276421  0.00050774207376398  0.00056135621255959  0.00061887107892637
  0.00067658264377094  0.00073727790860581  0.00079823820393800  0.00085753129600684
  0.00092417114775495  0.00099385346680004  0.00106306600344233  0.00114352922307224
  0.00122469193896085  0.00130699671244429  0.00138603505614833  0.00146453546804519
  0.00156235125202776  0.00166176229712936  0.00176647035755049  0.00186999218906513
  0.00197567602194114  0.00208179418759427  0.00218910816479372  0.00230057665453005
  0.00241495690858444  0.00253477830165590  0.00266202782764638  0.00278281281191884
  0.00289936056963847  0.00302100388261602  0.00315158524342323  0.00328477736092587
  0.00342207340087752  0.00356757993582824  0.00372508195949011  0.00390074348329517
  0.00409012567975256  0.00427992752106661  0.00448505655156863  0.00469909211832001
  0.00491796349208279  0.00514219921012253  0.00536831236357334  0.00559720882422283
  0.00582885434236112  0.00607085203014442  0.00633706597700030  0.00663019431175354
  0.00695248203613737  0.00730122726720056  0.00767812160114306  0.00807738120779394
  0.00850080212253147  0.00895549212350172  0.00943421451555492  0.00993592573476679
  0.01046705474183866  0.01102119756065843  0.01158732802894941  0.01218728934287903
  0.01287077301005973  0.01359088735021938  0.01439938840993086  0.01530729042853000
  0.01633733041722688  0.01747687385392714  0.01867551106407470  0.01992302771165087
  0.02126148672124349  0.02270951911663191  0.02428835797493943  0.02617288376939161
  0.02865788030446960  0.03150136401724785  0.03503428186886254  0.03855780546926800
  0.04281437400354978  0.04822169534894580  0.05643299083282188  0.06857112984825395
  0.08466672443399560  0.11646297675170759  0.20069725434258906  1.00000000000000000
  0.00001584987580287  0.00007746102175410  0.00017607607387225  0.00031392271120144
  0.00050249529466936  0.00073140141173578  0.00099380685659527  0.00128581419272215
  0.00158688357730100  0.00190786292686695  0.00222683650698232  0.00254209175323767
  0.00286396739896040  0.00321510010044017  0.00358367403773072  0.00395931364794870
  0.00433413589579077  0.00469785690595059  0.00507421019078527  0.00546204708771923
  0.00586362928496970  0.00627091549613447  0.00671170613185372  0.00716923598346960
  0.00765352741120323  0.00814854680357435  0.00863190025614691  0.00910903917838290
  0.00958497477402689  0.01008313951544713  0.01061484471950077  0.01117109803125320
  0.01172300096628075  0.01231465041499712  0.01290837912420758  0.01352845904570738
  0.01417629297486053  0.01480590261283239  0.01540249777335504  0.01600227746256869
  0.01662230919466146  0.01727148279872399  0.01805774720900570  0.01884261342140084
  0.01959508805161587  0.02033388575957123  0.02108019865704087  0.02188239881751300
  0.02270129321498438  0.02354691855981383  0.02441034256114979  0.02527078853515909
  0.02616428621710904  0.02705691359837218  0.02792305277434671  0.02885441756381956
  0.02980881085238715  0.03074611258729830  0.03163534456996928  0.03269188274095841
  0.03393708167881745  0.03529595483573215  0.03680403120224716  0.03839870398628055
  0.04009931769186236  0.04193341197044980  0.04389791740126956  0.04614348201974040
  0.04808435018205832  0.05002869639839252  0.05196323792888981  0.05391962498737450
  0.05598786442186501  0.05825414511019656  0.06070444141865457  0.06332388968118505
  0.06613596571242272  0.06872451051033734  0.07196497577945613  0.07595989109163559
  0.08058327807878717  0.08600981273123057  0.09192490698069057  0.09810617561170257
  0.10433208930119425  0.11060652558727123  0.11618625150677357  0.12157104665773900
  0.12695670199799788  0.13270363325617859  0.13656046529686158  0.13998914189899309
  0.17983738947392125  0.23990403867313989  0.32525038230972125  1.00000000000000000
 -0.00211517024408240  0.00957311176630985  0.01955277527386842  0.03045572052063068
  0.04087637983908115  0.05261949543805690  0.06472479179719555  0.07671939880870393
  0.08797593170493311  0.09866748403745614  0.10819250824415963  0.11705615325881757
  0.12595396826379343  0.13538386371528918  0.14581554116930992  0.15679252455781220
  0.16733674797431070  0.17731484269184650  0.18765216485230354  0.19858481121144689
  0.21025554954187284  0.22170320549017655  0.23322497020868074  0.24482663004402269
  0.25686632101785351  0.26883795410885875  0.28072105901214012  0.29188324503396851
  0.30249263138056126  0.31304765894576358  0.32370734801411749  0.33405582944535223
  0.34346425590385132  0.35266185682460538  0.36171201315996965  0.37079027368895640
  0.37958685974630785  0.38821168367939912  0.39706274379850881  0.40729834535710635
  0.41777233644614947  0.42746910330093746  0.43763509383259669  0.44731078632646726
  0.45700871465966275  0.46738366624776545  0.47800071701307928  0.48823861746302361
  0.49822534410742630  0.50829230142673909  0.51830514353788781  0.52814400879051282
  0.53809826142212880  0.54806395138474573  0.55816684280383333  0.56886757856350301
  0.57987397771457738  0.58969164794731543  0.59868687621790373  0.60806219210710688
  0.61777420694006946  0.62789925257882373  0.63812030271819586  0.64795786648406362
  0.66039586136728790  0.67240379506844217  0.68409103455650355  0.69594184042621787
  0.70791429089273883  0.72021493522144553  0.73166407388823707  0.74249114170367159
  0.75320377102217040  0.76464448655926531  0.77509033822807638  0.78504056505793407
  0.79478565863997352  0.80477337213706357  0.81424668323408822  0.82421940517646153
  0.83469459567503701  0.84650082997201603  0.85761137806636856  0.86835555026605316
  0.87929249349609984  0.89038323507929718  0.90148285708716180  0.91245267838575284
  0.92373052768180153  0.93528120153583028  0.94630888416911429  0.95707544429606339
  0.96780974491234317  0.97885655192538912  0.98926033282191117  1.00000000000000000
 -0.00254365797396306  0.01004999731701254  0.02118629420212673  0.03283942399520365
  0.04464484529360423  0.05539117118616342  0.06564886507586960  0.07529971637786187
  0.08502155588675475  0.09495487169452697  0.10531646023914061  0.11595544659739546
  0.12661339522879839  0.13715884394768710  0.14720917154282476  0.15659780819852667
  0.16591184725080110  0.17578787491893516  0.18593283387592299  0.19610754623227622
  0.20640617355118621  0.21760148877515928  0.22944283656152836  0.24138758944148433
  0.25367799848637490  0.26598798758621151  0.27723934003397904  0.28746441089800590
  0.29730788609028486  0.30730244847364641  0.31806667459853954  0.32984368813734050
  0.34172970055550089  0.35209784536902394  0.36145478101281647  0.37020122476885120
  0.37872809911568434  0.38722992348319102  0.39575515271958123  0.40514243826952723
  0.41460330193034706  0.42543279360950426  0.43633280490169968  0.44734122568698215
  0.45854227474363640  0.47002375053889611  0.48097178783773714  0.49113889579190667
  0.50098253619958011  0.51056995735370481  0.52016617678482180  0.52983780733365449
  0.53989905386211079  0.55080068886036204  0.56223128137303413  0.57383573511303743
  0.58538643210045682  0.59676766225668554  0.60737574584705378  0.61739295486059964
  0.62734967005791353  0.63768629462474868  0.64803349959614909  0.65840204029529403
  0.66821809772787832  0.67749562415208020  0.68665587932716921  0.69586701842757359
  0.70535884230726797  0.71536478258967817  0.72454051835894195  0.73405956575323905
  0.74413795635390911  0.75457192959945318  0.76581587966704623  0.77788299539526873
  0.78977590268850884  0.80054371116044021  0.81064926013039762  0.82097944729646632
  0.83155429394881530  0.84236016811510483  0.85309679938496763  0.86385432668985485
  0.87501419334265040  0.88669771641676398  0.89871409383064083  0.90999996326243537
  0.92157030627996239  0.93307250642210959  0.94478895591946865  0.95589572112611521
  0.96688700710529774  0.97798726105064260  0.98904502327752020  1.00000000000000000
 -0.00203803875394684  0.00974813031970741  0.02065711438669306  0.03080283417341435
  0.04126108767758703  0.05145375099380912  0.06152012877747166  0.07049917404175128
  0.07885918128824551  0.08766416843986848  0.09743852373089480  0.10842272591742587
  0.11983284251737646  0.13099217205762248  0.14139489240321146  0.15203830923587011
  0.16317588661387405  0.17427109259295856  0.18457052135428467  0.19436195872792514
  0.20419936867802993  0.21450531747735804  0.22563234136507884  0.23695428117347139
  0.24819870271131475  0.25934580458638795  0.27062489215275493  0.28175238486429199
  0.29240950288818041  0.30296002644149123  0.31352041331353636  0.32361450226380511
  0.33274715637472774  0.34177668624375346  0.35089379683428129  0.36027617538704820
  0.36989909373459523  0.38008888250007461  0.39078376184081798  0.40097314749673063
  0.41059041388868034  0.42087534626887252  0.43170434649848072  0.44252093607631454
  0.45326127265003241  0.46439307438226946  0.47620085215671693  0.48825309765143071
  0.50013978745735443  0.51096395535987149  0.52097761857331992  0.53101305963027845
  0.54100059651764865  0.55068203641976132  0.56059066553902992  0.57104765723945605
  0.58246157826460165  0.59360596446099467  0.60467596261988277  0.61593838139039903
  0.62752450166512030  0.63968625293901427  0.65118633032064732  0.66131708013922152
  0.67150881151341368  0.68136971531695312  0.69093652102249681  0.69971898968054280
  0.70868661335681959  0.71772375336115679  0.72753840969216999  0.73757852884232311
  0.74723357960129833  0.75645113499700534  0.76560779300192405  0.77598265669038047
  0.78784792626611733  0.79997246373643249  0.81154441981103509  0.82254795122446545
  0.83295950065841362  0.84309613744313383  0.85372575343454449  0.86543997607048095
  0.87823053797060957  0.89139079414922040  0.90429791730154130  0.91632103685869393
  0.92610403993747781  0.93535193347405188  0.94498999371531434  0.95513963862102180
  0.96525660454629592  0.97544010911081114  0.98683694125234611  1.00000000000000000
  0.01078124356807081  0.01303061596860503  0.01560384411247119  0.01759464151340290
  0.01933973910061924  0.02110404124880027  0.02294307628617328  0.02481747599878351
  0.02664312126486596  0.02839726421545507  0.03010752234441566  0.03180123110564560
  0.03344073288338602  0.03506341733594242  0.03668465790100672  0.03828928002597373
  0.03995368730997985  0.04161220259247807  0.04318782519812355  0.04473705649706170
  0.04632978130851763  0.04797669315856361  0.04966651366411439  0.05134380534047617
  0.05296430459718002  0.05456584107498728  0.05616702293761558  0.05778927403381460
  0.05947321035183845  0.06118634904662153  0.06290468635493929  0.06454163613281907
  0.06614284693257835  0.06777594159552512  0.06949464524507000  0.07127933228868331
  0.07306165960546626  0.07484645129505248  0.07665535092235837  0.07859395355948373
  0.08062865149351128  0.08272066253809097  0.08480223004164736  0.08700085322265577
  0.08933869980967263  0.09160283984948053  0.09379741412871118  0.09606413353419863
  0.09841008725662159  0.10090310300120651  0.10353764072980290  0.10618527864748885
  0.10880090991374668  0.11131239180955277  0.11371173618039324  0.11599884917310012
  0.11837801658644657  0.12104090010940104  0.12395105104798564  0.12692361035372440
  0.12984979213548084  0.13276744313049124  0.13556154216863392  0.13834725569672721
  0.14122255896206698  0.14427376852166043  0.14791004576609340  0.15142391907114311
  0.15457866079905291  0.15731641024216383  0.15997192881045399  0.16273453900463175
  0.16589331363229456  0.16917419126614647  0.17249897521810473  0.17610027077378543
  0.18026382737404037  0.18539930172929972  0.19047103845675661  0.19600410888880901
  0.20082020281105051  0.20546425034974769  0.21065181272507275  0.21883850479910075
  0.22824972717468031  0.24137073305903803  0.25430030846121460  0.26104665872655830
  0.26991232205305765  0.27861718430650129  0.28643499676944056  0.30101596158095628
  0.32795463358557148  0.40755164995334953  0.76101172319475463  1.00000000000000000
 -0.00314800751222485  0.01405758090325666  0.02866911830540177  0.04439764700951880
  0.06022373636302932  0.07555551517749054  0.09041583105844024  0.10498878714898510
  0.11840802664477845  0.13059620649177203  0.14221635013071338  0.15300407159242438
  0.16409093509216044  0.17518558209894633  0.18621797429426185  0.19632852444618706
  0.20629255850245817  0.21584914779645392  0.22508304076265567  0.23395857602419171
  0.24285774781047326  0.25195298039943664  0.26126827587686818  0.26979194537045903
  0.27851982085866361  0.28677034456439365  0.29555180865892849  0.30418944266018660
  0.31303209283047662  0.32289723321600394  0.33227122456797309  0.34085419049250498
  0.34917374400533741  0.35767749467228627  0.36586194393888372  0.37396380325823170
  0.38164497734864011  0.38942378004253236  0.39715556065077445  0.40610279980847197
  0.41517587653212373  0.42434326299208719  0.43323391396357985  0.44202673580091523
  0.45115477081085409  0.46097343852166145  0.47160254092864023  0.48299991290644512
  0.49423570819042378  0.50492907864050629  0.51525572736659853  0.52543398624133719
  0.53548922073395711  0.54555818111593091  0.55455751678379606  0.56385014441290782
  0.57321353894345550  0.58221489143133187  0.59115418578300916  0.59997150136736932
  0.61059481065479537  0.62251906107994570  0.63433368161170212  0.64551882077256062
  0.65576024079939699  0.66544877147359272  0.67508446288736235  0.68456770861772265
  0.69394480501537892  0.70313538009858167  0.71184575286978202  0.72024715429901498
  0.72852419572996074  0.73721528732120190  0.74661987992500201  0.75627227088495630
  0.76587910950191551  0.77528217935029631  0.78438338594271118  0.79341602788651888
  0.80244512913753896  0.81197775593504362  0.82210890099360678  0.83313156595720972
  0.84525745661225660  0.85803113261788411  0.87108327234769856  0.88420248718317218
  0.89768095781298751  0.91166322852886561  0.92564186402931492  0.94010885691425150
  0.95530672611701695  0.97034462639805985  0.98529940565771823  1.00000000000000000
  0.02311898051225587  0.19179209605043493  0.26890005127898203  0.32127040321490663
  0.36255363579871058  0.39807539188290092  0.43004970764782424  0.45813744193759337
  0.48287812675289893  0.50510330548336224  0.52526108813168781  0.54293665976292182
  0.56002225943914441  0.57596570267551483  0.59052529225589401  0.60393901477037137
  0.61668342408003085  0.62893780848899339  0.64077101991271657  0.65237560132957317
  0.66340049059316297  0.67398482105259483  0.68406865961548347  0.69369121139389689
  0.70317453077607128  0.71225522441617672  0.72088805818299873  0.72912658894064297
  0.73681880583924986  0.74429959675914215  0.75144351692646705  0.75815141208787473
  0.76456556680287402  0.77076016832813476  0.77663460148538677  0.78255652912262841
  0.78830532666230457  0.79415476009740205  0.79984047450509110  0.80541457986201970
  0.81098074323827063  0.81616596292589538  0.82111924272782788  0.82574821026283018
  0.83032410744424889  0.83467230054301178  0.83876895305812016  0.84277126202123920
  0.84674773219201493  0.85063922236351108  0.85451490979892830  0.85832743002418987
  0.86204403104011973  0.86569390663970747  0.86930953993877158  0.87284551909206054
  0.87621685730029264  0.87939599825988046  0.88240294013917009  0.88537179360923945
  0.88832707216622531  0.89134673678246057  0.89438303782812101  0.89734854212857329
  0.90019952074165188  0.90289972641263672  0.90573281348614865  0.90846427398407126
  0.91119291373840916  0.91395049645415882  0.91669024351508843  0.91918142789917578
  0.92162771610840410  0.92411301401922574  0.92658761740188356  0.92898711097125120
  0.93127588479427770  0.93348893497194063  0.93570803560253923  0.93798500170307331
  0.94035935963405048  0.94269003991041656  0.94501146134971892  0.94738692692626914
  0.94987751589018687  0.95243601398250488  0.95500530962206420  0.95765018152864534
  0.96036555161313286  0.96312678252854089  0.96601309701542348  0.96893080706556856
  0.97220193273195143  0.97629982329338194  0.98411901432853943  1.00000000000000000
   4.2705502236233023E-020  -1.0000000000000000     
 F F F F F F F F F F F F F F F F F F F F F F F F F F F F F F F F F F F F F F F F F F F F F F F F F F F F F F F F F F F F F F F F
  <DiscreteSampler_grid>
  grouped_processes
  1 # 1 for a reference and 2 for a running grid.
  10 # Attribute 'min_bin_probing_points' of the grid.
  1 # Attribute 'grid_mode' of the grid. 1=='default',2=='initialization'
  0.0000000000000000 # Attribute 'small_contrib_threshold' of the grid.
  0.5000000000000000 # Attribute 'damping_power' of the grid.
 # binID   n_entries weight   weight_sqr   abs_weight
    10   10   2.181977755783900E-007   3.798687866387590E-013   2.181977755783900E-007
  </DiscreteSampler_grid>
