  0.00879111747364658  0.01816726029290655  0.03118869452138785  0.04456589729447254
  0.05456408152593028  0.06378802616773512  0.07183733571949824  0.07945180794452018
  0.08841245928139013  0.09847740749619577  0.10948610614782170  0.12130807790295020
  0.13355042865808336  0.14587424959665155  0.15815745353858968  0.16934608019566169
  0.18051331470455254  0.19203635014013815  0.20327931213869480  0.21406255275144490
  0.22415911183919005  0.23451174633534902  0.24520173040101109  0.25468654990784628
  0.26466618115782586  0.27514854278061518  0.28761749421236121  0.30276560222419718
  0.31628806418779082  0.32867454026348747  0.34075620465061696  0.35255963359133635
  0.36533366667361461  0.37849470844205940  0.39165620714291155  0.40529427419231262
  0.41785244233982916  0.42907594587822884  0.44062296790853661  0.45207442482320853
  0.46278092521300679  0.47254784178786119  0.48171859998827277  0.49106927493657726
  0.50112718434326442  0.51121571288119805  0.52204864410114027  0.53418822456309223
  0.54588718441094941  0.55754548656699132  0.56925219537371363  0.58070801716201415
  0.59168161192031044  0.60208221213859436  0.61331248780082104  0.62456191696869912
  0.63615611082016010  0.64650179466868396  0.65698587352419680  0.66677388634964374
  0.67664224058280154  0.68560374034730998  0.69378930504816028  0.70179323721157227
  0.71065302368302841  0.71999715049591562  0.72901522578349887  0.73644728422065320
  0.74336336262441538  0.75056677667506133  0.76020132527034356  0.77003030934323669
  0.78071203211947904  0.79099283276399368  0.80229572774680591  0.81268005150135392
  0.82370208789001631  0.83462149783697615  0.84555252804612580  0.85685215462439512
  0.86819452284029142  0.87968275920187577  0.89006083679183756  0.89929313627679763
  0.90805095033951411  0.91686813877570406  0.92539383183457302  0.93351753691577177
  0.94221968366705589  0.95108885645589814  0.95892823119113679  0.96683339342953656
  0.97401893245382276  0.98212674483845452  0.99113163521134151  1.00000000000000000
  0.00000194287719157  0.00000545860360065  0.00001155262796469  0.00002006056025183
  0.00003041533942093  0.00004215028790091  0.00005487630371627  0.00006681023853909
  0.00007848943900684  0.00008935631555459  0.00009932231138471  0.00010915052553086
  0.00011997059487290  0.00013215863375696  0.00014560102594540  0.00015625432795467
  0.00016776232624860  0.00017927974443820  0.00019296758341828  0.00020921464043250
  0.00022623491717245  0.00024244405638983  0.00025770975709372  0.00027153748001416
  0.00028619871403219  0.00030142318883057  0.00031688938303789  0.00033251091565798
  0.00034744592390458  0.00036352245272651  0.00038148983090969  0.00039915063476664
  0.00041704321159837  0.00043504138728536  0.00045580811441532  0.00047761735003118
  0.00050138616840425  0.00052574059853818  0.00055154478542442  0.00057850051229289
  0.00060471594286402  0.00063483442909310  0.00066591005729024  0.00070168761439340
  0.00074039062951752  0.00078138924452643  0.00082336743275883  0.00086570855459994
  0.00091001857324082  0.00095867717091653  0.00101424187292618  0.00107163869507984
  0.00111998814605183  0.00117361997844089  0.00123453853040500  0.00129462667720095
  0.00135775684230568  0.00141973171146120  0.00150330132573738  0.00158998711788825
  0.00169002396469444  0.00179150111293153  0.00188887879835583  0.00199098096439139
  0.00209494473293898  0.00220075381277272  0.00232201132198963  0.00245207411214892
  0.00260920783185638  0.00276445356347775  0.00293816805983680  0.00311873950956614
  0.00327814404393389  0.00345065443688713  0.00365427369728629  0.00389274175993952
  0.00413979058454924  0.00442559033065279  0.00479338761708429  0.00521985680094686
  0.00568412006419630  0.00615061758304133  0.00665409541398541  0.00725073841612722
  0.00799754594886820  0.00883238701462572  0.00994990520820472  0.01130535373910310
  0.01284658150008948  0.01496982098063310  0.01751242351959584  0.02080412274686689
  0.03077230107580703  0.04915482618099692  0.07714618350954537  1.00000000000000000
  0.00000559207147453  0.00001112697173048  0.00001642118008350  0.00002269256754607
  0.00003023344442932  0.00003924107989368  0.00004934479803458  0.00006078906218566
  0.00007471858172219  0.00009201287583719  0.00011245501502212  0.00013509136056300
  0.00015929058960441  0.00018674891765061  0.00021909605087730  0.00025510121760223
  0.00029203662327428  0.00032846201613452  0.00036390528563597  0.00040148334136764
  0.00044793868944159  0.00050308780405877  0.00056195749450442  0.00062265537403029
  0.00068352788952272  0.00074360768201839  0.00080989731334727  0.00087700168518588
  0.00094402347768937  0.00101133737954389  0.00108158718108736  0.00115447524057693
  0.00123257692931799  0.00131329201569820  0.00140084683311322  0.00150107661326938
  0.00160401871056605  0.00171748610852842  0.00180920384335994  0.00189071016132614
  0.00196598452634765  0.00204327615162154  0.00212730134227427  0.00221711814573962
  0.00231449806738291  0.00241145645859549  0.00251848143009836  0.00263655159535881
  0.00274935674371879  0.00286400845262295  0.00300145667336738  0.00315408803886842
  0.00331586088720678  0.00349902146351295  0.00370009674031698  0.00391803250400379
  0.00416015870892578  0.00443795458777781  0.00472487799911145  0.00501523808131023
  0.00532306650180993  0.00557757908216850  0.00584804837263409  0.00611482956251558
  0.00638158604013014  0.00666593953996596  0.00695464921629800  0.00723603518448481
  0.00751527045434553  0.00780177167884031  0.00811972191237379  0.00845136212234188
  0.00880293666740556  0.00917569261208675  0.00954767006077448  0.00997241115108802
  0.01045936289381263  0.01096140701602524  0.01154929571124958  0.01228987305564718
  0.01316741144759338  0.01413000242928081  0.01509470119747016  0.01610067105471891
  0.01716646489485676  0.01838294018508684  0.01974303956064337  0.02138859184246194
  0.02399018452163238  0.02805407567674907  0.03198184558108479  0.03583669089032443
  0.04166220381503844  0.05033980149797334  0.06494252478298494  1.00000000000000000
 -0.00220569484317986  0.00892776377906973  0.01849792165751578  0.02856192427621748
  0.03902851225603875  0.05044010039287262  0.06289316731171790  0.07608240134929069
  0.08902395215719809  0.10147031832337444  0.11344882337864565  0.12493689734186378
  0.13520031426210971  0.14462511837731748  0.15369228769581403  0.16277197293851409
  0.17189582948988613  0.18112704332090054  0.19162521747441053  0.20362901170071987
  0.21581377296775131  0.22738557960980540  0.23838239127473659  0.24910059238083856
  0.25959324007354279  0.27114941310202018  0.28336826136600829  0.29474728386289573
  0.30547718057794915  0.31531153342849971  0.32449706191479250  0.33402004866234530
  0.34384107794843105  0.35407655234489838  0.36507557133902296  0.37649222863855530
  0.38894375572043921  0.40085943343216002  0.41154964913314135  0.42277660962409513
  0.43363558372833083  0.44379115584954532  0.45338262405339108  0.46330588767200603
  0.47359891790135228  0.48407217503286498  0.49533025545568604  0.50775978462187710
  0.52063827302549415  0.53308545255600503  0.54461959306858276  0.55523684132926765
  0.56498269778000587  0.57461833609150748  0.58477397305297885  0.59586386846083905
  0.60691781669211353  0.61734533788168389  0.62815676182202684  0.63896128593073664
  0.64985576520434796  0.66049530082316321  0.67121023230544674  0.68219975110263598
  0.69206305671536428  0.70138959681944235  0.71023355102817476  0.71870642053609313
  0.72779291129346979  0.73754541277107610  0.74635838174904379  0.75524645400257995
  0.76403629446478216  0.77424739881857241  0.78590633828246914  0.79772213311950901
  0.80928985156706135  0.82192730167137762  0.83544307077727220  0.84602805245568635
  0.85549122970736557  0.86475543571604230  0.87446548646975564  0.88546250676009419
  0.89699978442476436  0.90784805379689959  0.91968151213039473  0.93142615596172795
  0.94233497102562225  0.95286011817321425  0.96179401750121241  0.96974311858710738
  0.97788783855173145  0.98533600535441113  0.99237158493824063  1.00000000000000000
 -0.00321628012090479  0.01215005155125227  0.02494707173187389  0.03679100968448178
  0.04771319734999372  0.05824249535252789  0.06885999110896826  0.07975538020436616
  0.09056771123593307  0.10093644478832724  0.11087982226416386  0.12053613848719781
  0.13034835776057183  0.14039738961066289  0.15104807800169498  0.16177970870788688
  0.17313383795290249  0.18401024404391048  0.19464250754596923  0.20524759439647755
  0.21645994559792434  0.22848596096618132  0.24045009316702182  0.25161422375131570
  0.26197412721390240  0.27242719724372438  0.28382228936707155  0.29634906649007958
  0.30787255097002625  0.32041131328382016  0.33238822672448060  0.34318750688980348
  0.35320242544169289  0.36212156057006306  0.37037751113692241  0.37831272009560102
  0.38625744174250765  0.39438875311941718  0.40415355779157142  0.41437692778885049
  0.42425568884333753  0.43332613943010306  0.44209320710354177  0.45107509737056939
  0.46099528792491706  0.47196847762962518  0.48339060625024299  0.49477416506514693
  0.50597864998590292  0.51708258973068522  0.52820064269311184  0.53934529735073955
  0.54955922635202925  0.55900201033983254  0.56884552048494197  0.57987646023325812
  0.59223681342484857  0.60518334027189846  0.61857511675011234  0.63271958380229032
  0.64607879951980773  0.65744566109272673  0.66730871251790791  0.67576561128247847
  0.68410338659666659  0.69327920939963383  0.70423278281502966  0.71567472034391888
  0.72658803347862821  0.73654164288259583  0.74573276409655886  0.75494926654030969
  0.76486531026610793  0.77581761881661493  0.78788683223643174  0.80003464999220630
  0.81197933835929592  0.82404910838098022  0.83639602879348818  0.84886001491392971
  0.86023416686969145  0.87177180450229885  0.88242075631956651  0.89393015245283147
  0.90604966881561944  0.91681132223133988  0.92560834780856649  0.93411376267872803
  0.94207517465567081  0.94974799783771591  0.95775206854932315  0.96556976505107728
  0.97340471371809623  0.98182590264508873  0.99116674731097154  1.00000000000000000
 -0.00267096128161406  0.00828379773068572  0.01822897679825396  0.02810306903985413
  0.03783599966157329  0.04705187045928087  0.05634648520245022  0.06610895344037332
  0.07672506977055374  0.08838533775308184  0.10004933126463132  0.11125326150956612
  0.12159886712627134  0.13122117712099102  0.14084927242013134  0.15089736634014161
  0.16150681987597165  0.17236635657159910  0.18279248932509987  0.19317724634143457
  0.20446838475696910  0.21699016308875946  0.22988376109298239  0.24152357753351297
  0.25256788479362025  0.26345974254886662  0.27366602979588744  0.28325125273172747
  0.29359866809642171  0.30496825011948980  0.31610256836269179  0.32571613442693931
  0.33603099617913357  0.34768423548734800  0.35920509706959741  0.37121050938608524
  0.38211786762955269  0.39411386906349077  0.40462457384207984  0.41616443125744662
  0.42834147182580751  0.43849540420168137  0.44671789599968748  0.45476592816156558
  0.46276463522487193  0.47019553890971078  0.47779188931350142  0.48587516342482012
  0.49429223685086388  0.50436667687409253  0.51664033390638875  0.52952388809075202
  0.54203237709775454  0.55397766337411880  0.56613292140056837  0.57796289831844772
  0.58961341226947173  0.60102322670766883  0.61084006682497782  0.61956102057380669
  0.62817607727239122  0.63753143256161737  0.64602906754563794  0.65551106183194940
  0.66493277307242304  0.67646494542906399  0.68884881542529297  0.70104299759640776
  0.71234747444677837  0.72346227088138226  0.73420491234564289  0.74433966890210090
  0.75518056127951427  0.76608163938099438  0.77600464577313277  0.78513579887901552
  0.79431103277434800  0.80461737156745505  0.81493762439031403  0.82501859081069895
  0.83510106305008858  0.84555410759819138  0.85688262433241469  0.86827448455839229
  0.87860387871299761  0.88787133310301936  0.89774012678381521  0.90778279285930819
  0.91779938240352066  0.92856421171092351  0.94099886793545240  0.95517319146218116
  0.96716367998656738  0.97873025162552285  0.98903541153777552  1.00000000000000000
  0.00086160838891816  0.00156457232076829  0.00278332243636319  0.00365893953741299
  0.00443068540044638  0.00515257944757716  0.00585123104632976  0.00653156761177789
  0.00720407621143275  0.00787871228324052  0.00856571622236046  0.00926487612610958
  0.00995919937611577  0.01065168000750303  0.01135471345224902  0.01207812213282436
  0.01281821330987746  0.01357505880131785  0.01434851236538983  0.01510780803620058
  0.01587709303409369  0.01662042794236497  0.01736595179211526  0.01812440130919212
  0.01886905665491926  0.01957820564108315  0.02031426263531526  0.02103962647259237
  0.02172631158863279  0.02236732627742173  0.02317113358003178  0.02400169631959232
  0.02486139837616616  0.02576176989774564  0.02668326551256837  0.02762132107322315
  0.02854451851573624  0.02941372185372880  0.03028612292829422  0.03113453255970566
  0.03209301615113896  0.03306449645240503  0.03407777885913540  0.03518055694913155
  0.03614595432965637  0.03715650096542315  0.03814170811214512  0.03912193603354218
  0.04012872412917075  0.04114328110247777  0.04227911901573390  0.04349879904923153
  0.04473208168355196  0.04590324697299476  0.04705229241611179  0.04806284389912011
  0.04896159671129750  0.04989386866678024  0.05088381353975006  0.05216571461471178
  0.05355324492843959  0.05491877251179266  0.05636771522500442  0.05774980847761968
  0.05908214906061930  0.06047558420777224  0.06200151117970962  0.06379151978775870
  0.06581347551900191  0.06752587792514396  0.06911021175056864  0.07071899084987519
  0.07265149558081109  0.07499807836054924  0.07685303600175719  0.07856648551607401
  0.08042629656021498  0.08314981745422130  0.08703052275981388  0.09117177219506645
  0.09594814884009432  0.10112570753407105  0.10668573175999947  0.11071183082734194
  0.11547311832863537  0.12043337287825706  0.12461583228437344  0.12829817369533689
  0.13160410144190945  0.13420856649638643  0.13715845233288584  0.14003944519185660
  0.14260142759638039  0.18445246036349180  0.28636979094208043  1.00000000000000000
 -0.00193314380294130  0.00987199125019405  0.01992163090587058  0.02860572116939367
  0.03696098451262656  0.04518614987662685  0.05307459425929491  0.06041660941342408
  0.06684112144226667  0.07318413895819009  0.08031543371527725  0.08939916721986373
  0.09885733486397666  0.10797619659647401  0.11704183431754148  0.12671753975772962
  0.13756147676260042  0.14803007176056079  0.15829189010128297  0.16778108887664714
  0.17718216550244817  0.18682475188590786  0.19707102581415220  0.20782203602017948
  0.21872162763842831  0.22995776797180867  0.24123984921855124  0.25189658833217388
  0.26163062546201493  0.27097428434938287  0.28013207875565060  0.28931659856831071
  0.29866845232286221  0.30843083435652024  0.31898440805329542  0.32969170874567055
  0.34064777340916763  0.35146172791864344  0.36330002851650023  0.37444582594759207
  0.38661701277894811  0.39998173133560450  0.41385979569481213  0.42727247756425651
  0.44074398664309644  0.45469662023929230  0.46989113174095459  0.48489470385892031
  0.49972189709293685  0.51482350293821388  0.53013634694443990  0.54455487406498992
  0.55974526189882279  0.57450991263894002  0.58777071564413508  0.59985284598384647
  0.61081800737572667  0.62158612270562563  0.63278724152410959  0.64452282121166238
  0.65793622936553975  0.67052954277319965  0.68156358323020871  0.69247888487876741
  0.70347663824193507  0.71312741835618809  0.72209776917214274  0.73097944867502151
  0.73979878692752732  0.74842536002362337  0.75701568120713947  0.76559412960322748
  0.77420676759734341  0.78445072015908557  0.79463623399962724  0.80488776771878812
  0.81516489368063005  0.82517895277124453  0.83551418837616953  0.84635573702600453
  0.85598420198952996  0.86536383756371571  0.87502324954462607  0.88542007135824941
  0.89654785007381876  0.90777066931886807  0.91862380829549417  0.92818213798943849
  0.93786278816669999  0.94756414715160076  0.95677823756711011  0.96573299850076233
  0.97356013738189651  0.98192497788603250  0.99090113046733375  1.00000000000000000
 -0.01255589464749011  0.36972700431520844  0.48309955300561247  0.55079907076448942
  0.59736302683253895  0.63373635960036412  0.66247726186090183  0.68720481239885733
  0.70774749860710995  0.72622288488664100  0.74111885029962044  0.75544969439889786
  0.76957304266447701  0.78259233627449010  0.79368026453869511  0.80375214882185497
  0.81295331073746857  0.82083611342878349  0.82815398299300680  0.83525259572366584
  0.84183414824736014  0.84779590874998445  0.85344047843554360  0.85880986944547788
  0.86397068846709668  0.86869914274598692  0.87322549151126616  0.87732840224925412
  0.88135452559887006  0.88533628196520342  0.88907830848474412  0.89274449860340488
  0.89623787083882755  0.89968970979423457  0.90298285676131140  0.90621859311564168
  0.90933623007529718  0.91243007499405604  0.91549159221719767  0.91834292567830689
  0.92088942718200273  0.92336152017553619  0.92573519127452786  0.92809730135850999
  0.93039633999533877  0.93268222878372919  0.93500226393957164  0.93735132785616404
  0.93964459618677210  0.94170713054493738  0.94366428619431308  0.94547895167566842
  0.94724321341282147  0.94893484956725138  0.95057513663757875  0.95219294110427710
  0.95371986491245953  0.95519845909129097  0.95663052949045846  0.95801917890135957
  0.95935391512143997  0.96062768834729284  0.96184023702870491  0.96309462097706022
  0.96436761828251649  0.96565960233777359  0.96697224562531980  0.96831150332932114
  0.96964730417604517  0.97098240268185598  0.97230373441796514  0.97357042602959265
  0.97470915674686276  0.97577926805469939  0.97681053915317750  0.97782621578639772
  0.97884797356745779  0.97989125238029418  0.98087749963031667  0.98183555296951375
  0.98275425159529395  0.98362204237237438  0.98443809868380494  0.98529320899818518
  0.98618234572995445  0.98713863182132622  0.98817176047970245  0.98917622084419443
  0.99016653404485244  0.99108736833185596  0.99204628401098516  0.99307521198134918
  0.99421430662895505  0.99568582911409131  0.99751841409562658  1.00000000000000000
   2.5940432322681366E-013  -1.0000000000000000     
 F F F F F F F F F F F F F F F F F F F F F F F F F F F F F F F F F F F F F F F F F F F F F F F F F F F F F F F F F F F F F F F F
  <DiscreteSampler_grid>
  grouped_processes
  1 # 1 for a reference and 2 for a running grid.
  10 # Attribute 'min_bin_probing_points' of the grid.
  1 # Attribute 'grid_mode' of the grid. 1=='default',2=='initialization'
  0.0000000000000000 # Attribute 'small_contrib_threshold' of the grid.
  0.5000000000000000 # Attribute 'damping_power' of the grid.
 # binID   n_entries weight   weight_sqr   abs_weight
    10   10   4.435301946933517E+000   1.884030443542747E+002   4.435301946933517E+000
  </DiscreteSampler_grid>
