  0.00929046490121678  0.01653373883582881  0.02635400665835701  0.03555965547034895
  0.04475575583992318  0.05387225561330519  0.06296979740880347  0.07159803711178281
  0.07989448303375010  0.08843827822427347  0.09758938107575947  0.10708767286986637
  0.11728040300073521  0.12756907937371798  0.13796746489174339  0.14865493614096892
  0.15907466151195190  0.16875290038871119  0.17827658844913646  0.18792161172433527
  0.19773604930530303  0.20741807167683865  0.21684448070857487  0.22694097802799049
  0.23747518158394040  0.24814100638975845  0.25902974715034965  0.27074105757151196
  0.28290028573343656  0.29464004761265222  0.30570473543305071  0.31620855605867199
  0.32635878646185895  0.33675081605228913  0.34757281201022272  0.35885160217839518
  0.37045877064239857  0.38200276512737225  0.39313897117259550  0.40333559400206231
  0.41280566045940914  0.42211664141209088  0.43176747357213485  0.44160908802656107
  0.45100433953725078  0.46057671314482773  0.47044452388024877  0.48064784173248826
  0.49129004735884291  0.50207153819777861  0.51275875529947990  0.52323481366048596
  0.53324604389165964  0.54335930121631992  0.55364900193480993  0.56392864870730419
  0.57399564343862153  0.58491881738200202  0.59653523591633961  0.60826776528768178
  0.61966530774591644  0.63123463850929540  0.64333069173101776  0.65551936971929758
  0.66741697594547411  0.67878398799577222  0.68969369393469682  0.70055433633308217
  0.71161499705242059  0.72341508206444793  0.73462011673773775  0.74522986836353855
  0.75549232679419009  0.76572251484933940  0.77628071893540729  0.78710060560350603
  0.79798438356033630  0.80912084241261906  0.81949323453277378  0.82965356153941860
  0.83953239118862844  0.84962785360968429  0.85974657646807606  0.86971697104902523
  0.87937210874304328  0.88927703207778885  0.89912207140793232  0.90917461255675958
  0.91918501239138095  0.92992768182314134  0.94064107081260440  0.95209977675970969
  0.96375190105567321  0.97557683817098850  0.98751565530110186  1.00000000000000000
  0.01147150276396764  0.01398805086304439  0.01575555666341940  0.01714161908888172
  0.01833771550423728  0.01944330295783586  0.02047355006679549  0.02145810141795937
  0.02244650118496383  0.02344954188140814  0.02445914677125970  0.02543741524470798
  0.02636892834606769  0.02724397656732858  0.02808209199073806  0.02890275846390076
  0.02976039841316656  0.03062815060129548  0.03151908275262093  0.03239942687522648
  0.03334988506858193  0.03431460662013096  0.03530186154405294  0.03628242543075030
  0.03726576460546647  0.03827981489343342  0.03934025442993794  0.04046052912340643
  0.04160771802274487  0.04274731965780316  0.04388827646398219  0.04504119671105891
  0.04622959795084541  0.04747134590135368  0.04877369086375642  0.05020555906618245
  0.05172096828523638  0.05320821034624364  0.05465058146151948  0.05602682789614892
  0.05739530457670224  0.05877487996432616  0.06020028555328380  0.06169794483835790
  0.06323297398024955  0.06480495435775060  0.06643917995359645  0.06801977451305839
  0.06961039860291408  0.07130431186591435  0.07310945221080885  0.07507481546166787
  0.07710659855755715  0.07934831199209777  0.08159925215361104  0.08404979922036875
  0.08663972362702024  0.08950412675626197  0.09266578347929411  0.09591022096072356
  0.09910609921755227  0.10239568315957683  0.10591746153901722  0.10956499977740705
  0.11309446410509486  0.11667602028596490  0.12043292327819578  0.12425799702573465
  0.12812179945581434  0.13231585301360010  0.13702834047790258  0.14199180891067104
  0.14672798318931302  0.15209909462290608  0.15793428260762502  0.16429698484355951
  0.17131105746009742  0.17939565014803444  0.18830991350524717  0.19565714532275824
  0.20256539856281261  0.21073771158738386  0.22064485446608317  0.22984901197182797
  0.24215238081768700  0.25684643657899120  0.26799863259121798  0.27904352721551673
  0.29224865395091254  0.30629939313712329  0.32423332406531596  0.35383411501665013
  0.38507843772312200  0.45260566220351828  0.59896593961085509  1.00000000000000000
 -0.00000464791262945  0.00002613383676819  0.00005908489839972  0.00008786944294905
  0.00011542095511597  0.00014551456818232  0.00017920982030461  0.00021461082875325
  0.00025218467468052  0.00029249965431123  0.00033599560473002  0.00038101778880685
  0.00042555265941359  0.00047140171671399  0.00052207425384135  0.00057770330293179
  0.00063603527146867  0.00069577494692130  0.00075992360769686  0.00083035718732170
  0.00090710698843543  0.00098480212990222  0.00106330437645475  0.00114137818544665
  0.00122307415567280  0.00131115674973899  0.00140222643626882  0.00149932122490509
  0.00160367374223360  0.00170404640293418  0.00180308891112651  0.00190189980735147
  0.00200059250091493  0.00209871063952541  0.00219891022287899  0.00230188332393995
  0.00240791200806398  0.00252134998636542  0.00264151011167360  0.00276511757538997
  0.00290007691453422  0.00303810548622732  0.00318133991354138  0.00332939737951199
  0.00348411296504810  0.00365055457653171  0.00382630222838220  0.00400480153925446
  0.00418939092842214  0.00438713148998411  0.00459288614987829  0.00480059007739430
  0.00500492840564792  0.00521554313762754  0.00544574657534704  0.00569407356773642
  0.00595848765532622  0.00625674010374350  0.00654521862051524  0.00682750780592250
  0.00711714109944944  0.00743108122605877  0.00776866888342869  0.00811857609760084
  0.00848401672388347  0.00887891065738189  0.00932930385270537  0.00984488710304376
  0.01036825184885041  0.01090445287364663  0.01148931975763806  0.01212427063298020
  0.01284737956419964  0.01372340487985842  0.01463556713110173  0.01558543716925781
  0.01659583078181618  0.01772053525165141  0.01900527578371691  0.02047254390376805
  0.02210674900299143  0.02382593321956612  0.02561742292209329  0.02763247124937005
  0.03000689262015218  0.03299146498811959  0.03691823450162162  0.04139506959177385
  0.04731367588877803  0.05472226424580896  0.06334134117268737  0.08041696016601332
  0.10731882028301874  0.19497682389134446  0.57604372572171414  1.00000000000000000
 -0.00229093215960259  0.00997117557356598  0.02055450280755248  0.03207403819871377
  0.04327826425209591  0.05451091687768136  0.06624594713500731  0.07818962218724913
  0.09006186177262035  0.10141624116311908  0.11320177799577015  0.12475611748084268
  0.13599676518787124  0.14664278476875234  0.15696797529842332  0.16764552996676191
  0.17861909813991875  0.18965639252402108  0.20015494119595659  0.21115001876939449
  0.22227204381295848  0.23362375597360632  0.24399948690374865  0.25430249582869202
  0.26411956909118006  0.27400906003614134  0.28440885784206776  0.29537221000217739
  0.30599272386513021  0.31552732423604313  0.32459414306050610  0.33363570969192158
  0.34300760390027263  0.35274884600751755  0.36288687021333732  0.37320257832050352
  0.38363505790187419  0.39395928775487432  0.40434945515040638  0.41500913292297464
  0.42584499642304219  0.43693526134615640  0.44716366232709404  0.45716228195914455
  0.46689032228343180  0.47667818066579021  0.48613091911976020  0.49556446255652786
  0.50574011267626906  0.51651498012826458  0.52716730731353745  0.53801928006129496
  0.54844800999187182  0.55840581686951363  0.56814880553153935  0.57757907463443126
  0.58731765740074049  0.59737637185042802  0.60767179465771126  0.61811768790284638
  0.62855989152950953  0.63925145652735926  0.64986479619594140  0.66002852131071343
  0.67028413901766470  0.68079527308056864  0.69131750361517119  0.70207928432963329
  0.71289525914605112  0.72434380491934591  0.73559093822707178  0.74589571269019384
  0.75607876213234826  0.76614854460266169  0.77626598999681784  0.78591061772353987
  0.79561932409426672  0.80559529386683271  0.81575856888181497  0.82601160179288324
  0.83664702727956108  0.84803972171144648  0.85888275670627179  0.86939397223713888
  0.88055681469162972  0.89231944621375492  0.90328578812392524  0.91407788116360955
  0.92506204195670971  0.93639088805609350  0.94722776033500822  0.95800749384367090
  0.96883320430281405  0.97924842321117223  0.98975083733647229  1.00000000000000000
 -0.00251560039546186  0.00939594519853394  0.02020032221073503  0.03119818128869517
  0.04242619066289571  0.05361719953875618  0.06454782820111316  0.07559184281944906
  0.08636576406167208  0.09691380749674837  0.10773371207612888  0.11882914787069315
  0.12992329968910088  0.14082055688110237  0.15190848898946177  0.16324686299346372
  0.17399756275373862  0.18433512179931419  0.19478833337128873  0.20543753162855033
  0.21581418848482595  0.22566560920637074  0.23537689878913004  0.24516485295090978
  0.25492508185351209  0.26449329779878872  0.27397631393420407  0.28357321350205844
  0.29329219406588553  0.30309246439462206  0.31311438276368531  0.32271642592939426
  0.33206667554974656  0.34150784870432677  0.35158668685322048  0.36230438178808466
  0.37340002686363183  0.38427698144876865  0.39494729751355334  0.40573100896242531
  0.41713325860916256  0.42882929313660295  0.43980832094764971  0.45034848370356356
  0.46097479481238213  0.47243998933805037  0.48412905085583763  0.49571347680642269
  0.50678936365586558  0.51725107628871814  0.52691658111374118  0.53602272486639657
  0.54500052943003707  0.55393110694929171  0.56299172623172355  0.57231946576317116
  0.58208371799375236  0.59224764450907919  0.60282437910633557  0.61400595564777172
  0.62532719424403838  0.63563593541798069  0.64565179304868126  0.65693310281404105
  0.66839569422376977  0.67980709258435401  0.69068732932706101  0.70169751107412415
  0.71253012998884047  0.72337225896917712  0.73376962371629895  0.74350976138984892
  0.75347153785331578  0.76394756613451076  0.77653998740611418  0.78865787064555470
  0.80006143951202979  0.81083669513345835  0.82220672187731714  0.83278319323686789
  0.84232849596731763  0.85189244236372763  0.86224306575593468  0.87271579581636061
  0.88285226485257839  0.89252179893850281  0.90236188649623394  0.91252099078150339
  0.92276567629618478  0.93347218468743032  0.94426468064278046  0.95517741680173940
  0.96661969372094370  0.97789343862903877  0.98895591293402541  1.00000000000000000
 -0.00120248710236601  0.00587792946363908  0.01228710701294435  0.01853349900401997
  0.02461687265820395  0.03065223243299163  0.03683990477696193  0.04316808331537418
  0.04945462379521603  0.05576127905677307  0.06193288615234904  0.06779410805493323
  0.07365243444524537  0.07958552306501461  0.08567425968807434  0.09197976281821560
  0.09828889885442584  0.10474923667650642  0.11188713104016793  0.11904864554168007
  0.12604004685269374  0.13342796886488187  0.14081417279123742  0.14885413653297513
  0.15772456756117537  0.16655849082142504  0.17437950016490861  0.18182591257035460
  0.18915395337217500  0.19653780504608695  0.20377678343130967  0.21072454854742606
  0.21758577585728114  0.22454206697506637  0.23205598774290265  0.23984057044528007
  0.24772029817991700  0.25550843781833987  0.26335944787902776  0.27129747535440918
  0.27915295570588211  0.28702984073828641  0.29501788921441602  0.30310741180441458
  0.31117652556411790  0.31918992634309590  0.32738406958755856  0.33597171427696887
  0.34597522573370254  0.35587514226585198  0.36552520645383219  0.37496766512877538
  0.38483769101952542  0.39448136591075333  0.40365267343774242  0.41267302221513147
  0.42210744900535108  0.43195186075232228  0.44153334635428165  0.45084723490227685
  0.46049622840878507  0.46937524204271019  0.47824857485806471  0.48719425345875117
  0.49639815663521775  0.50584017847781226  0.51520579151916768  0.52524353697633575
  0.53667083390356995  0.54817035467711617  0.56003513340791333  0.57177398196624329
  0.58372446693702573  0.59510393695444208  0.60717711200479585  0.62058144885365218
  0.63399562146321442  0.64703123622912218  0.65963336568588848  0.67186034578971787
  0.68410143431982240  0.69790080253860276  0.71302736091368679  0.72804779624345228
  0.74252754182777270  0.75738593033940338  0.77313590921496655  0.78996269117306206
  0.80897836865940542  0.82993003067892934  0.85166297091668908  0.87355157055680954
  0.89654874036686338  0.92287499545458840  0.95570511436942729  1.00000000000000000
 -0.00262601672605397  0.00987019117363180  0.02068459744358341  0.03139311660535587
  0.04239743565933835  0.05275158619654449  0.06338905661973440  0.07338073685264385
  0.08332046769601656  0.09269850460072812  0.10209016042672689  0.11232918137568239
  0.12287619879850721  0.13270989922826831  0.14240672430701820  0.15219958993687172
  0.16305562967285003  0.17405042735244530  0.18481431990994124  0.19558659471072629
  0.20653076645132207  0.21687262142475108  0.22728286197762268  0.23816336753308051
  0.24891651974303186  0.25866165031341165  0.26806018019740552  0.27846407977245619
  0.29006885422040862  0.30219842792034496  0.31404881966749360  0.32646680348636320
  0.33925489984173579  0.35184673225352420  0.36322843689992951  0.37354602770792944
  0.38441151487057124  0.39512089842716980  0.40529984724447626  0.41537658453689225
  0.42570201070535091  0.43629384426777312  0.44597978433018709  0.45567499275739293
  0.46601459690864916  0.47679076680311933  0.48738362902902749  0.49764800566761203
  0.50851842523011681  0.51994170767172576  0.53050103368532231  0.54147996812023336
  0.55257790788702954  0.56311013469359994  0.57273159363957693  0.58220470034619876
  0.59192601646588372  0.60130714802216489  0.61100129268299541  0.62091767875668458
  0.63075833812888149  0.64008432328367793  0.64949745437531925  0.65909748842799543
  0.66928628062795703  0.67940544417413662  0.68962563176942493  0.70079814217744629
  0.71159504827425901  0.72147666318441483  0.73154793822626563  0.74212650672689640
  0.75264078072601048  0.76345310595094906  0.77462938946524629  0.78621255765092268
  0.79732643073608889  0.80833332518258794  0.81915214790119784  0.82993249082582055
  0.84128064527149249  0.85239493060152316  0.86275433040360894  0.87284757300541649
  0.88390343825753492  0.89504414008595246  0.90606511667287282  0.91687878564998970
  0.92766725469228895  0.93800638247874324  0.94809971764121082  0.95776982725089921
  0.96800781130246261  0.97824698957221456  0.98941522582784869  1.00000000000000000
 -0.00296467779846667  0.01135706342293476  0.02306401473340431  0.03458721283079503
  0.04540359019996985  0.05605971766045108  0.06706925411914680  0.07804321445981996
  0.08894321710438544  0.09931394301503374  0.10939549820472708  0.11957960828623421
  0.12928830823311810  0.13896829056953308  0.14917781244624248  0.15991662981172497
  0.17065120779691084  0.18129738434132694  0.19290425156845267  0.20588485068121926
  0.21811399925784175  0.22923289961686610  0.23942533535946317  0.24964080562745680
  0.25972611810780155  0.26945157343347298  0.27931214502776575  0.28931715667028146
  0.29970254885203518  0.31017484430280173  0.32102688549706787  0.33214843555823731
  0.34245034222965737  0.35244541757692915  0.36321574716904298  0.37380320047592702
  0.38387091352770025  0.39360182034920188  0.40425937862296768  0.41502580671292522
  0.42498415887929952  0.43476597354946306  0.44449039753157876  0.45443979267883289
  0.46448002672355004  0.47494463430771727  0.48576694549284222  0.49715758600040316
  0.50825468238961946  0.51935023884687492  0.53019520373989304  0.54141428831450356
  0.55272546846943649  0.56366074281459444  0.57374820918725633  0.58370303326622131
  0.59347374950866205  0.60310694718867064  0.61269710929164034  0.62273572592958526
  0.63306972548399754  0.64305558062238488  0.65263877009951032  0.66246268341874648
  0.67326896733045039  0.68501110137745103  0.69644571548344791  0.70763803636552836
  0.71916087187480138  0.73026217177960195  0.74068812216034230  0.75062241161346077
  0.76114793745635001  0.77209119470962695  0.78298715954641052  0.79356441075898565
  0.80331930265083962  0.81240752470685218  0.82104703155078451  0.83022205867373222
  0.84018976309592985  0.85013604374039997  0.85994260617367702  0.86983832313062470
  0.88034849670073523  0.89167618202822529  0.90286500957322213  0.91370856809312628
  0.92424312317436852  0.93500431907748893  0.94666208442877775  0.95840619253888903
  0.96923631329300775  0.97954583808792017  0.98973136175954091  1.00000000000000000
  0.00046773515008185  0.31606026292567846  0.41157254390204134  0.46901181601329628
  0.50796011102664174  0.54110256122289468  0.56692103054277410  0.58974961125742265
  0.60913813748261192  0.62647593836147808  0.64207122435810837  0.65660202228886000
  0.67026246314977700  0.68239013892538281  0.69335735597490844  0.70361325092028115
  0.71333856179760735  0.72278498512676692  0.73157246379871155  0.73973911295414230
  0.74734693975514876  0.75446057273478695  0.76130600660198133  0.76807455068918851
  0.77428360091968396  0.77986829006871772  0.78529772118240759  0.79079077766778849
  0.79582024310164767  0.80074089618969446  0.80565299666149759  0.81048334024198432
  0.81509332868880335  0.81946931027543712  0.82361778781835449  0.82763299705029902
  0.83159781634966279  0.83559106990286403  0.83965649819204646  0.84369227159654558
  0.84759181285399543  0.85134894272462258  0.85497615787875214  0.85829906983595106
  0.86154754836499681  0.86472953705907929  0.86791563687704243  0.87102526914388723
  0.87398584388366407  0.87678657631849222  0.87943683674973716  0.88201775482511036
  0.88476465498478041  0.88756163311906966  0.89035334176033065  0.89312276449247097
  0.89571654185145699  0.89804088641130719  0.90028253774045564  0.90247929224320100
  0.90472987663550042  0.90697236023472283  0.90924493337309686  0.91157446885538373
  0.91389613977396156  0.91613361155854312  0.91825856574412434  0.92031584670641176
  0.92236813083008162  0.92441579934212192  0.92648259169583302  0.92855696083128492
  0.93064627680531831  0.93275352567177605  0.93485331846832465  0.93699950100621821
  0.93919519705758558  0.94142157326162790  0.94365823429154094  0.94590384338365074
  0.94821413181986347  0.95062439849571601  0.95310251980293093  0.95563243895481653
  0.95838562002613181  0.96151858177457261  0.96533720960641123  0.97020154051340257
  0.97509689415380540  0.97889360638257994  0.98211157543679628  0.98508692758317418
  0.98801392802196097  0.99117096960539042  0.99504170776796730  1.00000000000000000
   2.6158923918132148E-012  -1.0000000000000000     
 F F F F F F F F F F F F F F F F F F F F F F F F F F F F F F F F F F F F F F F F F F F F F F F F F F F F F F F F F F F F F F F F
  <DiscreteSampler_grid>
  grouped_processes
  1 # 1 for a reference and 2 for a running grid.
  10 # Attribute 'min_bin_probing_points' of the grid.
  1 # Attribute 'grid_mode' of the grid. 1=='default',2=='initialization'
  0.0000000000000000 # Attribute 'small_contrib_threshold' of the grid.
  0.5000000000000000 # Attribute 'damping_power' of the grid.
 # binID   n_entries weight   weight_sqr   abs_weight
    10   10   1.962925986160494E+000   1.879995786959767E+001   1.962925986160494E+000
  </DiscreteSampler_grid>
