  0.03276294379667264  0.03562401668457595  0.03848508957247924  0.04134616246038255
  0.04771964819322520  0.05453624066006579  0.06135283312690637  0.07009524673252170
  0.07922733618401856  0.08835942563551548  0.09749151508701244  0.12832057639561911
  0.21809723162815386  0.30787388686068862  0.37526533407872714  0.37631700012757008
  0.37736866617641307  0.37842033222525601  0.37947199827409894  0.38052366432294188
  0.38157533037178482  0.38262699642062775  0.38367866246947069  0.38473032851831362
  0.38578199456715662  0.38683366061599955  0.38788532666484249  0.38893699271368543
  0.38998865876252836  0.39104032481137130  0.39209199086021423  0.39314365690905717
  0.39419532295790016  0.39524698900674310  0.39629865505558604  0.39735032110442897
  0.39840198715327196  0.39945365320211490  0.40050531925095784  0.40155698529980083
  0.40260865134864376  0.40366031739748670  0.40471198344632964  0.40576364949517263
  0.40681531554401557  0.40786698159285850  0.40891864764170149  0.40997031369054443
  0.41102197973938737  0.41207364578823036  0.41312531183707329  0.41417697788591623
  0.41522864393475922  0.41628030998360216  0.41733197603244510  0.41838364208128803
  0.41943530813013097  0.42048697417897396  0.42153864022781690  0.42259030627665983
  0.42364197232550277  0.42469363837434571  0.42574530442318864  0.42679697047203158
  0.42784863652087451  0.42890030256971751  0.42995196861856044  0.43100363466740338
  0.43205530071624632  0.43310696676508925  0.43415863281393219  0.43521029886277512
  0.43626196491161812  0.43731363096046105  0.44264959211304777  0.44890831152667193
  0.45516703094029604  0.46142575035392025  0.46768446976754446  0.47394318918116868
  0.48020190859479289  0.48646062800841705  0.49271934742204121  0.49897806683566537
  0.54851129239374419  0.56688100894195181  0.58525072549015944  0.60362044203836718
  0.65304132334616749  0.66724296727060162  0.68057751014528656  0.73067003430238031
  0.82044668953491495  0.91022334476744982  0.98017251239029957  1.00000000000000000
 -0.00003438471028739  0.00007111659502499  0.00017782963920596  0.00028619222884679
  0.00083707273778351  0.00122040215550932  0.00130778547907883  0.00133961325065535
  0.00137102903675562  0.00140244482285588  0.00143315519016771  0.00146332763862924
  0.00149350008709078  0.00152367253555231  0.00155561523993125  0.00158828938958600
  0.00162096353924074  0.00165363768889549  0.00169884650433660  0.00174626253892939
  0.00179367857352218  0.00251955649525769  0.00316344401343004  0.00327401865218796
  0.00338514623804473  0.00350481476169363  0.00362448328534254  0.00375142850227405
  0.00388093881054339  0.00428479671013300  0.00430104990508386  0.00431730310003473
  0.00433355629498559  0.00434980948993646  0.00436606268488732  0.00438231587983818
  0.00439856907478905  0.00441482226973991  0.00443107546469078  0.00444732865964164
  0.00446358185459250  0.00447983504954337  0.00449608824449423  0.00451234143944510
  0.00452859463439596  0.00454484782934683  0.00456110102429769  0.00457735421924855
  0.00459360741419942  0.00460986060915028  0.00462611380410115  0.00464090560702273
  0.00465437501286743  0.00466784441871212  0.00468131382455682  0.00469478323040152
  0.00470825263624622  0.00472172204209092  0.00473519144793561  0.00474866085378031
  0.00476213025962501  0.00477559966546971  0.00478906907131441  0.00480253847715910
  0.00481600788300380  0.00482947728884850  0.00484294669469320  0.00485641610053790
  0.00486988550638259  0.00488335491222729  0.00489682431807199  0.00491029372391669
  0.00492376312976139  0.00493723253560608  0.00495070194145078  0.00496417134729548
  0.00497764075314018  0.00499111015898488  0.00500457956482957  0.00543556029177389
  0.00770079888468878  0.01089909343257858  0.01543147776550645  0.01870292626234597
  0.01870292626235597  0.01870292626236596  0.01870292626237596  0.01870292626238596
  0.01870292626239596  0.01870292626240596  0.01870292626241596  0.01870292626242596
  0.01870292626243596  0.01870292626244596  0.01870292626245595  1.00000000000000000
 -0.00000467614926679  0.00006616073208536  0.00007021213477870  0.00007426353747204
  0.00007832811775487  0.00008240377400613  0.00008647943025739  0.00009360385462383
  0.00012245736506569  0.00020171656522809  0.00024903015514630  0.00026940981363529
  0.00029127630692363  0.00030406448109141  0.00031662081476076  0.00032971198329519
  0.00034380567211577  0.00035789936093635  0.00037317626813029  0.00038886313844638
  0.00040273414474028  0.00040521089263983  0.00040768764053938  0.00041016438843892
  0.00041264113633847  0.00041511788423802  0.00041759463213757  0.00042007138003711
  0.00042254812793666  0.00042502487583621  0.00042750162373576  0.00042997837163530
  0.00043245511953485  0.00043493186743440  0.00043740861533395  0.00043988536323349
  0.00044236211113304  0.00044483885903259  0.00044731560693213  0.00045000840091287
  0.00045276512582715  0.00045552185074143  0.00045827857565571  0.00046103530057000
  0.00046379202548428  0.00046654875039856  0.00046930547531285  0.00047206220022713
  0.00047481892514141  0.00047757565005569  0.00048033237496998  0.00048308909988426
  0.00048584582479854  0.00048860254971283  0.00049135927462711  0.00049411599954139
  0.00049687272445567  0.00049975592379182  0.00050282427493665  0.00050589262608148
  0.00050896097722631  0.00051202932837114  0.00051509767951597  0.00051816603066080
  0.00052123438180562  0.00052430273295045  0.00052737108409528  0.00053043943524011
  0.00053350778638494  0.00053657613752977  0.00053964448867460  0.00054271283981943
  0.00054578119096425  0.00054884954210908  0.00055191789325391  0.00056654988313987
  0.00093231953588669  0.00153547199610011  0.00252531857884326  0.00415703348593430
  0.00446232729217279  0.00468935713500215  0.00491995465803062  0.00515122065005543
  0.00686729617828449  0.01129369595667912  0.01859289260746311  0.02300958388833961
  0.02300958388834961  0.02300958388835960  0.02300958388836960  0.02300958388837960
  0.02300958388838960  0.02300958388839960  0.02300958388840960  1.00000000000000000
  0.00517791112263996  0.16735396657111024  0.16804126647555370  0.16872856637999720
  0.16941586628444066  0.17010316618888416  0.17079046609332763  0.17147776599777112
  0.17216506590221459  0.17285236580665808  0.17353966571110155  0.17422696561554504
  0.17491426551998851  0.17560156542443200  0.17628886532887547  0.17697616523331897
  0.17766346513776243  0.17835076504220593  0.17903806494664942  0.17972536485109289
  0.18041266475553638  0.18109996465997985  0.18178726456442335  0.18247456446886681
  0.18316186437331031  0.18384916427775377  0.18453646418219727  0.18522376408664074
  0.18591106399108423  0.18659836389552770  0.18728566379997119  0.18811765011083637
  0.18901520495108087  0.18991275979132535  0.19081031463156986  0.19170786947181434
  0.19260542431205885  0.19350297915230333  0.19440053399254781  0.19529808883279232
  0.19619564367303680  0.19709319851328130  0.19799075335352578  0.19888830819377029
  0.19978586303401477  0.20068341787425925  0.20158097271450376  0.20247852755474824
  0.20337608239499275  0.20427363723523723  0.20517119207548171  0.20606874691572621
  0.20696630175597069  0.20786385659621520  0.24913014482896351  0.33343889917123054
  0.34019880003809266  0.34695870090495479  0.35371860177181691  0.36047850263867898
  0.36723840350554104  0.37399830437240311  0.38075820523926518  0.38751810610612725
  0.39427800697298931  0.40020816548303617  0.40589036517181287  0.41157256486058963
  0.41725476454936639  0.42293696423814309  0.42861916392691979  0.43430136361569649
  0.43998356330447319  0.44566576299324984  0.45134796268202654  0.45703016237080324
  0.52116837386410364  0.52954512076587035  0.53792186766763705  0.54629861456940376
  0.55467536147117036  0.56305210837293707  0.57142885527470366  0.57980560217647026
  0.63284897394461959  0.71838798039464358  0.77744516494619587  0.79453513377618379
  0.81162510260617171  0.82871507143615952  0.89575693576242876  0.92663243413631147
  0.93860902382386868  0.94490753934690586  0.94813800255457559  1.00000000000000000
  0.04862415393193568  0.05289302978311741  0.05716190563429913  0.06143078148548086
  0.06781736602770697  0.07491161801759311  0.08200587000747925  0.15320223979841169
  0.23018262129807157  0.23892573783619597  0.24766885437432037  0.25641197091244478
  0.26515508745056915  0.27389820398869358  0.28264132052681806  0.29138443706494255
  0.37484422068709305  0.41974316339547030  0.42573530957867717  0.43172745576188404
  0.43753660154238577  0.43853532581331822  0.43953405008425067  0.44053277435518312
  0.44153149862611557  0.44253022289704802  0.44352894716798047  0.44452767143891297
  0.44552639570984542  0.44652511998077787  0.44752384425171032  0.44852256852264277
  0.44952129279357522  0.45052001706450767  0.45151874133544012  0.45251746560637263
  0.45351618987730508  0.45451491414823753  0.45551363841916997  0.45651236269010242
  0.45751108696103487  0.45850981123196732  0.45950853550289983  0.46050725977383228
  0.46150598404476473  0.46250470831569723  0.46350343258662968  0.46450215685756213
  0.46550088112849464  0.46649960539942709  0.46749832967035954  0.46849705394129204
  0.46949577821222449  0.47049450248315694  0.47149322675408939  0.47249195102502189
  0.47349067529595434  0.47448939956688679  0.47548812383781930  0.47648684810875175
  0.47748557237968420  0.47848429665061670  0.47948560573098625  0.48049249019537510
  0.48149937465976389  0.48250625912415268  0.48351314358854153  0.48452002805293032
  0.48552691251731911  0.48653379698170796  0.48754068144609675  0.48854756591048554
  0.48955445037487438  0.49056133483926317  0.49156821930365202  0.49257510376804081
  0.49358198823242960  0.49458887269681845  0.49559575716120724  0.49660264162559603
  0.49760952608998488  0.49861641055437367  0.49962329501876246  0.54359051695268157
  0.55722473045430987  0.57085894395593806  0.58449315745756636  0.59812737095919477
  0.65204615578010927  0.68126229739812494  0.69823858074085321  0.74214368294129318
  0.82809578862752453  0.84487146536509194  0.84487146536510194  1.00000000000000000
  0.07555937369664506  0.23693753969062270  0.24470841271457866  0.25270900260081874
  0.26119988160896851  0.26969076061711833  0.28561656307692557  0.30269840617324428
  0.31978024926956294  0.35058249658044244  0.43408139730224143  0.51758029802404038
  0.60107919874583959  0.66950720661568475  0.68274913794719105  0.69599106927869725
  0.70923300061020356  0.72247493194170986  0.73257448445611084  0.73946375692664745
  0.74635302939718406  0.75045798938574104  0.75143112939420109  0.75240426940266114
  0.75337740941112130  0.75435054941958135  0.75532368942804140  0.75629682943650145
  0.75726996944496150  0.75824310945342155  0.75921624946188171  0.76018938947034176
  0.76116252947880181  0.76213566948726186  0.76310880949572191  0.76408194950418196
  0.76505508951264201  0.76602822952110217  0.76700136952956222  0.76797450953802227
  0.76894764954648231  0.76992078955494236  0.77089392956340241  0.77186706957186257
  0.77284020958032262  0.77381334958878267  0.77478648959724272  0.77575962960570288
  0.77673276961416293  0.77770590962262298  0.77867904963108303  0.77965218963954319
  0.78062532964800324  0.78159846965646329  0.78257160966492334  0.78354474967338350
  0.78451788968184355  0.78549102969030360  0.78646416969876365  0.78743730970722381
  0.78841044971568386  0.78938358972414391  0.79035672973260396  0.79132986974106412
  0.79230569795402517  0.79328294895138618  0.79426019994874730  0.79523745094610832
  0.79621470194346933  0.79719195294083034  0.79816920393819146  0.79914645493555247
  0.80012370593291349  0.80110095693027461  0.80207820792763562  0.80305545892499663
  0.80403270992235776  0.80500996091971877  0.80598721191707978  0.80696446291444091
  0.80794171391180192  0.80891896490916293  0.80989621590652405  0.81087346690388507
  0.81185071790124608  0.83383432584936024  0.83965310414744165  0.84547188244552307
  0.85129066074360449  0.85613161082887634  0.86001691794439261  0.86390222505990888
  0.86778753217542515  0.86974174181620278  0.86974174181621278  1.00000000000000000
 -0.00299190861720959  0.01394681888056915  0.02837342431064871  0.05175999978829776
  0.14564138147283856  0.19179495483574829  0.19954572141907909  0.20729648800240988
  0.21504725458574075  0.22279802116907163  0.23054878775240251  0.23829955433573330
  0.24605032091906409  0.29604078097205716  0.32834418088317041  0.34755668466673756
  0.36676918845030460  0.39621815865319504  0.39731866681420941  0.39841917497522378
  0.39951968313623815  0.40062019129725251  0.40172069945826688  0.40282120761928125
  0.40392171578029562  0.40502222394130993  0.40612273210232430  0.40722324026333867
  0.40832374842435304  0.40942425658536741  0.41052476474638178  0.41162527290739614
  0.41272578106841046  0.41382628922942483  0.41492679739043919  0.41602730555145356
  0.41712781371246793  0.41822832187348224  0.41932883003449661  0.42042933819551098
  0.42152984635652535  0.42263035451753966  0.42373086267855403  0.42483137083956840
  0.42593187900058271  0.42703238716159708  0.42813289532261145  0.42923340348362576
  0.43033391164464013  0.43143441980565445  0.43253492796666881  0.43363543612768318
  0.43473594428869750  0.43583645244971186  0.43693696061072623  0.43803746877174055
  0.43913797693275491  0.44023848509376928  0.44133899325478360  0.44243950141579796
  0.44354000957681233  0.44464051773782665  0.44574102589884101  0.44684153405985538
  0.44794204222086970  0.44904255038188406  0.45014305854289843  0.45124356670391275
  0.45234407486492711  0.45344458302594148  0.45454509118695580  0.45564559934797016
  0.45674610750898453  0.45784661566999885  0.46366075239719007  0.47321265679955332
  0.48276456120191652  0.49231646560427972  0.50186837000664286  0.51142027440900595
  0.52219798322612687  0.61607936491066795  0.70996074659520869  0.79251572803479975
  0.79906258900059990  0.80560944996640016  0.81215631093220042  0.81870317189800057
  0.82525003286380083  0.83179689382960098  0.83834375479540124  0.84489061576120161
  0.85143747672700187  0.90891171664143999  0.97201114028063151  1.00000000000000000
  0.13034122784932453  0.25533163743772058  0.26066327487544122  0.26599491231316180
  0.27138555745043935  0.27735506428763129  0.28332457112482323  0.28929407796201517
  0.34328209084470318  0.40108427989745044  0.41466922772870179  0.42825417555995304
  0.44183912339120424  0.45542407122245543  0.52565040361459026  0.55591445695924313
  0.57343878490776379  0.59096311285628467  0.62500336286408387  0.62600592838755853
  0.62700849391103330  0.62801105943450808  0.62901362495798274  0.63001619048145752
  0.63101875600493229  0.63202132152840695  0.63302388705188173  0.63402645257535650
  0.63502901809883117  0.63603158362230594  0.63703414914578060  0.63803671466925538
  0.63903928019273015  0.64004184571620482  0.64104441123967959  0.64204697676315436
  0.64304954228662903  0.64405210781010380  0.64505467333357858  0.64605723885705324
  0.64705980438052801  0.64806236990400279  0.64906493542747756  0.65006750095095223
  0.65107006647442700  0.65207263199790177  0.65307519752137655  0.65407776304485121
  0.65508032856832599  0.65608289409180076  0.65708545961527554  0.65808802513875020
  0.65909059066222497  0.66009315618569975  0.66109572170917441  0.66209828723264919
  0.66310085275612396  0.66410341827959873  0.66510598380307340  0.66610854932654817
  0.66710924519570303  0.66810759323999314  0.66910594128428325  0.67010428932857335
  0.67110263737286358  0.67210098541715368  0.67309933346144379  0.67409768150573390
  0.67509602955002401  0.67609437759431412  0.67709272563860423  0.67809107368289434
  0.67908942172718456  0.68008776977147467  0.68108611781576478  0.68208446586005489
  0.68308281390434500  0.68408116194863511  0.68507950999292522  0.68607785803721533
  0.68707620608150544  0.69156751329435184  0.69863524418379064  0.70570297507322954
  0.71277070596266845  0.71983843685210747  0.72690616774154637  0.78743095890535464
  0.87309279945376306  0.92094653006846972  0.92965735521017201  0.93818719879241164
  0.94508215846912302  0.95197711814583441  0.95551830927530923  1.00000000000000000
  0.21442406972249364  0.22137565498564737  0.22832724024880113  0.23841386245370957
  0.24893104166744351  0.31290391196194017  0.38292468345624731  0.45294545495055444
  0.52296622644486157  0.56429648700713508  0.56842255433820166  0.57254862166926823
  0.57667468900033492  0.58080075633140149  0.58492682366246807  0.58905289099353475
  0.59317895832460132  0.59730502565566801  0.60143109298673458  0.60555716031780127
  0.60968322764886784  0.61380929497993442  0.61793536231100099  0.62206142964206756
  0.64515222911656078  0.71517300061086797  0.78519377210517516  0.85521454359948235
  0.91675638988671315  0.91748958475893094  0.91822277963114873  0.91895597450336652
  0.91968916937558431  0.92042236424780211  0.92115555912001990  0.92188875399223769
  0.92262194886445548  0.92335514373667327  0.92408833860889106  0.92482153348110885
  0.92555472835332664  0.92628792322554443  0.92702111809776222  0.92775431296998001
  0.92848750784219791  0.92922070271441570  0.92995389758663349  0.93068709245885128
  0.93142028733106907  0.93215348220328687  0.93288667707550466  0.93361987194772245
  0.93435306681994024  0.93508626169215803  0.93581945656437582  0.93655265143659361
  0.93728584630881140  0.93787479512450478  0.93840422876765850  0.93893366241081222
  0.93946309605396605  0.93999252969711977  0.94052196334027349  0.94105139698342732
  0.94158083062658104  0.94211026426973488  0.94263969791288860  0.94316913155604232
  0.94369856519919615  0.94422799884234987  0.94475743248550359  0.94528686612865742
  0.94581629977181114  0.94634573341496486  0.94687516705811869  0.94740460070127241
  0.94793403434442625  0.94846346798757997  0.94899290163073369  0.94952233527388752
  0.95005176891704124  0.95058120256019496  0.95111063620334879  0.95164006984650251
  0.95216950348965623  0.95269893713281006  0.95322837077596378  0.95375780441911751
  0.95428723806227134  0.95481667170542506  0.95534610534857889  0.95587553899173261
  0.95640497263488633  0.95693440627804016  0.95714879433314004  1.00000000000000000
   1.4508415680707322E-010  -1.0000000000000000     
 F F F F F F F F F F F F F F F F F F F F F F F F F F F F F F F F F F F F F F F F F F F F F F F F F F F F F F F F F F F F F F F F
  <DiscreteSampler_grid>
  grouped_processes
  1 # 1 for a reference and 2 for a running grid.
  10 # Attribute 'min_bin_probing_points' of the grid.
  1 # Attribute 'grid_mode' of the grid. 1=='default',2=='initialization'
  0.0000000000000000 # Attribute 'small_contrib_threshold' of the grid.
  0.5000000000000000 # Attribute 'damping_power' of the grid.
 # binID   n_entries weight   weight_sqr   abs_weight
    10   10   1.430195423764008E+004   1.852494145215373E+009   1.430195423764008E+004
  </DiscreteSampler_grid>
