  0.00896467246686518  0.01757311725602807  0.02953681125714681  0.04288349330133857
  0.05412011822398116  0.06544196663418562  0.07595516058304898  0.08577378099099453
  0.09595949054250455  0.10625941740764380  0.11668374453863896  0.12657019176923368
  0.13703643672732485  0.14744356670493461  0.15799804022280384  0.16836444063267719
  0.17991947699671632  0.19140838248202438  0.20295142161428653  0.21396485215438416
  0.22470694046321843  0.23523732450192295  0.24592658512207252  0.25661876639205661
  0.26710212606973505  0.27814455316108133  0.28946777544148211  0.30047486040528071
  0.31123740793523891  0.32195128287678582  0.33297470378982280  0.34385192325126707
  0.35402783466320553  0.36367690357290255  0.37323850610664194  0.38343571247948133
  0.39438052661155387  0.40578176590830112  0.41731391567135290  0.42890437623882138
  0.44006131288032185  0.45055939838816544  0.46053680117696522  0.46979425721941509
  0.47924926903995474  0.48876572293940518  0.49828742184150937  0.50772622070454043
  0.51698650418551328  0.52714493239067861  0.53798136349646553  0.54799993200634689
  0.55785106446712318  0.56779237834925489  0.57771779817237601  0.58754305819286756
  0.59691648233302153  0.60626678291247782  0.61619822209424657  0.62636045695916298
  0.63683808494190941  0.64715547454526068  0.65792662002618418  0.66869178442855792
  0.67940583107352537  0.69017584299899126  0.70117388721336815  0.71243595961639694
  0.72384235725889290  0.73447787833478717  0.74492017578017522  0.75514519405362701
  0.76488879217094696  0.77519346222012198  0.78589714690866208  0.79695368605295480
  0.80821296037762369  0.81998862077678203  0.83170660260573293  0.84230178293411606
  0.85244936673996063  0.86264103569863382  0.87300560634604918  0.88315954767782479
  0.89338502142549669  0.90454321953800831  0.91640290898957188  0.92744642655658538
  0.93792535391617970  0.94709228885771557  0.95616837098593166  0.96468695821165373
  0.97337697702768233  0.98217310771402278  0.99125869090345764  1.00000000000000000
  0.01129293405733240  0.01421495110269265  0.01597190395904687  0.01733916105774862
  0.01850060326380650  0.01955192857891798  0.02054642855558429  0.02149430479116224
  0.02240196506868258  0.02329493122551022  0.02416477314217674  0.02508562013988587
  0.02607400188548996  0.02707344889913475  0.02805038766128764  0.02900263605071329
  0.02995914139906759  0.03090118632044000  0.03185729139778149  0.03285669439713584
  0.03381966733431459  0.03478213446022080  0.03575999711333390  0.03681295478787489
  0.03782887012187174  0.03884764064486906  0.03987867051116274  0.04088589614858198
  0.04185011085480794  0.04277212593083070  0.04377559691076157  0.04483750958851822
  0.04589202771484416  0.04696601686725078  0.04807706266794389  0.04928663449012510
  0.05057295020334773  0.05191013972998025  0.05330020227556408  0.05473653057855205
  0.05627566401653970  0.05792863256305489  0.05962693735125377  0.06129399643726933
  0.06291520371534731  0.06460377474900336  0.06624823493268371  0.06770562131846802
  0.06920157214844443  0.07077734084485475  0.07240845408771737  0.07408104824519314
  0.07579959708523520  0.07757424508540425  0.07957440162764873  0.08178960939206689
  0.08413147237522252  0.08645487356588324  0.08865176864995732  0.09096768220269955
  0.09345409081992376  0.09620375763599395  0.09928779803531125  0.10274231958979985
  0.10663154723562483  0.11101890308306900  0.11586612330036708  0.12069778276401967
  0.12517123578393582  0.12992385351823052  0.13492504861864754  0.14001033775997118
  0.14492921095181088  0.15017628093557417  0.15512332862372064  0.15930379774396128
  0.16344946338955496  0.16779919600835624  0.17302067604245769  0.18008517724470408
  0.19171633827598764  0.20345870168257757  0.21483301951812719  0.22363771761653911
  0.23335306149948179  0.24446164078701446  0.26042557057558424  0.28227155200702869
  0.31113103176609619  0.32533204081200978  0.34520080860038632  0.37184339006231498
  0.42667170372203606  0.45359934813931113  0.54638494653629122  1.00000000000000000
 -0.00000517543550994  0.00002827262667330  0.00006196234899578  0.00009056431014632
  0.00011766280960118  0.00014771360588988  0.00018006987173419  0.00021391612969723
  0.00025382473557274  0.00029955565103750  0.00034552396482039  0.00039199564715264
  0.00043842407842493  0.00048542010982348  0.00053453193685266  0.00058630231310434
  0.00064266957285259  0.00070158543341300  0.00076135118172643  0.00082371588865432
  0.00088904147098280  0.00095763993250073  0.00103146647462369  0.00111094209574149
  0.00119153540822208  0.00127064497878381  0.00135263494882831  0.00143470206150158
  0.00152032581054078  0.00160695456597463  0.00171258671526822  0.00182418630993070
  0.00193346782863106  0.00204469080290411  0.00215970971658339  0.00227523284664368
  0.00239133001112799  0.00250840334230560  0.00263723157880323  0.00275923974491492
  0.00288132949771782  0.00301088302697457  0.00314663423167234  0.00329085046003481
  0.00344435755897838  0.00360306586396251  0.00377000129741405  0.00394743737873716
  0.00413156234769994  0.00431480237184921  0.00450196924449361  0.00469591560107144
  0.00491142647850698  0.00514516560424650  0.00538607689469363  0.00563200932614464
  0.00589094972205586  0.00616626783735641  0.00644895420659579  0.00674248898442713
  0.00704192324704242  0.00738591963915715  0.00774857845024757  0.00812418393386897
  0.00851804820838116  0.00893441998545739  0.00937773455058093  0.00984034890269119
  0.01031573142804813  0.01081347666350125  0.01135452916142205  0.01194839809010244
  0.01261307644840737  0.01335117263088164  0.01412471966057766  0.01494237183515620
  0.01591356442049917  0.01695538230814643  0.01824719236567068  0.01962694317753068
  0.02105783597857858  0.02258395591837694  0.02416345634901679  0.02598670074023316
  0.02835424925361749  0.03122902480980299  0.03446208310202339  0.03839951619663273
  0.04383387117985000  0.05014273643868713  0.05775276538701364  0.06743621526235968
  0.08046202212257038  0.18064795950773271  0.40896800024039637  1.00000000000000000
 -0.00229466833707471  0.00928611265338633  0.01934882259695170  0.02994373715076759
  0.04023149093120313  0.05037486650903909  0.06083199936463068  0.07155789019069936
  0.08204841838126785  0.09168096425116541  0.10124964586598326  0.11125133039866406
  0.12206160395409588  0.13360353830813879  0.14524634200002706  0.15615239210617063
  0.16688909080796441  0.17763760291989777  0.18794682569653193  0.19704553419727083
  0.20608136611506581  0.21608169247868111  0.22691457857684064  0.23671640672868102
  0.24595616626578021  0.25623946715896495  0.26702922984794741  0.27769861566930587
  0.28805346026592898  0.29904637455860483  0.31039928644282355  0.32137199128326621
  0.33260224631099466  0.34417228590512217  0.35524472333599660  0.36521253536828174
  0.37522892846949690  0.38587900400992048  0.39654473545605157  0.40685830709837961
  0.41744816921025191  0.42908143334376025  0.44015974342682579  0.45007662293125106
  0.46032820246023631  0.47049678596110800  0.48047488016321066  0.49040721323219344
  0.50009839070293438  0.51059657749979748  0.52105006565350931  0.53196246285303395
  0.54266909408399233  0.55320942451036303  0.56405132364021138  0.57501938688955956
  0.58607195932089673  0.59643255362464331  0.60687594995075411  0.61716917435424978
  0.62725960771536959  0.63720884111650655  0.64782785904970575  0.65952771724692982
  0.67179780346810825  0.68395884708411525  0.69584046735900407  0.70733306145111208
  0.71842597882388615  0.72959446954041030  0.74117701205841835  0.75296570304158916
  0.76495875625671450  0.77645364504583747  0.78788105253330765  0.79968828827354710
  0.81194101664663032  0.82200251857651341  0.83227462919530582  0.84247344817300840
  0.85327222721566343  0.86341104790394529  0.87300303224551357  0.88326255263716613
  0.89376238473524050  0.90421737631089583  0.91467745539434764  0.92503312988130382
  0.93524726738441755  0.94428787250871504  0.95365747507560084  0.96249138389656319
  0.97250986383817495  0.98177265802437097  0.99113845620906837  1.00000000000000000
 -0.00227104458968323  0.01002105850102454  0.02056840325011081  0.03143662199866155
  0.04211866271230269  0.05276913022383606  0.06332355311909782  0.07339809002528518
  0.08334296765417322  0.09296655875887042  0.10241035957530278  0.11224941988886344
  0.12277742927167946  0.13413685393240063  0.14524927638418825  0.15610393438635109
  0.16725871820093602  0.17688144618591409  0.18732145463366828  0.19707931906081325
  0.20802536676619632  0.21816932290795552  0.22812977426370942  0.23834387150830127
  0.24909914846053691  0.25938531769980600  0.26950129728772121  0.27859154315317436
  0.28809450988255453  0.29826034250374756  0.30865320597754176  0.31963837954385937
  0.33101785400134687  0.34317267585852423  0.35422040696017132  0.36466924537354434
  0.37497318522478140  0.38500707553361430  0.39490680604389261  0.40457898544403886
  0.41449806769535363  0.42424396694378597  0.43341728185354600  0.44272706460727812
  0.45271782350645295  0.46337025378154589  0.47367131437423204  0.48395276519759167
  0.49483693190147415  0.50645305866818024  0.51859404253349295  0.53022557928740721
  0.54086220470832846  0.55085721852557401  0.56084259405662307  0.57120947086632490
  0.58159586927052764  0.59192405397330028  0.60235028245123234  0.61302755203409509
  0.62378756822022996  0.63491362361634496  0.64692616816192683  0.65949837251005283
  0.67176721248407145  0.68365449841371706  0.69474787706260066  0.70560342819563249
  0.71760082195626751  0.72902517339604267  0.73922297973506013  0.74933426971434380
  0.76061669313134239  0.77218382569938770  0.78277358292869625  0.79321029708157809
  0.80360721260240597  0.81383072080786345  0.82335985845699167  0.83350668346816703
  0.84445543587725291  0.85546050042010346  0.86540362320082798  0.87522498867866838
  0.88541045722986922  0.89563824113541690  0.90562670306286996  0.91555586558791813
  0.92606793625603867  0.93688990559700291  0.94832998911179189  0.95964193218072513
  0.97044888339329949  0.98082630469548415  0.99036982459534606  1.00000000000000000
 -0.00094221576121747  0.00428384072455634  0.00913174974780317  0.01425214118885545
  0.01945218956773247  0.02488693610030101  0.03035520336544558  0.03584164580603010
  0.04154430967485742  0.04746720796250050  0.05342683080397729  0.05952445761230137
  0.06597083558187283  0.07271321553984314  0.07939818389104952  0.08596297467914796
  0.09275868768607652  0.09944695329941346  0.10645496042520811  0.11343214464605583
  0.12038051514089143  0.12743404840310590  0.13415284281363934  0.14110823701725123
  0.14814047722324644  0.15507436622222737  0.16193990316306139  0.16881955286754691
  0.17583524262657518  0.18306540283305781  0.19053439391408081  0.19836008085369247
  0.20615241410186194  0.21385264528177281  0.22149267656975682  0.22928052963588408
  0.23667114873340023  0.24424885545528149  0.25176876396316261  0.25932014579064377
  0.26695919637030474  0.27454766908381023  0.28199809591816966  0.28941561794681164
  0.29689209648065423  0.30451366437434069  0.31288276835875234  0.32106906058204920
  0.32943233187104509  0.33793730648435882  0.34766208332720694  0.35734868301409134
  0.36726737538835352  0.37667786430750627  0.38606366403286341  0.39554741918819369
  0.40464525542636726  0.41380759303284942  0.42288161001086116  0.43203697077394526
  0.44145547742240543  0.45142164684900676  0.46165565787236679  0.47190083380858605
  0.48213764685115157  0.49274646839378122  0.50311193350333783  0.51328828453391284
  0.52390225498575838  0.53516513679397326  0.54655884740482008  0.55767229221046011
  0.56918505804313813  0.58151846073452229  0.59423510309050431  0.60686710351506634
  0.61921355214387697  0.63162062100061611  0.64497397802577472  0.65892879927462389
  0.67316196997473665  0.68752104834085903  0.70233782079556251  0.71788600940955205
  0.73368771034624458  0.75023429485144522  0.76702821562606172  0.78639916250263664
  0.80570574867951672  0.82588137192060662  0.84502724465285439  0.86426880109231430
  0.88652785604906947  0.91358790078097163  0.94893746259591316  1.00000000000000000
 -0.00239421960573919  0.00906091597584441  0.01894887217917063  0.02978672273024622
  0.04107362835032494  0.05321160891023453  0.06467922388312337  0.07534267041028661
  0.08561546670833695  0.09533640862633329  0.10468595907172368  0.11408966764970024
  0.12375095330772008  0.13406762522213592  0.14461238114426678  0.15483484249493387
  0.16503748662906545  0.17550402913481711  0.18632213989518401  0.19703000472159557
  0.20748332491493493  0.21734451636534821  0.22709253092025167  0.23672109063439870
  0.24650694245969318  0.25580678391184247  0.26527375498361278  0.27517795847535348
  0.28594984939938506  0.29606048861413825  0.30583650240077848  0.31543982461477205
  0.32534948338329528  0.33524775205838259  0.34563192296382877  0.35647900554803597
  0.36884975608153836  0.38105779334150425  0.39370207274120134  0.40446991803319526
  0.41552563540608878  0.42549960222723515  0.43530096242338873  0.44527024690696593
  0.45557669993535632  0.46610697409660384  0.47632805457981742  0.48612507286092072
  0.49585884122318880  0.50553735200665750  0.51554369974203040  0.52587109562143097
  0.53650688257902013  0.54728110559119847  0.55836617208801131  0.56972662881863867
  0.58150219280524029  0.59278853181063962  0.60423499972091621  0.61588406240956650
  0.62806271436788697  0.63944047611423582  0.65051916927159070  0.66136097316218423
  0.67318274831258440  0.68577636306944312  0.69654091241720251  0.70712090307588504
  0.71737348434247561  0.72807250282682301  0.73855133519199423  0.74873346213183001
  0.75908902233019737  0.77051322021610869  0.78128391586369161  0.79278724822032609
  0.80351665732136957  0.81420724213758411  0.82422331350949374  0.83491298016099458
  0.84613060778241234  0.85738647715066718  0.86857119408692118  0.87968582129965700
  0.89091251167872598  0.90141633779460495  0.91160047452537607  0.92194294025478651
  0.93227086508557278  0.94243326597057320  0.95224260942646932  0.96227787660048492
  0.97218384340360819  0.98176272245948748  0.99085595662769754  1.00000000000000000
 -0.00159993384676480  0.00727683879542949  0.01539493266305031  0.02393162572785400
  0.03233635530915772  0.04099012532626125  0.05037830288940128  0.06052670768433983
  0.07121519207615379  0.08191064696030712  0.09264651188564108  0.10332960725141434
  0.11415636766370657  0.12577239642662813  0.13849356124744586  0.15173352245357669
  0.16463365105685177  0.17751802263502056  0.18993249872812445  0.20161394507821551
  0.21191442163676583  0.22163715204794562  0.23135820975999880  0.24120562981000976
  0.25115566609090489  0.26084214104883235  0.27071003411908512  0.28107891575771193
  0.29209654951473180  0.30380289707403468  0.31512361539056138  0.32602497174540568
  0.33708061410947671  0.34887899722077670  0.36132636846295207  0.37369879058681799
  0.38530703684384171  0.39573980073782938  0.40587386448588064  0.41587914710886104
  0.42652652074431868  0.43736093016360161  0.44811610081792086  0.45867580252833090
  0.46928283242715257  0.47985649771527689  0.48992103252860386  0.49947905827090311
  0.50956971409373986  0.52040238663445360  0.53110477245904020  0.54182587662288706
  0.55207139160419916  0.56223317395710737  0.57154728609777283  0.58044922834204771
  0.58941555831397285  0.59886659491098038  0.60818416196139335  0.61757401965389236
  0.62745401165359005  0.63777020850920485  0.64807400477375765  0.65853733580076479
  0.66919105605498375  0.67950401182846421  0.68951402927655858  0.69932081804759028
  0.70932666163129665  0.71942308150598155  0.72961832889347156  0.74005739935386139
  0.75034595723646014  0.76034557715477091  0.77046126658198677  0.78081159304807368
  0.79096177632654285  0.80073389016967789  0.81075883437640106  0.82202345074665328
  0.83387425909372415  0.84525107661049037  0.85623617704687549  0.86729369169776349
  0.87878071920616274  0.88971876837118968  0.90027215270624683  0.91067464252048891
  0.92164677855930111  0.93325678860393446  0.94485500761350671  0.95613299317107503
  0.96697979951038593  0.97781958691642179  0.98880492905947504  1.00000000000000000
  0.00217924395533511  0.31423356570271055  0.40649443013838404  0.46397262406460299
  0.50581578149466433  0.53947391344576179  0.56771053504926294  0.59128231325917291
  0.61162231226883035  0.62930462975277213  0.64448153723084023  0.65823409250428055
  0.67099250900037111  0.68264887302020072  0.69361954983017116  0.70400100025656942
  0.71366097086949343  0.72229691470888724  0.73022832649219604  0.73783818211348051
  0.74531407936563532  0.75252089279346579  0.75931922348438563  0.76577577538267250
  0.77199460583407564  0.77808935961535530  0.78403556187468126  0.78991267365358853
  0.79523563215069826  0.80036781735832796  0.80545292322734485  0.81053072335295417
  0.81520488929042767  0.81947545288241552  0.82345482421374694  0.82737713865979978
  0.83132361618587769  0.83517485060031893  0.83890203352090043  0.84254793260486072
  0.84608883960080639  0.84954502308108759  0.85288913100604480  0.85605749971656453
  0.85918489071654314  0.86233769883187883  0.86548807067289224  0.86854311989032018
  0.87139228162803450  0.87410561398863795  0.87669452139671389  0.87920025092744614
  0.88168582220889757  0.88418918913039057  0.88675413550256843  0.88933051836688626
  0.89195626170618136  0.89456628880123623  0.89712387273983529  0.89962224548108782
  0.90206349892560445  0.90441693771763165  0.90677120490529772  0.90914214179744868
  0.91151911539329289  0.91386960223922087  0.91617445751015492  0.91845730574989659
  0.92071029902791568  0.92293989686684552  0.92516869195073548  0.92740248206795672
  0.92966760203211107  0.93200470175968808  0.93439272117405747  0.93688647260649938
  0.93939681689396337  0.94190798364721962  0.94435167719065116  0.94672388860206447
  0.94912489482149232  0.95163699680438030  0.95426196220507975  0.95711505054528667
  0.96024229563381114  0.96382511147813898  0.96827814908197352  0.97338086600134577
  0.97760328200350943  0.98081907894524567  0.98355058256628536  0.98613274951034302
  0.98877907974763768  0.99163629587085056  0.99528393038025598  1.00000000000000000
   5.7269646797415422E-019  -1.0000000000000000     
 F F F F F F F F F F F F F F F F F F F F F F F F F F F F F F F F F F F F F F F F F F F F F F F F F F F F F F F F F F F F F F F F
  <DiscreteSampler_grid>
  grouped_processes
  1 # 1 for a reference and 2 for a running grid.
  10 # Attribute 'min_bin_probing_points' of the grid.
  1 # Attribute 'grid_mode' of the grid. 1=='default',2=='initialization'
  0.0000000000000000 # Attribute 'small_contrib_threshold' of the grid.
  0.5000000000000000 # Attribute 'damping_power' of the grid.
 # binID   n_entries weight   weight_sqr   abs_weight
    10   10   5.859132077077271E-007   9.450434240260113E-013   5.859132077077271E-007
  </DiscreteSampler_grid>
