  0.00937036579316064  0.01647518952452388  0.02513628804006455  0.03358538479646045
  0.04212574339034912  0.05111051406813329  0.06039130108176417  0.06967850521133888
  0.07922054812801671  0.09072872119388206  0.10328648190128535  0.11537665135459081
  0.12747031972674328  0.13807242048472804  0.14823874406355816  0.15722359292399349
  0.16613267862104764  0.17521150588595719  0.18496360674272638  0.19592862287879742
  0.20690704692564546  0.21668360795594094  0.22553746396389474  0.23490629927348150
  0.24522142203331562  0.25489220301634358  0.26353094120438270  0.27224535306049835
  0.28302818492936405  0.29354423210155212  0.30347421354326082  0.31291645983692984
  0.32337331909725148  0.33427692525289443  0.34631652905497173  0.36013159423588165
  0.37587594807394897  0.39032201466883493  0.40040520488329961  0.40804633980183419
  0.41626670577459784  0.42528779305133363  0.43456824165524732  0.44250102615681586
  0.45047632777009505  0.45926002075259581  0.46978602163557392  0.47992425876530764
  0.49023926953071079  0.50086161792947614  0.51110917711651016  0.52048211723123883
  0.52959697787526083  0.53873766271910295  0.54809752955664182  0.55783289972286321
  0.56909799094630886  0.58083268403639032  0.59262958693845924  0.60300425471793306
  0.61261524319976257  0.62267368397157263  0.63263233761695770  0.64513616650316474
  0.65718602535182313  0.67019841433925453  0.68411557627829589  0.69635388956961908
  0.70776964738612758  0.71981349287806740  0.73158948062958862  0.74153060225158141
  0.75204403774842632  0.76241501925222355  0.77351035142040858  0.78362701382932509
  0.79375238506650125  0.80391017857985048  0.81433557284102087  0.82552618217487739
  0.83813077436377992  0.85097123670052210  0.86165220089636640  0.87067690882260118
  0.87901828023336470  0.88719576650206855  0.89591654377223451  0.90453933390753660
  0.91306664012441563  0.92242554516118991  0.93306618621660409  0.94492913810752444
  0.95779456230914384  0.97139385744548035  0.98524649833012168  1.00000000000000000
 -0.00000288000470347  0.00000835467654408  0.00002030191071313  0.00003184257145666
  0.00004282375370955  0.00005316931503560  0.00006283246163563  0.00007280582959658
  0.00008226898119083  0.00009168242974973  0.00010059868977214  0.00010905294603348
  0.00011839837677220  0.00012883386656323  0.00014025701669474  0.00015199589646191
  0.00016393093946730  0.00017414077540551  0.00018534678836275  0.00019744133227462
  0.00021086770372479  0.00022674292813232  0.00024410489769024  0.00026100622489636
  0.00027851673203697  0.00029483002055409  0.00031121473630015  0.00032883158806731
  0.00035107256070981  0.00036860365632123  0.00038559867540003  0.00040418892415910
  0.00042504950269090  0.00044614763272003  0.00046794492929948  0.00049196586409041
  0.00051929094601043  0.00055132970214163  0.00058759281899952  0.00062251434649895
  0.00065815854106293  0.00069347907534593  0.00072809125894834  0.00076375357476140
  0.00079863947381112  0.00083569668795953  0.00087366817542201  0.00091245763461280
  0.00095464198594142  0.00100041840659747  0.00104909514098844  0.00109908492167321
  0.00115227854029616  0.00121222805383360  0.00127896539923632  0.00134821120902307
  0.00141627766290041  0.00148818632332538  0.00156936441638038  0.00165799616549712
  0.00174604395459995  0.00183934923537381  0.00194387424671505  0.00207030190801735
  0.00221416830139733  0.00236470534861315  0.00253673860083264  0.00272952950365118
  0.00292349227852392  0.00311965550084655  0.00332933043671400  0.00353803326379707
  0.00373982122574636  0.00396862386566746  0.00423186517706031  0.00454316019230034
  0.00489726961590670  0.00533520201256029  0.00575665179922923  0.00621603959200162
  0.00674410884523991  0.00733051092643132  0.00795759621052414  0.00870485374073188
  0.00963763073409049  0.01085640752663142  0.01204933024014093  0.01347567267817603
  0.01552390129672256  0.01823226344897389  0.02210827691009556  0.02861474740560972
  0.03684171144280644  0.05284332417669906  0.07574379765492369  1.00000000000000000
  0.00000173081692168  0.00000912997509045  0.00001411488452998  0.00002079404381486
  0.00002700446091822  0.00003489306342884  0.00004680169986998  0.00006150773412210
  0.00007987290095811  0.00010054943634006  0.00012312928950075  0.00015053824630748
  0.00018163534996089  0.00021599617201409  0.00025392052527683  0.00029547620612462
  0.00033911032435159  0.00037825710851571  0.00042348572734488  0.00047008704374400
  0.00052341791192800  0.00058251859039740  0.00064663520104206  0.00071571413853550
  0.00078497310003905  0.00085584458757268  0.00092168418954964  0.00098430630417573
  0.00105614021381311  0.00113454354096899  0.00121918174441990  0.00130873425619269
  0.00139839843432601  0.00148916665847383  0.00158798920475763  0.00169026477131209
  0.00179520407135545  0.00191452501862773  0.00204190317221547  0.00216572417980802
  0.00229502743870550  0.00243202731910853  0.00257014377879480  0.00271243007780218
  0.00286352892211282  0.00302077827509999  0.00318387360307372  0.00333444165551502
  0.00349609684371279  0.00364713571544651  0.00377964564056924  0.00392319525634573
  0.00407810519744454  0.00422999392503742  0.00441687666663280  0.00460688575301307
  0.00479140837191582  0.00497138882229610  0.00515266542641031  0.00535789168604025
  0.00558432202120356  0.00583918832823522  0.00613805549588905  0.00646365415954639
  0.00683575997914020  0.00714696689365953  0.00743660358909570  0.00773257171879238
  0.00805744880927162  0.00845788459664966  0.00890060674380113  0.00935010643836436
  0.00989937631919323  0.01059250930305452  0.01137822952165204  0.01219508968892486
  0.01314788125671446  0.01417074883109981  0.01537976046317089  0.01669949298720236
  0.01805062758214206  0.01947251408939363  0.02097153049101353  0.02210205870779289
  0.02291650000768050  0.02381151919263648  0.02491024222415640  0.02639130996513067
  0.02790745963468572  0.02943696980886322  0.03116916046432622  0.03308317430130201
  0.03612854719486622  0.05185344477098704  0.06222722011873193  1.00000000000000000
 -0.00374544602086727  0.01146649205438349  0.02439382097925916  0.03711720268372169
  0.04863359551013549  0.05781435384982608  0.06681945349705870  0.07644285843588038
  0.08685524821664919  0.09712193494521006  0.10762793012428723  0.11941883701676377
  0.13217645996271371  0.14507490853270821  0.15788925930872019  0.16915305354671356
  0.17920135233215118  0.18908248897704355  0.19930376996764554  0.20999760101520404
  0.21871664087875395  0.22670715268839700  0.23496469623184207  0.24418685482353647
  0.25482230675863227  0.26522220086342946  0.27556018623864414  0.28615672767591527
  0.29608960852615401  0.30581158847190942  0.31664393692767490  0.32905507850433158
  0.34252072154859653  0.35561684843716990  0.36794866691532951  0.37900862547424641
  0.38895998707027507  0.40091507380924896  0.41424360109549008  0.42511092629252206
  0.43450618879268155  0.44366667893829670  0.45265271717814654  0.46186187769820825
  0.47147860049087936  0.48202103089657933  0.49191542957895590  0.50417269859394753
  0.51694106206526991  0.52713727057283799  0.53515914910078566  0.54211550262389174
  0.54891454925015726  0.55639788771528453  0.56546419440129991  0.57436038523464716
  0.58203349454708408  0.59027339340051366  0.59896760970305352  0.60760342814689272
  0.61716341324858937  0.62727980418195284  0.63843145846400862  0.64980640598368866
  0.66095114980453651  0.67188065238875072  0.68252477668744305  0.69322246635621554
  0.70463998739821987  0.71605469801272958  0.72786417102685952  0.74015244826621784
  0.75297876262085817  0.76631564395582064  0.77963417689287362  0.79119369901345882
  0.80280593197791361  0.81478914879792463  0.82840789254880920  0.83939913263440824
  0.84871265699699805  0.85764733044746089  0.86591848208639322  0.87451359841463072
  0.88319472135319999  0.89435550291184784  0.90537804543800615  0.91579047912455480
  0.92563460617145221  0.93615282102664865  0.94751464619559522  0.95806907011376397
  0.96786877507949132  0.97757337526509047  0.98836921339115436  1.00000000000000000
 -0.00203679750607702  0.01026916515067595  0.02181700702888803  0.03355486274668214
  0.04553381653844984  0.05724562003894810  0.06795290804643692  0.07722893205983743
  0.08636392756184941  0.09504434875776463  0.10496279873528574  0.11655257549558719
  0.12946709434414402  0.14298180238922226  0.15631024720127129  0.17038667226335996
  0.18435447770069352  0.19844864311008389  0.21056172504104154  0.22102502827288895
  0.23129537422416105  0.24118282810483749  0.25094275057928173  0.26097078471606522
  0.27002124130364702  0.28235675270967836  0.29384360776005619  0.30449109386557904
  0.31497758446891749  0.32485568457308317  0.33459339257338372  0.34431980190592182
  0.35468462208287083  0.36553224286197072  0.37669228344788230  0.38693889467852766
  0.39540226962793534  0.40395578766388962  0.41302917427880742  0.42264597164962980
  0.43350801973673520  0.44595886646922617  0.45806687724780837  0.46919897133988525
  0.47954986751411349  0.49010347575213198  0.50055401165080438  0.51053381768035500
  0.51961347785797429  0.52852952178756363  0.53760239695804535  0.54686323706345996
  0.55703776690114837  0.56782667373987472  0.57969231764315710  0.58919969315196485
  0.59847560288416202  0.60693975491712882  0.61530515165653388  0.62515313874682543
  0.63325107783979939  0.64169061846187592  0.65103566500165422  0.66066663687558491
  0.66978463350544926  0.67858238136052962  0.68875115554763944  0.69922171704238989
  0.70961689102545633  0.72051692394355593  0.72904806098803321  0.73680952889035423
  0.74444776851300443  0.75319693199586024  0.76311376990049473  0.77408426794611940
  0.78517814450785894  0.79592062801062424  0.80671886118865965  0.81732951957428623
  0.82763226527583145  0.83856021432709982  0.84912719870021969  0.86132086891741200
  0.87310761150163552  0.88219573324682687  0.89117590541268421  0.90052614571390377
  0.91034407256392658  0.92156234912374868  0.93323845321264975  0.94612756167672096
  0.95930366702312420  0.97220962204206718  0.98577069881170698  1.00000000000000000
 -0.00122545553364581  0.01067428490329081  0.01948446513221883  0.02880805601760933
  0.03813586715297625  0.04730785533244627  0.05748809832057545  0.06725668047653081
  0.07627720223479374  0.08446522827831676  0.09282703825410861  0.10275866307154211
  0.11372436721777196  0.12454009538020772  0.13747521431291396  0.15043526299287774
  0.16299110442432607  0.17506630825746550  0.18683876318186124  0.19816016296807651
  0.20789476012336680  0.21703000127640434  0.22597962884859818  0.23578840658487502
  0.24498817697898878  0.25531039976574738  0.26656727868578067  0.27919622893027213
  0.28995260553541968  0.30043033407477870  0.30990252898300019  0.31928888085287954
  0.33025007766962799  0.33948726653643435  0.34794421778909601  0.35757653702318298
  0.36800190269103694  0.37977965950839537  0.39258834818762867  0.40592978126678608
  0.41877657305992011  0.43041810192271135  0.44131290225855940  0.45155906263732076
  0.46126713641178130  0.47103516552832642  0.48056541351277438  0.49069718931763118
  0.49962985823029116  0.50886258531351136  0.51879932142257101  0.52918544465223560
  0.54012414267766107  0.55055701412770086  0.56220670217429580  0.57527985640161361
  0.58783215163490932  0.59961994096908178  0.61080422524011435  0.62189351614437682
  0.63264559405641130  0.64195558902694339  0.65081765442059170  0.65994819674576088
  0.67008335218846815  0.68162761970958730  0.69359092882558793  0.70515588733656409
  0.71672649602921834  0.72878832015565664  0.74190133803894132  0.75415458093379439
  0.76359517686293510  0.77236939736660026  0.78058397106721822  0.78871398614982213
  0.79806866512194841  0.81102655862680684  0.82295832808513458  0.83373218109626956
  0.84470148500920028  0.85634775438210853  0.86833263851147235  0.87776829848271187
  0.88609992884485456  0.89385753831046932  0.90157084957247924  0.91045256926199869
  0.92067215535940805  0.93113196468367987  0.94119477725281031  0.95083846322002352
  0.96137041322351202  0.97412093071937422  0.98749300823441077  1.00000000000000000
  0.00080435823294554  0.00195563959316979  0.00344498117514308  0.00460274130573571
  0.00561475209483988  0.00654475725018011  0.00740411651908979  0.00825620362703286
  0.00910680967480131  0.00997005627218523  0.01088741837866018  0.01183624014896376
  0.01278335884421284  0.01370401428912177  0.01457157044981294  0.01541631936938493
  0.01623795000724120  0.01705024838904539  0.01788073255241211  0.01882268795651621
  0.01983584231582203  0.02087118866492953  0.02171493044461709  0.02244358574343865
  0.02312160402283399  0.02381650189619286  0.02452820491655005  0.02524966081038072
  0.02601966438556659  0.02682460516564471  0.02763382644641540  0.02848190480929691
  0.02936117837983935  0.03022294569228950  0.03112745630799200  0.03211528416874564
  0.03314537240241556  0.03431093404920599  0.03544107234812495  0.03649457348187132
  0.03753964173325629  0.03860559146898056  0.03966370489961141  0.04063599911360666
  0.04152168138752087  0.04239394505409330  0.04330289788234305  0.04424145339276606
  0.04529217575701279  0.04626659483068010  0.04722601521664270  0.04808855008801588
  0.04891560147226448  0.04975142251756018  0.05064771426957119  0.05155529078971232
  0.05255132647528038  0.05388946465582203  0.05538392022710111  0.05671659141319817
  0.05789085248297116  0.05902671395923703  0.06031029634886570  0.06185257393620775
  0.06341035845652673  0.06517396098422047  0.06674089394717783  0.06818469074574340
  0.06943715805904671  0.07068210427967712  0.07183434777236704  0.07334153501638160
  0.07480275814702733  0.07643714040375719  0.07820159930099234  0.07993308485327115
  0.08149467456027154  0.08353263065988902  0.08706680128158098  0.09094819050274977
  0.09430639393967097  0.09765682461272612  0.10078612660275869  0.10372795468722676
  0.10699852898168936  0.11068810395234818  0.11463983179570736  0.11905690800592157
  0.12336480073650923  0.12779937746720710  0.13198509991362903  0.13818746999019635
  0.14498813930479190  0.14828087908279863  0.15081291649888351  1.00000000000000000
 -0.00287950762103146  0.01111239696994488  0.02404851659109144  0.04121029190063425
  0.05484390054807245  0.06447101830404157  0.07439185102511235  0.08392176666243917
  0.09595097262371327  0.10888449385046600  0.12159663932719600  0.13359503591869112
  0.14470162422289370  0.15591948854174426  0.16616669911366480  0.17575652449295054
  0.18366576848332444  0.19022177668659168  0.19629719759786290  0.20233805080659933
  0.21134516038985773  0.21937241637005159  0.22667257974873761  0.23585976722295127
  0.24660609006359752  0.25764275684372728  0.26755916559400872  0.27777471340775883
  0.28791965861120933  0.29658729273386147  0.30430816506551317  0.31233394013657878
  0.32137417615509289  0.33058259309318505  0.33914371151415368  0.34768172769033467
  0.35834713070879493  0.37008922885669299  0.38082720215948451  0.39132833751255708
  0.40109314347996972  0.41100159678214315  0.42123035972062783  0.43327725554744634
  0.44576962142010085  0.45781890442933804  0.47021416545076855  0.48373971184960146
  0.49696325207728681  0.50867966976171108  0.51842998590949718  0.52805364236990993
  0.53824134510108435  0.54792000099599503  0.55733634969028611  0.56718001167313659
  0.57772144803289982  0.58776750858415538  0.59776277663864841  0.60716091559314445
  0.61639690235414502  0.62593553594544193  0.63651144158981632  0.64778939432420291
  0.65896734926512179  0.66991073336579454  0.68024934055161301  0.69028551537738436
  0.70006510035267411  0.71007084001895882  0.72104241153379578  0.73142575180986658
  0.73971801732671638  0.74813918938382540  0.75531290228858305  0.76399715657814526
  0.77224018260297156  0.78000968263990622  0.78593547800461627  0.79290233752930783
  0.80080592912343573  0.81135701550992156  0.82395407297857226  0.83701713588999505
  0.84927063997199992  0.86077677662065744  0.87168899981382142  0.88183932762130091
  0.89284073172994538  0.90407971183188041  0.91645006559636411  0.93081821423914834
  0.94679805448041454  0.96453443830234176  0.98264378506000905  1.00000000000000000
 -0.01481812241996461  0.38114337438158147  0.49460052193487247  0.55716303056099414
  0.60573216989976286  0.64576126953905866  0.67761283639342129  0.70332623098309488
  0.72517570595300218  0.74347066244383186  0.75878325107392974  0.77219969961318813
  0.78443052351989406  0.79556051654287185  0.80539921913430357  0.81481519011304571
  0.82390187573169926  0.83241725989713922  0.83996822436507623  0.84714807902075362
  0.85403240399106151  0.86001389332114009  0.86557005089794881  0.87081738860028390
  0.87570851460895405  0.88024619405137861  0.88461735078335124  0.88881227777909499
  0.89278336159981830  0.89653447390587726  0.90001577277671074  0.90346191687942679
  0.90678866545880787  0.91006639888966323  0.91329209744574191  0.91628965619558744
  0.91894754227425235  0.92139487128975495  0.92375440919672114  0.92609932727061173
  0.92823167688585861  0.93031780646131812  0.93242192119933842  0.93460957375733478
  0.93688879902971622  0.93902511954551593  0.94111102310948447  0.94312027082127237
  0.94499027606744568  0.94679520950591167  0.94858481570539199  0.95033913219067701
  0.95209284544354522  0.95379355407873567  0.95542791015639439  0.95705916398636837
  0.95878017653825642  0.96028148236902755  0.96176640966437565  0.96318852485494311
  0.96455909532979156  0.96591677761513617  0.96717826957806508  0.96844439226008450
  0.96969717338685368  0.97079352802550323  0.97193626478543493  0.97311927340100168
  0.97434095417428135  0.97548655569569065  0.97666200327310559  0.97782374230253144
  0.97893177929259634  0.97996585045767337  0.98095012766790046  0.98185926501532750
  0.98276564062427851  0.98370747366733857  0.98469301114746766  0.98562430085033825
  0.98647211962029135  0.98732934765402913  0.98821245440903593  0.98910803937157143
  0.98989678843141971  0.99064865920528877  0.99139214157068989  0.99213125703784200
  0.99285523664240394  0.99360431665606475  0.99437596588635890  0.99516572499278744
  0.99600863817218177  0.99701234992813981  0.99823176124812807  1.00000000000000000
   1.6378580429231425E-017  -1.0000000000000000     
 F F F F F F F F F F F F F F F F F F F F F F F F F F F F F F F F F F F F F F F F F F F F F F F F F F F F F F F F F F F F F F F F
  <DiscreteSampler_grid>
  grouped_processes
  1 # 1 for a reference and 2 for a running grid.
  10 # Attribute 'min_bin_probing_points' of the grid.
  1 # Attribute 'grid_mode' of the grid. 1=='default',2=='initialization'
  0.0000000000000000 # Attribute 'small_contrib_threshold' of the grid.
  0.5000000000000000 # Attribute 'damping_power' of the grid.
 # binID   n_entries weight   weight_sqr   abs_weight
    10   10   1.307856029257106E-003   1.561617939962882E-005   1.307856029257106E-003
  </DiscreteSampler_grid>
