  0.29534478275173387  0.30013435104586078  0.30492391933998764  0.30971348763411455
  0.31522690640445450  0.32174729571145372  0.32826768501845294  0.35433612994971031
  0.39360086836211111  0.45595052166862854  0.52170803876604999  0.52445346847912255
  0.52719889819219523  0.52994432790526791  0.53268975761834048  0.53543518733141315
  0.53818061704448572  0.54092604675755840  0.54367147647063097  0.54641690618370364
  0.54916233589677621  0.55190776560984889  0.55465319532292146  0.55739862503599402
  0.56014405474906670  0.56288948446213927  0.56563491417521183  0.56838034388828451
  0.57112577360135708  0.57387120331442965  0.57661663302750232  0.57936206274057489
  0.58210749245364757  0.60458463287801278  0.60583338510235574  0.60708213732669858
  0.60833088955104153  0.60957964177538437  0.61082839399972733  0.61207714622407028
  0.61332589844841312  0.61457465067275607  0.61582340289709891  0.61707215512144187
  0.61832090734578471  0.61956965957012766  0.62081841179447061  0.62206716401881346
  0.62331591624315641  0.62456466846749925  0.62581342069184220  0.62706217291618516
  0.62831092514052800  0.62955967736487095  0.63080842958921379  0.63205718181355675
  0.63330593403789959  0.63455468626224254  0.63580343848658549  0.63705219071092833
  0.63830094293527129  0.63954969515961413  0.64079844738395708  0.64204719960830003
  0.64329595183264288  0.64454470405698583  0.64579345628132867  0.64704220850567162
  0.64829096073001458  0.64953971295435742  0.65078846517870037  0.65203721740304332
  0.65328596962738628  0.65453472185172912  0.65578347407607207  0.65703222630041502
  0.65828097852475786  0.65952973074910082  0.66077848297344377  0.66202723519778661
  0.66327598742212956  0.66452473964647252  0.66577349187081547  0.69378032494101194
  0.78900077024259518  0.80495033397753568  0.81861661761155768  0.83228290124557969
  0.84594918487960191  0.89213143837210074  0.96085068559764564  0.96911103633113693
  0.97737138706462823  0.98502633404693252  0.99251316702346581  1.00000000000000000
  0.00000316201088393  0.00001150351207440  0.00001340326296524  0.00001524339440451
  0.00002838807128791  0.00005477084878981  0.00010562476051411  0.00020410852788996
  0.00039433044760027  0.00050326934842190  0.00052765756421140  0.00055204578000090
  0.00057964585332879  0.00060734022529005  0.00063603255733331  0.00066748128014880
  0.00069893000296430  0.00103105526868848  0.00199023536109529  0.00384602396861600
  0.00483061334601521  0.00487897906813786  0.00492734479026050  0.00497571051238314
  0.00502407623450579  0.00507244195662843  0.00512080767875107  0.00516917340087371
  0.00521753912299636  0.00526590484511900  0.00531427056724164  0.00536263628936429
  0.00541100201148693  0.00546075276519195  0.00551567512237463  0.00557059747955731
  0.00562551983673999  0.00568044219392268  0.00573536455110536  0.00579028690828804
  0.00584520926547072  0.00590013162265340  0.00595505397983608  0.00600997633701877
  0.00606489869420145  0.00611982105138413  0.00617474340856681  0.00623533340401195
  0.00629770123780245  0.00636006907159294  0.00642243690538343  0.00648480473917392
  0.00654717257296441  0.00660954040675490  0.00667190824054540  0.00673427607433589
  0.00679664390812638  0.00685901174191687  0.00692137957570736  0.00698374740949786
  0.00863938679811031  0.01106722718671404  0.01176185399914616  0.01194684994143017
  0.01213184588371418  0.01231684182599819  0.01250183776828220  0.01268683371056621
  0.01287182965285022  0.01305682559513423  0.01324182153741824  0.01344833156211224
  0.01365840623428823  0.01386848090646423  0.01407855557864022  0.01428863025081621
  0.01449870492299220  0.01470877959516819  0.01491885426734419  0.01513739580461436
  0.01537609516722865  0.01561479452984293  0.01585349389245722  0.01609219325507151
  0.01633089261768579  0.01656959198030008  0.01680829134291437  0.01704699070552866
  0.02434139004140102  0.03732267349197407  0.04763688687280686  0.04763688687281686
  0.04763688687282686  0.04763688687283685  0.04763688687284685  1.00000000000000000
  0.00000370615246818  0.00003014177974172  0.00010036810168278  0.00017100627382491
  0.00029140405308127  0.00034581250549613  0.00037339669122768  0.00040279825261323
  0.00043547769843568  0.00062371521157378  0.00095574333907749  0.00099259996304098
  0.00102945658700446  0.00106759116003152  0.00110861413760428  0.00114963711517703
  0.00119219775514019  0.00123706903542906  0.00128194031571794  0.00134805568616003
  0.00144106816741019  0.00146958469313707  0.00148697041897519  0.00150435614481332
  0.00152174187065144  0.00153912759648956  0.00155651332232768  0.00157389904816580
  0.00159128477400392  0.00160867049984204  0.00162684062198859  0.00164621736846154
  0.00166559411493449  0.00168497086140745  0.00170434760788040  0.00172372435435335
  0.00174310110082630  0.00176247784729925  0.00178185459377220  0.00180123134024516
  0.00182268383207089  0.00184425096846354  0.00186581810485618  0.00188738524124882
  0.00190895237764146  0.00193051951403411  0.00195208665042675  0.00197365378681939
  0.00199522092321204  0.00262420829930204  0.00447168541544166  0.00475698023625787
  0.00479255358950526  0.00482812694275266  0.00486370029600006  0.00489927364924746
  0.00493484700249485  0.00497042035574225  0.00500599370898965  0.00504156706223705
  0.00507714041548444  0.00511271376873184  0.00514828712197924  0.00518386047522664
  0.00521943382847403  0.00525500718172143  0.00528648430049977  0.00531739513794002
  0.00534830597538027  0.00537921681282052  0.00541012765026077  0.00544103848770102
  0.00547194932514127  0.00550286016258152  0.00553377100002177  0.00556468183746202
  0.00559559267490227  0.00562650351234252  0.00565741434978277  0.00568832518722302
  0.00571923602466326  0.00575014686210351  0.00578105769954376  0.00581196853698401
  0.00584287937442426  0.00826336661301458  0.01407977555644387  0.02399007190562364
  0.04087563003130634  0.06964572227241302  0.07954754979417836  0.07954754979418836
  0.07954754979419837  0.07954754979420837  0.07954754979421838  1.00000000000000000
  0.16130858262379971  0.33949617913631747  0.34565902493930167  0.35182187074228594
  0.35843400073022047  0.36532205160951486  0.37221010248880920  0.39635852304394265
  0.39774485597675008  0.39913118890955751  0.40051752184236494  0.40190385477517243
  0.40329018770797986  0.40467652064078730  0.40606285357359473  0.40744918650640222
  0.40883551943920965  0.41022185237201708  0.41160818530482451  0.41299451823763200
  0.41438085117043943  0.41576718410324687  0.41715351703605430  0.41853984996886173
  0.41992618290166916  0.42131251583447660  0.42269884876728403  0.42408518170009146
  0.42547151463289890  0.42685784756570633  0.42824418049851376  0.42963051343132119
  0.43101684636412863  0.43240317929693606  0.43378951222974349  0.43517584516255092
  0.43656217809535836  0.43794851102816579  0.43933484396097322  0.44072117689378065
  0.44210750982658809  0.44349384275939552  0.44488017569220295  0.44626650862501038
  0.44765284155781782  0.44903917449062525  0.45042550742343268  0.45181184035624011
  0.45319817328904755  0.45458450622185498  0.45597083915466241  0.45735717208746984
  0.48685258513684726  0.54260646225135056  0.54478524019350716  0.54696401813566375
  0.54914279607782035  0.55132157401997706  0.55350035196213365  0.55567912990429025
  0.55785790784644684  0.56003668578860355  0.56221546373076015  0.56439301540762077
  0.56657038288572936  0.56874775036383785  0.57092511784194633  0.57310248532005492
  0.57527985279816340  0.57745722027627200  0.57963458775438048  0.58181195523248896
  0.58398932271059756  0.58616669018870604  0.58834405766681463  0.59052142514492323
  0.59269879262303171  0.59487616010114031  0.59705352757924879  0.59923089505735738
  0.60140826253546598  0.60358563001357446  0.61448663413099003  0.64939805875148826
  0.67832938653629071  0.69253749150171806  0.70674559646714541  0.72095370143257287
  0.76983937964349392  0.86623115716673804  0.95871942706610280  0.96739535242558983
  0.97607127778507696  0.98423640387390854  0.99211820193695388  1.00000000000000000
  0.04525023301442471  0.08932573934044721  0.09531814534756117  0.10131055135467511
  0.10767642660633529  0.11438240784037948  0.12108838907442368  0.13014904851267189
  0.14250582978626514  0.17499950937061171  0.22408656571048993  0.31260241700745067
  0.31397391694046539  0.31534541687348006  0.31671691680649477  0.31808841673950944
  0.31945991667252416  0.32083141660553888  0.32220291653855354  0.32357441647156826
  0.32494591640458298  0.32631741633759764  0.32768891627061236  0.32906041620362703
  0.33043191613664175  0.33180341606965646  0.33317491600267113  0.33454641593568585
  0.33591791586870057  0.33728941580171529  0.33866091573473001  0.34003241566774467
  0.34140391560075939  0.34277541553377411  0.34414691546678883  0.34551841539980355
  0.34688991533281827  0.34826141526583299  0.34963291519884770  0.35100441513186242
  0.35237591506487709  0.35374741499789181  0.35511891493090653  0.35649041486392125
  0.35786191479693591  0.35923341472995063  0.36060491466296529  0.36197641459598001
  0.36334791452899473  0.36471941446200939  0.36609091439502411  0.36746241432803878
  0.36883391426105350  0.37020541419406822  0.37157691412708288  0.37294841406009760
  0.37431991399311232  0.42316886154016514  0.50042237445511417  0.50257851052145575
  0.50473464658779721  0.50689078265413867  0.50904691872048013  0.51120305478682160
  0.51335919085316306  0.51551532691950452  0.51767146298584599  0.51982759905218745
  0.52198373511852891  0.52413987118487038  0.52629600725121195  0.52845214331755341
  0.53060827938389488  0.53276441545023634  0.53492055151657791  0.53707668758291938
  0.53923282364926084  0.54138895971560230  0.54354509578194377  0.54570123184828523
  0.54785736791462680  0.55001350398096827  0.55216964004730973  0.55432577611365119
  0.55648191217999265  0.55863804824633412  0.56079418431267558  0.58245581582121431
  0.67800435466218201  0.77355289350314960  0.83860251553168808  0.85267826106649669
  0.86591326605634855  0.89744668608940636  0.89973342816034940  1.00000000000000000
  0.03273027737935390  0.03312485013360494  0.03351942288785598  0.03391399564210701
  0.03430856839635805  0.03470314115060909  0.03509771390486013  0.03549228665911117
  0.03588685941336220  0.03628143216761324  0.03667600492186428  0.03707057767611531
  0.03746515043036635  0.03785972318461739  0.03825429593886843  0.03864886869311947
  0.03904344144737050  0.03943801420162154  0.03983258695587258  0.04022715971012362
  0.04062173246437465  0.04101630521862569  0.04141087797287673  0.04208223364768157
  0.04326371953107564  0.04444520541446971  0.04562669129786377  0.04680817718125785
  0.04798966306465191  0.04917114894804598  0.05035263483144005  0.05153412071483412
  0.05271560659822819  0.05389709248162225  0.05507857836501632  0.05626006424841039
  0.05744155013180446  0.05862303601519853  0.05980452189859259  0.06098600778198666
  0.06216749366538073  0.12811019317600267  0.19206323147140333  0.20511756116187507
  0.21817189085234695  0.23122622054281880  0.24428055023329057  0.27111483422126603
  0.30869418250631314  0.31808460414176892  0.32429851720209185  0.33051243026241472
  0.33672634332273765  0.34294025638306064  0.34915416944338362  0.35536808250370661
  0.36158199556402948  0.36779590862435241  0.37400982168467528  0.42105901749729030
  0.43248808750480755  0.44391715751232480  0.45534622751984205  0.46677529752735936
  0.47820436753487672  0.56278556648426503  0.65409226186470659  0.74539895724514826
  0.83670565262558982  0.92801234800603150  0.93919177912664398  0.94107973521820842
  0.94296769130977298  0.94485564740133743  0.94674360349290199  0.94863155958446643
  0.95051951567603088  0.95240747176759544  0.95429542785915988  0.95618338395072433
  0.95807134004228889  0.95860617718978791  0.95892298469650006  0.95923979220321220
  0.95955659970992435  0.95987340721663650  0.96019021472334865  0.96050702223006079
  0.96082382973677294  0.96114063724348509  0.96145744475019723  0.96177425225690938
  0.96209105976362153  0.96240786727033367  0.96265238920847562  1.00000000000000000
  0.00828860447476138  0.00898516310404810  0.00968172173333482  0.01037828036262154
  0.01107483899190825  0.01177139762119497  0.01246795625048169  0.01316451487976840
  0.01386107350905512  0.01455763213834184  0.01525419076762855  0.01595074939691527
  0.01664730802620199  0.01734386665548870  0.01804042528477542  0.01873698391406214
  0.01943354254334885  0.02013010117263557  0.02082665980192229  0.02227152912754320
  0.02372363715849711  0.02517574518945102  0.02662785322040493  0.02807996125135884
  0.02953206928231275  0.03098417731326666  0.03243628534422056  0.03388839337517448
  0.03534050140612838  0.03679260943708230  0.03824471746803620  0.03969682549899012
  0.04114893352994402  0.04233794138535999  0.04338116655762109  0.04442439172988220
  0.04546761690214331  0.04651084207440441  0.04755406724666551  0.04859729241892662
  0.04964051759118773  0.05068374276344884  0.05172696793570994  0.05277019310797104
  0.05381341828023214  0.05485664345249325  0.05589986862475436  0.05694309379701547
  0.05798631896927657  0.05902954414153767  0.06007276931379878  0.06111599448605989
  0.06215921965832099  0.06358676898523825  0.06520076728442667  0.06681476558361510
  0.06842876388280351  0.07004276218199193  0.07165676048118036  0.07327075878036877
  0.07488475707955719  0.07649875537874562  0.07811275367793404  0.07972675197712245
  0.08134075027631088  0.08295474857549930  0.08456874687468773  0.08618274517387617
  0.08779674347306460  0.08941074177225304  0.09102474007144148  0.09263873837062991
  0.09425273666981836  0.09586673496900679  0.09748073326819523  0.09909473156738366
  0.10070872986657210  0.10232272816576055  0.10393672646494898  0.17694344461235462
  0.26181097729715480  0.28137555674535847  0.29317185717637306  0.30496815760738755
  0.31676445803840203  0.32856075846941651  0.37859825786676732  0.40520947865241680
  0.40758401552836104  0.40758401552837104  0.40758401552838103  0.40758401552839102
  0.40758401552840101  0.40758401552841100  0.40758401552842100  1.00000000000000000
  0.00605332454045611  0.00660326245946555  0.00715320037847498  0.00770313829748441
  0.00825307621649384  0.00880301413550327  0.00935295205451271  0.00990288997352214
  0.01045282789253157  0.01100276581154100  0.01155270373055044  0.01210264164955987
  0.01265257956856930  0.01320251748757873  0.01375245540658816  0.01430239332559759
  0.01485233124460703  0.01540226916361646  0.01595220708262590  0.01650214500163533
  0.01705208292064476  0.01760202083965419  0.01815195875866362  0.01870189667767306
  0.01925183459668249  0.01980177251569192  0.02035171043470136  0.02095766636789142
  0.02195855094512175  0.02295943552235209  0.02396032009958242  0.02496120467681276
  0.02596208925404309  0.02696297383127342  0.02796385840850375  0.02896474298573409
  0.02996562756296442  0.03096651214019475  0.03196739671742509  0.03296828129465543
  0.03396916587188575  0.03497005044911609  0.03597093502634643  0.03697181960357676
  0.03797270418080709  0.03897358875803743  0.03997447333526776  0.04097535791249809
  0.04204745040540234  0.04327855614095785  0.04450966187651335  0.04574076761206887
  0.04697187334762437  0.04820297908317988  0.04943408481873540  0.05066519055429090
  0.05189629628984641  0.05312740202540192  0.05435850776095744  0.05558961349651294
  0.05682071923206845  0.05805182496762397  0.05928293070317948  0.06051403643873499
  0.06174514217429049  0.08414095277037419  0.09014142626590074  0.09614189976142729
  0.10214237325695384  0.10814284675248034  0.11414332024800683  0.12014379374353332
  0.12614426723905980  0.13214474073458629  0.13814521423011278  0.14414568772563927
  0.20519402559749472  0.25118045681211415  0.26199001546774603  0.27279957412337791
  0.28360913277900990  0.29441871969606270  0.30522838935850310  0.33953180231723423
  0.42212082971897869  0.50470985712072292  0.58392398616355534  0.59622528816510278
  0.60823746566542736  0.61972301761869930  0.66964389039301697  0.75223291779476120
  0.83482194519650554  0.91319054762522378  0.91319054762523377  1.00000000000000000
  0.14462041457494099  0.20003959976932037  0.21288743198454602  0.22633735518863196
  0.30273858791993147  0.39583862770939549  0.40227831147464116  0.40871799523988683
  0.41515767900513251  0.42159736277037807  0.42803704653562369  0.43447673030086925
  0.44091641406611487  0.44735609783136043  0.45379578159660605  0.45891871751786473
  0.46090054053174634  0.46288236354562790  0.46486418655950945  0.46684600957339101
  0.46882783258727262  0.47080965560115418  0.47279147861503573  0.47477330162891734
  0.47675512464279890  0.47873694765668046  0.48071877067056201  0.48270059368444357
  0.48468241669832512  0.48666423971220668  0.48864606272608824  0.49062788573996979
  0.49260970875385129  0.49459153176773285  0.49657335478161441  0.49855517779549596
  0.50053700080937746  0.50251882382325908  0.50450064683714058  0.50648246985102219
  0.50846429286490369  0.51044611587878530  0.51242793889266680  0.51440976190654841
  0.51639158492042991  0.51837340793431153  0.52035523094819303  0.54423660978635302
  0.55602225639299296  0.56780790299963302  0.57959354960627296  0.59137928071225088
  0.60316505109422103  0.68941983107599181  0.72988157095666106  0.73112835065386061
  0.73237513035106017  0.73362191004825972  0.73486868974545927  0.73611546944265882
  0.73736224913985848  0.73860902883705803  0.73985580853425759  0.74110258823145714
  0.74234936792865669  0.74359614762585624  0.74484292732305579  0.74608970702025534
  0.74733648671745490  0.74858326641465445  0.74983004611185400  0.75084065605146100
  0.75181399165363294  0.75278732725580488  0.75376066285797683  0.75473399846014877
  0.75570733406232071  0.75668066966449266  0.75765400526666460  0.75862734086883654
  0.75960067647100848  0.76057401207318043  0.76154734767535237  0.76252068327752431
  0.76349401887969626  0.76446735448186820  0.76544069008404014  0.76641402568621220
  0.76738736128838414  0.76836069689055608  0.76933403249272803  0.77030736809489997
  0.81365730781659429  0.90682865390829326  0.97999602953592935  1.00000000000000000
   1.7930853032742786E-011  -1.0000000000000000     
 F F F F F F F F F F F F F F F F F F F F F F F F F F F F F F F F F F F F F F F F F F F F F F F F F F F F F F F F F F F F F F F F
  <DiscreteSampler_grid>
  grouped_processes
  1 # 1 for a reference and 2 for a running grid.
  10 # Attribute 'min_bin_probing_points' of the grid.
  1 # Attribute 'grid_mode' of the grid. 1=='default',2=='initialization'
  0.0000000000000000 # Attribute 'small_contrib_threshold' of the grid.
  0.5000000000000000 # Attribute 'damping_power' of the grid.
 # binID   n_entries weight   weight_sqr   abs_weight
    10   10   3.721502846841515E+005   1.271325765084184E+012   3.721502846841515E+005
  </DiscreteSampler_grid>
