  0.16000758439787433  0.27419122213493652  0.27754911093653983  0.28090699973814309
  0.28426488853974641  0.28762277734134967  0.29098066614295293  0.29478019168579556
  0.29869310633936125  0.30260602099292694  0.30651893564649263  0.31043185030005832
  0.35709164424904577  0.45167458711442615  0.52125323132335810  0.52281533329071028
  0.52437743525806246  0.52593953722541464  0.52750163919276682  0.52906374116011901
  0.53062584312747130  0.53218794509482348  0.53375004706217566  0.53531214902952784
  0.53687425099688002  0.53843635296423220  0.53999845493158438  0.54156055689893667
  0.54312265886628885  0.54468476083364104  0.54624686280099322  0.54780896476834540
  0.54937106673569758  0.55093316870304976  0.55249527067040194  0.55405737263775412
  0.55561947460510630  0.55718157657245848  0.55874367853981066  0.56030578050716284
  0.56186788247451502  0.56342998444186709  0.56499208640921927  0.56655418837657145
  0.56811629034392364  0.56967839231127582  0.57124049427862800  0.57280259624598018
  0.57436469821333236  0.57592680018068454  0.57748890214803672  0.57905100411538890
  0.58061310608274108  0.58217520805009326  0.60549868948831942  0.64023587711166419
  0.68928345367987753  0.75532785360688615  0.77020762012180899  0.78508738663673205
  0.79809587985670971  0.80962113097488397  0.82157499625544006  0.83367157140268100
  0.84576814654992205  0.88308170446910184  0.93820650776332415  0.93987024908429084
  0.94153399040525754  0.94319773172622412  0.94486147304719081  0.94652521436815751
  0.94818895568912420  0.94985269701009090  0.95151643833105759  0.95318017965202428
  0.95484392097299098  0.95650766229395767  0.95817140361492437  0.95932379473783147
  0.96042105058715355  0.96151830643647562  0.96261556228579781  0.96371281813511989
  0.96481007398444196  0.96590732983376415  0.96700458568308623  0.96810184153240830
  0.96919909738173049  0.97029635323105257  0.97139360908037464  0.97249086492969683
  0.97358812077901891  0.97468537662834098  0.97554094516948309  1.00000000000000000
  0.00000030400362566  0.00000161238879539  0.00000434734090363  0.00001330196532818
  0.00001822586957106  0.00002949177482986  0.00005754307233151  0.00007289440683052
  0.00007380046233651  0.00007470651784251  0.00007561257334850  0.00007651862885449
  0.00007742468436048  0.00007833073986647  0.00007923679537246  0.00008014285087845
  0.00008104890638445  0.00008195496189044  0.00008296401849312  0.00008399290221373
  0.00008502178593433  0.00008605066965494  0.00008707955337555  0.00008810843709616
  0.00008913732081676  0.00009016620453737  0.00009119508825798  0.00009222397197858
  0.00009325579661309  0.00009442415959254  0.00009559252257200  0.00009676088555145
  0.00009792924853090  0.00009909761151036  0.00010026597448981  0.00010143433746926
  0.00010260270044872  0.00010377106342817  0.00010493942640762  0.00012134721474740
  0.00023685411588718  0.00046181738647846  0.00089955257940970  0.00139424581474697
  0.00151680761558876  0.00165442386483006  0.00175675675640813  0.00180767133301123
  0.00185858590961432  0.00190950048621742  0.00196041506282051  0.00201702911676248
  0.00207509902229597  0.00213316892782945  0.00219123883336294  0.00225084995970994
  0.00231679203507454  0.00238273411043914  0.00244867618580375  0.00251461826116835
  0.00378406528866364  0.00738422969424632  0.01328673559881273  0.01344285547174522
  0.01359897534467771  0.01375509521761020  0.01391121509054268  0.01406733496347517
  0.01422345483640766  0.01437957470934014  0.01453569458227263  0.01469181445520512
  0.01484793432813761  0.01500405420107010  0.01515102503696917  0.01529184931821035
  0.01543267359945152  0.01557349788069270  0.01571432216193387  0.01585514644317505
  0.01599597072441622  0.01613679500565740  0.01627761928689857  0.01641844356813974
  0.01655926784938092  0.01670009213062210  0.01684091641186327  0.01698174069310444
  0.01825643162812418  0.03557139759900999  0.06924227456296710  0.07365483443035983
  0.07365483443036984  0.07365483443037985  0.07365483443038985  1.00000000000000000
  0.00010044018407255  0.00010241152571563  0.00010438286735872  0.00010635420900180
  0.00010832555064489  0.00011029689228797  0.00011260560925301  0.00011526685955367
  0.00011792810985432  0.00012058936015497  0.00012325061045562  0.00018831439334015
  0.00024836934970114  0.00032454932987256  0.00056260029547120  0.00097513670362550
  0.00168982120633471  0.00191972475940228  0.00205851446849924  0.00220705412800027
  0.00236948199748452  0.00293552892145725  0.00310719045130414  0.00313843629811340
  0.00316968214492266  0.00320092799173192  0.00323217383854118  0.00326341968535044
  0.00329466553215970  0.00332591137896897  0.00335715722577823  0.00338840307258749
  0.00341964891939675  0.00345362298446330  0.00348840093032638  0.00352317887618946
  0.00355795682205254  0.00359273476791562  0.00362751271377870  0.00366229065964178
  0.00369706860550486  0.00373184655136794  0.00376662449723102  0.00380140244309410
  0.00383867315478412  0.00387738247592490  0.00391609179706568  0.00395480111820647
  0.00399351043934725  0.00403221976048803  0.00407092908162881  0.00410963840276960
  0.00414834772391038  0.00418705704505116  0.00422576636619195  0.00558257799770823
  0.00966985437244604  0.01085335304999766  0.01183609262268024  0.01290232429027423
  0.01381722963477328  0.01394860807054262  0.01407998650631196  0.01421136494208129
  0.01434274337785063  0.01447412181361997  0.01460550024938931  0.01473687868515864
  0.01486825712092798  0.01499963555669732  0.01513101399246666  0.01526239242823599
  0.01538842476069698  0.01550452029553053  0.01562061583036408  0.01573671136519763
  0.01585280690003118  0.01596890243486473  0.01608499796969828  0.01620109350453184
  0.01631718903936539  0.01643328457419894  0.01654938010903249  0.01666547564386604
  0.01678157117869959  0.01689766671353314  0.01701376224836669  0.02135809549173473
  0.03458007926249831  0.03458007926250831  0.03458007926251831  0.03458007926252830
  0.03458007926253830  0.03458007926254830  0.03458007926255830  1.00000000000000000
  0.12191932996114097  0.38572515356818965  0.39649851309433592  0.40806165410937251
  0.43943056646173267  0.49739719541572452  0.53033758203991721  0.56410297949727650
  0.56790200298292004  0.57170102646856358  0.57550004995420712  0.57929907343985065
  0.58309809692549419  0.58689712041113773  0.59069614389678138  0.59449516738242492
  0.59829419086806856  0.60209321435371210  0.60589223783935575  0.60969126132499929
  0.61349028481064283  0.61728930829628637  0.62108833178192990  0.62488735526757344
  0.64696776323443350  0.64850864540628861  0.65004952757814383  0.65159040974999893
  0.65313129192185404  0.65467217409370926  0.65621305626556437  0.65775393843741947
  0.65929482060927469  0.66083570278112980  0.66237658495298490  0.66391746712484012
  0.66545834929669523  0.66689785981358585  0.66796905374729443  0.66904024768100312
  0.67011144161471170  0.67118263554842028  0.67225382948212886  0.67332502341583755
  0.67439621734954613  0.67546741128325472  0.67653860521696330  0.67760979915067199
  0.67868099308438057  0.67975218701808915  0.68082338095179784  0.68189457488550642
  0.68296576881921500  0.68403696275292358  0.68510815668663227  0.68617935062034086
  0.68725054455404944  0.68832173848775802  0.68939293242146671  0.69046412635517529
  0.69153532028888387  0.69260651422259256  0.69367770815630114  0.69474890209000972
  0.69582009602371830  0.69689128995742700  0.69796248389113558  0.69903367782484416
  0.70010487175855274  0.70117606569226143  0.70224725962597001  0.70331845355967859
  0.70438964749338728  0.70546084142709586  0.70653203536080444  0.70760322929451303
  0.70885533493322395  0.71049468266990179  0.71213403040657974  0.71377337814325770
  0.71541272587993565  0.71705207361661361  0.71869142135329156  0.72033076908996940
  0.72197011682664736  0.72360946456332531  0.72524881230000326  0.72688816003668122
  0.72852750777335917  0.78345623371278850  0.83957157288422279  0.85376635806648116
  0.86708651929188452  0.91101732492597076  0.92572391430536904  1.00000000000000000
  0.13737153609593705  0.14698128886304096  0.14812924439274866  0.14927719992245636
  0.15042515545216406  0.15157311098187176  0.15272106651157946  0.15386902204128719
  0.15501697757099489  0.15616493310070259  0.15731288863041029  0.15846084416011799
  0.15960879968982569  0.16075675521953339  0.16190471074924109  0.16305266627894879
  0.16420062180865649  0.16534857733836419  0.16649653286807189  0.16789794457434373
  0.16934345579356783  0.17078896701279189  0.17223447823201599  0.17367998945124005
  0.17512550067046412  0.17657101188968821  0.17801652310891228  0.17946203432813637
  0.18090754554736044  0.18235305676658450  0.18379856798580860  0.18524407920503266
  0.18668959042425676  0.22603236979188013  0.31373324950017767  0.40143412920847521
  0.48913500891677286  0.56770758838474089  0.59022744425865614  0.60375814688313578
  0.61728884950761520  0.63082029852405186  0.64435273654111580  0.72393877717065092
  0.81163965687894846  0.85643318031669780  0.86083340640598460  0.86523363249527141
  0.86963385858455833  0.87403408467384514  0.87843431076313194  0.88283453685241886
  0.88723476294170567  0.89163498903099259  0.89603521512027939  0.90043544120956631
  0.90483566729885312  0.90923589338814004  0.91363611947742696  0.91708848344686633
  0.91844361069681468  0.91979873794676303  0.92115386519671127  0.92250899244665963
  0.92386411969660798  0.92521924694655633  0.92657437419650468  0.92792950144645303
  0.92928462869640138  0.93063975594634973  0.93199488319629797  0.93335001044624633
  0.93470513769619468  0.93606026494614303  0.93741539219609138  0.93850360347836193
  0.93957404000407618  0.94064447652979044  0.94171491305550470  0.94278534958121896
  0.94385578610693321  0.94492622263264747  0.94599665915836173  0.94706709568407599
  0.94813753220979025  0.94920796873550450  0.95027840526121876  0.95134884178693302
  0.95241927831264728  0.95348971483836154  0.95456015136407579  0.95563058788979005
  0.95670102441550431  0.95777146094121857  0.96102643410364774  1.00000000000000000
  0.06129717429478963  0.21937005089047257  0.23050708919421406  0.24243664616371680
  0.25064650053264198  0.25241290138474326  0.25417930223684454  0.25594570308894588
  0.25771210394104715  0.25947850479314843  0.26124490564524971  0.26301130649735105
  0.26477770734945233  0.26654410820155361  0.26831050905365494  0.27007690990575622
  0.27184423662286966  0.27361225676734990  0.27538027691183015  0.27714829705631033
  0.27891631720079058  0.28068433734527076  0.28245235748975100  0.28422037763423125
  0.28598839777871143  0.28775641792319168  0.28952443806767192  0.29129245821215211
  0.29306047835663235  0.29482849850111253  0.29659651864559272  0.29836453879007296
  0.30013255893455315  0.30190057907903334  0.30366859922351358  0.30543661936799377
  0.30720463951247395  0.30897265965695420  0.31074067980143438  0.31297480656600501
  0.40946593210527898  0.50595705764455290  0.60244818318382698  0.69893930872310084
  0.73030775254753610  0.73196936439028304  0.73363097623302986  0.73529258807577680
  0.73695419991852373  0.73861581176127067  0.74027742360401760  0.74193903544676443
  0.74360064728951136  0.74526225913225830  0.74692387097500523  0.74858548281775206
  0.75024709466049899  0.75190870650324593  0.75357031834599286  0.75523193018873980
  0.75689354203148662  0.75855515387423356  0.76021676571698049  0.76187837755972743
  0.76353998940247425  0.76520160124522119  0.76686321308796812  0.76852482493071506
  0.77018643677346199  0.77184804861620893  0.77350966045895575  0.77517127230170269
  0.77683288414444962  0.77849449598719656  0.78015610782994349  0.78181771967269043
  0.78347933151543736  0.78514094335818430  0.78680255520093123  0.78846416704367817
  0.79012577888642510  0.79867720930432029  0.86933079171913630  0.87845230877599068
  0.88255663832828646  0.88666096788058213  0.89076529743287791  0.89486962698517369
  0.89693974524889564  0.89838566181605151  0.89983157838320738  0.90127749495036324
  0.90272341151751923  0.90416932808467509  0.90436649719874063  1.00000000000000000
  0.00750149757677387  0.00956137981781615  0.01162126205885842  0.01368114429990070
  0.01574102654094297  0.01780090878198525  0.01986079102302753  0.02281296120027883
  0.02656321461388369  0.03031346802748854  0.03406372144109340  0.03781397485469825
  0.04156422826830310  0.04311529201632252  0.04460459784457375  0.04609390367282500
  0.04758320950107622  0.04907251532932747  0.05056182115757870  0.05205112698582993
  0.05354043281408117  0.05502973864233240  0.05651904447058364  0.05800835029883487
  0.05949765612708610  0.06098696195533734  0.06247626778358858  0.06407554570629528
  0.06567660442085287  0.06727766313541045  0.06887872184996803  0.07047978056452561
  0.07208083927908321  0.07368189799364079  0.07528295670819837  0.07688401542275596
  0.07848507413731354  0.08008613285187112  0.08168719156642870  0.08328825028098628
  0.08488930899554389  0.08649036771010149  0.08809142642465910  0.08969248513921670
  0.09129354385377431  0.09289460256833190  0.09449566128288950  0.09609671999744711
  0.09769777871200470  0.09929883742656231  0.10089989614111991  0.10250095485567751
  0.10410201357023512  0.11784687749589377  0.17005781468798492  0.18871384513012596
  0.19021774732986826  0.19172164952961057  0.19322555172935285  0.19472945392909516
  0.19623335612883744  0.19773725832857975  0.19924116052832203  0.20074506272806433
  0.20224896492780661  0.20375286712754892  0.20525676932729120  0.20676067152703351
  0.20826457372677581  0.20947389849665307  0.21066910966675678  0.21186432083686049
  0.21305953200696418  0.21425474317706789  0.21544995434717160  0.21664516551727528
  0.21784037668737899  0.21903558785748270  0.22023079902758638  0.22142601019769009
  0.22262122136779380  0.22381643253789749  0.22501164370800120  0.22620685487810491
  0.22740206604820859  0.22859727721831230  0.27651917896707573  0.36695428159618820
  0.45738938422530051  0.50535846153895059  0.50535846153896058  0.50535846153897057
  0.50535846153898056  0.50535846153899056  0.50535846153900055  1.00000000000000000
  0.07001149257024127  0.10497410314818885  0.10578153962971096  0.10658897611123305
  0.10739641259275516  0.10820384907427727  0.10901128555579938  0.10981872203732149
  0.11062615851884358  0.11143359500036569  0.11224103148188780  0.11304846796340991
  0.11385590444493200  0.11466334092645411  0.11547077740797622  0.11627821388949833
  0.11708565037102042  0.11789308685254253  0.11870052333406464  0.11950795981558675
  0.12031539629710884  0.12112283277863095  0.12193026926015306  0.12273770574167517
  0.12354514222319726  0.12435257870471937  0.12520662711970004  0.12624926737426859
  0.12729190762883713  0.12833454788340568  0.12937718813797422  0.13041982839254274
  0.13146246864711128  0.13250510890167982  0.13354774915624837  0.13459038941081691
  0.13563302966538546  0.13667566991995397  0.13771831017452252  0.13876095042909106
  0.13980359068365961  0.14084623093822815  0.14188887119279670  0.14293151144736524
  0.14397415170193378  0.14501679195650230  0.14615835895192950  0.14765719343136366
  0.14915602791079779  0.15065486239023196  0.15215369686966612  0.15365253134910029
  0.15515136582853445  0.15665020030796861  0.15814903478740278  0.15964786926683691
  0.16114670374627107  0.16264553822570524  0.16414437270513940  0.16564320718457357
  0.16783678693030882  0.17152611978551016  0.17521545264071153  0.17890478549591288
  0.18259411835111425  0.18628345120631559  0.18997278406151696  0.19366211691671831
  0.19735144977191965  0.20104078262712102  0.20473011548232237  0.20841944833752374
  0.21210878119272511  0.21579811404792651  0.21948744690312791  0.22317677975832931
  0.22686611261353071  0.26159002619863725  0.34772366059700976  0.39680620748941575
  0.42871810394432014  0.44747341055265877  0.46123348142880843  0.47499355230495816
  0.48875362318110782  0.51573491930862481  0.60186855370699732  0.68800218810536962
  0.73501995875208004  0.74623131709597423  0.75690387553614935  0.76730360654991825
  0.82773273120325175  0.87029159466425576  0.87029159466426576  1.00000000000000000
  0.07811331351598080  0.13975507716706581  0.22708027041788351  0.31409893449728582
  0.32695804706040399  0.33981715962352227  0.35267627218664055  0.36553538474975877
  0.40075066227531603  0.49829991161983378  0.59584916096435159  0.69339841030886928
  0.79094765965338709  0.79591865720313348  0.80020222063400304  0.80448578406487248
  0.80876934749574203  0.81305291092661147  0.81733647435748102  0.82162003778835058
  0.82590360121922002  0.83018716465008957  0.83447072808095901  0.83875429151182856
  0.84303785494269812  0.84732141837356767  0.85160498180443722  0.86050064670028470
  0.87625785846771642  0.89201507023514814  0.89725201993458881  0.89912442476912702
  0.90099682960366523  0.90286923443820344  0.90474163927274165  0.90661404410727997
  0.90848644894181818  0.91035885377635639  0.91223125861089460  0.91410366344543292
  0.91597606827997113  0.91784878954440363  0.91972169571726581  0.92159460189012798
  0.92346750806299016  0.92534041423585234  0.92721332040871451  0.92908622658157669
  0.93095913275443898  0.93283203892730115  0.93470494510016333  0.93657785127302551
  0.93812537762895842  0.93935731499291197  0.94058925235686552  0.94182118972081907
  0.94305312708477262  0.94428506444872617  0.94551700181267972  0.94674893917663328
  0.94798087654058683  0.94921281390454038  0.95044475126849393  0.95167668863244748
  0.95290862599640103  0.95414056336035458  0.95537250072430813  0.95660443808826168
  0.95783637545221523  0.95938463047017919  0.96114676431710133  0.96290889816402347
  0.96467103201094562  0.96643316585786776  0.96819529970479001  0.96995743355171216
  0.97171956739863430  0.97348170124555644  0.97524383509247869  0.97700596893940084
  0.97876810278632298  0.98025786719432872  0.98166801953759097  0.98307817188085322
  0.98448832422411547  0.98589847656737772  0.98730862891063986  0.98871878125390211
  0.99012893359716436  0.99153908594042661  0.99294923828368886  0.99435939062695100
  0.99576954297021325  0.99717969531347550  0.99858984765673775  1.00000000000000000
   1.4221335123517484E-009  -1.0000000000000000     
 F F F F F F F F F F F F F F F F F F F F F F F F F F F F F F F F F F F F F F F F F F F F F F F F F F F F F F F F F F F F F F F F
  <DiscreteSampler_grid>
  grouped_processes
  1 # 1 for a reference and 2 for a running grid.
  10 # Attribute 'min_bin_probing_points' of the grid.
  1 # Attribute 'grid_mode' of the grid. 1=='default',2=='initialization'
  0.0000000000000000 # Attribute 'small_contrib_threshold' of the grid.
  0.5000000000000000 # Attribute 'damping_power' of the grid.
 # binID   n_entries weight   weight_sqr   abs_weight
    10   10   5.836944795564914E+005   1.713207223413787E+012   5.836944795564914E+005
  </DiscreteSampler_grid>
