  0.00954850653806132  0.01711091105967974  0.02588169255235397  0.03650351865382476
  0.04776863207575874  0.05832728030104083  0.06849017179065513  0.07828616634710109
  0.08753207017375746  0.09703186490545916  0.10668795556406964  0.11650379007477686
  0.12630370257043255  0.13611000423521247  0.14617673982401713  0.15678497751548823
  0.16783171298568897  0.17941042068868923  0.18952269344215567  0.19911228014481550
  0.20832714002081865  0.21806133372899017  0.22760509944584173  0.23392409053734811
  0.24029559687637608  0.24801931291478313  0.25679031635798233  0.26526101375225880
  0.27215032649769233  0.27846504935540839  0.28550048100450065  0.29465501830824470
  0.30669664892637349  0.31842862129278687  0.33014343381818823  0.34169513339157098
  0.35237665986970867  0.36276241656690889  0.37364525575178797  0.38573186450552732
  0.39734736862618558  0.40798785628064577  0.41856056778962003  0.42809679869725614
  0.43686274957125282  0.44580504468235632  0.45520265601849563  0.46516531911981907
  0.47562888342378584  0.48798602246793965  0.50122334090960130  0.51354776151111881
  0.52480868063364450  0.53572127123978364  0.54632800386888625  0.55728907882735135
  0.56750909290202012  0.57619417045790144  0.58545206512957271  0.59566973545992741
  0.60658568725001483  0.61664103357019462  0.62704985105059696  0.64074668703145521
  0.65448381212325746  0.66889814075705889  0.68225565052096093  0.69509477076854265
  0.70690341913855170  0.71763437325346757  0.72767528657065350  0.73744239232091702
  0.74746262209678604  0.75817579765158538  0.76890469330640621  0.77943609775572942
  0.78926711302073727  0.79915127979492373  0.80947456109099802  0.81973572415931273
  0.83091870396273526  0.84355957131250692  0.85677403511875228  0.87004526040763275
  0.88299293961643022  0.89457807495941422  0.90528199606890802  0.91474597494375620
  0.92371659204191592  0.93265291080497847  0.94264144621606782  0.95284831442191653
  0.96291310903174721  0.97392045579864706  0.98644604756850074  1.00000000000000000
 -0.00000214896884604  0.00000775231507069  0.00001897138259511  0.00002936192433587
  0.00003945162890675  0.00004957801195544  0.00005989050637301  0.00007031642003797
  0.00008095823299250  0.00009135764257031  0.00010187589054366  0.00011340644759684
  0.00012524168285308  0.00013558576414437  0.00014577887524767  0.00015643128246814
  0.00016810654466495  0.00018033397242779  0.00019336180796263  0.00020738182680175
  0.00021890911327499  0.00022962649075594  0.00023963850462021  0.00024956368233382
  0.00025967706195930  0.00027046582562896  0.00028196758009331  0.00029614594269263
  0.00031393778763497  0.00033230525582992  0.00035090999257008  0.00036999917914378
  0.00038991604859895  0.00040966103458092  0.00042893360195147  0.00044789919117978
  0.00046653658608104  0.00048429318098356  0.00050226674946883  0.00052285670421827
  0.00054504055395645  0.00057054773030245  0.00059678487415636  0.00062362792549646
  0.00065290024346277  0.00068639377538011  0.00072137985908804  0.00075650357880116
  0.00079512688336547  0.00083674978364072  0.00087867723765206  0.00092839039358687
  0.00097432046389816  0.00102118070786581  0.00107263572434568  0.00112594427293425
  0.00118049292838071  0.00123845098716902  0.00130047009252451  0.00137197287491626
  0.00144890871594885  0.00152425911715981  0.00160084929571658  0.00168175620588212
  0.00177328174679429  0.00187874946420984  0.00200032666298885  0.00213491047793949
  0.00227380786476354  0.00239658491562502  0.00253000005089276  0.00266986003883334
  0.00284703137826801  0.00303276353788085  0.00324968544109185  0.00351174568108229
  0.00378441121624029  0.00408357489793905  0.00438278479759179  0.00471456346471958
  0.00507897742945860  0.00546135643046029  0.00585981577301129  0.00631765427519379
  0.00686243677386246  0.00751343615176093  0.00847123169319369  0.00974385986963346
  0.01095527995347053  0.01253661749205628  0.01474041504034780  0.01839252423682275
  0.02908159249037896  0.05382732617453007  0.14943938202772547  1.00000000000000000
  0.00000092154431138  0.00001470241924339  0.00003621360725506  0.00006368634943650
  0.00009746238997288  0.00013319098845028  0.00016889557128036  0.00020668992607078
  0.00025115219261213  0.00030266303160887  0.00035748869773469  0.00041389760331448
  0.00047087855027836  0.00053824734286298  0.00061352028801127  0.00069395202700301
  0.00077701059651260  0.00086504726370359  0.00095858980931449  0.00105373985402853
  0.00114860411724181  0.00123722600630456  0.00132783488683380  0.00142541355047753
  0.00151794471145870  0.00161107868455334  0.00170620256013659  0.00180989040067451
  0.00192913313242132  0.00204899188057415  0.00216836987092268  0.00228990467314829
  0.00241222732061674  0.00254900426251894  0.00270580009346429  0.00286134478230812
  0.00300225408243162  0.00314062949555429  0.00327994330112072  0.00342362039017792
  0.00357974052771202  0.00372747582580659  0.00386483958667377  0.00400425398466759
  0.00415179249385987  0.00432171305082809  0.00450005226613867  0.00468720708452281
  0.00486606143300806  0.00504551179239629  0.00522549749095047  0.00540766329012789
  0.00565999126267332  0.00596516219383363  0.00627821614817888  0.00659062242476008
  0.00690071111004008  0.00718941571024979  0.00754264594917659  0.00788827464375236
  0.00822860201910887  0.00856634432154636  0.00890945683175466  0.00925711059315701
  0.00962673647920580  0.01006642421486596  0.01054258269130466  0.01101464211393145
  0.01147213101015157  0.01193603169327513  0.01243610784117677  0.01294413222771538
  0.01358783236956109  0.01437081653456853  0.01526522914050272  0.01628593081076508
  0.01756712967019680  0.01873425252750663  0.01982597273061614  0.02090588382755131
  0.02200767661112098  0.02309052236960171  0.02443921637230470  0.02605274370755591
  0.02800786674154358  0.03075977927848535  0.03362635049138026  0.03653479258690951
  0.03950918089624966  0.04232248143137569  0.04509639363025439  0.04888533767610157
  0.05313572616986389  0.05641632784679395  0.05815678013229066  1.00000000000000000
 -0.00230263099262081  0.00870674135808683  0.01867771817254558  0.02968960305261515
  0.03905449001876568  0.04788709850763988  0.05709050161326911  0.06776500543329551
  0.08078401599564869  0.09551985010734347  0.10936039149538575  0.12325249369240869
  0.13663077650322836  0.15032168748750244  0.16276074606676511  0.17448669531434804
  0.18515033949132195  0.19546438476271533  0.20542683363895198  0.21647940846300096
  0.22794067408910137  0.23932075173547429  0.25006674166569143  0.26120193186486407
  0.27332892217818017  0.28629090489142317  0.29935133138785830  0.31201832884934527
  0.32467789086338616  0.33688320103043778  0.34751534579692089  0.35683774314188843
  0.36664296702436511  0.37722368497242986  0.38814507157970168  0.39872245061176426
  0.41005042323205887  0.42274355907770617  0.43538129094792721  0.44325953901750770
  0.45036867897219746  0.45789458213673984  0.46514682086242770  0.47310011263919999
  0.48133852359792090  0.48920748542376136  0.49562734002817438  0.50217668672336946
  0.51287297971923695  0.52405936397028596  0.53367914941833683  0.54264695971906951
  0.55123489808848225  0.55999550910478124  0.56756115922092432  0.57491840097668157
  0.58215773997979248  0.58981066406164506  0.59994660301580693  0.61103197202480519
  0.62270372528094842  0.63407328328272505  0.64514818669266860  0.65730155980089044
  0.66956856149373223  0.68116071551032964  0.69193899909292333  0.70239383241122266
  0.71330049731784784  0.72468216091973137  0.73618753699014772  0.74781882465951766
  0.75962788987764562  0.77180770386355524  0.78375848835868434  0.79451135561123776
  0.80444350895822503  0.81428879077155725  0.82445008524427932  0.83462241020004635
  0.84481852644705635  0.85521769150288307  0.86632942174706307  0.87812389888966402
  0.88908685002427212  0.89922031682661596  0.90960833546507580  0.91946471992367873
  0.92944251742373918  0.93815789660115811  0.94781843784797892  0.95704088714453783
  0.96801363900282900  0.97827633632263156  0.98946480011200244  1.00000000000000000
 -0.00207659242903231  0.00969096304910771  0.02067984455339033  0.03268129884372717
  0.04553601425616212  0.05882057974134692  0.07248843898280298  0.08611307936949016
  0.09907447523234238  0.11066829857488261  0.12176851487521503  0.13340053023430459
  0.14575258647149164  0.15904897807990662  0.17116768116704795  0.18200909756418385
  0.19188447187981839  0.20160319510515526  0.21138717993773143  0.22232835148291308
  0.23316176089135712  0.24445689129499121  0.25546605907300574  0.26669231171009244
  0.27823709050124340  0.29038044744191238  0.30005062787225972  0.30863898280492930
  0.31630955503726071  0.32352908575994532  0.33225240012154400  0.34268469202623475
  0.35444723175517179  0.36648920710752558  0.37637584902691457  0.38356047509696545
  0.38957214498426418  0.39615889564580248  0.40384404217376529  0.41185339373269614
  0.41916071918886794  0.42674185853509905  0.43490427322789454  0.44341358410171172
  0.45279675634148658  0.46258148548294753  0.47263668670264314  0.48157086637998558
  0.49187115794319719  0.50324793972659143  0.51484939596004542  0.52591723564961068
  0.53670094739332497  0.54662388062300660  0.55723323433609395  0.56758732241622045
  0.57827893152362420  0.58859259665002561  0.59795209540054672  0.60803681033429280
  0.61829876765444491  0.62891845861368434  0.63918085377928668  0.64947552512318041
  0.66030442505178910  0.67089784222043847  0.68161018828441333  0.69344368387870625
  0.70542286824369060  0.71626740538017708  0.72625130205563138  0.73651840801216339
  0.74708748815084569  0.75733329721648879  0.76732514572784216  0.77799468923294435
  0.78871300646479048  0.79911540118246149  0.80915834217265437  0.81911282321373213
  0.82951375867855359  0.84060140442431086  0.85278395907982862  0.86418852796283441
  0.87533179000212558  0.88708037473017087  0.89870600216602270  0.91171341925446014
  0.92468828087403410  0.93814233677567227  0.94827679359975381  0.95900277607937368
  0.96998253853400140  0.98102610479575514  0.99047210095075455  1.00000000000000000
 -0.00360623600570623  0.01490183549262196  0.02763171767505535  0.03775500975971648
  0.04798620914241358  0.05646971895861665  0.06566130568987824  0.07470254908892497
  0.08495573515373879  0.09634074162780241  0.10765643459154910  0.11829211039396870
  0.12899928721788234  0.14005004956922865  0.15142441424861314  0.16308601352529495
  0.17517201501715540  0.18834577030679855  0.20297821811661582  0.21466503244612745
  0.22641930660028989  0.23709243121757920  0.24742977560531834  0.25759175804523088
  0.26787889044331897  0.27846416675624275  0.28911411028220663  0.29998472472877824
  0.31125602682117715  0.32230028937329513  0.33374795309451666  0.34579284082641160
  0.35722012652136914  0.36731431876372589  0.37736963618846969  0.38689425150365564
  0.39682572335735911  0.40833965998930838  0.42059544337674193  0.43351776235106682
  0.44694095125203592  0.46017454758235377  0.47279542613823677  0.48426187928267833
  0.49479964510153368  0.50503895962392420  0.51530067763332954  0.52665192514934844
  0.53745711867449109  0.54706973262698044  0.55637561487784559  0.56445679025366946
  0.57083652457633260  0.57837515314477439  0.58622468451859866  0.59445796202909029
  0.60270300027974988  0.61004402052886919  0.61725705857196367  0.62489722246548252
  0.63373949874177404  0.64277930759097035  0.65159929665943483  0.66032705274977710
  0.66868033032625596  0.67713635454985033  0.68611230413711843  0.69667488331702299
  0.70722288163107283  0.71806760490381472  0.72916442185772978  0.74096051308261623
  0.75385241205098341  0.76666585452336022  0.77810095035379401  0.78797784104203039
  0.79740662408914342  0.80676197399455296  0.81632078115419227  0.82600267521059489
  0.83712858122682987  0.84921468072308171  0.86136596167219792  0.87315552838710886
  0.88485650951325123  0.89654826641335938  0.90782290479025785  0.91846658094848810
  0.92888355207283313  0.93850465351863521  0.94802215119767941  0.95773415386515781
  0.96821946003098525  0.98020553571314428  0.99012878844301000  1.00000000000000000
  0.00098298979729041  0.00145870079173491  0.00244458549410943  0.00328271522454862
  0.00394443287009916  0.00458883628417988  0.00520905610768747  0.00580700796015556
  0.00639326050345035  0.00696854255481342  0.00755415237842842  0.00814374548625775
  0.00873265230950120  0.00933105338052455  0.00993747970604516  0.01057233182324743
  0.01122489664668678  0.01188267320134716  0.01254887972978479  0.01321718638204031
  0.01389035201019046  0.01456408584030882  0.01523593563292498  0.01590489443729735
  0.01660942994882008  0.01735090688063914  0.01813338990961312  0.01894556821953372
  0.01976940666672625  0.02058724551361730  0.02147644090341679  0.02238875837019614
  0.02332892078998184  0.02432030591526006  0.02535038064926972  0.02632900438313162
  0.02730036650857728  0.02819488425110341  0.02913932040523595  0.03015664100019352
  0.03110276022476845  0.03189289949704471  0.03264223613907941  0.03339179894805587
  0.03412394423951136  0.03483855913301857  0.03554036141240232  0.03621875028441104
  0.03707519070202564  0.03790913530732812  0.03878286804040908  0.03969145702379593
  0.04070863008236448  0.04168586554760884  0.04277764976561891  0.04389335612333301
  0.04505032567494150  0.04614600802924496  0.04720400138466320  0.04840269081215291
  0.04955197058226696  0.05057798567574183  0.05169116441168843  0.05295373522649491
  0.05422275670639254  0.05549740704739906  0.05685168890260003  0.05831476956454362
  0.05997376210430250  0.06187038638353463  0.06388313225829499  0.06562392176378172
  0.06722761403976546  0.06891660920084952  0.07084188312739509  0.07448059487595714
  0.07896605139844259  0.08323131639961547  0.08785939182754736  0.09342044909320747
  0.09674567623261239  0.09967253699886656  0.10236545701962210  0.10546486443866702
  0.10988023555056706  0.11447509365385558  0.12275751042321667  0.13182094642428560
  0.13686059792467359  0.14155593062517405  0.14876235953808936  0.16022921403057838
  0.17505674450241937  0.21226713602009920  0.45937970883710622  1.00000000000000000
 -0.00094799237430242  0.00722662043594140  0.01582234164157642  0.02483981461667353
  0.03645000534969575  0.04834501383835912  0.06024185150553586  0.07099230601496659
  0.08141395037425721  0.09064585538586785  0.09997348575363854  0.10975839750515425
  0.11939405756986823  0.13139483130306684  0.14379651939400492  0.15658012076462063
  0.16786177173778022  0.17895271294815199  0.18901793328691316  0.19752520688549313
  0.20646254886996948  0.21479838461558143  0.22282188471857034  0.23067649883787467
  0.23886163763796756  0.24738045350952462  0.25622797885845983  0.26551380068721414
  0.27380095458415810  0.28093673022446197  0.28757749608332916  0.29348535071938858
  0.29909005038413289  0.30521871602999229  0.31226348030773360  0.31970481182241478
  0.32712384891163121  0.33499387764328775  0.34707573373757944  0.35954041019184657
  0.37178374786889778  0.38356864341291796  0.39541831568237495  0.40769967324778178
  0.42140956012265313  0.43533759089300506  0.44891204856944372  0.46235074852743574
  0.47550406139744411  0.48873197382015898  0.50267098172244129  0.51747930521042840
  0.53029081039080450  0.54111681210819107  0.55143246219276565  0.56331532026947706
  0.57425238772827725  0.58542914145788150  0.59760421409842701  0.61338165358697727
  0.62880402052482021  0.64351777662501219  0.65434786187932259  0.66441156884939301
  0.67414160611839979  0.68291782021477621  0.69101547801471930  0.69911776512383683
  0.70799960884156066  0.71753507005136963  0.72813102788473438  0.73864304901831757
  0.74828977189845636  0.75764651471873978  0.76659801529519123  0.77624209900373642
  0.78631510967452201  0.79705650705491760  0.80750723101866051  0.81875695895893108
  0.83131392444121344  0.84363928322988824  0.85491528527362226  0.86500865665280502
  0.87449296973384072  0.88366450335326852  0.89221130379399172  0.90090794088791004
  0.90932670297756413  0.91842194262065024  0.92921750404549330  0.94125317812645237
  0.95443584523581460  0.96940871443370102  0.98487744760646245  1.00000000000000000
 -0.00326668372101166  0.22566084147703871  0.32040751839171072  0.38879355175461178
  0.44092307177612861  0.48383255584462176  0.51929261885093947  0.55013370453004085
  0.57784770742360136  0.60297059571881528  0.62492342410942203  0.64460164822931265
  0.66308964602332177  0.68067101781339501  0.69801291144192867  0.71405529074836183
  0.72794043464364266  0.74064575194657201  0.75239753195009307  0.76335837098734516
  0.77408209428960839  0.78456453717499142  0.79449142089935687  0.80386385541369609
  0.81258752391302058  0.82080899648594363  0.82891555186647647  0.83652666533317632
  0.84383219175424007  0.85063241990381089  0.85688780602468317  0.86262367255401762
  0.86828847620106120  0.87375570996145624  0.87869594560214304  0.88340797588359221
  0.88804589714273785  0.89258240232698804  0.89678636004344947  0.90036340623851807
  0.90371074767781179  0.90712154160118841  0.91045154923759841  0.91370269067932142
  0.91687312881803384  0.91988739544160503  0.92286034189735477  0.92580349068108114
  0.92868363518099040  0.93140417852896107  0.93402751812835760  0.93656303079998127
  0.93901155318273288  0.94134580100710807  0.94353223633785877  0.94558011423309418
  0.94747597010403528  0.94928356518199353  0.95099467003501681  0.95263768214574707
  0.95431804804183706  0.95593473312718635  0.95750288481784296  0.95892011575410974
  0.96030299334727609  0.96169757788827781  0.96306920413113295  0.96442583839998020
  0.96578740449477396  0.96716002690292935  0.96851769624884276  0.96981822977841614
  0.97128015512959753  0.97279048216272945  0.97424401259783322  0.97558105587250199
  0.97699520906082182  0.97837268689576118  0.97960595890602242  0.98080010494265268
  0.98196468292403849  0.98310214685821506  0.98425501639335844  0.98537857431747689
  0.98639549558095552  0.98732185467396050  0.98818734612622250  0.98905364390042594
  0.98994665178303165  0.99089736872164558  0.99196768323786844  0.99313572356227675
  0.99441721115071546  0.99585153051653608  0.99772809590586609  1.00000000000000000
   2.2481932682761889E-013  -1.0000000000000000     
 F F F F F F F F F F F F F F F F F F F F F F F F F F F F F F F F F F F F F F F F F F F F F F F F F F F F F F F F F F F F F F F F
  <DiscreteSampler_grid>
  grouped_processes
  1 # 1 for a reference and 2 for a running grid.
  10 # Attribute 'min_bin_probing_points' of the grid.
  1 # Attribute 'grid_mode' of the grid. 1=='default',2=='initialization'
  0.0000000000000000 # Attribute 'small_contrib_threshold' of the grid.
  0.5000000000000000 # Attribute 'damping_power' of the grid.
 # binID   n_entries weight   weight_sqr   abs_weight
    10   10   8.547645916555567E-003   2.243227566913357E-004   8.547645916555567E-003
  </DiscreteSampler_grid>
