  0.00899871062951427  0.01755567746488563  0.03033902107009252  0.04298316954062947
  0.05424329218886573  0.06530257533997341  0.07839990272601272  0.08952704808081755
  0.09929309386553951  0.10885044067546651  0.11911739360265255  0.13067651630731042
  0.14344308217575863  0.15565694663190022  0.16729659678061540  0.17812057630396380
  0.18907398100471301  0.19880949040484736  0.20966195867218476  0.22028828042344420
  0.23053875104472027  0.23944714383972601  0.24767346578941246  0.25757224800062584
  0.26851725790952685  0.28036039421813019  0.29058176474063507  0.30014383131171851
  0.30930397034862872  0.31907536537695508  0.32800618358842909  0.33717835161821907
  0.34456574708424581  0.35249339150315112  0.36118833017228924  0.37115817651050115
  0.38187984797083402  0.39292638131033381  0.40396256974174732  0.41490523706036880
  0.42592682699903428  0.43723583142781663  0.44872088641150598  0.46082400971843751
  0.47341948618533125  0.48516111417014351  0.49627623444503566  0.50673085000101958
  0.51710078125592651  0.52789838594811711  0.53810013027624071  0.54789671951882113
  0.55751202479645978  0.56747648997459843  0.57758565672154072  0.58734427965919600
  0.59792575687619365  0.60842000702914245  0.61942309023029529  0.63037371486720295
  0.64276793984000258  0.65433541345160284  0.66588261273306848  0.67836703652202635
  0.68978563142050831  0.70005605615775490  0.70959465199288163  0.71902160776428703
  0.72903315548531877  0.73989949602348515  0.75107215769779134  0.76250455423391639
  0.77482419149372539  0.78775494721064343  0.80063911852363623  0.81248540357476529
  0.82204522611827224  0.83168623863477587  0.83996520959751975  0.84752381427173273
  0.85478745075810658  0.86259196365915125  0.87129255596232613  0.88071728951832107
  0.89085132990658322  0.90180875276323691  0.91298022818244395  0.92370620696440053
  0.93425344150579026  0.94440474881500136  0.95486369692578621  0.96556291688927165
  0.97575801760294167  0.98509025723380927  0.99017053742253169  1.00000000000000000
  0.00108960055974344  0.00159052623863029  0.00190408795570866  0.00215027024856870
  0.00237294332343439  0.00258952909566987  0.00280488577917678  0.00301627727013091
  0.00322440399880291  0.00342938880269080  0.00364105949712306  0.00385315662371646
  0.00407174465522444  0.00429180959084106  0.00450198490996657  0.00472852867153513
  0.00497500046180133  0.00523486218674011  0.00550391596777846  0.00576153479498851
  0.00602392445513557  0.00626545203168757  0.00651811865922148  0.00675761167429193
  0.00702441813385601  0.00731737915958371  0.00761097431019087  0.00790726787740353
  0.00818805125253000  0.00845999958305182  0.00874391802840745  0.00900588805526122
  0.00926353798254900  0.00953816190883892  0.00983999810271892  0.01013148403799098
  0.01039301573420826  0.01064760460904839  0.01091786161419726  0.01120055112959923
  0.01148159606079970  0.01176928236862817  0.01207269191724018  0.01239053807661982
  0.01269778046551453  0.01303837172379574  0.01345567030851175  0.01387850232692150
  0.01429788898137112  0.01471998497144309  0.01516024651678527  0.01564871780565844
  0.01617292309006556  0.01669337345374377  0.01717457000156491  0.01763479497234731
  0.01813272582740692  0.01868406075474653  0.01933438717880834  0.02000365852521144
  0.02068476344925188  0.02154866363372958  0.02253434152641830  0.02343637598486371
  0.02428614887262204  0.02506936467710319  0.02590786709603113  0.02685033071702045
  0.02785225621522434  0.02896982678836727  0.02997275531644843  0.03169513240348375
  0.03344898676277337  0.03490744824716559  0.03650266412863928  0.03808966102158062
  0.03947039655372675  0.04053404839097594  0.04259597089825229  0.04578577966884296
  0.04997741859224014  0.05223085480692911  0.05448431147770594  0.05718705595956008
  0.05950841115199874  0.06276567723523481  0.06880590982061807  0.07774659143151398
  0.08662975289893472  0.09044960593635330  0.09108139546564396  0.09207357339870291
  0.09682991509218214  0.10182770158313227  0.10735058182742749  1.00000000000000000
 -0.00000263688069885  0.00000628084461870  0.00001812290271551  0.00003168650615457
  0.00004488325201893  0.00005742078688814  0.00006905581359262  0.00007943961456889
  0.00008882955537877  0.00009783805317303  0.00010671707489131  0.00011615786609813
  0.00012610793655125  0.00013565079294978  0.00014469519205380  0.00015384334479900
  0.00016393798418138  0.00017451780616253  0.00018545081828620  0.00019718495919862
  0.00020932955940079  0.00022198796340571  0.00023486526094599  0.00024926999138951
  0.00026520907635818  0.00028085471533996  0.00029727924291946  0.00031357298134032
  0.00032981854388695  0.00034627488390149  0.00036357002157467  0.00038286309012697
  0.00040294910693349  0.00042233582904580  0.00044355559049611  0.00046697119297797
  0.00049286378752728  0.00052125339619727  0.00055070478896572  0.00058126324528847
  0.00061306400589921  0.00064461681413838  0.00067593706690493  0.00070739079770070
  0.00073896632403843  0.00077107589264881  0.00080760271269900  0.00084735906789453
  0.00089376001115909  0.00094518036946860  0.00099774170962277  0.00105214995534849
  0.00111120421369671  0.00117644695186607  0.00124561572515430  0.00131463334541757
  0.00138399482728608  0.00145589206593676  0.00152855487699766  0.00160457271571910
  0.00168778391414453  0.00177338214023101  0.00185788759378830  0.00193991013632104
  0.00203682567783906  0.00215335685701946  0.00228260385938392  0.00241943623733329
  0.00255635098370691  0.00269311174745301  0.00283149380004091  0.00297774256116548
  0.00313838747417742  0.00330489485409315  0.00349282998396299  0.00375417901925496
  0.00406715215957256  0.00440552010155300  0.00474655736325464  0.00509281897182582
  0.00548790731489968  0.00602133262601215  0.00665638850005200  0.00737424111079026
  0.00813780587860207  0.00906430321023924  0.01001986206702322  0.01124395055884436
  0.01255743334421958  0.01456784238765256  0.01676030146497928  0.02008311317645108
  0.02490813722688991  0.03248116656143189  0.05902997749630664  1.00000000000000000
 -0.00274077009367289  0.01062502298734686  0.02174413120493781  0.03043666882461789
  0.03891016886179104  0.04732261066609975  0.05615945071572484  0.06682301919701025
  0.07795168492774240  0.08900246736936361  0.09939556587325743  0.11010291605165776
  0.12130985840941060  0.13262223517653229  0.14433855262596015  0.15612803471193484
  0.16915954396097280  0.18089070232153667  0.19355049978197586  0.20632203660677750
  0.21823831048661582  0.22951080880536912  0.24040063975091788  0.25018605982941999
  0.26030704710809083  0.27011466855713862  0.28129263966661894  0.29259920554119340
  0.30451560470194239  0.31639286576002518  0.32818418923673920  0.33979744643120402
  0.35074851138133539  0.36125392866810541  0.37144916574009779  0.38163995690583113
  0.39229347710099516  0.40377867713735993  0.41556748967067475  0.42678433687514655
  0.43738326585211790  0.44793999087948888  0.45873606872664124  0.46974666458404329
  0.48092428093310402  0.49192859721804566  0.50287319648365991  0.51277553605334480
  0.52258972003631021  0.53216384326280941  0.54158642026400705  0.55091430457706692
  0.56025864405934311  0.57106516499663029  0.58245471350700240  0.59282162034547503
  0.60281819587850238  0.61299121963640013  0.62316024444667129  0.63347821618769085
  0.64340089701907943  0.65288643984053041  0.66210526987903617  0.67220288369717374
  0.68242613357533111  0.69294686095352120  0.70292678661647456  0.71352760755115374
  0.72496385767844662  0.73659579931699459  0.74733850268415725  0.75725154035379028
  0.76673426389741239  0.77579863828260454  0.78426771094538028  0.79344162325935752
  0.80314814766360432  0.81271700667670865  0.82213736724344155  0.83143708523860849
  0.84184791085092314  0.85316162544562291  0.86461979315165127  0.87636583361056353
  0.88733767031650901  0.89680621749613532  0.90495203518425926  0.91289999895770546
  0.92205398768208380  0.93201240030111687  0.94233502398679359  0.95387303661220391
  0.96636414784194724  0.97890735112917693  0.98992444135315549  1.00000000000000000
 -0.00347497403753883  0.01184862055383079  0.02405119149677938  0.03550335773367049
  0.04620364281923943  0.05664358330586441  0.06691378054635289  0.07659134411503833
  0.08594947181592839  0.09594874185348237  0.10599636989160074  0.11590978024274654
  0.12577854622175921  0.13619966333111114  0.14649564092407744  0.15633254799267557
  0.16631188314607770  0.17672846215094143  0.18560365380802554  0.19329151833630270
  0.20087686473155128  0.20966228685813745  0.22010980880997116  0.23128542806767499
  0.24357904877365880  0.25675198385251957  0.27011335674722248  0.28302503895388925
  0.29520190193810947  0.30687792764074001  0.31832937406244405  0.32943099536653925
  0.34048189960047232  0.35092277878593586  0.36186967084658966  0.37383162638996981
  0.38612738447360295  0.39714174385629403  0.40760594799355104  0.41883003630483667
  0.43034602300151520  0.44073373522412868  0.45006432117171985  0.45934477441676541
  0.47028755297892477  0.48073357506510112  0.49036946553537619  0.49927418991123068
  0.50798359820340844  0.51790677801498564  0.52747695278928308  0.53636495491063518
  0.54531491043341906  0.55497815113605109  0.56518267754811402  0.57725504594870103
  0.58956102198339233  0.60233298552782355  0.61502375525621111  0.62720478632089804
  0.63846235584875810  0.64946953447043798  0.66024552965164485  0.67117411949343175
  0.68196110007639199  0.69264352615106584  0.70344055611142198  0.71379719016864385
  0.72335708527326203  0.73283927601327614  0.74277240300855896  0.75372981799657035
  0.76466557731816354  0.77541284833111657  0.78583929420787513  0.79566198543108002
  0.80537449976753517  0.81538443034092156  0.82516862776284738  0.83446124619338391
  0.84364585339781983  0.85222892966057162  0.86200772032641582  0.87170014633962101
  0.88184956754241151  0.89265474803932332  0.90459462361038490  0.91637839467882232
  0.92796100987406238  0.93864933005665763  0.94903679011834752  0.95911493035052853
  0.96896099647935829  0.97926929289860964  0.98937413465761315  1.00000000000000000
 -0.00097608682726994  0.00354848458979686  0.00838784706369351  0.01285312159609912
  0.01843126658769497  0.02467361981379791  0.03127943096142773  0.03830483320582275
  0.04620398460521861  0.05434516874401578  0.06221695389377143  0.06990239947759060
  0.07734534775979854  0.08422626612636017  0.09035002289238825  0.09637481713587288
  0.10276966932181340  0.10965953664119317  0.11650631113811782  0.12339941922222339
  0.13062801594024773  0.13839445388307567  0.14624649873508436  0.15390053737696896
  0.16125060320868176  0.16835316100834327  0.17536662734300940  0.18243898405463035
  0.18969137467824837  0.19760255677073871  0.20548105879557266  0.21410798809520923
  0.22333257874416915  0.23284342963576427  0.24244085948464189  0.25174713420854067
  0.26038981953950879  0.26858822314336145  0.27770470648013645  0.28753043637454895
  0.29711527661092135  0.30680916266896324  0.31615300263408957  0.32467857313498616
  0.33260346877626246  0.33991424397870584  0.34742411370788906  0.35536388875455638
  0.36345549554953266  0.37086932376350729  0.37862263379363059  0.38717435042013987
  0.39597004775635702  0.40363563694206933  0.41098013729598337  0.41835668404363097
  0.42582773739898594  0.43345276231291224  0.44158987379280745  0.44983120012457317
  0.45748675873297562  0.46615745246027868  0.47528050682008277  0.48430112173688294
  0.49367516067319978  0.50304437637295651  0.51283543623667160  0.52264777472705093
  0.53245512082010327  0.54300850137384515  0.55258469007664346  0.56220364617221230
  0.57180774764191422  0.58225453211609279  0.59283503774684421  0.60405227387142957
  0.61635808339635678  0.62909466724679564  0.64143493161430676  0.65451914257695276
  0.66778663961354356  0.68015596808424406  0.69328536004366081  0.70775981366094465
  0.72205673940759030  0.73932790580889807  0.75735536589657348  0.77411249995942588
  0.79219104061690715  0.81003069387567483  0.82949628231961048  0.85158009522143130
  0.87784294538274454  0.90851791921686076  0.94709790945522532  1.00000000000000000
 -0.00147280075371733  0.00840656253138820  0.01722400373368153  0.02610245798339789
  0.03475504810318504  0.04371524294910789  0.05304378689927814  0.06233154352839942
  0.07207424737216536  0.08250820734302705  0.09412325172207842  0.10658074446918164
  0.11851862378770578  0.12867516259645562  0.13740054655729336  0.14626215174473989
  0.15576110091713471  0.16712450664050535  0.17929043607687625  0.19105118219679793
  0.20241713580542117  0.21320021491445038  0.22362019848307169  0.23370839398769977
  0.24364608100771895  0.25403324450388259  0.26408425881267983  0.27332631995897222
  0.28274421751882095  0.29257144664673318  0.30253835553223746  0.31158320576689447
  0.32045651814698617  0.32949551320409831  0.33894443022572013  0.34812762657955754
  0.35715983485216712  0.36731726034238554  0.37758175331163957  0.38883790408448998
  0.39915466779585984  0.40923375871950374  0.41944458973258553  0.43019483288415383
  0.44094904450065919  0.45159628162270715  0.46202739022139960  0.47244391624479609
  0.48378133904224935  0.49520995896126419  0.50532645616747385  0.51494866538994288
  0.52522563526935817  0.53635707672540756  0.54710694702989060  0.55717005159356947
  0.56762526240312172  0.57889975190785659  0.58920909751947592  0.59915214491329316
  0.60989483357427487  0.62146214524397381  0.63264850385957805  0.64300610994472229
  0.65318091773959108  0.66363466894428280  0.67371113659108572  0.68337584356660130
  0.69309307919626195  0.70310903412696502  0.71485754960947756  0.72804188942646930
  0.74133131027886623  0.75332332097155363  0.76398693332095391  0.77452755821362218
  0.78582584821900436  0.79769792443139642  0.80923920024262197  0.82079042355492238
  0.83189733305184133  0.84228833078932852  0.85284787326531852  0.86374189276678592
  0.87458384305497416  0.88490704176237878  0.89592348069814665  0.90790812467436788
  0.91955891629373077  0.93032813470081777  0.94098243547582683  0.95221969309074062
  0.96428771079266273  0.97648258163229740  0.98833225742698139  1.00000000000000000
 -0.00203705174477206  0.00868021966848039  0.01770059002424864  0.02758226888040729
  0.03913213257983713  0.05007916907859388  0.06032165694580258  0.07122493103297098
  0.08251862231082664  0.09303912834052390  0.10378154266577078  0.11349103796004950
  0.12429093514897367  0.13549498891435749  0.14680086292734038  0.15641328696395107
  0.16559848589223919  0.17390694682833310  0.18312549231256148  0.19239770587606247
  0.20235245003764879  0.21421865968165141  0.22796414004667723  0.23783134106270090
  0.24822620974170470  0.25839823178950067  0.26840421322594721  0.27838774303197478
  0.28878407402697037  0.29998541417846258  0.31202689877068374  0.32424492156846202
  0.33611119771405784  0.34765676674005325  0.35987435639519266  0.37255236419726395
  0.38331031545616151  0.39363988686564583  0.40399669009908268  0.41437030473102499
  0.42438047370587606  0.43473224988211301  0.44495427808125776  0.45534795418889351
  0.46605152683957984  0.47671602164987192  0.48751224902306967  0.49803894860756837
  0.50813406595131971  0.51803009432884717  0.52841547051030757  0.54021941742225776
  0.55153192519182526  0.56373628498289952  0.57562507033140109  0.58680291919409799
  0.59789857071141184  0.60856628187027861  0.61889706788971854  0.62949229477885715
  0.64068434876088520  0.65238483252349033  0.66375995537758237  0.67444380416472349
  0.68425424815561031  0.69382447710471629  0.70347211525969333  0.71332340683209750
  0.72302269706094446  0.73252729954989326  0.74215924690994761  0.75096938717574213
  0.76005452537529328  0.76869188547475731  0.77854280553963529  0.78799850861181875
  0.79891213772151037  0.80996096473069268  0.81971338136479288  0.82878297225619935
  0.83819023555034156  0.84821930748286045  0.85857186186427448  0.86878401482730039
  0.87868723496358792  0.88928627647707448  0.90015146092864118  0.91134971038638535
  0.92243627801022410  0.93357169082733493  0.94489338610745766  0.95682715524544415
  0.96777220973904021  0.97904934219694928  0.98969358373889715  1.00000000000000000
 -0.01332476948398770  0.37271198403555328  0.48347518867142708  0.55178997116779593
  0.59965582154919006  0.63624877627947174  0.66567041037947250  0.69059411199820742
  0.71125900907457007  0.72935290128534513  0.74420056259641354  0.75747603633538896
  0.76989894939325776  0.78166933482759626  0.79230606993721930  0.80195073818144835
  0.81090982464576500  0.81947826839753324  0.82744694692791121  0.83513123107193887
  0.84211932991235761  0.84946925075228275  0.85630406925696878  0.86228797363892917
  0.86771274223909711  0.87283539990697212  0.87758215049212462  0.88200010978400645
  0.88647854459070918  0.89075823033169910  0.89504820583989886  0.89846479309070160
  0.90187038294769306  0.90517412896470195  0.90853848479965382  0.91185582986214875
  0.91499185049587262  0.91757974194824621  0.92007660540176472  0.92252526170778859
  0.92498881474782846  0.92748856774085187  0.92999102767973851  0.93245700994599856
  0.93485563576857900  0.93712738943319307  0.93928905891312575  0.94142041183871283
  0.94356954266589776  0.94569317581226497  0.94745933340690469  0.94917616203559318
  0.95082830175420163  0.95249794873795579  0.95420707797546100  0.95595585188198662
  0.95772945856492542  0.95908503560602265  0.96047097684187233  0.96179099342217256
  0.96305225722170140  0.96428968688904571  0.96551909749003650  0.96673379198040954
  0.96793043607743146  0.96910948885907466  0.97032879632581281  0.97150938067512116
  0.97262574266524504  0.97376678915093806  0.97491573387214225  0.97596527897198748
  0.97698992418715458  0.97800748006912896  0.97901161730458286  0.97995775638534033
  0.98084050148179969  0.98174060212626668  0.98268484513811816  0.98363955276254733
  0.98455218032055125  0.98545730969755208  0.98636532839982527  0.98728172121432289
  0.98811404642322898  0.98889070392828970  0.98965502299496511  0.99043457297281479
  0.99123933915066786  0.99204498894604198  0.99286104564859323  0.99374788969279126
  0.99477021924746700  0.99604165501107123  0.99772316415879514  1.00000000000000000
   1.1556365861614679E-017  -1.0000000000000000     
 F F F F F F F F F F F F F F F F F F F F F F F F F F F F F F F F F F F F F F F F F F F F F F F F F F F F F F F F F F F F F F F F
  <DiscreteSampler_grid>
  grouped_processes
  1 # 1 for a reference and 2 for a running grid.
  10 # Attribute 'min_bin_probing_points' of the grid.
  1 # Attribute 'grid_mode' of the grid. 1=='default',2=='initialization'
  0.0000000000000000 # Attribute 'small_contrib_threshold' of the grid.
  0.5000000000000000 # Attribute 'damping_power' of the grid.
 # binID   n_entries weight   weight_sqr   abs_weight
    10   10   5.240089554885234E-007   1.280920996111165E-012   5.240089554885234E-007
  </DiscreteSampler_grid>
