  0.00985621790366263  0.01518843551017781  0.02403093578928996  0.03438658999951207
  0.04437492526214781  0.05401300027595845  0.06405891646131077  0.07507194144203175
  0.08653282945046242  0.09743006900411436  0.10814183637133214  0.11892544772570825
  0.12970629691515623  0.14062175762332016  0.15169141288706839  0.16316116716537157
  0.17407878125865248  0.18431585111159246  0.19479982137337576  0.20566116804036416
  0.21621552369607575  0.22624912468650182  0.23607511367372169  0.24606645784562270
  0.25635560912969452  0.26632664757191893  0.27687138859264976  0.28792824987505128
  0.29811794553053200  0.30822693352911401  0.31837659890243764  0.32824867404837610
  0.33785625843874334  0.34731818334660902  0.35740365276449992  0.36723512760955984
  0.37651358425297526  0.38592009825845841  0.39610067347700134  0.40803096403533712
  0.41974008677676028  0.43166106062314746  0.44190476329957545  0.45164106091147749
  0.46183326324365664  0.47156800690747191  0.48131128890674857  0.49021378731260917
  0.49915173531829693  0.50832202287514716  0.51802281969335473  0.52825861897288140
  0.53905578956990541  0.55009954119174842  0.56158362402249185  0.57314206196253381
  0.58425762586139984  0.59489222682123144  0.60640534085879139  0.61938937716549292
  0.63159477068860670  0.64288024725418691  0.65395365743490530  0.66510335658794439
  0.67534557377366755  0.68530455123916878  0.69515033526974468  0.70462680077715212
  0.71354474629969200  0.72247121829288297  0.73216495177996288  0.74277582833065259
  0.75382825456053781  0.76480648640563142  0.77676396292160343  0.78797682877627939
  0.79922499020069337  0.81017835422213824  0.82195539061833756  0.83268745568297842
  0.84231211082719648  0.85221770061882773  0.86311808080418051  0.87386275166614713
  0.88414931252969009  0.89393199372158005  0.90414662979437987  0.91510148515720258
  0.92385348159647573  0.93287113189598603  0.94172751703526203  0.95172669360016560
  0.96146436564121429  0.97078617632705411  0.98003577774488293  1.00000000000000000
  0.00108346950940358  0.00159051104496101  0.00189410189874462  0.00213203716595741
  0.00235178097544564  0.00255735339741065  0.00276246244537273  0.00296207424601452
  0.00316337143835327  0.00335228302932806  0.00353925948762599  0.00372429945938623
  0.00391621570784074  0.00411506674091078  0.00432110136000758  0.00454670686807675
  0.00476424432234721  0.00498695944263740  0.00522135042188913  0.00546446268753065
  0.00568874175059016  0.00591562828397449  0.00612794019276838  0.00635287292355346
  0.00657808953046694  0.00679079934707228  0.00700231944046761  0.00722209321149582
  0.00746263753691164  0.00773081169642240  0.00800951963442369  0.00829092492937875
  0.00858142495278460  0.00888882889536635  0.00922388578604327  0.00956412826480635
  0.00990676385685245  0.01024339695411033  0.01057441661902830  0.01091127233962012
  0.01125053787672469  0.01159534765516642  0.01196211639587592  0.01235015831740787
  0.01274667948583881  0.01313057429188467  0.01351390314377817  0.01390196915790753
  0.01434852424454070  0.01482427954143769  0.01531464341312137  0.01580876616769365
  0.01630779747818905  0.01693022236324218  0.01772051775182221  0.01862002205430575
  0.01956888551850414  0.02038551556115971  0.02110447352540730  0.02183952173225222
  0.02256471616797816  0.02332382945154734  0.02410477962882962  0.02500212141819515
  0.02592285552173066  0.02691978376568780  0.02804811886686136  0.02932085716321703
  0.03086075127296255  0.03235021995062001  0.03387220503559851  0.03506413202892005
  0.03645087044590941  0.03760349088948716  0.03869607244398384  0.03982103003276911
  0.04104286909828964  0.04225762938008111  0.04346522529576709  0.04475683783052379
  0.04608983303936539  0.04762115279232629  0.04912889996609254  0.05076564023527275
  0.05251027146734488  0.05464025947128243  0.05833801553167028  0.06662397665250808
  0.07805941526136342  0.09414634619353145  0.10743593636041872  0.11299317126377109
  0.11944980096245893  0.15947077041404845  0.59367928118614677  1.00000000000000000
 -0.00000342578881295  0.00000920823096483  0.00002373254382620  0.00003801051121123
  0.00005074859457355  0.00006231053071011  0.00007356527321618  0.00008390517174738
  0.00009453593298956  0.00010403242106609  0.00011286256692514  0.00012218735716227
  0.00013209839073955  0.00014355069226831  0.00015640920228872  0.00017027578568501
  0.00018499337069286  0.00020034031750344  0.00021602843240647  0.00023200401207980
  0.00024893145204326  0.00026602915244683  0.00028444677608603  0.00030321445278965
  0.00032241905972299  0.00034213897742462  0.00036213011344036  0.00038185646507301
  0.00040346349288187  0.00042624549458476  0.00044865266316663  0.00047304347992853
  0.00049884466812815  0.00052575407550185  0.00055558187337261  0.00058874519434628
  0.00062517180668468  0.00066502608913365  0.00070724496117510  0.00075858636031091
  0.00079710739218914  0.00083773716280237  0.00087990948560788  0.00092301192581318
  0.00096639462301032  0.00100955277045419  0.00105564387174570  0.00110941558126677
  0.00116708160494128  0.00122548317500915  0.00128826970446126  0.00135716108872822
  0.00143129552093326  0.00151189631469753  0.00160101314747725  0.00169825702810978
  0.00180424387802504  0.00191776037598439  0.00203852805002354  0.00216609925061232
  0.00230038617523656  0.00243835080505572  0.00257822339965254  0.00271529256099292
  0.00287122063796281  0.00304325909456692  0.00322919148569399  0.00342322973593408
  0.00360940016084345  0.00379848212248848  0.00400618957871613  0.00424151442968668
  0.00451982716697655  0.00483498133461793  0.00526706605193656  0.00580309483532351
  0.00641408077097902  0.00705067634113221  0.00773575951229824  0.00847096384242763
  0.00925844989042014  0.01020772883912813  0.01176981788988693  0.01347091925137764
  0.01488890211004872  0.01646310025098393  0.01849348518635557  0.02119638580633133
  0.02486714009783986  0.03195019173228223  0.03935596756653111  0.04689768294638757
  0.05654413776541703  0.06992578156949379  0.11793784263186553  1.00000000000000000
 -0.00203355055380223  0.00761470108537741  0.01699416546321479  0.02694827592686553
  0.03772665137024686  0.04851391142958540  0.05953806097580186  0.07040766290201265
  0.08130756042863307  0.09159732430467526  0.10142157410830792  0.11148497198001353
  0.12124065854428699  0.13049300202926145  0.13945740905975393  0.14968618725907271
  0.16233569892536467  0.17450638888726316  0.18585044686785349  0.19670171961032784
  0.20800963269381553  0.21949563820438953  0.23044353563564896  0.24068045654148804
  0.25051327093852094  0.26019396544982148  0.27101846735232432  0.28307648492375953
  0.29501327349356132  0.30580269897982471  0.31596897139656055  0.32593124378138694
  0.33679048296871139  0.34750935718218645  0.35868558138198298  0.36837796568503267
  0.37888994207228688  0.38967167196270985  0.40062654365527045  0.41196889836938055
  0.42345509633815531  0.43509068479229268  0.44613606552618856  0.45685711047530891
  0.46785539703661849  0.47897965103652601  0.48885990291169013  0.49901782946754580
  0.50917573471455246  0.51991354122942279  0.53115297760218083  0.54169371555452328
  0.55280703818004595  0.56393240944234135  0.57444348676201129  0.58488742340714794
  0.59514122287014126  0.60525832752186404  0.61512776088573862  0.62494564940278485
  0.63506984650267728  0.64572625550175644  0.65655966528837473  0.66734920404782427
  0.67754660780144982  0.68732622605653870  0.69731814084535160  0.70782318579536085
  0.71893105850239347  0.73044083487473643  0.74230728063696627  0.75414980477171700
  0.76560600551963853  0.77652247407218478  0.78760743260574240  0.79826959665010577
  0.80843851558207591  0.81863911229500186  0.82898187458496575  0.83953285983946913
  0.84942393942847327  0.85861772260311364  0.86866125841243347  0.87884781408672130
  0.88849583990338543  0.89827515518060208  0.90835711394691876  0.91813926779616195
  0.92789644059440157  0.93793473054725474  0.94933676225108454  0.96034690164286929
  0.97026999459089658  0.98006142985024203  0.98991497455186217  1.00000000000000000
 -0.00304866100299198  0.01240261939657671  0.02516920619442817  0.03789361637129657
  0.04847370825753617  0.05810191627689189  0.06789811472009180  0.07781874965165753
  0.08820399934475580  0.09815150784715415  0.10806338529491352  0.11921278214265633
  0.13102994731788134  0.14398275830808860  0.15639313609578706  0.16791209035277832
  0.17903755886689310  0.19011663144664653  0.20098143239340052  0.21110882636683062
  0.22059338751534591  0.22997635238759098  0.23919080175433424  0.24873526680834718
  0.25846286962936216  0.26835696502822909  0.27873901347211272  0.28944299082374758
  0.30019477563680341  0.31025517640037559  0.31950852603654728  0.32849821719167288
  0.33782630749284831  0.34763355329812101  0.35822609289675461  0.36873069705529288
  0.37860644779181246  0.38925945803035295  0.40024203108508966  0.41193448276579886
  0.42236806503179619  0.43195808597338547  0.44134383649732106  0.45016514216216602
  0.45873755915294318  0.46715332694016376  0.47525616029892320  0.48387215429191643
  0.49331144329801613  0.50334678724969373  0.51464645399370057  0.52611917761008975
  0.53790245305446582  0.54882540865997376  0.55868188357662441  0.56850149261629879
  0.57875615152588933  0.58873685400730524  0.59813808496858911  0.60771825687616021
  0.61819150552499047  0.62903085866924735  0.63936363390706130  0.64983438405004457
  0.66090476866571313  0.67199925346461042  0.68268985849016817  0.69341739660136403
  0.70428820711860041  0.71533348660152674  0.72652027813345399  0.73838145825304735
  0.75080798539160987  0.76313504268143628  0.77525873417078728  0.78737858783785264
  0.79914797540585591  0.81123628726676777  0.82315557249673299  0.83459078527333808
  0.84531375661638763  0.85525230714899747  0.86502400869452789  0.87514787415384498
  0.88605409134933522  0.89688873110218481  0.90654766683667476  0.91615420051848517
  0.92599860113843202  0.93530053948811032  0.94446588749007387  0.95351952150385266
  0.96450726401102005  0.97735650666592611  0.98895009718870341  1.00000000000000000
 -0.00108692930707877  0.00433155625884290  0.00936585541435533  0.01479303951279971
  0.02050823585406176  0.02724290190110633  0.03395366464822600  0.04026068259170012
  0.04702115206302737  0.05395429007895886  0.06075784885456362  0.06794391554149126
  0.07453624436875780  0.08152637111259536  0.08856555615489506  0.09582161399955338
  0.10383222513366910  0.11257340813642910  0.12143590005107158  0.12979420755640497
  0.13775447905147276  0.14568060750405912  0.15313475068717011  0.16008516868287673
  0.16695491533930984  0.17388482722209986  0.18115358829690373  0.18935789479128845
  0.19779417191125520  0.20616839891638211  0.21331879702073742  0.22046798053890707
  0.22769142480009913  0.23474454126999314  0.24217027050440615  0.25004637193123563
  0.25862164442150254  0.26810517399239570  0.27790402611106263  0.28747376493655169
  0.29694470726537991  0.30627828655721195  0.31517728324487654  0.32352499008711394
  0.33157169067879494  0.33990031620171096  0.34902491378143424  0.35765762259410344
  0.36621300210104524  0.37482446571267913  0.38300311498933887  0.39156786539382316
  0.40045870439702796  0.40960699970069586  0.41910968380046865  0.42820815144869839
  0.43727568207694822  0.44702737146847737  0.45712743394640304  0.46746906331067367
  0.47673979334185046  0.48618129254584008  0.49604922780246985  0.50674741243929244
  0.51706011944713348  0.52790172650867107  0.53851055225652544  0.54953683680085130
  0.56107830173228390  0.57372932753711614  0.58640417668446909  0.59869966369907168
  0.61103256779386239  0.62340660654635416  0.63520263571054425  0.64771180403209028
  0.66127337443826084  0.67469542640053837  0.68762824242345244  0.70146981609617864
  0.71541946976792081  0.72985521531949005  0.74495336071080165  0.75884409651238904
  0.77198878683294103  0.78582608909932761  0.80063766344965381  0.81600390497521680
  0.83387564440707218  0.85500604141692282  0.87783764349216853  0.89990664946716292
  0.92069546213127806  0.94306523590293601  0.96832812440658389  1.00000000000000000
 -0.00238507588703152  0.01004620473519882  0.02094068870501685  0.03060817376319955
  0.04041231561695777  0.05007867263992283  0.06006491178744285  0.07005664745454702
  0.07990230566572520  0.08992867283868840  0.10022768690539799  0.11013462196066352
  0.11954310752338790  0.12900344488341878  0.13838576969655295  0.14810741043860004
  0.15837943554167699  0.16940152256996982  0.18130936984489213  0.19315503706810733
  0.20486245214823817  0.21629446072931946  0.22729934221708142  0.23844975339772828
  0.25003251617360617  0.26184198455301888  0.27297047728068774  0.28311865463082442
  0.29301755882779335  0.30322905809770007  0.31444264208871747  0.32619067505363242
  0.33742719713455688  0.34806345722906373  0.35834402288615458  0.36825190906083588
  0.37823335720432005  0.38784657210916357  0.39758334617708530  0.40770300451669511
  0.41839535308840470  0.42971562090591903  0.44238917842814879  0.45590621939031928
  0.46983834794734680  0.48165759579646722  0.49186665035442972  0.50148511802871665
  0.50899947134339008  0.51636819874598061  0.52417776230462754  0.53249336789708890
  0.54099821761639921  0.55027463199481252  0.56017728144721612  0.57043290546053549
  0.58083349552630514  0.59101279416213315  0.60114800646438316  0.61103344955536798
  0.62094634786521896  0.63144022350979900  0.64257878344494457  0.65343098265798993
  0.66400141539939772  0.67506869816169635  0.68659329603312791  0.69833467975570063
  0.71104238530814423  0.72421018731020059  0.73572992470617637  0.74553099172883641
  0.75475137257731184  0.76415322306444433  0.77324109226973492  0.78162336663178189
  0.78989115654454167  0.79904435017044517  0.80903298299650883  0.82003087212467696
  0.83146734689722790  0.84238162123754345  0.85279059435042315  0.86268718432440317
  0.87292169753672233  0.88378783200953148  0.89480914796129840  0.90554375638072804
  0.91634908666926862  0.92773166422799391  0.93983751458250231  0.95206757023969102
  0.96383150962840514  0.97514648952314886  0.98729881858560953  1.00000000000000000
 -0.00236409602900258  0.00999352020536002  0.02040183866065674  0.03085327946368641
  0.04069933669952450  0.05057250297573523  0.06040935434756249  0.07048576918731916
  0.08078968076627283  0.09141700583285257  0.10288226355784080  0.11388320713998953
  0.12575655398280061  0.13819821182106828  0.15012638588728680  0.16110630348687291
  0.17116143422529045  0.18139702341509520  0.19134382301118077  0.20163630420419079
  0.21116827312302960  0.22187943160561174  0.23337446629610725  0.24648875818521723
  0.25922151536957883  0.27114310475115272  0.28074931558396454  0.29070357209022646
  0.30139638551156711  0.31319355921677067  0.32400730443300252  0.33390258405572026
  0.34324445700662548  0.35277645551197417  0.36277272345696299  0.37311646389225978
  0.38336715428424084  0.39332240344478875  0.40367420043394953  0.41454072775552081
  0.42499284196399167  0.43564418051492393  0.44712416783542425  0.45868750478321402
  0.47084589876807792  0.48324041709161158  0.49621944052716999  0.50748624927819597
  0.51628761507084042  0.52466405296370022  0.53288940654963168  0.54195995803721631
  0.55197793548602048  0.56254709280294124  0.57422171226446705  0.58633949354765347
  0.59778258862059686  0.60876198090398359  0.61935546486294901  0.63008362404425411
  0.64138208172503741  0.65224372051366009  0.66194592756672077  0.67146720479899158
  0.68094903995499678  0.69060506153108736  0.70005816137523957  0.70977084827537795
  0.72045413885581777  0.73186955046966951  0.74265445410934927  0.75347299033843917
  0.76428052115327350  0.77418995351047482  0.78354212059847428  0.79232241591836483
  0.80130757985202206  0.81078651167781979  0.82104767725559169  0.83136164969837523
  0.84201307570849182  0.85280298020085776  0.86405310241382627  0.87577362484517896
  0.88747259104146770  0.89869941912421125  0.90875331087240141  0.91841541926499237
  0.92725668135276551  0.93655204378850421  0.94675714178930837  0.95625696202876675
  0.96630598319234562  0.97620655457051009  0.98750550410930604  1.00000000000000000
 -0.02981410565540792  0.36455463635490620  0.47720801552289593  0.54453170841130405
  0.59299966875155874  0.62967226933378695  0.65932808630178641  0.68446897145659713
  0.70611909144272444  0.72464223552904516  0.74057647843564456  0.75491140647328669
  0.76813367951289468  0.78054668843192510  0.79205117980359008  0.80259969008096810
  0.81243886922165476  0.82135898912377636  0.82970248047233497  0.83753908561615520
  0.84509224955369755  0.85201634713763519  0.85781739094241560  0.86309273919295659
  0.86835732933028975  0.87365954965199122  0.87880071832418516  0.88351395082138018
  0.88786995365176458  0.89198146490938379  0.89591841374517434  0.89951201061074093
  0.90303665578906445  0.90634896638453988  0.90958652096627113  0.91276699251440641
  0.91582394340288265  0.91872083848444963  0.92136907475438135  0.92395720761211431
  0.92649471979468445  0.92905104220875956  0.93151154271819303  0.93381270300335373
  0.93600039831077730  0.93807017725440289  0.94000892515539414  0.94192712275564594
  0.94384867235499281  0.94566445558271750  0.94738903524588680  0.94904486075255878
  0.95068605216890090  0.95233461267415254  0.95390345074148009  0.95555906361984899
  0.95716333847265345  0.95873716262193465  0.96024577696132951  0.96167351001641943
  0.96306851919309522  0.96443968122184698  0.96578696598056435  0.96713872703015824
  0.96844567619690469  0.96968903989773314  0.97088759116724221  0.97209307181265403
  0.97324960267778060  0.97440749387119996  0.97555382415828418  0.97666247790809979
  0.97769861989239626  0.97872156370316099  0.97965110482340390  0.98053049488402377
  0.98140925447092631  0.98232530516226046  0.98321226335686418  0.98412020632459729
  0.98505019057963017  0.98596323674554298  0.98694032891113170  0.98785165794584784
  0.98870364314275994  0.98951943239271567  0.99032906601641546  0.99113414288438928
  0.99198836403803159  0.99290169411144802  0.99383465635785906  0.99477306787746855
  0.99577681643529692  0.99689428543931657  0.99823511989176805  1.00000000000000000
   1.9051538258171332E-015  -1.0000000000000000     
 F F F F F F F F F F F F F F F F F F F F F F F F F F F F F F F F F F F F F F F F F F F F F F F F F F F F F F F F F F F F F F F F
  <DiscreteSampler_grid>
  grouped_processes
  1 # 1 for a reference and 2 for a running grid.
  10 # Attribute 'min_bin_probing_points' of the grid.
  1 # Attribute 'grid_mode' of the grid. 1=='default',2=='initialization'
  0.0000000000000000 # Attribute 'small_contrib_threshold' of the grid.
  0.5000000000000000 # Attribute 'damping_power' of the grid.
 # binID   n_entries weight   weight_sqr   abs_weight
    10   10   5.687621905601748E-005   1.035660685866714E-008   5.687621905601748E-005
  </DiscreteSampler_grid>
