  0.00987750620461158  0.01537733924070505  0.02359135499434367  0.03323040540997131
  0.04278714696851899  0.05319038931463554  0.06369593744989296  0.07449189203645408
  0.08542515144521232  0.09729892445732254  0.10989359901272812  0.12216603170694916
  0.13397369466474457  0.14676598385064127  0.15942709868308119  0.17264669621165174
  0.18676688276932801  0.20031444861564771  0.21286973676842047  0.22469230928034106
  0.23666624284801996  0.24926922101052912  0.25915592360425110  0.26805862242624928
  0.27655413527577155  0.28458906542121465  0.29339361732207442  0.30238663749912675
  0.31194011643411867  0.32149745198418456  0.33132886944349937  0.34156757614176203
  0.35267638861008305  0.36362424785337127  0.37399741493020672  0.38419617877234419
  0.39429588549486405  0.40461202821349751  0.41503501706437079  0.42497637321212955
  0.43437433249049795  0.44369440865698606  0.45310870291939070  0.46440410319217507
  0.47618776688309489  0.48612471074657349  0.49557861277448167  0.50447468395148465
  0.51635854364169054  0.52753065864471316  0.53864109133078575  0.54920476906238069
  0.55966581605809929  0.57002231161646932  0.58025719395330866  0.58896572105998346
  0.59711765085663404  0.60533365196890487  0.61533532135164903  0.62578734615842602
  0.63644880283644134  0.64686769551173451  0.65737049177987950  0.66762203208233617
  0.67764942988812660  0.68820028909925757  0.69858224939137581  0.70863511208854357
  0.71854157567124699  0.72788670011538514  0.73786802622386782  0.74877010453026327
  0.76130080342927320  0.77351844902402689  0.78427463576882817  0.79470631754340859
  0.80489170849446945  0.81506468787937014  0.82469472894494766  0.83423326946185050
  0.84431677193743193  0.85472998516539800  0.86538237524106032  0.87620689241356398
  0.88630293325809417  0.89633159837523357  0.90599837275593342  0.91795320043266326
  0.92998846430749504  0.94160787019462799  0.95219756550610168  0.96325598213088792
  0.97352967802289037  0.98296866937316962  0.99073492902294746  1.00000000000000000
  0.00000202273929446  0.00000438179039133  0.00000795914865592  0.00001282145315234
  0.00001929239690012  0.00002648158106684  0.00003444040455421  0.00004381805189944
  0.00005309039074619  0.00006241926076163  0.00007155288788095  0.00008031132292679
  0.00008887156680222  0.00009804611914265  0.00010787307028031  0.00011816895975675
  0.00012887566953287  0.00013884722343096  0.00014884071761357  0.00015875750725056
  0.00017038071407949  0.00018185641776489  0.00019342539164535  0.00020531012416536
  0.00021860122887345  0.00023345137459177  0.00024931632555972  0.00026473027276086
  0.00027987044249942  0.00029603671159603  0.00031322445227360  0.00033206977745381
  0.00035180356640629  0.00037173592959480  0.00038937835036858  0.00040871673265743
  0.00042998923189789  0.00045310410907284  0.00047722342374957  0.00050195581299084
  0.00052821948001649  0.00055705619326417  0.00058072711562602  0.00060712019863313
  0.00063578383392850  0.00066646463503016  0.00069943247828410  0.00073607505150013
  0.00077546537496133  0.00081439576147480  0.00085483077588743  0.00089943413989346
  0.00094597249552291  0.00099549408082755  0.00105122989978807  0.00110026956073429
  0.00114737924769781  0.00119399403807816  0.00124261171799569  0.00129804010179405
  0.00135327295067102  0.00140945460068655  0.00146616944548606  0.00152700629239613
  0.00159823347570185  0.00166781648567811  0.00174260355999161  0.00182078231293061
  0.00190691459303925  0.00199413764665066  0.00210163998140617  0.00222234368185921
  0.00234977199478955  0.00247856566236886  0.00261614812305931  0.00276579278852820
  0.00293322397274239  0.00313131404550487  0.00336988044185958  0.00364041211711735
  0.00390513959869322  0.00417053094771854  0.00448229838258777  0.00494124295511381
  0.00557398960240483  0.00627401146991342  0.00700414955962780  0.00788012152580377
  0.00903454432511787  0.01031241824961379  0.01159159176048155  0.01340281361644970
  0.01695850536600700  0.02446312594082067  0.07563379136580485  1.00000000000000000
  0.00000463826091515  0.00001197544979173  0.00002241139957745  0.00003669319046669
  0.00005338169794863  0.00007342710167263  0.00009842917847892  0.00013021114203700
  0.00016537076071267  0.00020406564451574  0.00025106285824952  0.00030496671670851
  0.00035873260885563  0.00041163468284502  0.00046769424217298  0.00052984803969848
  0.00059338243236893  0.00065965024517508  0.00073055824915598  0.00081118100253417
  0.00089779592490788  0.00099110877452540  0.00109052853259753  0.00118986060252694
  0.00129063397920885  0.00139376669643068  0.00150069053501574  0.00161024035868890
  0.00171620701384608  0.00183405349587363  0.00195744998876143  0.00208540355474916
  0.00220915695259667  0.00232475559685968  0.00243729894190574  0.00255527421385404
  0.00267797536417962  0.00281122303134681  0.00296297825042458  0.00313697524454169
  0.00330665222669091  0.00349377960874013  0.00368626081149305  0.00386760314845960
  0.00404368432334744  0.00422485659206898  0.00440495202103696  0.00458713117234934
  0.00475505055210890  0.00493659642724156  0.00512023780905091  0.00531356655150161
  0.00551980501209396  0.00574354897437130  0.00599032435402516  0.00625561569206791
  0.00651982501154867  0.00678438607238138  0.00703871531031562  0.00731209686217754
  0.00759331480317698  0.00789474710465305  0.00821328239055520  0.00855886275295469
  0.00898270808823880  0.00940405343019799  0.00984032026077018  0.01032189252281433
  0.01080633276739910  0.01136220707347944  0.01193415773586818  0.01259665857416482
  0.01318397286821364  0.01371481170324093  0.01425902823322843  0.01486265982978095
  0.01538650723592581  0.01594510601225549  0.01653050785500743  0.01714287724994737
  0.01792844456662770  0.01869777585522213  0.01946265224495516  0.02038108369331390
  0.02146983588269049  0.02271957873505803  0.02415119001994804  0.02566086885639926
  0.02745328489887136  0.02993112788914982  0.03315093820800925  0.03715173885394140
  0.04101719316116098  0.04537071021653674  0.05030343563061458  1.00000000000000000
 -0.00414157016182264  0.01364788214279514  0.02685717570752433  0.03854006494789296
  0.05039470187542879  0.06248511130807628  0.07452763082133468  0.08670927895863684
  0.09814106308315483  0.10821053584158011  0.11738823608634763  0.12778867906123789
  0.13964632409266436  0.15192859538301587  0.16480929991934987  0.17692780371553535
  0.18761009849533994  0.19747180839613759  0.20746167818279923  0.21883061821124311
  0.23094039606781830  0.24194872257992764  0.25224319252605493  0.26188605755338107
  0.27133310709010316  0.28054068296017531  0.28999679775807258  0.29974135544811020
  0.31006635232545277  0.32161784802808352  0.33398015407454468  0.34703021268011552
  0.35827421174144825  0.36811119909461548  0.37802184733417837  0.38709058056006695
  0.39584417258116056  0.40377848387659609  0.41247623724283905  0.42193498517483835
  0.43133676272139804  0.44082870924664314  0.45173837616854357  0.46290575352890856
  0.47253889284378375  0.48155764340882151  0.49102746558318217  0.50148343792766970
  0.51422633422921504  0.52622175577818164  0.53690813134141802  0.54733657617807530
  0.55769306299746657  0.56880728434735361  0.58045703369561763  0.59251018947871781
  0.60499663627501588  0.61759868240386939  0.62984112352032673  0.64096182633531873
  0.65101500789829392  0.66030090326184021  0.67023740066176873  0.67989922290669302
  0.69018286306532328  0.69964802111869995  0.70855057777128050  0.71648990013385505
  0.72418379892889273  0.73247700547599637  0.74147766590990860  0.75074148778099792
  0.75938092383715705  0.76807199231186796  0.77704418159616551  0.78640713560210551
  0.79589989784501858  0.80665969259267112  0.81761676965486729  0.82901418483661637
  0.84114954960791577  0.85255644552137089  0.86409862560692452  0.87471804772106587
  0.88477962685076372  0.89533133877515136  0.90480290631971805  0.91449330838045828
  0.92433544871099071  0.93435264160352693  0.94521565439509458  0.95542810259521915
  0.96476668730321347  0.97510581814913677  0.98571005819882163  1.00000000000000000
 -0.00274049482905767  0.01077642242220588  0.02169043693677887  0.03122418840667748
  0.04062843929374371  0.05011964632710948  0.06083643229877932  0.07067389326739990
  0.07954825991829299  0.08781322257685746  0.09649068438538286  0.10669014831710179
  0.11805833201621532  0.12834890295210935  0.14054892163688198  0.15200548271520814
  0.16268588230429118  0.17454924890386952  0.18646859719110392  0.19725438911449203
  0.20682302761189253  0.21611868413274790  0.22597540177610848  0.23575283382918841
  0.24542476869697263  0.25441554399236532  0.26279993155580861  0.27100339067708029
  0.27979778417459999  0.28924003756741901  0.29952520939716576  0.31006653331696216
  0.32045934527731285  0.33102952134689462  0.34124105699410928  0.35277925604966648
  0.36537253228530120  0.37800780138877138  0.39040135337123177  0.40259726194415674
  0.41455691294611929  0.42680759913721533  0.43883957260502743  0.45111414288077933
  0.46339358903161054  0.47497385531453484  0.48758024957329243  0.49994794377658625
  0.51213812128750913  0.52401517193636837  0.53629074935279775  0.54716175116580490
  0.55788808009342761  0.56756262202293284  0.57683630239459793  0.58593523164977934
  0.59591488053869279  0.60751259283869652  0.61968729000206269  0.63087946929012773
  0.64135251233339841  0.65169855364132701  0.66209738601811197  0.67230767045935336
  0.68203252460953223  0.69181772238729899  0.70225386152433666  0.71324919065367753
  0.72409020295173743  0.73542500287852597  0.74709961890634813  0.75758955365026681
  0.76704188903079307  0.77630239348050589  0.78577497271696051  0.79485236276800153
  0.80429611016879621  0.81495025142205335  0.82735028376205078  0.83857807414599494
  0.84851189310719222  0.85866318244874329  0.86866579701694158  0.87876861228995673
  0.88915050869563084  0.89883368995335422  0.90806654658015995  0.91796177329886441
  0.92810521309538008  0.93969010884433612  0.94926738845954106  0.95827578878143294
  0.96676947769690613  0.97675660715220747  0.98704234706229543  1.00000000000000000
 -0.00205816310045746  0.00935587159794107  0.01830697439815657  0.02680842599813106
  0.03607936434975102  0.04686744586803979  0.05867304513623987  0.06889431652364517
  0.07837612001750474  0.08799939040435359  0.09791887877911928  0.10795089531800472
  0.11784676847270691  0.12774120070588638  0.13634564131995203  0.14473008996301123
  0.15332453525583598  0.16392059567540951  0.17660604081951756  0.18641303025504496
  0.19467109300719238  0.20252370131364789  0.21125624618823935  0.22078461689500850
  0.23132228736598176  0.24252586386398933  0.25453076579768763  0.26643274465323419
  0.27766370206336100  0.28851832029860014  0.29910411513582918  0.31042710177649563
  0.32040277338441742  0.32944733400678433  0.33860681267529952  0.34878044988730406
  0.35980213719249882  0.37080416068852567  0.38063063895624111  0.38951888324915607
  0.39951435220084863  0.40964223075640899  0.42020664004857838  0.43067587510140987
  0.44260275385402503  0.45604898724189230  0.46805310822015100  0.47781320350684531
  0.48766635380910289  0.49774667468542882  0.50853137576160845  0.51980206346475966
  0.53074502335493057  0.54104354725764503  0.55107515429323006  0.56097026316822751
  0.57128959204436069  0.58180971200608489  0.59232334402944953  0.60364540927081811
  0.61494671669687850  0.62570627178334615  0.63625884369871788  0.64700902733200494
  0.65841373224174593  0.66871363118324578  0.67891574654647457  0.68902073470611225
  0.70101316105482558  0.71382739721998500  0.72729475676798427  0.74057356297078969
  0.75233927339296280  0.76377056771909946  0.77458298064116404  0.78738029802950660
  0.79802501403385506  0.80785067506735031  0.81650295115911053  0.82552724669735444
  0.83470438179913620  0.84455098319269939  0.85531072586830292  0.86807597239566836
  0.88016490879767295  0.89018639825177437  0.89988636410415490  0.90998901255771536
  0.92051184591157820  0.93122631323429317  0.94205000421800744  0.95384288593714439
  0.96509425358357948  0.97632368436452299  0.98841507629165348  1.00000000000000000
  0.00085698187158361  0.00155893764965769  0.00271484944695773  0.00363441830349243
  0.00448071118603992  0.00525939837195860  0.00598102598316740  0.00673091842541012
  0.00746565879616777  0.00820700408097841  0.00895283108423252  0.00967474684617433
  0.01042965685329929  0.01118050865617714  0.01193307837051837  0.01272492446046969
  0.01352676181854964  0.01435982780716658  0.01524461657701488  0.01614731172892160
  0.01693348318770379  0.01766024224687811  0.01833101365775686  0.01898944071975677
  0.01965477165080324  0.02031593768855574  0.02096115024267941  0.02173597870262725
  0.02248281398388352  0.02327690164792715  0.02403998354356240  0.02477805963396231
  0.02564495132478168  0.02650735463438970  0.02740086551558350  0.02836643960609276
  0.02945432787937319  0.03060789819082491  0.03173324109316650  0.03269966631241781
  0.03352318199675786  0.03432812321424403  0.03508921863201392  0.03586425832868569
  0.03662037923912914  0.03733668494283109  0.03838429366086721  0.03965309998526630
  0.04116270286124945  0.04276098245938905  0.04424860411570734  0.04581272453410914
  0.04731624089835247  0.04863127060277712  0.04965874682655697  0.05065768693553342
  0.05168918115096881  0.05276145149488486  0.05392496578012714  0.05572060003498522
  0.05724273387499795  0.05838491766269095  0.05946517845498846  0.06067429513781478
  0.06242827703054565  0.06457515421530509  0.06678648119149233  0.06756766740166460
  0.06852280781796831  0.06956605253101462  0.07065119858183606  0.07167517316816226
  0.07260736970359138  0.07352553385352326  0.07464115519858663  0.07685737519017090
  0.07938379307489062  0.08183284153361563  0.08385297781990747  0.08553453091517021
  0.08702400314625297  0.08892653193548758  0.09116785431224007  0.09408372275378926
  0.09718532491848657  0.11101619567323814  0.12302253365439836  0.12956255777583309
  0.13354005785151762  0.13696755783838482  0.14066243796592243  0.15259859876917217
  0.17871831319365825  0.19471337210628975  0.29697550479860008  1.00000000000000000
 -0.00357592487946925  0.01776023555050078  0.03405163548744580  0.04930276667304045
  0.06331188176160055  0.07681007440727329  0.08916912668348873  0.10056457703816472
  0.11199580615973051  0.12374432948988269  0.13408421468356957  0.14191688851531661
  0.14986920804467460  0.15818689847598907  0.16800690502709700  0.17754142605687848
  0.18629209555908494  0.19501951181049923  0.20376571303062940  0.21293145090472804
  0.22237280245667060  0.23256786915045458  0.24288959323761006  0.25327180844495906
  0.26331079649455136  0.27300268556320578  0.28233671570483221  0.29157417161980709
  0.30042231823765525  0.30905025605118547  0.31847508437000172  0.32884087468329737
  0.34021529699062397  0.35163881674652314  0.36297135287314913  0.37530227109202502
  0.38651453887361248  0.39741031391752735  0.40732799455868057  0.41710775316491866
  0.42664681225661522  0.43679145300852040  0.44683427832532124  0.45626004152723698
  0.46599757599263714  0.47586995203844251  0.48725979382278051  0.49737696843425250
  0.50630228454184512  0.51471281759988041  0.52438916727390394  0.53422180542333608
  0.54383687104925593  0.55302941502065028  0.56249402579898367  0.57216895591464456
  0.58184022727490980  0.59122406200535527  0.60140241936208272  0.61261262494268165
  0.62478116957763297  0.63685806777762155  0.64873124612054567  0.65865403826766167
  0.66842699815888917  0.67745575269688407  0.68687482775636821  0.69555437602408698
  0.70416895704934168  0.71261892671273619  0.72055200683539167  0.72824247158436550
  0.73668056085264777  0.74537844086817195  0.75368685826737780  0.76171986406361603
  0.76970713494473042  0.77970329325440180  0.78973351305158923  0.79886989136502395
  0.80755936860174415  0.81643235031050787  0.82607134332042054  0.83680906490755769
  0.84784797205234252  0.85872546598040489  0.86978098649303981  0.88157920685996205
  0.89494528861274691  0.90912518079435034  0.92206781043161168  0.93560505485352075
  0.94859155749610446  0.96417426426578412  0.98029554791277951  1.00000000000000000
 -0.00508265751646283  0.21379927837870755  0.30676352601803553  0.37227177181353110
  0.42185469947041593  0.46238209238204786  0.49740076900385372  0.52937037757554051
  0.55884324310630407  0.58512997193053806  0.60823272049523847  0.62977580928948973
  0.64978631628197292  0.66837251995685765  0.68461731443298057  0.69915971981262659
  0.71273455388901596  0.72490938898117374  0.73682748769410089  0.74828778833661769
  0.75897011648424051  0.76914436090262606  0.77915741180693832  0.78869162396857406
  0.79737857936579148  0.80540365670548553  0.81326267380701422  0.82100819572556283
  0.82864582225027505  0.83601093165366536  0.84309665090453056  0.84977547358635741
  0.85567304016370305  0.86116093350013734  0.86647606691113543  0.87202704718621138
  0.87717268911080670  0.88185193433888598  0.88636049743527545  0.89075540641830986
  0.89502394412998332  0.89881520877462662  0.90203662362943793  0.90512860191163602
  0.90810455804399937  0.91124518072831240  0.91446705184193811  0.91758080655762819
  0.92041289228240297  0.92305677667933561  0.92564716760832888  0.92820712049342669
  0.93071836219244519  0.93308472647531415  0.93530756159284989  0.93738701582284489
  0.93936212490998061  0.94131212715100665  0.94330931272265672  0.94520084094577939
  0.94723448953558997  0.94910713714368022  0.95096003087937264  0.95280257453958261
  0.95453891089243958  0.95610199233346005  0.95764404673280512  0.95934657261746925
  0.96116368389573170  0.96307063244201851  0.96501650453195309  0.96682430548119758
  0.96850635534065965  0.97010836672808642  0.97164009430570286  0.97304427348311917
  0.97444326546704174  0.97584329966281780  0.97724691670660735  0.97863378354654251
  0.97992733999887516  0.98113053079064316  0.98225205286307460  0.98333593637852024
  0.98441178891609815  0.98547750297281567  0.98660516489390970  0.98777700535473378
  0.98901704838670790  0.99020363173277082  0.99140998579529382  0.99273183978377910
  0.99413424787319193  0.99569656230684256  0.99774308982469262  1.00000000000000000
   3.2653099408594382E-013  -1.0000000000000000     
 F F F F F F F F F F F F F F F F F F F F F F F F F F F F F F F F F F F F F F F F F F F F F F F F F F F F F F F F F F F F F F F F
  <DiscreteSampler_grid>
  grouped_processes
  1 # 1 for a reference and 2 for a running grid.
  10 # Attribute 'min_bin_probing_points' of the grid.
  1 # Attribute 'grid_mode' of the grid. 1=='default',2=='initialization'
  0.0000000000000000 # Attribute 'small_contrib_threshold' of the grid.
  0.5000000000000000 # Attribute 'damping_power' of the grid.
 # binID   n_entries weight   weight_sqr   abs_weight
    10   10   1.515016232863320E-002   5.008175556987314E-004   1.515016232863320E-002
  </DiscreteSampler_grid>
