  0.01007183606887711  0.01474800957922620  0.02276597147155962  0.03239110499403771
  0.04280836221056915  0.05336322367653887  0.06356743043856920  0.07344152839859015
  0.08332461292459693  0.09319133087046276  0.10322403401751296  0.11399582186903447
  0.12516088709702886  0.13640292921107683  0.14688326126471415  0.15687578809277081
  0.16653268090508269  0.17649315750003067  0.18702233290995254  0.19808492869788435
  0.20907002985286013  0.21995293917510522  0.23103090916820515  0.24220187883718997
  0.25331371596975955  0.26402885318346259  0.27447123586359951  0.28493070703814000
  0.29556677792929015  0.30626519713731892  0.31709019807862221  0.32852652241619207
  0.33933407977559132  0.35085375501792182  0.36101884137782730  0.37124306801790780
  0.38162406385829301  0.39238197682919529  0.40417197551537470  0.41548163879783068
  0.42673426348221372  0.43779171104836156  0.44833968224513171  0.45988086873280587
  0.47017850757397572  0.47987610815521253  0.48980039197170705  0.50054048862122580
  0.51078742610546135  0.52081249551662601  0.53034645821238613  0.53977322873987810
  0.54939756602731726  0.55913861219783811  0.56979579978326678  0.58130704155783064
  0.59281471410544939  0.60396744023633997  0.61462066701203477  0.62455564047212997
  0.63494472033228444  0.64490522869960154  0.65476257234911150  0.66467847668664493
  0.67496024204699123  0.68494793672572574  0.69377849088184729  0.70169650278865825
  0.71047919689153349  0.72039451150547851  0.73077444647309697  0.74022968034676695
  0.74935469055410042  0.75888613814186601  0.76905215353046252  0.77896724550103780
  0.78869998019269139  0.79848875813180087  0.80863197516988317  0.81871319352270366
  0.82869544532016026  0.83900630593824455  0.84971368563383654  0.86079726660071865
  0.87177226022673093  0.88253605822814363  0.89325047394144130  0.90424063729442050
  0.91570559784305527  0.92716231077492384  0.93836081198338062  0.94964428000705337
  0.96040368373476359  0.97082259123766201  0.98099829382830417  1.00000000000000000
  0.00002589964899624  0.00005412765959756  0.00007818284101574  0.00010424083900950
  0.00013280773105208  0.00016481479194103  0.00020026068887486  0.00023812823059350
  0.00027672029973312  0.00031271518440269  0.00034868205881383  0.00038993215670161
  0.00043940783417797  0.00049379939046895  0.00055141372389979  0.00061467332547248
  0.00068235336358843  0.00074977643099915  0.00081941793885509  0.00088955432939457
  0.00096117691333818  0.00103856195616376  0.00111913326901659  0.00119883199057346
  0.00128058100794954  0.00136496029138468  0.00144767734960082  0.00154256196873042
  0.00164361756802693  0.00174844226583738  0.00185619142636484  0.00196547937916064
  0.00207705067113354  0.00219199893774036  0.00230515472191044  0.00241978632859083
  0.00254810904668500  0.00267964499096910  0.00281432026728277  0.00295454815981528
  0.00309388650291929  0.00324043648322038  0.00340463883180837  0.00356508146368452
  0.00373797608391075  0.00391629726451037  0.00410754510472579  0.00430134778704332
  0.00449312116455452  0.00468776455116736  0.00489026993135783  0.00509862054159352
  0.00532188718432199  0.00556250722514789  0.00581753604044650  0.00608424285940855
  0.00636619743221864  0.00666838829268036  0.00699192216259691  0.00733197130915100
  0.00768384002379853  0.00806306196194440  0.00847030497282423  0.00891408251041536
  0.00938063697095439  0.00986158727716385  0.01035112638661369  0.01084358920943837
  0.01135377618755988  0.01187130601859890  0.01241239627971686  0.01304187370325033
  0.01368895310419895  0.01442539568044465  0.01516850850846747  0.01606048454795294
  0.01700558601489419  0.01801110354312613  0.01897672098740740  0.02021813577455544
  0.02160127782396656  0.02319657940766940  0.02496062167594526  0.02680234693547647
  0.02872497773388603  0.03130964388193030  0.03438740997584232  0.03759656991336960
  0.04138391450289572  0.04684904448375129  0.05591462346053282  0.06831655679766661
  0.08397539488715525  0.11966642806481760  0.28548519044016124  1.00000000000000000
  0.00002174934111176  0.00009618709322557  0.00021693049364170  0.00037068724492718
  0.00055995001279630  0.00077233511443293  0.00099177681351924  0.00123551957926046
  0.00149265859048750  0.00177460206889522  0.00208968303050827  0.00241440758675047
  0.00272046264987070  0.00302525852399231  0.00334892438372402  0.00368835593856034
  0.00403665994359651  0.00438263349081844  0.00474067200956304  0.00512509784344447
  0.00553833391816177  0.00596386699365115  0.00638011436836829  0.00680038265714445
  0.00720449981778374  0.00759995416918495  0.00801730878766551  0.00845783354437716
  0.00891452238391983  0.00937133879968034  0.00981728356197133  0.01026677366704839
  0.01077091187570284  0.01128395799275131  0.01180399949938864  0.01232945706870607
  0.01285636548369167  0.01343059151041090  0.01402611192387161  0.01461415734237297
  0.01520940694413369  0.01583299062507516  0.01647523907767193  0.01712612062507952
  0.01782595489085086  0.01851469687480223  0.01921904143520498  0.01997965526104598
  0.02079504780621323  0.02163748658787636  0.02249287810469708  0.02336078316273351
  0.02424018147159176  0.02512700131541309  0.02602905351218385  0.02696937487962102
  0.02795106087387998  0.02897673719714953  0.03006417175432380  0.03120267934391256
  0.03242042049976887  0.03372944994297550  0.03508329069997488  0.03649476134180552
  0.03804523871419143  0.03970653777242774  0.04139519517039012  0.04310083561149870
  0.04498356270806531  0.04688019092052691  0.04896765140329476  0.05099485149908704
  0.05299457754051891  0.05505033455926582  0.05717883323220049  0.05943792845683044
  0.06199616958951919  0.06465238351397666  0.06738581124396847  0.07026081406181867
  0.07407522528375224  0.07809378525200773  0.08254509869493694  0.08748703477860112
  0.09310138324130256  0.09967040592333637  0.10568715481079978  0.11181925811932188
  0.11849711371527974  0.12665367051759238  0.13750759073137106  0.16858991800794801
  0.28175430648852628  0.33058456867683317  0.39235179555760596  1.00000000000000000
 -0.00220298934563026  0.01040670253110474  0.02125973871315483  0.03318645239897663
  0.04444009574929125  0.05501698174319597  0.06582589256399128  0.07686596240595536
  0.08766538924326478  0.09778049688070739  0.10789993466231426  0.11834941594130161
  0.12877069114999229  0.13836021762218043  0.14763511214098565  0.15627160302729787
  0.16489201276703050  0.17395388817747809  0.18380279554522735  0.19433066569864840
  0.20525127834477447  0.21597282157257675  0.22640455169413159  0.23680620871002761
  0.24732419504460038  0.25836137147565441  0.26995775929556015  0.28143808412024068
  0.29279275593782900  0.30332975135698625  0.31300785052759245  0.32236530870947555
  0.33157819812848388  0.34069209164995268  0.34935346216097762  0.35853605687676915
  0.36824485222655540  0.37786012804128377  0.38682380812691791  0.39609349409965783
  0.40624599135662232  0.41710557940439907  0.42806145079617980  0.43909274750713750
  0.44975273473783139  0.46096421519620462  0.47211996301037190  0.48303108358307911
  0.49255733265721319  0.50213983821745745  0.51235948397583231  0.52300720699157721
  0.53380579213755908  0.54509005661623000  0.55650233544517058  0.56743357355540447
  0.57813096444093148  0.58890075037361123  0.59981913930737951  0.61074891667374742
  0.62141343294474538  0.63208838887940400  0.64288879089989404  0.65382562894036023
  0.66492639544021648  0.67516697120187541  0.68550670990283713  0.69618955645437497
  0.70791668618234405  0.71908318874470201  0.72968066376881080  0.74001569779102672
  0.75016431801296402  0.76045057603479260  0.77078817849895354  0.78133745215636385
  0.79182588114334929  0.80127711819282177  0.81056871958321075  0.82040637800582950
  0.83118954074576457  0.84254515742117730  0.85401504885839297  0.86623521940861370
  0.87956865200902656  0.89267463162892835  0.90473090991004612  0.91628869728880125
  0.92693412381667173  0.93690958135448987  0.94667456338034073  0.95694257902300750
  0.96775327216089657  0.97808282015995229  0.98877584177601385  1.00000000000000000
 -0.00255622957533654  0.01096134882722208  0.02251404957039415  0.03443078350178608
  0.04604666110081519  0.05760620126049699  0.06819325729748973  0.07747804314778720
  0.08708516769799866  0.09682729957892278  0.10680451324229709  0.11635916752365852
  0.12533874236367959  0.13554029606387394  0.14538433905593071  0.15542993745222902
  0.16512758459589161  0.17504342367896447  0.18542862415163755  0.19594246811138508
  0.20666028512179835  0.21717929370262568  0.22836227191053857  0.24017418731191328
  0.25204354985874394  0.26391000584146129  0.27497048436971772  0.28492046076325489
  0.29483201805127218  0.30535261567871974  0.31674829552918610  0.32808143607607915
  0.33959456686053024  0.35117583999566615  0.36194244568693712  0.37290618637773387
  0.38283752605261040  0.39270465327027043  0.40214183527503677  0.41175028246994250
  0.42173226396731384  0.43134155770029076  0.44098032773360957  0.45081211686642431
  0.46063652425680829  0.47139893791672660  0.48245930902212725  0.49396069520490060
  0.50492576179047655  0.51537379169980413  0.52572836084312480  0.53586211629041514
  0.54599627583157551  0.55614772747384134  0.56791479006602275  0.58107449077885631
  0.59309954215375860  0.60454872676939342  0.61565157040633844  0.62685615388357285
  0.63698543125426299  0.64709294973055131  0.65796612408846089  0.66890336544843976
  0.67994845419365302  0.69047932473852147  0.70059665963321205  0.71025164195316215
  0.71964664843691162  0.72928677521859375  0.73915737499243039  0.74981143515897419
  0.76111596409364168  0.77238859764473333  0.78307023851180013  0.79328494290527440
  0.80333689364429106  0.81308705174580409  0.82303970882870581  0.83365605204283100
  0.84493757275509274  0.85687049139517646  0.86814097934219414  0.87876300699737642
  0.88915184739114039  0.89924668116558304  0.90924065021025169  0.91952235692108575
  0.92918942485825096  0.93890130764422897  0.94811328592045629  0.95783056509227715
  0.96849394991177606  0.97936796403933213  0.98990359134422723  1.00000000000000000
 -0.00302740164969837  0.01152728823671649  0.02323200642514048  0.03443948540081476
  0.04464861521811291  0.05471224496660783  0.06489189883452945  0.07546173448046277
  0.08616212358740666  0.09726290771857729  0.10849846863732389  0.11951741620302302
  0.13037595699419946  0.14090533107574205  0.15202006446611285  0.16354432281561318
  0.17432607078302428  0.18460771894864719  0.19459162612405048  0.20436600689994153
  0.21424272652224460  0.22420776780620325  0.23487415594908675  0.24634003796010231
  0.25816436481262495  0.26970870153589410  0.28057391963457751  0.29087811020842741
  0.30127222025951006  0.31202249545944455  0.32318176447842772  0.33439048218999951
  0.34526106578312626  0.35610332234503306  0.36681904461627368  0.37767588286491172
  0.38832030751999580  0.39892970987702564  0.40992311907192591  0.42022223194138081
  0.43085908239887311  0.44100536465851675  0.45122694292198229  0.46142614932157222
  0.47167616198833207  0.48184934400215707  0.49142291483313377  0.50099558564184232
  0.51090626001758077  0.52099901065318155  0.53063538469169380  0.54062856404076776
  0.55143811661682907  0.56306740673861044  0.57422077703293462  0.58575488011149812
  0.59887796835784957  0.61037831534633924  0.62044548300005098  0.63010914097093718
  0.63996555782350728  0.64978455132993174  0.65952423751295808  0.66916892123463378
  0.67904902738824813  0.68874787755241929  0.69884415534917965  0.70976104433008436
  0.72141468161844391  0.73237036312487014  0.74192026669140076  0.75175583145912572
  0.76163978360598084  0.77116272622743931  0.77993359503827053  0.78848374481217331
  0.79764198242033169  0.80776607844723880  0.81858666377218714  0.82890523905938507
  0.83912710365792287  0.84937377248598556  0.86091694143619646  0.87236158275352471
  0.88291794686647895  0.89354335186767497  0.90478620953868760  0.91614384977698460
  0.92742280269432786  0.93784780732221851  0.94900579329595069  0.95959093386629146
  0.97022587871003552  0.98037907684502423  0.99019759032051857  1.00000000000000000
  0.01064184322315150  0.01340066542073195  0.01619764467144789  0.01834607273487291
  0.02019815463794861  0.02209437249223846  0.02398531403857285  0.02582297741003919
  0.02764282587311134  0.02939343853976369  0.03116945289875439  0.03296309232388389
  0.03474229964590839  0.03647269080266219  0.03821962750343776  0.03999873258266137
  0.04174669972894197  0.04337486932453303  0.04497488817905829  0.04658015556670477
  0.04815533967337046  0.04973955243910611  0.05134787448297003  0.05295687758402996
  0.05456322381779014  0.05628870147362157  0.05814340005551751  0.05995621054874836
  0.06175183354068347  0.06351770948885101  0.06521785009373508  0.06688984722963168
  0.06860171576390614  0.07039202503301775  0.07223832690361594  0.07420441744965263
  0.07614918496533266  0.07807217810491110  0.07995965446982574  0.08179919610001987
  0.08368673779330223  0.08576020915337415  0.08794334497917344  0.09021047736761167
  0.09230304752287452  0.09442826857879050  0.09652105306848813  0.09863490625576796
  0.10079526752036568  0.10299433143863844  0.10534811597379495  0.10769379062468487
  0.11007873113936159  0.11247329151970398  0.11491817714861872  0.11750574531467350
  0.12025476547617010  0.12320545545493047  0.12633439797233653  0.12949042586695336
  0.13254234865337011  0.13542442859210718  0.13828147716084888  0.14102008680485845
  0.14370296677705255  0.14646587706314435  0.14944774561031449  0.15273341419745368
  0.15593329661661950  0.15921437792456838  0.16244924565777927  0.16612170960035755
  0.17074472755867184  0.17597164602856774  0.18248935211453987  0.18875624635988147
  0.19411476046773632  0.19926833908437300  0.20368886657791080  0.20793417357997449
  0.21313562068292063  0.22045027114072299  0.22908606357101427  0.23833201345878249
  0.24711470147674774  0.25515509391837987  0.26248420144575452  0.27119085669749698
  0.28473451013064133  0.30609042770950917  0.33570507843963771  0.35904202608599545
  0.38193284340502465  0.40013590702547425  0.50239195112926971  1.00000000000000000
 -0.00357393779721710  0.01506640151991344  0.02875579309323399  0.04332891490018843
  0.05843506024637111  0.07253335415273232  0.08518010591774838  0.09690258988901990
  0.10790523087034398  0.11918065831635861  0.13102332502801917  0.14269667413704809
  0.15418766161467357  0.16572471462104690  0.17709254723392151  0.18769370748162964
  0.19693199720030333  0.20552759518457359  0.21425134210940275  0.22367529487001939
  0.23303852543851772  0.24260255747219006  0.25200469950200843  0.26071949473096795
  0.26913654410107968  0.27787412070675388  0.28651189263068105  0.29534233077663868
  0.30457778123922397  0.31397217223924406  0.32350447931142789  0.33328185817745098
  0.34335697990731062  0.35365105845680117  0.36388182596395341  0.37378927695043740
  0.38342561398924696  0.39300338780799954  0.40291522194421348  0.41375805905186908
  0.42481460734153914  0.43539091571395677  0.44606017351118682  0.45708318951669796
  0.46838371328609768  0.47932163785103199  0.49007151020384671  0.50071857013996168
  0.51130720861444301  0.52185653086603978  0.53219380160095919  0.54213353172469037
  0.55182605002382090  0.56171399816067114  0.57211715339216285  0.58202236076358094
  0.59103500038140622  0.59962561640638179  0.60788228289462798  0.61613843631596388
  0.62451518509313453  0.63427338001328448  0.64384895115080165  0.65331702108443734
  0.66250862966194213  0.67255610590203807  0.68348022214625381  0.69383370846074544
  0.70367142400041749  0.71314021875680489  0.72240812715567970  0.73173424310376367
  0.74097828043057568  0.74999695729232996  0.75892348305695490  0.76770545725807815
  0.77680655762446915  0.78594702271776373  0.79517848484636644  0.80447450267839926
  0.81384323951671411  0.82331241387337117  0.83311276662170874  0.84367179986264029
  0.85441342076370841  0.86517929036522723  0.87603224608885033  0.88788678212202421
  0.89996142330105866  0.91237529001989359  0.92622250818486040  0.94101647274096334
  0.95644288872099992  0.97113653000888589  0.98584906781148196  1.00000000000000000
  0.02661165214222720  0.19183779030088077  0.26004429522624478  0.31149239341461188
  0.35403176729333974  0.39124850300547553  0.42173773048385310  0.44734423952931807
  0.47041144754709818  0.49272486965852302  0.51346214449753735  0.53269876437361940
  0.55029491275430242  0.56620010089488670  0.58078455292279074  0.59498965587335395
  0.60901939061914290  0.62220267349778546  0.63470565328973383  0.64631565697935611
  0.65702140158607114  0.66710625839878390  0.67727771916282198  0.68717074506653486
  0.69664464196103815  0.70565569261046091  0.71434441846389640  0.72292654826460601
  0.73111525876745254  0.73869956323742259  0.74591288754328822  0.75279795729317867
  0.75937472925517990  0.76575825098304351  0.77207408135821798  0.77845965593231070
  0.78478579256155989  0.79090955598983104  0.79672035491999504  0.80223899370590490
  0.80759146464781784  0.81265044801944997  0.81728920115068970  0.82186309737928220
  0.82642254776484381  0.83092321910769740  0.83518818245885940  0.83945281572089370
  0.84376100690638989  0.84805447821237390  0.85226313092414818  0.85619402172960957
  0.85981612475084912  0.86331487023155751  0.86672077889439314  0.87013910897048752
  0.87354396886646302  0.87658614221782838  0.87943724076511032  0.88234532389696141
  0.88529914254549946  0.88821351489003530  0.89105464016244185  0.89382381708249947
  0.89658280069793073  0.89931377784020439  0.90212133687167051  0.90500958499982764
  0.90798294246183708  0.91089426245146166  0.91371423682873620  0.91648451684446841
  0.91903156203311231  0.92148393006015805  0.92391806172100321  0.92629046290961703
  0.92863614536294581  0.93102996993308873  0.93342051847525043  0.93570791147868482
  0.93810042206728717  0.94050591377105619  0.94290364107887892  0.94537859376648659
  0.94778089429525014  0.95018997803402050  0.95266527324469852  0.95527901299409979
  0.95813675013313371  0.96135905793023935  0.96468952354033299  0.96828634462826690
  0.97228866706355466  0.97725875211639057  0.98561379871998511  1.00000000000000000
   1.1266507764183034E-018  -1.0000000000000000     
 F F F F F F F F F F F F F F F F F F F F F F F F F F F F F F F F F F F F F F F F F F F F F F F F F F F F F F F F F F F F F F F F
  <DiscreteSampler_grid>
  grouped_processes
  1 # 1 for a reference and 2 for a running grid.
  10 # Attribute 'min_bin_probing_points' of the grid.
  1 # Attribute 'grid_mode' of the grid. 1=='default',2=='initialization'
  0.0000000000000000 # Attribute 'small_contrib_threshold' of the grid.
  0.5000000000000000 # Attribute 'damping_power' of the grid.
 # binID   n_entries weight   weight_sqr   abs_weight
    10   10   6.150091618675933E-007   7.975060489397687E-013   6.150091618675933E-007
  </DiscreteSampler_grid>
