  0.00974435778619859  0.01534325965863248  0.02397326426848496  0.03515935712456783
  0.04626796770099263  0.05708847255281693  0.06738499184103557  0.07668324705628858
  0.08602596605477041  0.09497371941028300  0.10373067760007185  0.11286973385762429
  0.12245264136923020  0.13280485745626114  0.14348637709546583  0.15465395521563666
  0.16564038732919947  0.17584000830865584  0.18564509099248594  0.19598709287440552
  0.20690015704336615  0.21798428381225110  0.22908181292972787  0.23989631213523002
  0.25037943900578008  0.26049161089373735  0.27030854041389690  0.28020883931524770
  0.28996631197606337  0.29945339158006701  0.30965213677646558  0.32084616024434282
  0.33144878085145596  0.34116192291651010  0.35090693555842323  0.36142355368781964
  0.37245286672481420  0.38273320674429651  0.39299640456699281  0.40408293119545030
  0.41567382653366342  0.42746091840603889  0.43941139421697112  0.45165215959371136
  0.46372696862868940  0.47466598630485013  0.48541152473838955  0.49588870237519050
  0.50592519700949412  0.51590169735364444  0.52660372274487077  0.53837408112209262
  0.54889227851503075  0.55922839853988560  0.56984656581256088  0.58005534995462937
  0.58928320085941788  0.59850946016867712  0.60870065550701680  0.61972795363929478
  0.63065912968164239  0.64066818985341634  0.65049950927463662  0.66046893933478024
  0.67069484600026574  0.68175758218539595  0.69330698117957335  0.70488002033421093
  0.71508814914551799  0.72507009429391955  0.73632343905898134  0.74766342543761932
  0.75813438268825872  0.76802393596071372  0.77824619678689688  0.78878049159132113
  0.79866634685793791  0.80825255155088971  0.81810769282798024  0.82839852027167693
  0.83854026480726251  0.84905289460374522  0.85977296282820614  0.87089995306908474
  0.88161716637426135  0.89202117275450721  0.90186601258746923  0.91204791722580070
  0.92176917712493200  0.93186404141620360  0.94178385175333001  0.95221211854599175
  0.96278268087247598  0.97411533353226198  0.98646393235347474  1.00000000000000000
  0.00108691451663695  0.00159371867746827  0.00188114355267221  0.00212450791252181
  0.00234567171545969  0.00255536250420221  0.00274320739820993  0.00291561991427243
  0.00307603310466223  0.00324626630871155  0.00342760363197405  0.00361422304608990
  0.00380090739821691  0.00399028432630780  0.00418265560737014  0.00436753950078440
  0.00454637940795998  0.00472923926022418  0.00492342538677938  0.00512817658692986
  0.00533872983712141  0.00555269556522811  0.00577054105843781  0.00598029172678194
  0.00619228454622309  0.00641260626846077  0.00665574745657945  0.00690663970764398
  0.00716769466102792  0.00742713813854178  0.00769152478675799  0.00796172609153969
  0.00823310374996042  0.00851500021185391  0.00879826377617827  0.00909093489292034
  0.00937690111475691  0.00969424669760606  0.01002044817902697  0.01037996206687670
  0.01076559431770389  0.01118999233043535  0.01168709374644452  0.01221303730323678
  0.01272184917864984  0.01319300524235672  0.01365566735041685  0.01411185257616447
  0.01460097174969194  0.01510783256345783  0.01554637591758130  0.01597957888811799
  0.01644045056209405  0.01692325724297768  0.01740255102198919  0.01787355004027372
  0.01837119364652876  0.01890684404066843  0.01954745869298475  0.02031194841267197
  0.02113442269803793  0.02193549665386725  0.02279149216549421  0.02370985779458890
  0.02465453330860651  0.02553127940254995  0.02643599940299893  0.02736342730980119
  0.02866995747711269  0.03027619856977467  0.03153161245723728  0.03255922884542542
  0.03372263526510038  0.03492346087342018  0.03608123861513154  0.03724636145284267
  0.03852106851626327  0.04006195230194633  0.04176806229246992  0.04353398241723666
  0.04537394998881963  0.04737530903150364  0.04968144732251677  0.05332761109571482
  0.05843184835236930  0.06369772881341826  0.07140151952078264  0.09179611499254776
  0.09941285010926434  0.10616525301082123  0.11512459513483701  0.12046473120202382
  0.12313768937138862  0.15818785398395191  0.19499847092328818  1.00000000000000000
 -0.00000246556400205  0.00000785639143655  0.00002267786891966  0.00003527425572652
  0.00004659603592013  0.00005739141881175  0.00006764836054361  0.00007757456112242
  0.00008733807023026  0.00009699955727365  0.00010731212783901  0.00011878648158748
  0.00013060068539749  0.00014301094834018  0.00015636166652089  0.00016981587962417
  0.00018319309782578  0.00019679722369561  0.00021128370278580  0.00022625313030416
  0.00024164812817105  0.00025821102821417  0.00027573706062054  0.00029422414732905
  0.00031493133917536  0.00033633625295344  0.00035966236911274  0.00038409067577548
  0.00040741563654758  0.00042906734684647  0.00045081457131722  0.00047487043526801
  0.00050047329381421  0.00052538218321537  0.00055083988057389  0.00057997333974317
  0.00061100222625482  0.00064294213602544  0.00067749238555143  0.00071587964236495
  0.00075648275416046  0.00079855441437386  0.00084367591057261  0.00088955958783734
  0.00093836127522586  0.00099085103176652  0.00104277740018794  0.00109518602215715
  0.00114978463401495  0.00121320408694645  0.00128052781310072  0.00134813000025244
  0.00141559204838885  0.00148692992418693  0.00156461703917468  0.00165032231226960
  0.00174049597424070  0.00183933751643260  0.00194700429386477  0.00206128571635667
  0.00218452027008453  0.00231041752232179  0.00244435503464670  0.00258009145088925
  0.00272335283753433  0.00288430728479400  0.00306138627186154  0.00324405082324095
  0.00344581154508251  0.00366663879692672  0.00390405036474915  0.00415570318155223
  0.00442722845459187  0.00473948940200717  0.00511471409986289  0.00552129544601542
  0.00595473639509320  0.00640154317636685  0.00688718901103008  0.00749022691886113
  0.00821004693718330  0.00928112705101507  0.01053125791641178  0.01167266538338957
  0.01274713221789942  0.01390687050441341  0.01527521807592052  0.01710179873729716
  0.01941778325229466  0.02271040868668355  0.03046314549063594  0.03929714644693215
  0.05281289631034124  0.07995033636966487  0.11891796392429847  1.00000000000000000
 -0.00207281168683457  0.00976936344029184  0.02042625629072923  0.03103719918840451
  0.04192348309655495  0.05162827942508830  0.06150992009561280  0.07166038188660506
  0.08174732261279304  0.09145499960318169  0.10078957109006315  0.11109951083566520
  0.12231347188109254  0.13293794278971452  0.14308183075102426  0.15308749921190601
  0.16305333910369779  0.17289801579032593  0.18270641180928232  0.19258251456478509
  0.20268894282359795  0.21300306112450670  0.22337171099400854  0.23371869111558072
  0.24428263308838599  0.25506981707304155  0.26605458384027658  0.27709401291334224
  0.28827010722401114  0.29916971394129849  0.30963852963388139  0.31953545261783484
  0.32923940868027546  0.33990725745361466  0.35120035179248771  0.36223025584626756
  0.37320075973938988  0.38455773683467803  0.39653302635377952  0.40829633381617059
  0.42013042524408323  0.43174860294743789  0.44309385537283669  0.45371482726389034
  0.46436478787946411  0.47513539097027818  0.48598820381289526  0.49650098987089514
  0.50628874535038226  0.51542477431406153  0.52502670031735921  0.53467443051945807
  0.54448848187355359  0.55504330932647683  0.56711863606187152  0.57972618483450933
  0.59077589470927705  0.60075742295095935  0.60958903780388163  0.61788311501926918
  0.62654378990413218  0.63641886720451035  0.64774318695447397  0.65965742447120179
  0.67116417076626389  0.68239841982218141  0.69334776930046704  0.70418103983563318
  0.71524315950599382  0.72668576149196451  0.73855210823602113  0.74969861944736305
  0.76058198707422286  0.77083510885748230  0.78072989522868153  0.79104065868717999
  0.80120185644472752  0.81088741319628055  0.82042038144580876  0.83066029405620689
  0.84193645183344368  0.85367702830645031  0.86455431722107112  0.87526566321954036
  0.88650766576126805  0.89832081657961871  0.90932889707757425  0.91975232260476059
  0.93073818411621267  0.94119455249214756  0.95153202543341675  0.96136985577719425
  0.97088889758634511  0.98063629498758043  0.99013748462498441  1.00000000000000000
 -0.00201639031428582  0.00961450293005974  0.01974132075270425  0.02812764702653458
  0.03597719377767218  0.04355226659839243  0.05124582150234144  0.05954827449446191
  0.06975602880869193  0.08032064904385315  0.09145796517256297  0.10354465587444014
  0.11503445399503295  0.12620894978355157  0.13725678249382678  0.14833203616279367
  0.15987237689468539  0.17168411219192395  0.18388717256139384  0.19584071766615213
  0.20755690929188403  0.21792410393546727  0.22767259240060453  0.23689145934086989
  0.24666904368732148  0.25698781520503933  0.26798944075817799  0.27913503627218944
  0.29042693014235060  0.30141567217223453  0.31218908968247716  0.32237937706722225
  0.33299796611391003  0.34440862406787892  0.35588030450597158  0.36691769913321592
  0.37821511740973507  0.38976503437453236  0.40156120574326010  0.41314751094820457
  0.42361314226860303  0.43295565333642144  0.44242625490111048  0.45297382840282263
  0.46430021953611289  0.47495100132319518  0.48585574559943817  0.49712093871542118
  0.50822988454405882  0.51885222338431958  0.52907075633651746  0.53944092614669692
  0.54907998129207636  0.55823968112972489  0.56689792737491118  0.57574065310909506
  0.58602622882764799  0.59687420919865486  0.60708535580267364  0.61737928174347900
  0.62834487160302122  0.64069808771338299  0.65253663677593654  0.66274722483581017
  0.67289016477990882  0.68314904387084940  0.69384552278791267  0.70496387201380484
  0.71650722659117938  0.72801968251078264  0.73715335300252316  0.74672259416361375
  0.75671749911603636  0.76693341102609625  0.77727601732762897  0.78806068316953670
  0.79931114880398368  0.81030257713818321  0.82022753310496477  0.83044363743010086
  0.84050446498658038  0.85067378121314685  0.86076239445703751  0.87013745770071527
  0.87927304996103284  0.88885387034631180  0.89936906841853614  0.91103807267168813
  0.92289459319814726  0.93493835953163729  0.94697735098646207  0.95816866766346676
  0.96853282809446550  0.97882502862774312  0.98874387467424718  1.00000000000000000
 -0.00111660950562924  0.00517319564342801  0.01074455879845428  0.01699973604775581
  0.02313833455559136  0.02915011141921761  0.03435147408836103  0.03945928446384411
  0.04504211582910678  0.05158910340868243  0.05823692493576044  0.06480499812355452
  0.07141430155531332  0.07843854077469356  0.08561425056080660  0.09245460768059306
  0.09958896156407872  0.10613841601066762  0.11308378693675532  0.12002069793673120
  0.12695618401609263  0.13412440446313020  0.14154904042783140  0.14905861727233596
  0.15651320631972671  0.16381231963532775  0.17095320133134767  0.17805218813721121
  0.18505947902375533  0.19225149210009357  0.20009219832861178  0.20755269280476057
  0.21539414678733204  0.22317144957440166  0.23163627011717541  0.23991847740256705
  0.24846842542545516  0.25713187405126064  0.26550245228747987  0.27432521077379790
  0.28343155587892482  0.29255847349637609  0.30219213814793955  0.31262204927636084
  0.32293244235782720  0.33328674192392710  0.34348494960053610  0.35329904010052399
  0.36313408184365270  0.37333849395442886  0.38361920193707394  0.39352666940243713
  0.40254802576647125  0.41123421052645809  0.42076889664707068  0.43052707994177053
  0.43981142733552375  0.44874732311374116  0.45806385792804949  0.46866893918981278
  0.48041366352109732  0.49187405649285942  0.50270403204734682  0.51321217754686510
  0.52374173213942332  0.53477457842936071  0.54586039363638938  0.55730759162282306
  0.56900813197670719  0.58102356094855601  0.59266330930018163  0.60410320123184158
  0.61504191542197317  0.62591893391453313  0.63712679132377947  0.64886713407277763
  0.66122645564554627  0.67495402231127621  0.68972680935300068  0.70495172868822775
  0.71944956416195771  0.73299027717943255  0.74651683322412110  0.76166439694252930
  0.77765410734641316  0.79432124813216487  0.80934339444944181  0.82562461083755834
  0.84281437366076095  0.86180051883313269  0.88178490990430736  0.90246474710353686
  0.92507687336100120  0.94826401134198723  0.97255994166784543  1.00000000000000000
 -0.00254900908251602  0.01012339972407437  0.02042892416342812  0.03047818843682621
  0.04039151075785171  0.05116276037927736  0.06222176742802646  0.07310822034964859
  0.08396015824714904  0.09525813454606732  0.10586373752642488  0.11534708335463481
  0.12484300076391144  0.13456420939542488  0.14441702035583456  0.15397248373782882
  0.16334347746690278  0.17344372249466844  0.18403947418248642  0.19504093657750948
  0.20682521207417187  0.21835375534067375  0.22931180617373290  0.23937800904590403
  0.24864955070025918  0.25783784472022242  0.26722868678228096  0.27681090003945785
  0.28683140244419814  0.29668149193720811  0.30716854589243892  0.31749327663342986
  0.32709908327131798  0.33639977082200162  0.34609227857722491  0.35656201981401392
  0.36757781311022758  0.37817729657627264  0.38813740933448926  0.39747210994796434
  0.40652280657752182  0.41573424103541112  0.42558070698243367  0.43650039592889500
  0.44918045235908738  0.46186891499627236  0.47337855821258418  0.48447750531676459
  0.49582430431719021  0.50724098353440572  0.51836851396859551  0.52918989040015130
  0.53981141684832568  0.55039217039403987  0.56165397097034420  0.57381471525598216
  0.58482419829031729  0.59612152639604599  0.60757219230440784  0.61874523731507070
  0.63059450352832824  0.64385816030700294  0.65441944857401879  0.66502085117065157
  0.67602827525969256  0.68722562739071880  0.69727380109709203  0.70713168853682440
  0.71743153499565782  0.72810103728068776  0.73856435925516373  0.74981613357177679
  0.76211554983485075  0.77459176736720192  0.78582558623046961  0.79665747798746933
  0.80731527604128095  0.81761761028618740  0.82628847885114665  0.83427667981538600
  0.84259048714991402  0.85168669439768963  0.86166473516594322  0.87222543351539683
  0.88184175014249855  0.89120385222135812  0.90070176192745000  0.91073333236609755
  0.92065574861236099  0.93076570287720806  0.94184625811925660  0.95392189112022119
  0.96521788772370021  0.97627089726227867  0.98750579934329330  1.00000000000000000
 -0.00215729132124002  0.00849590949808762  0.01849850875126082  0.02874056848324708
  0.04013847740338017  0.05130922243381368  0.06191686933407153  0.07235017169130828
  0.08224441545416282  0.09205342714775124  0.10151310575860441  0.11115592129044730
  0.12048124333407545  0.13002248861535073  0.13911855986059402  0.14845608450320996
  0.15802997195066645  0.16739996893170461  0.17742072469290679  0.18804245612571219
  0.19913346165395693  0.21040503334159119  0.22209848547177560  0.23297717066162763
  0.24317231231557460  0.25325749405490783  0.26410472714065714  0.27587819456061130
  0.28787279052158576  0.30023244772358676  0.31247396936717631  0.32401968796736141
  0.33602102920952043  0.34812101006903229  0.36003475023607484  0.37164848464428452
  0.38188227466298968  0.39218994234533938  0.40265768593331552  0.41339934776396381
  0.42410305984454127  0.43436208224440376  0.44460123569849214  0.45510791439346249
  0.46650819270245869  0.47809469792456766  0.48861513687566283  0.49858994821765656
  0.50854409938597622  0.51859315691779651  0.52791863595237443  0.53666006768105323
  0.54588653916206398  0.55711476712135988  0.56795125872551500  0.57880227903544301
  0.59019073180326898  0.60210271878416821  0.61395963019607669  0.62565514807649636
  0.63727243352662089  0.64838854709824212  0.65847861276789377  0.66796085471685518
  0.67763561822671514  0.68807476952061897  0.69888677408806676  0.70977205427922840
  0.72056294412938582  0.73164116711423177  0.74295006936673447  0.75323611019573244
  0.76321768619663999  0.77301966268470623  0.78328758074190774  0.79292086551427832
  0.80229199244433147  0.81270305155161460  0.82498799627894503  0.83739486017277387
  0.84792227203412818  0.85819692478268483  0.86853806971489556  0.87847878599862317
  0.88807061360548301  0.89796439298910269  0.90783809815437688  0.91715783083161206
  0.92608421786532913  0.93507553223800122  0.94491833731725083  0.95537872251135936
  0.96647949585794157  0.97745779721151338  0.98887706510346096  1.00000000000000000
 -0.01987839347375473  0.34259741709456715  0.45283582270149303  0.51770764225046750
  0.56473849093700490  0.60159895714608003  0.63256002123830912  0.65887377058106911
  0.68092218518443570  0.70037577281002361  0.71803784730493903  0.73303574560885021
  0.74515490661016393  0.75658864812927773  0.76748532281758164  0.77721878410227296
  0.78629837952031179  0.79514936330024488  0.80367089291821270  0.81165950172928858
  0.81906558145134989  0.82603149408011656  0.83317205001864270  0.83891988450661648
  0.84482417452272818  0.85023229786725651  0.85541768742144642  0.86008455698581787
  0.86446603059968352  0.86874571977472548  0.87296963804705685  0.87713283401213160
  0.88116637137351583  0.88513007137774247  0.88902611517815244  0.89281408065752688
  0.89631776190959911  0.89961278251107546  0.90282828578828445  0.90603296298240099
  0.90920501569555312  0.91223624217021182  0.91516836795445944  0.91792620956175908
  0.92049624089396631  0.92306812042209818  0.92561937532092053  0.92812525923963640
  0.93057826177966430  0.93293080541407269  0.93515870400216750  0.93730948861128727
  0.93937129830870958  0.94133694986050021  0.94324822204335235  0.94509702759970948
  0.94688018202057855  0.94862572896383157  0.95037363137287323  0.95207358555140287
  0.95377446901079366  0.95547016691026199  0.95712488651146477  0.95871270794465013
  0.96024845525076663  0.96167811374044243  0.96309985126632736  0.96448354552128135
  0.96581829336111735  0.96711626136361950  0.96838059375418906  0.96966705763716743
  0.97092853369503107  0.97214483149600195  0.97332462654361451  0.97443995748886048
  0.97557466308253760  0.97672053089969690  0.97786957962287968  0.97898534999167530
  0.98011125603285609  0.98124419585841327  0.98236918382845173  0.98345830768543752
  0.98449850706999376  0.98557999207710945  0.98667419885315577  0.98777597991737354
  0.98889287717162111  0.99002424320604221  0.99125170478124691  0.99253025368022385
  0.99385939994510641  0.99530282625842170  0.99723259779159212  1.00000000000000000
   3.9162068143681033E-013  -1.0000000000000000     
 F F F F F F F F F F F F F F F F F F F F F F F F F F F F F F F F F F F F F F F F F F F F F F F F F F F F F F F F F F F F F F F F
  <DiscreteSampler_grid>
  grouped_processes
  1 # 1 for a reference and 2 for a running grid.
  10 # Attribute 'min_bin_probing_points' of the grid.
  1 # Attribute 'grid_mode' of the grid. 1=='default',2=='initialization'
  0.0000000000000000 # Attribute 'small_contrib_threshold' of the grid.
  0.5000000000000000 # Attribute 'damping_power' of the grid.
 # binID   n_entries weight   weight_sqr   abs_weight
    10   10   1.467692593541864E-002   4.370564631617931E-004   1.467692593541864E-002
  </DiscreteSampler_grid>
