  0.00975363396425133  0.01506971421734883  0.02373990859059569  0.03322380417836254
  0.04313354526176674  0.05365443997326653  0.06402342283446685  0.07399279337967656
  0.08402764207154295  0.09450638457187675  0.10462896629857954  0.11391322594378568
  0.12291370723676626  0.13218524318553210  0.14185010637628806  0.15178707495961052
  0.16202814297842549  0.17262007418229353  0.18333808497843723  0.19429430173052767
  0.20593138316476045  0.21791449210788785  0.22948283171579281  0.24025597901165757
  0.25075161724240669  0.26151917273038972  0.27234715271882465  0.28263185917742983
  0.29235973801169463  0.30153774319704024  0.31092141320369482  0.32047572102692062
  0.32989538446234257  0.33983045664178529  0.35005430983679003  0.36117787768438897
  0.37250513449592548  0.38316596583577495  0.39371803067773709  0.40414031054283717
  0.41456305843911251  0.42507027510930684  0.43582686557050548  0.44663404069102330
  0.45741389283550843  0.46852601351641554  0.47970182723169719  0.48975896325284524
  0.49945414358275708  0.50943203846307983  0.52054440728825624  0.53204365925503838
  0.54347889853035813  0.55484809362610998  0.56580167500652034  0.57678073339766689
  0.58783789161290723  0.59921631402440390  0.61048879935869560  0.62126975900767611
  0.63201773507445347  0.64302756295375163  0.65382113535528208  0.66402549612628736
  0.67417225479422793  0.68454304073410766  0.69487262120603888  0.70531419828993269
  0.71629705997809245  0.72795587894308877  0.73984519397885340  0.75132381015796257
  0.76234634516377420  0.77285427342840562  0.78298876555611485  0.79313574598004510
  0.80328013152411915  0.81352499067562101  0.82386763845111943  0.83393887776145859
  0.84420973699206681  0.85490317046007691  0.86609463565113520  0.87723669039080587
  0.88790568731412622  0.89847125050176069  0.90933985553728836  0.92030796466493403
  0.93085814661109134  0.94125169493281169  0.95163421386215730  0.96234369528517238
  0.97263357810992923  0.98256567162045061  0.99112650849076356  1.00000000000000000
  0.00002607876874410  0.00004327645802126  0.00005941916970978  0.00007648101516433
  0.00009822553675047  0.00012397743109505  0.00015115123653170  0.00018081468882110
  0.00021460073205977  0.00024899625470417  0.00028501359787595  0.00032170000519710
  0.00035865223365401  0.00039780898068461  0.00044204530108834  0.00049233811242412
  0.00054672586675212  0.00060008334688706  0.00065424499232841  0.00071133833165278
  0.00077142015869046  0.00083422436660797  0.00089760419218491  0.00096536168053262
  0.00103866823659885  0.00111705366971690  0.00119442644313556  0.00126868350964216
  0.00134240590117834  0.00141902939968976  0.00149906808347806  0.00158245237304672
  0.00167012421157127  0.00176299936985701  0.00186226113934565  0.00196582585470220
  0.00206992383128205  0.00217361620904992  0.00227804537306671  0.00238391281201917
  0.00249254304492936  0.00260945918521271  0.00273822926474200  0.00287336985566172
  0.00300268444723801  0.00313391012452288  0.00327064275548164  0.00341766052285889
  0.00356939037766324  0.00373676370669646  0.00391413022038745  0.00409547193104600
  0.00428953495089911  0.00450561157222892  0.00470427894955811  0.00491860685417054
  0.00513607862913938  0.00535760134879247  0.00559985426007562  0.00585177475967749
  0.00611700338613342  0.00641544520520724  0.00673695278015239  0.00707428793476999
  0.00741653440147264  0.00776668822527729  0.00814679967358744  0.00856692255768995
  0.00900953580349196  0.00950813801560692  0.01004220037831301  0.01056094254179787
  0.01107034316850117  0.01161064064543779  0.01219106883540287  0.01280537378248287
  0.01345593802293239  0.01412698628641890  0.01482842646691103  0.01565697188075532
  0.01665251961736061  0.01774900633014573  0.01892111218845226  0.02018775783474809
  0.02170687176518974  0.02342682121422317  0.02544090310119296  0.02781931202685048
  0.03059403448532378  0.03399633887288517  0.03842500004404161  0.04365874158072744
  0.05161840487528451  0.06966929507218053  0.40755325105568496  1.00000000000000000
 -0.00000517824826236  0.00002800813144134  0.00006079091003519  0.00008816040057509
  0.00011366953104868  0.00014030702770544  0.00016941468481888  0.00020170725989805
  0.00023545391339545  0.00027108979011806  0.00030916732498687  0.00035089117245521
  0.00039448192248663  0.00043896953261176  0.00048519588416447  0.00053195829067396
  0.00057979322192758  0.00062702557357468  0.00067825587539326  0.00073459540207530
  0.00079155363539403  0.00084698869454594  0.00090217427060343  0.00096065638697348
  0.00102612047630033  0.00110080475662588  0.00118092100891786  0.00126124360757851
  0.00134274357700318  0.00142309087473696  0.00150790870470063  0.00159828514703504
  0.00169297622403883  0.00178829063568469  0.00188202482579104  0.00197490720660659
  0.00207002208293616  0.00217036641527456  0.00227823688033944  0.00239611505887707
  0.00252562305419873  0.00267023522068748  0.00281917166414501  0.00296106953155140
  0.00310840462057508  0.00326016552571789  0.00341463342073987  0.00357234455975927
  0.00373405635814737  0.00390034803372894  0.00407546683011342  0.00425980463096329
  0.00444825094565049  0.00464919866968664  0.00487035057007922  0.00507051115844284
  0.00527702792069647  0.00548840611432728  0.00571444456627031  0.00596639559281388
  0.00623789872395224  0.00653002631943474  0.00687184160992937  0.00722551141296576
  0.00759516680936825  0.00797871149319826  0.00838918281585142  0.00882174744905823
  0.00928985319952388  0.00980792544898938  0.01035786186552016  0.01091941187256489
  0.01150621829080500  0.01211895887755139  0.01278361964015304  0.01351194518412509
  0.01432944928522959  0.01530757024888562  0.01633390133424792  0.01751332111947822
  0.01870131911435689  0.01997321175831062  0.02135439272666572  0.02323275115976182
  0.02531199394585356  0.02756817077404295  0.03002462623403069  0.03281197974515858
  0.03616853551449365  0.04073715562971112  0.04704099236398269  0.05546902136286636
  0.06776843507938987  0.08973756048562953  0.42183880747933372  1.00000000000000000
 -0.00190002963195336  0.01110896296453744  0.02222573535675565  0.03243643240439656
  0.04274250749771297  0.05372534414578333  0.06561780395714668  0.07699401336255647
  0.08833318292194504  0.09943060112134509  0.11060559748633196  0.12137926325436189
  0.13140092509648479  0.14096263502535433  0.15046330576081970  0.16016429231637266
  0.17006269495236381  0.18018514667816582  0.19015195869699913  0.19982112693677387
  0.20950686522512768  0.21998297332218081  0.23061301558112440  0.24072429277693908
  0.25086310722441307  0.26086495959122508  0.27038349594563915  0.27998319102621472
  0.28929268385414825  0.29903144096209650  0.30859479057049938  0.31902328083965004
  0.32928342561882590  0.33894087501691172  0.34847947850038896  0.35817364116644818
  0.36870138113906259  0.37970373124216494  0.39061238075281152  0.40116751551750618
  0.41159298767073837  0.42220210620514814  0.43309178635249002  0.44424749513776179
  0.45448732704341727  0.46447199593325517  0.47479717009774253  0.48569665617500268
  0.49665374445056221  0.50770747854775355  0.51947954812275299  0.53169534922321426
  0.54338785222886865  0.55443126481504779  0.56472795017083111  0.57438544856587770
  0.58371884809928654  0.59346740299657919  0.60303968455723844  0.61339822589048443
  0.62365653726955905  0.63518790141820525  0.64706845991104800  0.65915089892282941
  0.67049959556494076  0.68162174309822143  0.69318481824800604  0.70417082732450464
  0.71505875587433143  0.72578640526084603  0.73506932776827194  0.74452108925089244
  0.75388467432487583  0.76433309520550818  0.77504442353587033  0.78582107056950912
  0.79662256879163562  0.80745402628961216  0.81844268395988096  0.82967485453217504
  0.84075143415571740  0.85125615486369288  0.86154615858214145  0.87190339572100406
  0.88241166052176878  0.89281209887898116  0.90269951990096131  0.91254886804153501
  0.92284077365662298  0.93416786542864960  0.94514865685923288  0.95568008430213303
  0.96643007298365191  0.97791044891626999  0.98913582256507948  1.00000000000000000
 -0.00206422042881847  0.00838079157723788  0.01701065975331606  0.02547194541493781
  0.03477315749022637  0.04464118016144501  0.05532853321187924  0.06610006146183733
  0.07672980950471917  0.08691287807618235  0.09643088064506009  0.10620353884007080
  0.11583937126121038  0.12686439201116270  0.13734070206906485  0.14790623743035949
  0.15820935047838053  0.16926354885983522  0.18092229315351457  0.19253656811107037
  0.20411462522201346  0.21498859288276190  0.22518882011953750  0.23505129500787295
  0.24459909177643227  0.25398876791558384  0.26350689930311721  0.27374141469024271
  0.28466324848999552  0.29531081137242138  0.30567434048247438  0.31667274933163214
  0.32760705222275255  0.33878452776231893  0.34893679821957674  0.35987859226680269
  0.37060392636197659  0.38197457253221567  0.39415035589367975  0.40629897684232275
  0.41843760022469106  0.42989660590539125  0.44110978407543466  0.45210121591905289
  0.46308643757641366  0.47447721833354328  0.48615599159573136  0.49716299580778123
  0.50867734059044112  0.51997415831463334  0.53050344910232916  0.54097649416564553
  0.55179645415527634  0.56251448215370303  0.57292022974165768  0.58325573590193114
  0.59350675956498267  0.60366850154396556  0.61314255497883019  0.62226926632425050
  0.63158264946518572  0.64064261555661772  0.65048489995391223  0.66062764478958813
  0.67215095512318546  0.68421951946329118  0.69580634906525962  0.70722664571729887
  0.71876261793570029  0.73038442566004413  0.74190432342650203  0.75299437088133014
  0.76415086149326061  0.77509473920128968  0.78647550225346785  0.79860432394570047
  0.81035373713543335  0.82145629639317486  0.83210796980440882  0.84304013706895575
  0.85351528707032220  0.86349728155283956  0.87312009832629012  0.88346726301889367
  0.89357085793684532  0.90319218058058892  0.91255063466232611  0.92178216093141052
  0.93061884053083777  0.93967548743646268  0.94850577286105853  0.95697183277261821
  0.96612669311532184  0.97520257269797439  0.98643497143210601  1.00000000000000000
 -0.00228142274048867  0.01006409829134067  0.01941381550739776  0.02905097715410312
  0.03872103375044641  0.04939542086473346  0.06026182611978031  0.07091141021616428
  0.08141008837404709  0.09113745234326914  0.10066938996550456  0.11069048815848434
  0.12131555792719900  0.13212185924960332  0.14310104293742534  0.15443274803059126
  0.16613958167138063  0.17728833500690025  0.18756669973946954  0.19821363270250963
  0.20879958556909325  0.21968689776809572  0.23044742721450334  0.24150546164359429
  0.25257119973732189  0.26373340842193405  0.27491618436914056  0.28637046171911767
  0.29781389325180835  0.30943295239304541  0.32028681001771631  0.33096892170257469
  0.34211081102057217  0.35263828260272134  0.36246041995556266  0.37218655928284528
  0.38257796016117701  0.39304718061149463  0.40391773034320977  0.41517792628967820
  0.42659657232403358  0.43792668373850019  0.44863382804870583  0.45923537171476136
  0.46993154575638246  0.48117259624054004  0.49281018599993948  0.50410766991313527
  0.51516146829917775  0.52667542768495312  0.53899371014635289  0.55145583955961441
  0.56328952300960811  0.57445653425281007  0.58545695027113853  0.59637764537557258
  0.60662310558256127  0.61636970546438730  0.62642895832727719  0.63680943082351837
  0.64716348572166038  0.65702763895899430  0.66644846253381740  0.67553506298686727
  0.68430401531614382  0.69313494923642816  0.70241694097184615  0.71210385252634789
  0.72159234164837605  0.73117677329858932  0.74073196444375533  0.74961865228427849
  0.75905744373650141  0.76929814736593050  0.78055425166138981  0.79224282401063717
  0.80463985190460852  0.81700631222495634  0.82892967395168582  0.84012073780488594
  0.85070434431018682  0.86068646171648566  0.87050201726646859  0.88041385531989924
  0.89006070266947124  0.90000955431428253  0.91001862107941034  0.92014112175342300
  0.93019571047704797  0.94017916628684550  0.94997585468309176  0.95979734047084186
  0.97003242359292874  0.98023399235372211  0.99030966312294255  1.00000000000000000
  0.01080679403486505  0.01309691717816280  0.01560723874137015  0.01744836644328827
  0.01898810375595275  0.02041529111305292  0.02190791969560365  0.02344083598817180
  0.02499099273194575  0.02653766623560857  0.02805090722447354  0.02962942879048425
  0.03117878638724228  0.03269862932507337  0.03421159506823487  0.03569258067829108
  0.03721308895778782  0.03871686703114526  0.04018079539612037  0.04161164892382534
  0.04300381149415514  0.04438453232894261  0.04579083384565728  0.04723822455107807
  0.04871259231552996  0.05019342248463786  0.05170305337318513  0.05323318130484985
  0.05476186061595741  0.05632289156094347  0.05792968787297976  0.05961247033706148
  0.06136443479460114  0.06312689272945900  0.06487591736364647  0.06658355638990973
  0.06821571914341978  0.06989046773775448  0.07155727035422610  0.07324385906926974
  0.07497546600983435  0.07675323462933950  0.07846314405255178  0.08021866070323638
  0.08204644386822478  0.08396065022269970  0.08597689344199716  0.08798543090972277
  0.09000767491391781  0.09214711596774861  0.09433386998683162  0.09644337098112189
  0.09847500644201534  0.10045219403267888  0.10242211211632282  0.10450482466116850
  0.10674669833460976  0.10901963323548793  0.11128648020523615  0.11362462070290742
  0.11598923093978096  0.11836869733656208  0.12063045626670950  0.12287503436443199
  0.12532937109012598  0.12805598220540648  0.13105360206468203  0.13407791059409696
  0.13687795627026492  0.13967309894601529  0.14259113358134384  0.14595142182595161
  0.14952937293084820  0.15289663447495930  0.15620560868467376  0.15960084110273082
  0.16330608252558010  0.16727771509708939  0.17131558888989917  0.17505700469748955
  0.17883818177012531  0.18318274220215361  0.18843662064424599  0.19372237037701739
  0.19869968272781080  0.20420769449541107  0.21073480929496297  0.21993155951489168
  0.22835465778261108  0.23637898715663544  0.24576954403445705  0.29210661261461845
  0.35881072427712085  0.41899819703294627  0.75908215097137233  1.00000000000000000
 -0.00251322143867851  0.01244276743533785  0.02599867389743095  0.04127486100665943
  0.05546468002439558  0.06782510798636557  0.07948260649283256  0.09201280852305675
  0.10533035165391932  0.11853828970346075  0.13079702201009788  0.14230243549039842
  0.15334028470052116  0.16474445128663615  0.17619855581484239  0.18723235660385323
  0.19837567019851093  0.20942001910122063  0.22003950236413444  0.23021662894109710
  0.24086060207830978  0.25136794994125622  0.26204014884361299  0.27262396922291388
  0.28365752111678744  0.29405107048938872  0.30378500659654556  0.31349668754155841
  0.32318017532908416  0.33228082920818969  0.34084437146623059  0.34940613087922051
  0.35844614033238720  0.36784645824627654  0.37696966844123259  0.38592184105630317
  0.39474344931683314  0.40359800422191977  0.41210561108721450  0.42059116612223840
  0.42980583047650156  0.43895572162122581  0.44711080585295737  0.45510560697633640
  0.46246974849294031  0.47062880754503955  0.47869505889269526  0.48739695200244881
  0.49630108563578423  0.50509747280788730  0.51377846407210492  0.52223561253580220
  0.53060506484399927  0.53936535098583516  0.54877089365040210  0.55882522567471260
  0.56854757970984926  0.57827645623910551  0.58801389983258678  0.59769279368355144
  0.60739870395545525  0.61677547571985869  0.62627152887095972  0.63598314899945441
  0.64562241848316171  0.65523895760474093  0.66517884894909396  0.67476698216950604
  0.68404957450433768  0.69291430491720052  0.70171838781063189  0.71112989294872875
  0.72097540563072493  0.73103285888778202  0.74105175791434785  0.75111638365368438
  0.76094779229626974  0.77116356996128876  0.78281779405775387  0.79458950740078471
  0.80630047624059897  0.81781747713173203  0.82929206980597425  0.84046844805777787
  0.85204654764519139  0.86520381147513603  0.87932869289000148  0.89324610365148316
  0.90693554242594687  0.91996547766437042  0.93238133623224884  0.94517288187170101
  0.95868327649201157  0.97241993760989587  0.98596567219217857  1.00000000000000000
  0.00537865413349270  0.27961662991393699  0.37069435304278975  0.42263317826685404
  0.46063867609513764  0.49381314165243034  0.52281281607787145  0.54657419156504083
  0.56651665140747987  0.58394547544779618  0.59946983701416012  0.61425313475364895
  0.62815404976688405  0.64080077848691364  0.65248888922589388  0.66377929215338394
  0.67464624996076428  0.68452316511805766  0.69337087356693416  0.70156487817785007
  0.70939502918024933  0.71687202650016590  0.72435323008132368  0.73188393569299282
  0.73934554725571455  0.74636888884444974  0.75264621614916494  0.75840306040086969
  0.76393119534477916  0.76936564631093363  0.77454654653566701  0.77951872733973082
  0.78440603031345624  0.78955213938291324  0.79436390898402143  0.79909991866560459
  0.80365372795860823  0.80813780976264771  0.81244879180489993  0.81649090219257758
  0.82048354440324822  0.82447357721675929  0.82843703509975808  0.83225712275724451
  0.83579678932488588  0.83908839505086219  0.84231481106452155  0.84551954035812049
  0.84867636113031431  0.85175899304388270  0.85477079396121913  0.85775164433773321
  0.86075264256380923  0.86384965585033846  0.86695291018162657  0.87007841396569741
  0.87320082107693930  0.87628440723095158  0.87926262759763840  0.88208933583505000
  0.88484528829286535  0.88757033883553527  0.89024185875868811  0.89307418298128061
  0.89589549992509432  0.89869244373578450  0.90146095967499817  0.90418526169904723
  0.90685133724471434  0.90948448241245194  0.91202458422700883  0.91443309802210182
  0.91684919366491646  0.91932209038425605  0.92183482327678967  0.92434501667479019
  0.92689307387398934  0.92931026545062489  0.93176071280684281  0.93428095140019318
  0.93684525941598329  0.93939264749032547  0.94189545007455866  0.94439930185226517
  0.94686879829713821  0.94940868773587128  0.95217186853304991  0.95498416572787703
  0.95784787923783410  0.96102224939670056  0.96468174601042489  0.96846039003158002
  0.97279337766065832  0.97810060588506875  0.98545196040058358  1.00000000000000000
   2.4179852659259486E-009  -1.0000000000000000     
 F F F F F F F F F F F F F F F F F F F F F F F F F F F F F F F F F F F F F F F F F F F F F F F F F F F F F F F F F F F F F F F F
  <DiscreteSampler_grid>
  grouped_processes
  1 # 1 for a reference and 2 for a running grid.
  10 # Attribute 'min_bin_probing_points' of the grid.
  1 # Attribute 'grid_mode' of the grid. 1=='default',2=='initialization'
  0.0000000000000000 # Attribute 'small_contrib_threshold' of the grid.
  0.5000000000000000 # Attribute 'damping_power' of the grid.
 # binID   n_entries weight   weight_sqr   abs_weight
    10   10   4.436885359229721E+005   1.684473493344543E+012   4.436885359229721E+005
  </DiscreteSampler_grid>
