  0.03445741579444588  0.08752201627197839  0.09171069921062351  0.09589938214926864
  0.10008806508791378  0.10429283209625950  0.10909352662710187  0.11389422115794424
  0.11869491568878662  0.12349561021962900  0.13229452220207283  0.14291816761458864
  0.15354181302710451  0.16416545843962044  0.16907826756183597  0.17223249235936544
  0.17538671715689491  0.17854094195442438  0.18169516675195385  0.18484939154948335
  0.18800639087554405  0.19117799296185006  0.19434959504815610  0.19752119713446212
  0.20069279922076816  0.20386440130707417  0.20703600339338021  0.21020760547968625
  0.21337920756599232  0.21655080965229839  0.21972241173860443  0.22289401382491050
  0.22606561591121657  0.23126450113308394  0.32557166854859976  0.41700480883046270
  0.42693243925662872  0.43686006968279473  0.44678770010896068  0.45671533053512670
  0.46664296096129276  0.47657059138745889  0.54881251053671232  0.64311967795222813
  0.69569151657010797  0.71116452951282505  0.72663754245554235  0.74211055539825943
  0.79622143416974944  0.81339412431753522  0.81447478358850689  0.81555544285947856
  0.81663610213045035  0.81771676140142202  0.81879742067239369  0.81987807994336548
  0.82095873921433715  0.82203939848530883  0.82312005775628050  0.82420071702725228
  0.82528137629822396  0.82636203556919563  0.82744269484016741  0.82852335411113909
  0.82960401338211076  0.83068467265308255  0.83176533192405422  0.83284599119502589
  0.83379081166353231  0.83462405609822143  0.83545730053291045  0.83629054496759958
  0.83712378940228860  0.83795703383697773  0.83879027827166686  0.83962352270635587
  0.84045676714104500  0.84129001157573402  0.84212325601042315  0.84295650044511228
  0.84378974487980130  0.84462298931449042  0.84545623374917944  0.84628947818386857
  0.84712272261855770  0.84795596705324672  0.84878921148793585  0.84962245592262498
  0.85045570035731399  0.85128894479200312  0.85212218922669214  0.85295543366138127
  0.85378867809607040  0.90442186090729193  0.91398107625952574  1.00000000000000000
  0.00000207855373237  0.00011122189726033  0.00024793061158906  0.00048202440213416
  0.00056644745680770  0.00064514310895425  0.00072150575052823  0.00079358480309854
  0.00116608206552028  0.00145194840170990  0.00151939071859365  0.00159134006749718
  0.00166484673341417  0.00174383898154387  0.00180952824053788  0.00185155441630448
  0.00189358059207108  0.00193560676783768  0.00198056469072365  0.00202604735207481
  0.00207153001342597  0.00211827145933607  0.00216749488844543  0.00221671831755478
  0.00226594174666413  0.00267069404124834  0.00268533789329867  0.00269998174534900
  0.00271462559739933  0.00272926944944967  0.00274391330150000  0.00275855715355033
  0.00277320100560066  0.00278784485765099  0.00280248870970132  0.00281713256175165
  0.00283177641380199  0.00284642026585232  0.00286106411790265  0.00287570796995298
  0.00289093921029331  0.00290678746085460  0.00292263571141588  0.00293848396197717
  0.00295433221253846  0.00297018046309974  0.00298602871366103  0.00300187696422231
  0.00301772521478360  0.00303357346534488  0.00304942171590617  0.00306526996646746
  0.00308111821702874  0.00309696646759003  0.00311281471815131  0.00312934729287196
  0.00314649899892513  0.00316365070497829  0.00318080241103145  0.00319795411708462
  0.00321510582313778  0.00323225752919094  0.00324940923524411  0.00326656094129727
  0.00328371264735043  0.00330086435340360  0.00331801605945676  0.00333516776550992
  0.00335231947156309  0.00336947117761625  0.00396693607884371  0.00402882656554648
  0.00409071705224925  0.00415260753895202  0.00421449802565479  0.00427638851235756
  0.00433351075836270  0.00439028344160579  0.00444705612484889  0.00450382880809198
  0.00456060149133508  0.00461737417457817  0.00630774008233727  0.00962415248280926
  0.01468219905820708  0.02238245100704117  0.03415385511921168  0.05027281754972802
  0.05069483093733487  0.05069483093734487  0.05069483093735487  0.05069483093736487
  0.05069483093737487  0.05069483093738487  0.05069483093739487  1.00000000000000000
  0.00002793740677382  0.00002995647257604  0.00003074058453295  0.00003152469648986
  0.00003230880844677  0.00003309292040368  0.00003387703236058  0.00003466114431749
  0.00003544525627440  0.00003622936823131  0.00003701348018822  0.00003779759214513
  0.00003858170410204  0.00003936581605895  0.00004014992801586  0.00004093403997277
  0.00004171815192968  0.00004250226388659  0.00004328637584350  0.00004407048780041
  0.00004485459975732  0.00004563871171422  0.00004642282367113  0.00004731988692926
  0.00004823327977196  0.00004914667261467  0.00005006006545738  0.00005097345830008
  0.00005188685114279  0.00005280024398550  0.00005371363682821  0.00005462702967091
  0.00005554042251362  0.00005645381535633  0.00005736720819903  0.00005828060104174
  0.00005919399388445  0.00006010738672715  0.00006102077956986  0.00006193417241257
  0.00011154813037082  0.00012207585719347  0.00013358900577983  0.00014614514658748
  0.00015545176674405  0.00015996026513367  0.00016446876352330  0.00016897726191293
  0.00017378624012151  0.00017880438905744  0.00018382253799337  0.00018884068692931
  0.00019427940544059  0.00019986481693838  0.00020545022843618  0.00021103563993397
  0.00034504274797174  0.00059539401558923  0.00072018737498480  0.00076483958251937
  0.00081450939203563  0.00086563523871053  0.00092095320309959  0.00117702883151304
  0.00119982860342489  0.00122262837533673  0.00124542814724857  0.00126822791916041
  0.00129102769107226  0.00131459806973625  0.00133997517787100  0.00136535228600576
  0.00139072939414051  0.00141610650227527  0.00144148361041003  0.00146812628695982
  0.00149615701084752  0.00152418773473522  0.00155221845862291  0.00158024918251061
  0.00160827990639831  0.00167421263565094  0.00176435939721725  0.00247346300542336
  0.00426874914027498  0.00737017485386930  0.01272349253662842  0.02196277892280851
  0.03790719282055438  0.06088552219125739  0.06088552219126739  0.06088552219127739
  0.06088552219128739  0.06088552219129739  0.06088552219130738  1.00000000000000000
  0.06788748105367023  0.13486670281827776  0.14473340563655548  0.14895375892910839
  0.15246569023718476  0.15597762154526110  0.15948955285333744  0.16300148416141377
  0.16651341546949014  0.17005033959367213  0.17358840410004672  0.17712646860642128
  0.18066453311279584  0.18420259761917043  0.18774066212554499  0.19127872663191958
  0.19481679113829414  0.19835485564466870  0.20189292015104329  0.20543098465741785
  0.22606680643560628  0.32476211769218200  0.36582042732527331  0.38241963186033567
  0.39901883639539809  0.41561804093046062  0.50912707412361113  0.60782238538018707
  0.62936849295440245  0.63465752576132883  0.63994655856825533  0.64523559137518172
  0.65052462418210810  0.65581365698903460  0.66110268979596098  0.66639172260288748
  0.67168075540981387  0.67696978821674025  0.68225882102366664  0.68839297020412105
  0.72989858841546318  0.73114574364533380  0.73239289887520442  0.73364005410507505
  0.73488720933494556  0.73613436456481618  0.73738151979468680  0.73862867502455742
  0.73987583025442805  0.74112298548429856  0.74237014071416918  0.74361729594403980
  0.74486445117391042  0.74611160640378094  0.74735876163365156  0.74860591686352218
  0.74985307209339280  0.75110022732326343  0.75234738255313394  0.75359453778300456
  0.75484169301287518  0.75608884824274580  0.75733600347261643  0.75858315870248694
  0.75983031393235756  0.76107746916222818  0.76232462439209880  0.76357177962196932
  0.76481893485183994  0.76606609008171056  0.76731324531158118  0.76856040054145180
  0.76980755577132232  0.77105471100119294  0.77230186623106356  0.77354902146093418
  0.77479617669080481  0.77604333192067543  0.77729048715054605  0.77853764238041667
  0.77978479761028718  0.78103195284015781  0.78227910807002843  0.78352626329989905
  0.78477341852976967  0.78602057375964030  0.78726772898951092  0.78851488421938154
  0.78976203944925216  0.79100919467912278  0.83833204540243922  0.93702735665901504
  0.96733173933692262  0.97880748707569321  0.98941772596083433  1.00000000000000000
  0.00606780846913653  0.01314534626300407  0.02022288405687161  0.03076670697807072
  0.04163772369633851  0.04699642008630163  0.05234040130946079  0.05768438253261995
  0.06302836375577911  0.06837234497893827  0.07371632620209742  0.07906030742525658
  0.08440428864841576  0.08974826987157497  0.09509225109473418  0.10043623231789339
  0.13443612772256952  0.23468696895050778  0.27826263883291585  0.28988108051947775
  0.30149952220603959  0.31311796389260144  0.32473640557916322  0.35940475682333245
  0.45855514921097873  0.47537268054945414  0.49219021188792944  0.50900774322640474
  0.55059075121773249  0.65084159244567064  0.75109243367360889  0.77184048440430719
  0.77309458719139235  0.77434868997847739  0.77560279276556254  0.77685689555264759
  0.77811099833973274  0.77936510112681778  0.78061920391390294  0.78187330670098798
  0.78312740948807313  0.78438151227515818  0.78563561506224333  0.78688971784932837
  0.78814382063641353  0.78939792342349857  0.79065202621058372  0.79190612899766877
  0.79316023178475392  0.79441433457183896  0.79566843735892412  0.79692254014600916
  0.79817664293309420  0.79943074572017936  0.80068484850726440  0.80193895129434956
  0.80319305408143460  0.80444715686851964  0.80570125965560480  0.80695536244268984
  0.80820946522977499  0.80946356801686004  0.81071767080394508  0.81197177359103023
  0.81322587637811528  0.81447997916520043  0.81573408195228547  0.81698818473937052
  0.81824228752645567  0.81949639031354071  0.82075049310062587  0.82200459588771091
  0.82325869867479595  0.82451280146188111  0.82576690424896615  0.82702100703605130
  0.82827510982313635  0.82952921261022139  0.83078331539730654  0.83203741818439159
  0.83329152097147674  0.83678455260542184  0.84035480575425137  0.84392505890308089
  0.84749531205191042  0.85106556520074006  0.85456431440779534  0.85759042121211371
  0.86061652801643196  0.86364263482075021  0.86666874162506846  0.86969484842938671
  0.87272095523370496  0.89973867699597332  0.91661090056101480  1.00000000000000000
  0.00428521235783893  0.01184402510049120  0.01940283784314346  0.02924597021248949
  0.03962231729470380  0.12071900502158761  0.14046432048382781  0.15663167036648348
  0.17279902024913915  0.19642924702889281  0.29177492208146899  0.29509370555163694
  0.29841248902180489  0.30173127249197285  0.30505005596214080  0.30836883943230875
  0.31168762290247670  0.31500640637264465  0.31832518984281261  0.32164397331298056
  0.32496275678314851  0.32828154025331646  0.33160032372348441  0.33491910719365237
  0.33823789066382037  0.34155667413398838  0.34487545760415633  0.34819424107432434
  0.35151302454449229  0.37389748495726760  0.47234620385478582  0.48950067582174289
  0.50060390975693447  0.51170714369212611  0.52281037762731775  0.53391361156250938
  0.57137159911409996  0.66982031801161823  0.71139020216505233  0.71641132984631639
  0.72143245752758034  0.72645358520884429  0.73147471289010824  0.73649584057137218
  0.74151696825263613  0.74653809593390008  0.75155922361516403  0.75658035129642798
  0.76160147897769193  0.76662260665895576  0.78672278008429697  0.88517149898181513
  0.93803041996131076  0.93916266018197370  0.94029490040263664  0.94142714062329957
  0.94255938084396251  0.94369162106462545  0.94482386128528839  0.94595610150595122
  0.94708834172661416  0.94822058194727710  0.94935282216794004  0.95048506238860297
  0.95161730260926591  0.95274954282992885  0.95388178305059168  0.95501402327125462
  0.95614626349191756  0.95727850371258050  0.95839090333718335  0.95923294659661307
  0.96007498985604289  0.96091703311547272  0.96175907637490243  0.96260111963433226
  0.96344316289376208  0.96428520615319180  0.96512724941262162  0.96596929267205145
  0.96681133593148116  0.96765337919091099  0.96849542245034081  0.96933746570977064
  0.97017950896920035  0.97102155222863018  0.97186359548806001  0.97270563874748972
  0.97354768200691955  0.97438972526634937  0.97523176852577909  0.97607381178520891
  0.97691585504463874  0.97775789830406845  0.97842175165812173  1.00000000000000000
 -0.00301300431379193  0.00963501443288319  0.01927002886576638  0.02958474515666736
  0.04003110405561775  0.10482853963240302  0.10938951339806766  0.11395048716373228
  0.11851146092939691  0.12307243469506154  0.12763340846072618  0.13219438222639079
  0.13675535599205543  0.14131632975772004  0.14587730352338468  0.15043827728904935
  0.15499925105471404  0.15956022482037871  0.16412119858604340  0.20621741201163624
  0.21127610335283709  0.21429012884361981  0.21730415433440248  0.22031817982518517
  0.22333220531596787  0.22634623080675056  0.22936025629753326  0.23237428178831593
  0.23538830727909860  0.23840233276988126  0.24141635826066390  0.24443038375144657
  0.24744440924222924  0.25045843473301188  0.25347246022379455  0.25648648571457722
  0.25950051120535989  0.26251453669614255  0.26552856218692522  0.26854258767770789
  0.29231102756924238  0.38181209584689968  0.43788826220059129  0.43891596494963742
  0.43994366769868354  0.44097137044772972  0.44199907319677584  0.44302677594582196
  0.44405447869486808  0.44508218144391420  0.44610988419296033  0.44713758694200645
  0.44816528969105263  0.44919299244009875  0.45022069518914487  0.45124839793819099
  0.45227610068723711  0.45330380343628324  0.45433150618532936  0.45535920893437548
  0.45638691168342160  0.45741461443246778  0.45841737922902387  0.45920992050453568
  0.46000246178004750  0.46079500305555932  0.46158754433107119  0.46238008560658300
  0.46317262688209482  0.46396516815760669  0.46475770943311850  0.46555025070863032
  0.46634279198414219  0.46713533325965401  0.46792787453516582  0.46872041581067769
  0.46951295708618951  0.47030549836170132  0.47109803963721320  0.47189058091272501
  0.47268312218823683  0.47347566346374870  0.47426820473926051  0.47506074601477233
  0.47585328729028420  0.47664582856579601  0.47743836984130783  0.47823091111681970
  0.47902345239233152  0.55249465861169489  0.64199572688935214  0.73149679516700972
  0.82099786344466696  0.91049893172232443  0.97329229513804116  1.00000000000000000
  0.14511209328969316  0.23886915195515410  0.24857163724364142  0.25900620482083003
  0.26956715185054797  0.28076615071671840  0.29205206833477065  0.30333798595282280
  0.31273011841202625  0.31395291283458832  0.31517570725715038  0.31639850167971245
  0.31762129610227452  0.31884409052483659  0.32006688494739866  0.32128967936996072
  0.32251247379252274  0.32373526821508480  0.32495806263764687  0.32618085706020894
  0.32740365148277101  0.32862644590533308  0.32984924032789514  0.33107203475045721
  0.33229482917301928  0.33351780143951198  0.33474177588408843  0.33596575032866488
  0.33718972477324133  0.33841369921781778  0.33963767366239422  0.34086164810697067
  0.34208562255154717  0.34330959699612362  0.34453357144070007  0.34575754588527652
  0.34698152032985297  0.34820549477442941  0.34942946921900586  0.35065344366358236
  0.35187741810815881  0.35310139255273526  0.35432536699731171  0.35554934144188816
  0.35677331588646460  0.35799729033104105  0.35922126477561744  0.36044523922019389
  0.36166921366477034  0.36289318810934679  0.36411716255392323  0.36534113699849968
  0.36656511144307613  0.36778908588765258  0.36901306033222903  0.37023703477680547
  0.37146100922138187  0.37268498366595831  0.37390895811053476  0.38555231160316200
  0.39894154330009390  0.40241756933037409  0.40589359536065428  0.40936962139093447
  0.41284564742121466  0.41632167345149484  0.41979769948177498  0.42327372551205511
  0.42674975154233530  0.43022577757261543  0.43370180360289556  0.43717782963317570
  0.44065385566345583  0.44412988169373602  0.44760590772401615  0.45108193375429628
  0.45455795978457642  0.45803398581485660  0.54712635802374521  0.59357677376616957
  0.60990494093585779  0.62623310810554578  0.64256127527523388  0.72352330047344537
  0.82068354630390972  0.89701095000952991  0.90220927535056783  0.90740760069160575
  0.91260592603264357  0.91715370551571640  0.91937928605971686  0.92160486660371732
  0.92383044714771778  0.92605602769171824  0.92684996525446572  1.00000000000000000
  0.06695979436238624  0.30697030643160378  0.32291153362152647  0.36829163498916001
  0.46520899233923352  0.56212634968930708  0.59213773895837429  0.60340831767101044
  0.61467889638364648  0.62543183979295158  0.63055791881994816  0.63568399784694463
  0.64081007687394109  0.64593753668453713  0.65113245279676968  0.65632736890900234
  0.66152228502123489  0.66671720113346744  0.67191211724569988  0.67710703335793243
  0.68230194947016487  0.68749686558239742  0.75043435805025216  0.75165956775112419
  0.75288477745199611  0.75410998715286814  0.75533519685374018  0.75656040655461210
  0.75778561625548413  0.75901082595635616  0.76023603565722808  0.76146124535810011
  0.76268645505897215  0.76391166475984407  0.76513687446071610  0.76636208416158813
  0.76758729386246005  0.76881250356333208  0.77003771326420412  0.77126292296507604
  0.77248813266594807  0.77371334236682010  0.77493855206769213  0.77616376176856405
  0.77738897146943609  0.77861418117030812  0.77983939087118015  0.78106460057205218
  0.78228981027292410  0.78351501997379613  0.78474022967466817  0.78596543937554020
  0.78719064907641212  0.78841585877728415  0.78964106847815618  0.79086627817902821
  0.79209148787990014  0.79331669758077217  0.79454190728164420  0.79576711698251612
  0.79699232668338815  0.79821753638426018  0.79944274608513211  0.80066795578600414
  0.80189316548687617  0.80311837518774809  0.80434358488862012  0.80556879458949215
  0.80679400429036408  0.80801921399123611  0.80924442369210814  0.81046963339298006
  0.81169484309385209  0.84572729715835337  0.90092762102609825  0.91147474698558695
  0.91841818321664981  0.92186781049754141  0.92531743777843301  0.92876706505932460
  0.93221669234021620  0.93566631962110780  0.93911594690199929  0.94256557418289089
  0.94601520146378248  0.94946482874467408  0.95291445602556568  0.95636408330645728
  0.95982346422038944  0.96329581976094147  0.96676817530149339  0.97024053084204542
  0.97371288638259745  0.97718524192314948  0.98542483034268358  1.00000000000000000
   1.4750450438175814E-010  -1.0000000000000000     
 F F F F F F F F F F F F F F F F F F F F F F F F F F F F F F F F F F F F F F F F F F F F F F F F F F F F F F F F F F F F F F F F
  <DiscreteSampler_grid>
  grouped_processes
  1 # 1 for a reference and 2 for a running grid.
  10 # Attribute 'min_bin_probing_points' of the grid.
  1 # Attribute 'grid_mode' of the grid. 1=='default',2=='initialization'
  0.0000000000000000 # Attribute 'small_contrib_threshold' of the grid.
  0.5000000000000000 # Attribute 'damping_power' of the grid.
 # binID   n_entries weight   weight_sqr   abs_weight
    10   10   2.280826861897475E+002   1.340809896104987E+005   2.280826861897475E+002
  </DiscreteSampler_grid>
