  0.00959975895971566  0.01458934027508798  0.02314460916607012  0.03399344645317555
  0.04638853613165212  0.05834556432403989  0.06893804302015956  0.07885846631553650
  0.08872434674944510  0.09862762669663876  0.10751389663360107  0.11643027934634381
  0.12565766359748701  0.13589741106032308  0.14707515527304393  0.15788895566264310
  0.16834344390116737  0.17850492561662218  0.18819774189924504  0.19774602370508726
  0.20765631846025667  0.21824986046180506  0.23097154878331957  0.24545498157584431
  0.25990803608031482  0.27249066300004549  0.28199880599538812  0.29050578735453064
  0.29791317951318425  0.30468130356364848  0.31167785790178121  0.31977199134728440
  0.32920958000377826  0.34084644128731345  0.35640015739920206  0.36977107265305353
  0.38279989307976775  0.39434732830238106  0.40473838883004415  0.41358441734793183
  0.41940851660193512  0.42552919500025982  0.43146792934161465  0.43726718760603361
  0.44437798740399764  0.45278491085546801  0.46104226530072279  0.46919788407195751
  0.47770225591353715  0.48672666388084002  0.49691628845985780  0.51085659817182383
  0.52705968937753400  0.54341405306771284  0.55908978680381749  0.57173422899381976
  0.58257169360960770  0.59327975872361083  0.60397937538653290  0.61438220128072107
  0.62469565476319167  0.63459379856146758  0.64481135634292319  0.65492039717177475
  0.66597470023741234  0.67844484565195573  0.69523837048890003  0.71466944864900228
  0.73172381186350377  0.74703438374373599  0.75934650687796956  0.77136425921653173
  0.78350181516273587  0.79533819056273392  0.80653310897241737  0.81705739764611318
  0.82749440048303391  0.83550954503011499  0.84344905096119016  0.85226823136159913
  0.86327762168159561  0.87502316942929548  0.88678285686640679  0.89867950107939365
  0.91273986547023001  0.92251189303904735  0.93307790221410558  0.94076914021041269
  0.94555988701501881  0.95023431626253774  0.95517239372490603  0.96344708747759766
  0.97208092599880047  0.98380108496211460  0.99061994444374224  1.00000000000000000
 -0.00000386436901457  0.00000895778017057  0.00002229984609966  0.00003667703852127
  0.00005005171076248  0.00006231059830128  0.00007355216427367  0.00008410427472981
  0.00009206132929976  0.00009977890781690  0.00010772278027670  0.00011703119314118
  0.00012911720488471  0.00014193615023260  0.00015395621991470  0.00016495307573521
  0.00017640329683901  0.00018839829583466  0.00020217451051917  0.00021668606461198
  0.00023348611761187  0.00024943740528866  0.00026252924196051  0.00027305629854639
  0.00028302365945303  0.00029696972332422  0.00031014896099976  0.00032333239990421
  0.00033599330481122  0.00034999694314717  0.00036747589732501  0.00039079668865485
  0.00041800866701876  0.00044234527036460  0.00047070392754381  0.00050208104703838
  0.00053249108864132  0.00056525600186679  0.00060186017554544  0.00062951306786529
  0.00065342933940650  0.00067861321181428  0.00070653635214949  0.00073931860757330
  0.00077214127655320  0.00080503989275035  0.00084075279750838  0.00088252883506386
  0.00092202370682873  0.00095817371608177  0.00099425716505560  0.00103649242679402
  0.00108976777033231  0.00115238040428918  0.00123239303327423  0.00130176198817155
  0.00136212760408165  0.00142042646614010  0.00149069338761759  0.00155948239790550
  0.00162143717303343  0.00168413146320695  0.00174371917267539  0.00180658696363589
  0.00188478370325553  0.00196753931211675  0.00207323041823609  0.00219547997017201
  0.00233033736802230  0.00246867850758178  0.00260989576115634  0.00274232285200662
  0.00288349126775359  0.00305750235665753  0.00325630905848071  0.00349298534492910
  0.00385637094820201  0.00432234404852382  0.00495427169699897  0.00565773915293945
  0.00626568178311774  0.00680851359055137  0.00744418496787477  0.00847840098823549
  0.00974880275266112  0.01103811801070518  0.01249396255362428  0.01395328759862572
  0.01727076019628206  0.02308827065672877  0.02755621040208603  0.03153537549707176
  0.03742182417706422  0.05587434670721697  0.09988843748788254  1.00000000000000000
  0.00000280866280952  0.00001171633943152  0.00002527273442787  0.00004033483317719
  0.00006238011780273  0.00009691148945136  0.00014851764445839  0.00020475450960053
  0.00026106407686347  0.00031688817935716  0.00037797113631640  0.00045182747047654
  0.00054159462581222  0.00064013409741925  0.00072555756827725  0.00080993525521995
  0.00090106104038620  0.00099706608429941  0.00111455490532225  0.00122851834600477
  0.00134194860999060  0.00146287427054145  0.00159738020063572  0.00175643786875626
  0.00195657015094454  0.00217209394474699  0.00238106752909712  0.00258707649929640
  0.00279797948245190  0.00302786561263643  0.00327153571778783  0.00351648697232878
  0.00370826550072159  0.00388656257040951  0.00405370702831380  0.00422756954108040
  0.00441059421083151  0.00459763125701874  0.00478842549254455  0.00498148265082986
  0.00517453458536338  0.00538751284123908  0.00559971457337574  0.00579734262516281
  0.00598247651436822  0.00615370831006786  0.00634814870093479  0.00653499904816339
  0.00669507266165521  0.00685542185565100  0.00705228284993820  0.00725226797019206
  0.00744840928738015  0.00767713737191195  0.00791329546751165  0.00816587517780605
  0.00848203233690268  0.00893173318410075  0.00935054098561542  0.00981446785995522
  0.01026814599747613  0.01066930431773827  0.01106059635224896  0.01151560281637040
  0.01200745592362288  0.01254099652601222  0.01314680963853075  0.01372203097506485
  0.01443073855769885  0.01521718201687748  0.01597758547546121  0.01670841452096154
  0.01755386164644040  0.01855927350903595  0.01969350783864875  0.02080620393478383
  0.02215761908786987  0.02343747920234216  0.02486160229255398  0.02654704935167985
  0.02843692001315475  0.03258078657316109  0.03672465313316742  0.04310970167028552
  0.04957998691187051  0.05325140458049554  0.05613323016694325  0.05857438133891719
  0.06235758795621078  0.06718074810190910  0.07376411653416508  0.08125516032124050
  0.09274032296230068  0.10926788316833430  0.24929617462327980  1.00000000000000000
 -0.00290907595384392  0.01389834538657740  0.02901195612452493  0.04566333672695470
  0.06345785617928869  0.07582828203646255  0.08445224368999127  0.09193135720627651
  0.09927131401925714  0.10680952586653725  0.11449206582434815  0.12420330640330511
  0.13458359293968744  0.14534093783495747  0.15666837205253925  0.16838376731887167
  0.18075928352094300  0.19107914481485469  0.19932366368641269  0.20832241639156060
  0.21716741704290793  0.22585986142761663  0.23396817074970111  0.24293324999352414
  0.25223857518271492  0.26001693603596193  0.26770324875461288  0.27572036996908766
  0.28606477980247236  0.29508216451390484  0.30228648648408007  0.30955137276362821
  0.31889911458867493  0.33097214230717253  0.34214293362499654  0.35364990338957897
  0.36772681825694442  0.38267980379443622  0.39690428832123942  0.40907459352244735
  0.42078051423564644  0.43257830330555308  0.44488798370862742  0.45600779723155715
  0.46477380538400737  0.47426807450812669  0.48458007776189305  0.49635407667257864
  0.51195975867561549  0.52616965714754760  0.53972331922637018  0.55201802121499421
  0.56314225858317846  0.57439832455485451  0.58663661286381585  0.60035276870047338
  0.61360391630210720  0.62331576751292550  0.63147455959139132  0.63947979976652403
  0.64806045151701608  0.65922032832840782  0.67083800319100528  0.68395642233576670
  0.69438907509167980  0.70280338275271093  0.71081704723838490  0.71913723555338693
  0.72954476895026821  0.73991475776222448  0.74997044098000754  0.75988707593942340
  0.76821904487174586  0.77619898023712575  0.78565377213968690  0.79904030625273104
  0.81142169214606086  0.82221751797102205  0.83251870382165494  0.84358562974625739
  0.85316499094534337  0.86442606235803798  0.87570154761257391  0.88627073109810162
  0.89653296501944346  0.90580074115805198  0.91487075728802014  0.92417171483662108
  0.93292102587863424  0.94180420669520026  0.95018721495378311  0.95954281769343719
  0.97003693212536490  0.98052986178486645  0.99010489676929347  1.00000000000000000
 -0.00450956443246958  0.01965877971833747  0.03276687067428120  0.04397200527630775
  0.05396990607642048  0.06290353672475305  0.07157865011198970  0.08179985093600323
  0.09428537163051876  0.10654702273212377  0.11555867047178105  0.12449082512040131
  0.13391327326851213  0.14383511775905086  0.15340219204880864  0.16111374293498459
  0.16917307293477851  0.17845470727570395  0.18646180557141778  0.19657532654653703
  0.20714971460863707  0.21789544563550003  0.22745917141697122  0.23623228214124364
  0.24541974967548139  0.25367576691706278  0.26041897131244901  0.26984335191463221
  0.27903773232966289  0.28952205248547092  0.29989971278215433  0.31124241517210538
  0.32261509727715659  0.33407737048365588  0.34604284734169438  0.35821674961121230
  0.37038402497404926  0.38147005091649283  0.39266203971462943  0.40274593339076903
  0.41429176613814428  0.42784557768406672  0.44116610398122036  0.45511586756650979
  0.46895100047812749  0.48381618158312317  0.49687177533841914  0.50799921069572529
  0.51898855289726087  0.53078116093213334  0.54167060612750928  0.55104115308012003
  0.55945028369754290  0.56886900533032281  0.57801875859242113  0.58930340418074212
  0.60106419214855467  0.61326595438599074  0.62611349911353309  0.63908194860882273
  0.64957297345703469  0.65815129680170570  0.66626595471361483  0.67433547596221333
  0.68235760717215177  0.69064253331232395  0.69755541319643266  0.70382780726606653
  0.71009384890679761  0.71709523981641365  0.72489385379904658  0.73302158579132959
  0.74088771563300293  0.74823278832360329  0.75700161069537686  0.76789571340777962
  0.77914224739897497  0.78987874774127709  0.80025469021226991  0.80995199117202876
  0.82008793246453182  0.83036154529981587  0.83931722231087769  0.84816054776683580
  0.85650787199173262  0.86510199085553452  0.87580285402356561  0.88951901992818339
  0.90334486801308500  0.91681782720324678  0.92992262464437725  0.94567455452790716
  0.95975125322250554  0.97390712239185828  0.98744787043687576  1.00000000000000000
 -0.00272903627409867  0.01098658556603167  0.01856254226486524  0.02668366915029575
  0.03485169218016582  0.04443103639227376  0.05563371514518026  0.06731739129688630
  0.08077542783943346  0.09348719231077665  0.10938185102458375  0.12225953082046546
  0.13337479879103001  0.14353615294599825  0.15343387083933346  0.16508788189844698
  0.17931920006922736  0.19508021378440946  0.21161942815921433  0.22436510218838104
  0.23519757596191262  0.24460912336022697  0.25408714536291949  0.26491348825211325
  0.27671853395134693  0.28727788968565321  0.29653793389835392  0.30537767474501876
  0.31451885398018653  0.32475068599207896  0.33494727883096875  0.34224752097281086
  0.34986090310452111  0.35777533266623990  0.36526934758671431  0.37422910193460313
  0.38401950529642204  0.39442316437680847  0.40798860672750975  0.42389706814570344
  0.43921984052478086  0.45361246316222736  0.46695874889445671  0.47650905751759365
  0.48682513424457358  0.49746325935330948  0.50786403514311873  0.51709965739310237
  0.52604982946961132  0.53446496444088498  0.54211847588454498  0.54823731208949600
  0.55365197804732258  0.55926160933139746  0.56523028284397081  0.57297428155343821
  0.58060288943880312  0.58807894588117093  0.59601485905243556  0.60435597270794827
  0.61536752211883972  0.62948465092477823  0.64516060071230918  0.65974777023348052
  0.67164436301102248  0.68253731544982865  0.69313508496481413  0.70382222232225433
  0.71566250575518786  0.72724450216107173  0.73901246321958414  0.75321616604832753
  0.76957676434468136  0.78341229078446162  0.79633876946019944  0.80846683972129407
  0.82016455392759391  0.83095285888618986  0.84153320677063315  0.85207006277466657
  0.86248104186358454  0.87317130122766451  0.88301003592935845  0.89264361880736920
  0.90097345187154976  0.90840932614587666  0.91745927254056925  0.92660848362425352
  0.93715734039036291  0.94613287346600328  0.95305072438886984  0.95992186477886832
  0.96840067252857787  0.97877502596640531  0.98961852019783469  1.00000000000000000
  0.00052617537763612  0.00281921677058949  0.00521680152517262  0.00737620170169297
  0.00926926154814137  0.01096128229230849  0.01266673602176624  0.01426740571233355
  0.01585678389256108  0.01757409352773045  0.01930478394492378  0.02107963226334678
  0.02275986560420856  0.02439324608871123  0.02599273399399917  0.02737630599529694
  0.02845132056815129  0.02959646444924413  0.03075378046075982  0.03203493052828869
  0.03329334838347582  0.03448579183272925  0.03558001915272060  0.03679872864415929
  0.03818359447586814  0.03955870664416665  0.04081172125807694  0.04188272772015987
  0.04278122501711720  0.04356553546689664  0.04450678390155780  0.04562008964119863
  0.04668296153391376  0.04769947475787982  0.04868640920383477  0.04971231940061348
  0.05113077630789977  0.05257998364151772  0.05396859556681666  0.05526807123213961
  0.05627715180448063  0.05706057630097559  0.05782094222641886  0.05842127102963066
  0.05900979501836418  0.05957305250856048  0.06017298493595596  0.06082379781263228
  0.06163080848799628  0.06275890162138663  0.06412599718675019  0.06542106703782198
  0.06665990402378413  0.06789219436926265  0.06921348263405314  0.07049302656196640
  0.07163340434713315  0.07270199647968345  0.07373440503804216  0.07474828531677455
  0.07591772144819008  0.07728040514513011  0.07872884186620455  0.08021944454920261
  0.08186368193537547  0.08371284956981996  0.08513997559208275  0.08653522257937275
  0.08815787064754836  0.09005372652283293  0.09155120064260136  0.09245550751438469
  0.09320176993880526  0.09389157275201054  0.09474493787106897  0.09596413139066784
  0.09844295950153538  0.10257776742599255  0.10460022711972987  0.10845556574826068
  0.11274310885671784  0.11814188700867174  0.12471803616720366  0.13305557710180360
  0.13884307153176073  0.14284840249913999  0.15641224797937969  0.17974750695875719
  0.18972132715084455  0.19722032549528598  0.20213447181318248  0.20940189136911336
  0.21668589012875294  0.23536724336457901  0.25130730255973965  1.00000000000000000
 -0.00286278435066387  0.01315204679687233  0.02787446087090617  0.04103664422193065
  0.05524910862265234  0.07169960362898996  0.08888733038257844  0.10493991082127957
  0.12002888261893015  0.13478286348476920  0.14900949696735202  0.16311615663627008
  0.17470503453323574  0.18613400451588508  0.19764596427697284  0.20938568884137351
  0.22046959009473432  0.22866933631094116  0.23445945480845354  0.24044836865126459
  0.24643060707319309  0.25238853840015718  0.26199966191289942  0.27052399620058998
  0.28101497846423534  0.29429967597969786  0.30817649414173126  0.32022956025005378
  0.32993086336041122  0.33857684423539353  0.34833363711012705  0.35965800559297806
  0.37081316465418812  0.37992039697857077  0.38716929114864562  0.39415883067646168
  0.40312173969865955  0.41344972883659969  0.42295125758184293  0.43194432514231323
  0.44040872313795454  0.45355901152331535  0.46625394625413508  0.48118336820909735
  0.49879375788760560  0.51447739864438546  0.52891152464001467  0.54146885531613698
  0.55099748875995580  0.55836968287093325  0.56463394649266407  0.57096701332181055
  0.57923915262150416  0.58925684987814742  0.59726036098048851  0.60551067993446672
  0.61780704195754543  0.63026531688787035  0.64153100492095183  0.65417132762101804
  0.66647049313284701  0.67892078363971997  0.68882784958438981  0.69643814931083559
  0.70433354562673489  0.71267400742410236  0.72218549913849905  0.73218803731536530
  0.74221535128942706  0.75229580026447995  0.76277258146013738  0.77324615893936188
  0.78315420108129119  0.79294159047065871  0.80321192566233401  0.81393205321424544
  0.82443213434795592  0.83388809900218952  0.84194530284196412  0.84992796906568635
  0.85682064368356892  0.86314767656443303  0.87000614702935586  0.87840745917290630
  0.88619855654403745  0.89321796112764318  0.90361216873842287  0.91570095555702435
  0.92726390309748374  0.93950480326825858  0.95293030077503793  0.96361188315336821
  0.97118092487193763  0.97974993699683899  0.98905888162617295  1.00000000000000000
  0.01171620382801169  0.25025368336730780  0.36309310338491568  0.43754712687256997
  0.49406874671751999  0.54036418491367166  0.58181371264314119  0.61797427682453454
  0.65057428423164554  0.67899215591044193  0.70293184026800992  0.72477167362502515
  0.74417893967576332  0.76201756387767861  0.77843943068680899  0.79254146970962414
  0.80580047509023245  0.81793017160394332  0.82902587175386666  0.83927791451686939
  0.84843894648800344  0.85682963939288026  0.86463619621231103  0.87160724768077502
  0.87792172148853731  0.88343460583747235  0.88861304548511566  0.89353957457023814
  0.89826136728055894  0.90276452011113073  0.90722381589367707  0.91199706608612852
  0.91669522986056140  0.92093960048266210  0.92494901948422481  0.92886972397599232
  0.93260171304024808  0.93615254226653510  0.93952543307614322  0.94257096285636299
  0.94522236384736125  0.94770324912837256  0.95021129117474323  0.95247148806501991
  0.95523152801388211  0.95750178023290844  0.95938133112380553  0.96091763162676247
  0.96229318108402084  0.96371684626322407  0.96513973998614799  0.96655025910009307
  0.96799029996248376  0.96932783155739710  0.97069570528323057  0.97201329303027018
  0.97331102596106867  0.97460928878751696  0.97588665139557884  0.97707113725815831
  0.97814488099241814  0.97916962371485416  0.98003374862029080  0.98087348743848679
  0.98171446114095984  0.98256103640754289  0.98335912176192075  0.98410407672374844
  0.98482811816149918  0.98553846167841641  0.98622346628741231  0.98694618178117743
  0.98767321330174174  0.98841098487498624  0.98915049993438042  0.98963940399121730
  0.99010553566158310  0.99054171858729934  0.99098249139384598  0.99142605526196326
  0.99196723415279942  0.99251797475731707  0.99303836261047085  0.99352349850432820
  0.99399675304834290  0.99448367744449806  0.99498253977030116  0.99549415056499924
  0.99599429308599263  0.99652440427755973  0.99705358307182756  0.99751100360435707
  0.99800122975210759  0.99852068981585707  0.99909128347624665  1.00000000000000000
   1.0689505555737157E-016  -1.0000000000000000     
 F F F F F F F F F F F F F F F F F F F F F F F F F F F F F F F F F F F F F F F F F F F F F F F F F F F F F F F F F F F F F F F F
  <DiscreteSampler_grid>
  grouped_processes
  1 # 1 for a reference and 2 for a running grid.
  10 # Attribute 'min_bin_probing_points' of the grid.
  1 # Attribute 'grid_mode' of the grid. 1=='default',2=='initialization'
  0.0000000000000000 # Attribute 'small_contrib_threshold' of the grid.
  0.5000000000000000 # Attribute 'damping_power' of the grid.
 # binID   n_entries weight   weight_sqr   abs_weight
    10   10   1.149257673356802E-005   1.148775472212853E-009   1.149257673356802E-005
  </DiscreteSampler_grid>
