  0.00968518989901234  0.01546871951406609  0.02449543748708241  0.03448719540746332
  0.04546031449533221  0.05664867926386494  0.06829903891453301  0.08022489054635132
  0.09195016108245425  0.10306795826173012  0.11213125710375317  0.12057412917073322
  0.12907325885501195  0.13842028261729969  0.14707832850550681  0.15567185771169040
  0.16572635168207656  0.17855081443638873  0.19228211642307483  0.20422485304308377
  0.21516165185701233  0.22559517617833222  0.23447965300128656  0.24299567443966177
  0.25156269222387762  0.26098386883248215  0.27099650140569886  0.28096697720652347
  0.29082619741662818  0.30202641938604641  0.31286961839518040  0.32399061950109292
  0.33586777156268421  0.34877748549117904  0.36128515470111167  0.37227973736246683
  0.38314892207190654  0.39436716471724387  0.40598007501352712  0.41761629552284962
  0.42878198971431192  0.43960383160072564  0.44940888290138747  0.46064279799074903
  0.47291566540109653  0.48524593414020234  0.49683911665243213  0.50803253988249342
  0.51950214941487904  0.53142863957185782  0.54411772376790557  0.55657003058946519
  0.56823717946098218  0.57912397444511832  0.58982069032992768  0.60051054027493345
  0.61075399068916247  0.62162140858930248  0.63203124126998389  0.64282023853945813
  0.65393753375986519  0.66417051288067841  0.67483722373827915  0.68537082392780357
  0.69518040298207873  0.70508379393445264  0.71464004949189797  0.72297998958153487
  0.73124996732453085  0.74049111413692503  0.75033972967897800  0.76229001863452461
  0.77177649187700981  0.77997494304983528  0.78786624098824032  0.79544458320639166
  0.80259313175938329  0.80949519233683565  0.81687574785539785  0.82570107609044796
  0.83485538817983451  0.84408593915891772  0.85422094308342322  0.86692113188125874
  0.87931181875866771  0.89054700884020788  0.90001336720248548  0.90931182432422519
  0.91958221179607524  0.92981129353490677  0.93944956653638900  0.94854706181233639
  0.95837080915642014  0.96970456234742486  0.98095623599909398  1.00000000000000000
  0.00000250920203386  0.00000755929747260  0.00001542773564674  0.00002432926524221
  0.00003320714558481  0.00004290318944323  0.00005163262535395  0.00006010944652051
  0.00006934481033104  0.00007903661618443  0.00008905705583599  0.00009923833594280
  0.00010812222446673  0.00011683065583587  0.00012575328581648  0.00013533375242951
  0.00014652096891920  0.00015788610239604  0.00016907363695624  0.00018141631344537
  0.00019310982639199  0.00020609700750893  0.00021837207956374  0.00023026476403292
  0.00024255396280351  0.00025583532818701  0.00027014332668312  0.00028593355957265
  0.00030353626537878  0.00032231954634832  0.00034200655502783  0.00036291165678989
  0.00038572513353950  0.00041099675360728  0.00043851471433635  0.00046638573161085
  0.00049592165615667  0.00052494459427122  0.00055320894064945  0.00058337282605138
  0.00061851998313524  0.00065621460143553  0.00069422611648765  0.00073445249752253
  0.00077335139760528  0.00080878830669667  0.00084614970005704  0.00088933896303625
  0.00093413996622841  0.00097881542376669  0.00102196744790505  0.00106825798383783
  0.00112833451981550  0.00119514069562542  0.00126441226867513  0.00133458494411343
  0.00140754469621652  0.00149044490217366  0.00158592867246994  0.00166994852196374
  0.00174562331574649  0.00182284810489465  0.00190946131970815  0.00200844654010402
  0.00211307019194478  0.00220398402748821  0.00235796827996191  0.00251175879022416
  0.00266706015833767  0.00282680696340276  0.00300388813093912  0.00316917080655321
  0.00332666615613400  0.00348553157642361  0.00365753893357023  0.00383757152296835
  0.00407644071805562  0.00435636625390150  0.00469507776897012  0.00506003173137352
  0.00548945604914776  0.00597100376988016  0.00648322188031562  0.00707216912203059
  0.00775925100918255  0.00857892216304551  0.00957612977954993  0.01093866415753417
  0.01289210626748622  0.01506004141357430  0.01774333947820401  0.02328862907550030
  0.03159577753215732  0.04559293498809253  0.07477547965219411  1.00000000000000000
  0.00000603117262776  0.00001030987765625  0.00001498609009144  0.00002130619014642
  0.00003111829439082  0.00004418414918432  0.00006111185342381  0.00007811248621760
  0.00009786021848091  0.00012027054663051  0.00014696264393931  0.00017842023458149
  0.00020991293944982  0.00024290967502025  0.00027904107119115  0.00031706373366986
  0.00035843755224407  0.00040010728158524  0.00044363905723674  0.00049199281182578
  0.00054526791876828  0.00059911318003354  0.00065671428523319  0.00071629468882739
  0.00078243218156802  0.00085563722195749  0.00093642237919625  0.00101817173186753
  0.00109690875062171  0.00117311289339203  0.00124743649233609  0.00132139650327069
  0.00139843897305197  0.00147682691811321  0.00155180885774828  0.00163797918630008
  0.00172262455995227  0.00181063844229611  0.00191924072057318  0.00203556349310405
  0.00216212759500431  0.00229858484597136  0.00242772305742198  0.00254539800645850
  0.00267474356879234  0.00280038625994967  0.00294316585279019  0.00310241791853177
  0.00327165041480797  0.00344534326780970  0.00362598875177296  0.00381116652255396
  0.00402367384675312  0.00428379418234120  0.00459444200960162  0.00491855772152149
  0.00523548581430018  0.00554902489356269  0.00586978453342046  0.00621956104147495
  0.00654432327255124  0.00689323552269875  0.00719934919610337  0.00747786759110483
  0.00776945457492591  0.00809681133671813  0.00853944550681516  0.00898903297556310
  0.00940694132455100  0.00983156744610743  0.01031658830634842  0.01089658344549635
  0.01151977100316422  0.01230775194714158  0.01311900844516246  0.01386085607162282
  0.01472297828464837  0.01591511824320457  0.01746500431813650  0.01894881646144108
  0.01999070752911770  0.02115593090643526  0.02235513784971087  0.02348528412109767
  0.02459032481783840  0.02575187782907631  0.02702393178486364  0.02841812771148988
  0.03045597298707939  0.03305707570929532  0.03658176834590995  0.04004817768699603
  0.04292242250645355  0.05284745032471908  0.06848977602060841  1.00000000000000000
 -0.00230361625542625  0.01491648846083561  0.02611640593873116  0.03567807806436638
  0.04537118903141499  0.05487814566990162  0.06418128971051508  0.07377417353649071
  0.08344985492344896  0.09528237089067512  0.10745623697065844  0.11866507370995133
  0.12996126782313031  0.14115317747293180  0.15401242985538227  0.16729182244002352
  0.18001737968177042  0.19166439284583703  0.20244903185540639  0.21274534288079883
  0.22313494130600789  0.23353757934027225  0.24310352105942973  0.25267127855999860
  0.26274896792518943  0.27228277878471296  0.28069344364643195  0.28911394386800454
  0.29820007023452189  0.30758189856252716  0.31679103957675314  0.32515470265094459
  0.33330915824899487  0.34282319353627388  0.35305149765902044  0.36309534678219207
  0.37395774822816358  0.38412613464939854  0.39427628215226856  0.40471646860059013
  0.41444489750894475  0.42501028116713896  0.43635654693331682  0.44781279844063149
  0.45988705803474417  0.47137401735476381  0.48315269180494724  0.49562402589153415
  0.50831870311961502  0.51982641204911717  0.52985765345170677  0.54037104816606518
  0.55190162476471971  0.56368479265262506  0.57483221911960902  0.58607374014223368
  0.59699728545129882  0.60824076540214422  0.61957045046561532  0.63096707738660673
  0.64112914062000137  0.65026338528832761  0.66050089506648657  0.67282380147393150
  0.68470691263976435  0.69671829706006416  0.70688290623909322  0.71715971178691607
  0.72744760016486054  0.73820972212221203  0.74971037246293293  0.76215571287642170
  0.77534580550287735  0.78704428343461086  0.79913595317508623  0.81131400276326515
  0.82300148587960464  0.83402451308061032  0.84534315006191985  0.85649974663469319
  0.86685703947228732  0.87734924051326335  0.88538035299651718  0.89314976468318130
  0.89958361393172603  0.90618897819004185  0.91335702102179950  0.92176080005729943
  0.92990657643348007  0.93800496966662550  0.94768537637599226  0.95928887103842908
  0.96970130475586380  0.98005769465553627  0.98929145772186300  1.00000000000000000
 -0.00133110747764083  0.00756018959041161  0.01586511815472504  0.02526391507684571
  0.03541175456531789  0.04564045902586446  0.05608948599694037  0.06770185660101263
  0.08013406416251780  0.09240205466904214  0.10433068075858570  0.11594767808854133
  0.12704524129626998  0.13633848407970470  0.14623138411579545  0.15549073000950875
  0.16362359767838891  0.17425830310691170  0.18507577892079677  0.19537192272264853
  0.20638564415738508  0.21778888482806549  0.23027159925913757  0.24325428438083591
  0.25650382596345234  0.27069826395092794  0.28414741797946919  0.29686092373291678
  0.30899186446101862  0.31911154748736564  0.32827670159600270  0.33757371881453513
  0.34815822975961008  0.35926648858133903  0.36973122244047441  0.37950642750358898
  0.38970976168251392  0.39954850780550877  0.40992674945393504  0.42051864337105099
  0.43130359451722250  0.44144267841511620  0.45125503121676641  0.46138516362469395
  0.47223772376346729  0.48302176127352747  0.49338186866425032  0.50319775978176629
  0.51355444116980808  0.52427737251482376  0.53380694018797914  0.54291278735162385
  0.55155043834073736  0.56028250526469225  0.56937098501393224  0.57969738571085572
  0.59101113578065367  0.60217993617781562  0.61339288840224426  0.62545898002492362
  0.63906691395364601  0.65195617292037567  0.66461811230497503  0.67710591146985533
  0.69000144672826991  0.70238702855800406  0.71296294195910270  0.72263020170162184
  0.73183545942874506  0.74110036955996728  0.75054837858856849  0.75960766294997484
  0.76876789532085710  0.77857099953463083  0.78873829988527588  0.80102694161502819
  0.81428984403866689  0.82554247011084403  0.83621690421912254  0.84636302940504859
  0.85700563770521432  0.86830850239342139  0.87915918658039227  0.88966741400984728
  0.90062625747654645  0.91297333621728127  0.92340289996029168  0.93350532481385196
  0.94183980346247032  0.95009278972082511  0.95874853425892115  0.96819697027096963
  0.97693142623554741  0.98515193585339134  0.99260049770585779  1.00000000000000000
 -0.00214730367396237  0.00975399327424924  0.02054649283001760  0.03143055566317864
  0.04083759547605328  0.05073611197025250  0.06091162346207867  0.07129931342453821
  0.08133460683795674  0.09006784384941614  0.09812850868664931  0.10602464281242936
  0.11360781070523349  0.12084823886544868  0.12902097462182494  0.13768632571266795
  0.14693760557076088  0.15971527225032048  0.17140490704420316  0.18037549532411845
  0.18884530164208407  0.19813791283377769  0.20841950162252920  0.21791614492288322
  0.22742344528233796  0.23748082978259838  0.24779372926057014  0.25790591524157680
  0.26754607486810350  0.27863639073620489  0.29045562249852008  0.30237833468848868
  0.31431480053174243  0.32520772353386995  0.33528185037327213  0.34524137985491526
  0.35645885931790822  0.36774919654119503  0.37935551826690644  0.39145657883873225
  0.40276531010316408  0.41360582110613120  0.42398878453323113  0.43368593583245740
  0.44295324323646096  0.45265641500262549  0.46284438719421678  0.47330757478688162
  0.48368851109991179  0.49435542453481357  0.50662852327600982  0.52139764039992564
  0.53381537032963899  0.54493722360780927  0.55523393722404168  0.56511033576603775
  0.57602702550643936  0.58829888449705192  0.60089245766117594  0.61267999118261529
  0.62324087038061493  0.63315611211563705  0.64300331247538178  0.65338895580216272
  0.66465268865449934  0.67470707837887245  0.68470970092121985  0.69386581614056919
  0.70326462846107507  0.71370422746529349  0.72526275113586125  0.73756962909697588
  0.74872730063055748  0.75965752678296217  0.77096445161544447  0.78267754193700179
  0.79419043514805465  0.80577388544745632  0.81791831022738104  0.83024211679046100
  0.84173722531960193  0.85156620452443621  0.86137397597411969  0.87146867651884130
  0.88233305745216939  0.89288971096141234  0.90363238371246601  0.91475586999061131
  0.92537842364020162  0.93662826598721105  0.94726030104883208  0.95781984878336068
  0.96936259452340268  0.98025296704685339  0.99012002924478826  1.00000000000000000
  0.00083659166839061  0.00176509846812338  0.00310118436828481  0.00410803943173239
  0.00499042192250737  0.00583144270903014  0.00665557206967170  0.00745948092718545
  0.00824110610351757  0.00902913975555086  0.00984190508280303  0.01069546583318965
  0.01160817548497106  0.01254283875158426  0.01345702865967013  0.01432941157308326
  0.01516351993484992  0.01600022564569576  0.01683009082365182  0.01766432912724347
  0.01852648531115277  0.01943313756777527  0.02036449414161596  0.02129153389474380
  0.02215182273074534  0.02292538765226772  0.02365810378147585  0.02439454751869810
  0.02514668807874877  0.02596420293878804  0.02684970553257766  0.02774781485275156
  0.02861709654185230  0.02939019747241988  0.03008659910424006  0.03081430623288706
  0.03155471701633151  0.03229907908559549  0.03313725531602420  0.03406598740416899
  0.03498788171429082  0.03590032826633425  0.03682964047779113  0.03778586761682606
  0.03873048429400077  0.03973148243397098  0.04073837658718860  0.04175939003845759
  0.04287278495319538  0.04400095892180436  0.04507045300002806  0.04611426990197023
  0.04719563419367645  0.04838873503383594  0.04962646351466024  0.05075155377521858
  0.05180059569364352  0.05265141025418269  0.05362030926981320  0.05455043562564390
  0.05545158870302736  0.05641789807633403  0.05746325143435604  0.05861752581747034
  0.06006122023310931  0.06149631543638172  0.06294234418792118  0.06433034323740339
  0.06583037119418642  0.06742750262958684  0.06885398302478951  0.07022026321585091
  0.07161772216745660  0.07321038974885204  0.07509278192928248  0.07697195054747098
  0.07882428925163287  0.08078343031973463  0.08262104771329898  0.08415575015109762
  0.08562242473112558  0.08709204532589353  0.08880790941075190  0.09064379037453502
  0.09248900482250895  0.09475376941198935  0.09936083288159932  0.10296759442502246
  0.12235118082866633  0.14728074129850319  0.17912858983826099  0.20880635545696752
  0.22830579896767256  0.24002232895895259  0.27879672752281254  1.00000000000000000
 -0.00168629148868323  0.00887808816722756  0.01800940631297668  0.02773462600056487
  0.03793487168364455  0.04820387371774294  0.05878712279722295  0.07097480901208936
  0.08536343713770582  0.09707644933546292  0.10805591559229312  0.11795341225532339
  0.12785030906115549  0.13779155766792972  0.14863623441068086  0.15940417235746704
  0.16962529687763006  0.17906568112172269  0.18816983761218678  0.19602268552739538
  0.20391249287322946  0.21203224027853543  0.22046097704594017  0.22834773890644489
  0.23597652384815795  0.24394107043844901  0.25277308468222104  0.26225754929281098
  0.27135688534937158  0.28023395994969724  0.28860412452555290  0.29665395806330030
  0.30469279106265496  0.31369707345568182  0.32320801640103669  0.33239905086708904
  0.34059927739710094  0.34841048915146200  0.35686018871872865  0.36675960111848743
  0.37793366119610988  0.38977925300319088  0.40285713147574720  0.41707279460486579
  0.43152112632883821  0.44487941097393791  0.45676703260735718  0.46816801247681500
  0.48004761771618970  0.49312646372534352  0.50709015183280137  0.52110267224389040
  0.53594854388818713  0.55381311956871748  0.56900391296808150  0.58214944405438140
  0.59399042362341803  0.60516739862364655  0.61811118380754415  0.63096849731836491
  0.64361353515472186  0.65553616582338181  0.66747226771151880  0.67944879277933568
  0.69024456125338307  0.69905463574397941  0.70814335475002710  0.71802012546927640
  0.72820700234503211  0.73666959638276708  0.74496761574385384  0.75299888155583516
  0.76220848365865268  0.77211740184340794  0.78333937269999987  0.79376128814839308
  0.80482697769830125  0.81582533357970222  0.82621278242958918  0.83513169654147479
  0.84332358541406738  0.85114467977099073  0.85890861655248196  0.86704650199992583
  0.87542376566651003  0.88442028479045554  0.89366263536069734  0.90425743385288004
  0.91557729394748444  0.92627395268479285  0.93676670573365062  0.94765350041036378
  0.95876322433641292  0.97096401166362056  0.98442268839511815  1.00000000000000000
 -0.00809943737077781  0.38923801799069774  0.50339776596584784  0.57030451439226193
  0.61808856003103008  0.65404561636751934  0.68359754066657086  0.70742657216531712
  0.72826865789889672  0.74576551817386738  0.76125651128937033  0.77535148199818793
  0.78855362026661979  0.80049528279996385  0.81168720372889569  0.82199189924074889
  0.83104944754358390  0.83856789405363996  0.84531131555659267  0.85219158568392006
  0.85848780239666789  0.86429877206422168  0.86985581874816920  0.87516719839001766
  0.88003435055117940  0.88472853756288061  0.88931893869777534  0.89386446716241630
  0.89813631410912886  0.90202283340491274  0.90570680607781617  0.90931604077322514
  0.91292467285400736  0.91642650633736367  0.91949014449267330  0.92218410845381449
  0.92476267149510771  0.92708562790526683  0.92937432390680119  0.93169309240014664
  0.93412500342653282  0.93643979164537305  0.93849065192612513  0.94034943508486279
  0.94213324680389010  0.94384383201549937  0.94550944212463117  0.94717215497527574
  0.94883304556674664  0.95053085737286258  0.95229067316416427  0.95415532873028375
  0.95599032305958764  0.95771071701701904  0.95922734266081144  0.96054424528108928
  0.96177145073029235  0.96293431922081674  0.96405528491174619  0.96513663997220756
  0.96625612381236525  0.96744691457471688  0.96865152267728372  0.96980417619900516
  0.97080615648942892  0.97174234647297930  0.97267666459408930  0.97364338715490295
  0.97463263957546098  0.97568395069787817  0.97670306803037887  0.97769416677311660
  0.97867133125614447  0.97964720138382277  0.98063785926977576  0.98160326566518485
  0.98251931081065935  0.98339342842159894  0.98422168346983474  0.98502318661165567
  0.98583581503045359  0.98668319854156672  0.98754924704542457  0.98844146689289236
  0.98930320900127389  0.99013735487401677  0.99096177861076840  0.99177354513802984
  0.99256963285126654  0.99336873042222484  0.99418292640223604  0.99504651282596146
  0.99596254393875328  0.99701978246491685  0.99830766215000122  1.00000000000000000
   5.0236738738482350E-013  -1.0000000000000000     
 F F F F F F F F F F F F F F F F F F F F F F F F F F F F F F F F F F F F F F F F F F F F F F F F F F F F F F F F F F F F F F F F
  <DiscreteSampler_grid>
  grouped_processes
  1 # 1 for a reference and 2 for a running grid.
  10 # Attribute 'min_bin_probing_points' of the grid.
  1 # Attribute 'grid_mode' of the grid. 1=='default',2=='initialization'
  0.0000000000000000 # Attribute 'small_contrib_threshold' of the grid.
  0.5000000000000000 # Attribute 'damping_power' of the grid.
 # binID   n_entries weight   weight_sqr   abs_weight
    10   10   4.328913652344219E-002   1.494704595920483E-002   4.328913652344219E-002
  </DiscreteSampler_grid>
