  0.00965541283589261  0.01564550737732775  0.02451380206844555  0.03420152300432935
  0.04415799823974324  0.05414670755497713  0.06384336433462307  0.07357153540640597
  0.08340304322135476  0.09371614621088444  0.10446684852704842  0.11536625497226966
  0.12596183842564995  0.13610995717901103  0.14645029692516504  0.15740921057081481
  0.16916145494844001  0.18158310204490291  0.19363534684460768  0.20440955639606356
  0.21507830640836800  0.22597535019875542  0.23744443877422156  0.24934622635829812
  0.26135239648219050  0.27300046282998203  0.28384753597371243  0.29432780138246428
  0.30544145489468377  0.31636646700023918  0.32718194182477628  0.33707942341717612
  0.34562288153802717  0.35431668301818631  0.36248702379063574  0.37108828405266125
  0.37925417609231160  0.38773143612942518  0.39668415684283553  0.40650707780538470
  0.41647538535564954  0.42662669115733926  0.43680675367167243  0.44699820133959250
  0.45754412878954653  0.46852306693627799  0.48021278743530754  0.49213233822594166
  0.50437285323087255  0.51647439455485677  0.52767726853676733  0.53863051238804249
  0.54978834611253902  0.56131512260336158  0.57329137627088123  0.58491330940781872
  0.59576364486167932  0.60614689191110627  0.61610381124212044  0.62617271215456038
  0.63638613331154648  0.64707187058558036  0.65828773686482311  0.66984255992986386
  0.68123185841461309  0.69254749811740235  0.70371072896228914  0.71475933995203644
  0.72578898546215509  0.73685148017274804  0.74764496934523128  0.75810286534757154
  0.76860823591771521  0.77915256727842641  0.78966255034917432  0.79973807620667681
  0.80974043473342427  0.81989162205019306  0.83011366001336850  0.84022208658193254
  0.85033752804889218  0.86103867760666986  0.87228757426964787  0.88364218571554420
  0.89500225296264557  0.90577037180747422  0.91620490450497538  0.92608763180434650
  0.93585914102139112  0.94594401756049473  0.95621903821189302  0.96575079862031432
  0.97503513800076214  0.98396781352475116  0.99058976554918632  1.00000000000000000
 -0.00000665365636457  0.00003290434311711  0.00006347574950745  0.00008897296729717
  0.00011470065909578  0.00014397961122650  0.00017523470872973  0.00021002989015917
  0.00024501162624599  0.00028428927179533  0.00032900584332803  0.00037734522301129
  0.00042631829785661  0.00047692267268767  0.00052953628487118  0.00058244701757413
  0.00063608887616551  0.00068998537224061  0.00074695532965309  0.00081118012033669
  0.00088819846695242  0.00096824836640978  0.00104817223820750  0.00113048665721120
  0.00121331935868275  0.00129285729116972  0.00137621800166874  0.00146499206391429
  0.00155125154571370  0.00163924557529462  0.00172770022425809  0.00181643835754909
  0.00190989916555791  0.00200636692597626  0.00211070794452739  0.00222552237041924
  0.00235535710561299  0.00249168783923835  0.00261942848417740  0.00274493768367696
  0.00287623459866293  0.00301647891221909  0.00316940942556610  0.00332391119413677
  0.00348858411756739  0.00366020331155534  0.00383718636648366  0.00401819272767234
  0.00420578809575339  0.00439787233312757  0.00459222097839332  0.00479874759204379
  0.00501915094623509  0.00525946381473361  0.00550961818200795  0.00577948624941978
  0.00606703204674082  0.00636690223079393  0.00667264463664398  0.00697942658850405
  0.00729582336842825  0.00763312340314902  0.00799696149815335  0.00839953373337863
  0.00881568128953415  0.00925544766719270  0.00969401274109989  0.01017104017500895
  0.01072319511776676  0.01133004842107147  0.01201486009379725  0.01274223751117328
  0.01350823849809404  0.01429022580724019  0.01513779338431305  0.01611689986961379
  0.01715536764684750  0.01829931910363401  0.01954587744858823  0.02096771936712097
  0.02257728549546477  0.02435347736602650  0.02643396887996758  0.02870509717166392
  0.03151184822014563  0.03493113511002105  0.03910228073693679  0.04391940418860400
  0.04947067613283290  0.05590971403370863  0.06469932714966667  0.07880288900192950
  0.10434641861175820  0.17428200901530599  0.53213315668206784  1.00000000000000000
  0.00000677957911512  0.00004704953735261  0.00009885206363411  0.00016690119907950
  0.00024507409932024  0.00033318110209047  0.00043525297025553  0.00054842397279472
  0.00067460727831873  0.00080666558566693  0.00094875395133466  0.00110832927783558
  0.00127425652780492  0.00144710732403183  0.00162085766208262  0.00179503456327119
  0.00196922997133807  0.00215683125494201  0.00235764272522071  0.00256258532466545
  0.00277807636369266  0.00300176436575565  0.00323610347043463  0.00346454301663761
  0.00369766664533840  0.00394873337068658  0.00421321190382078  0.00448467923984804
  0.00477118012311434  0.00505015347112644  0.00533963637033231  0.00563954513290016
  0.00594158642436751  0.00624413345452433  0.00655024853211731  0.00686436779175468
  0.00719285520954409  0.00754265602034046  0.00791711480281122  0.00829436700962420
  0.00867266257397998  0.00905777349772238  0.00945910803404762  0.00988080552904728
  0.01029659521116824  0.01070481639921960  0.01110672049509753  0.01151633071742296
  0.01194575140112915  0.01241515252967599  0.01292652311928454  0.01345289740653103
  0.01397190674205461  0.01448358034120822  0.01502400526217936  0.01561806845035300
  0.01623125593508604  0.01682692626225999  0.01741962797881475  0.01806398764593214
  0.01872609333878354  0.01946127306234657  0.02028366481218267  0.02119007656563845
  0.02213420010336040  0.02311729959876146  0.02413927009352903  0.02520935537625111
  0.02636888407324108  0.02757042197666194  0.02890063498869275  0.03031973473892204
  0.03177803279682416  0.03330790427846835  0.03493133397685538  0.03674209791983153
  0.03876603239803814  0.04086145716621244  0.04309887059281221  0.04559254100284031
  0.04853252602459082  0.05175808334030695  0.05508812306614787  0.05862113033652235
  0.06260062471067812  0.06763829560337162  0.07386171229955719  0.08069809835826970
  0.08833581582979214  0.09715780006444380  0.11014264130637626  0.13300668880201427
  0.16218935911329846  0.19870408196205225  0.28238518781587119  1.00000000000000000
 -0.00258453557652342  0.01148360483458885  0.02260796267247228  0.03364446066620713
  0.04392414484689950  0.05429853369969524  0.06457443557293989  0.07523614197749548
  0.08587772685484776  0.09693657742617140  0.10757164435979231  0.11871740430849838
  0.12917568793557732  0.13996146510568527  0.15057814390289159  0.16055429731439655
  0.17029484483332599  0.18029240384565082  0.19056971109904799  0.20030843682106117
  0.20967500570601508  0.21932890066294430  0.22890467673402307  0.23869081599488662
  0.24865484793587528  0.25910248873461711  0.26893887273821077  0.27856328401381114
  0.28863747329635264  0.29940743601913783  0.31112128640452891  0.32362706046247475
  0.33618157389014880  0.34812290435274795  0.35959724477216481  0.37031328038998890
  0.38067575440870449  0.39072568314963124  0.40130669014000497  0.41129388605843903
  0.42090958899142034  0.43033863344749407  0.44014617731978412  0.45055242274831436
  0.46039607457522491  0.46942542914552832  0.47865210647938694  0.48849926493026707
  0.49860053806974375  0.50858168167023776  0.51822607047420777  0.52841625680234716
  0.53981521207362948  0.55149326993512149  0.56356315242401700  0.57519683802590793
  0.58605103230789446  0.59612271010895657  0.60671026315054177  0.61800349755592265
  0.62909509113975026  0.63920233461983245  0.64919675012678824  0.65945493552559953
  0.66966940198613223  0.67978996920995016  0.69009260182586607  0.70075823484303901
  0.71090914184021559  0.72058742742284831  0.73029030369991854  0.74009891830452412
  0.74998135162746815  0.76052485918019042  0.77072735832234773  0.78096642765350699
  0.79120575461200637  0.80216492578264720  0.81306917612302798  0.82351077543682161
  0.83369341699983690  0.84413738824677920  0.85468471599783857  0.86514626703624831
  0.87565610124546944  0.88633676369285275  0.89702355091924757  0.90717485056587088
  0.91821933610479067  0.93009542765495645  0.94167263511048294  0.95324340625895609
  0.96515196236125933  0.97690707455899684  0.98837181616251268  1.00000000000000000
 -0.00208071990478776  0.00845178215299292  0.01759454617468391  0.02750945454417891
  0.03801098336604999  0.04872110590997569  0.05970757262071445  0.07048778724118920
  0.08160527626201985  0.09211929091060059  0.10247622473045602  0.11277508113226255
  0.12322796396667574  0.13556825850736900  0.14707603100172420  0.16000795222312611
  0.17157091817081715  0.18299982474021909  0.19432098461063227  0.20555647444237748
  0.21581827875081713  0.22600322943454740  0.23616904347540146  0.24612488800141616
  0.25590603507228460  0.26625062403837213  0.27675241627085656  0.28737602929551209
  0.29784739759190937  0.30852921199965316  0.31896921273053769  0.32874491446554011
  0.33830080852558003  0.34811231089756772  0.35833589675656197  0.36893871171087989
  0.37913806646379805  0.38915080537784080  0.39913110477038427  0.40882275088118164
  0.41824593470521948  0.42779480941640113  0.43764999999735421  0.44749862139222690
  0.45736411700081869  0.46768271969526409  0.47862708386547648  0.48956316597454547
  0.50034030904061833  0.51095597434025697  0.52166747658315116  0.53235607392686457
  0.54294036326479933  0.55346362007114580  0.56418506887588682  0.57573776737358240
  0.58706535944865790  0.59790465683801997  0.60912453757534979  0.62130011263379903
  0.63432608363707643  0.64680710517172468  0.65900660228879460  0.67053763569363678
  0.68149917253342929  0.69331809347318729  0.70521016179962370  0.71583397992438436
  0.72606345499089764  0.73653943582192605  0.74694178541382006  0.75762432043886130
  0.76862568681604249  0.77967310751349217  0.79076680673756761  0.80104305808144272
  0.81196833144718372  0.82170143792676487  0.83061528611966085  0.84015872864989949
  0.84986891761871630  0.86009045513125959  0.87035497467653056  0.88038477288565420
  0.89055222358434660  0.90069589948428019  0.91139056171197486  0.92191348352552749
  0.93280668784954113  0.94299907912107250  0.95254429426214549  0.96169306640727348
  0.97107199814304190  0.98036604432206331  0.98988207145020657  1.00000000000000000
 -0.00205049908533043  0.00865087363067850  0.01811417769994051  0.02855890675717255
  0.03950280317475124  0.04998629961349130  0.06033130531839917  0.07231564741541653
  0.08358023402395058  0.09447142056353798  0.10462752408623983  0.11411977038427207
  0.12370087997554627  0.13373851522912039  0.14433398371438583  0.15470931881359082
  0.16470602051822619  0.17505742947433470  0.18527321678611561  0.19545305185170236
  0.20574721411208979  0.21666954265409685  0.22774945083888656  0.23910864808895904
  0.25048244396687991  0.26192451466982647  0.27313617471748286  0.28369209018489988
  0.29380656862127158  0.30388825981604112  0.31431026892790909  0.32495043991483363
  0.33587808150531034  0.34677255604311702  0.35757975300867106  0.36828160695499679
  0.37890138456879247  0.38956316346512826  0.39992116016809459  0.41012138917725699
  0.42022503949975154  0.42973287453627573  0.43890630924955082  0.44815640517100525
  0.45766133260118708  0.46737841802951630  0.47704101632528362  0.48711854184600240
  0.49719209383147955  0.50804418589449374  0.51928189283231418  0.53089291606464872
  0.54237127016000508  0.55436423139405455  0.56668463543613035  0.57860706794508965
  0.58969455560399675  0.60066393554087649  0.61134059280610797  0.62213457609268541
  0.63335214969937348  0.64497348396220511  0.65660244155548531  0.66845973837669537
  0.67970739061158381  0.69048976838218512  0.70122827915770158  0.71255260497713935
  0.72366871003249422  0.73433516679445221  0.74501476274559442  0.75636215568231246
  0.76816763393553111  0.77966985578758008  0.79044386329181870  0.80066577105162751
  0.81072501399725072  0.82062926832910355  0.83008553585753242  0.83893028502150768
  0.84772251913240282  0.85707081556215747  0.86676465959981708  0.87612189694430243
  0.88486082632024687  0.89354316740865936  0.90341928295748708  0.91407676283684525
  0.92403763396173444  0.93410557640168024  0.94490110234009694  0.95551721889573327
  0.96601930938276315  0.97686625658263448  0.98829515767303788  1.00000000000000000
  0.01099212721135417  0.01460621573125742  0.01767239109416248  0.02012765199243523
  0.02244898265901603  0.02461045833409747  0.02669762482595682  0.02870124525115053
  0.03060281183208437  0.03242686333902412  0.03421774853678273  0.03600124144755074
  0.03776189763549047  0.03951084696566785  0.04117150581642617  0.04278035362291234
  0.04435905835506929  0.04591104188829132  0.04747319277030128  0.04903506921635874
  0.05061959783335140  0.05220061242260074  0.05379319323112559  0.05540796828922972
  0.05705553346788293  0.05875974339497048  0.06048805692551611  0.06224628344756435
  0.06401158757516698  0.06579448540736554  0.06758837230778642  0.06937024356641765
  0.07112567321605071  0.07286306629847834  0.07463544449789239  0.07644131698521543
  0.07832529590441634  0.08032012035003447  0.08226360534067151  0.08418952558910710
  0.08612975716369380  0.08811249934445307  0.09018274970807962  0.09220933571196407
  0.09415556898648547  0.09616043784242433  0.09819519112183352  0.10035546256990577
  0.10241179176873730  0.10427148229706916  0.10655829446178136  0.10879843596490103
  0.11119158752670159  0.11371994551804647  0.11627379710984247  0.11886724933097619
  0.12148481716355422  0.12400569870269268  0.12669864582442228  0.12948309552345180
  0.13254173908136480  0.13573131861561188  0.13894871268916384  0.14202805539044133
  0.14539248268039048  0.14931106651551690  0.15373959420397482  0.15791382336704884
  0.16231293438161176  0.16674222028922250  0.17085442692047365  0.17472013246359366
  0.17876743939594145  0.18305072201024403  0.18772347815568097  0.19260413132155146
  0.19776848761433002  0.20281591861348472  0.20789510974578801  0.21366630136559356
  0.22024057634825397  0.22762329845465321  0.23536197729496744  0.24479317652772845
  0.25403475107574813  0.26249650300559008  0.27058695678076372  0.28095398061250665
  0.29245703170217563  0.30144214126585184  0.31057220927563561  0.32353135784862719
  0.34573332477516527  0.45090815864173761  0.73324271711715527  1.00000000000000000
 -0.00256984483572744  0.01183170049232308  0.02425181838504989  0.03702660370049716
  0.04979390941270513  0.06234220787479289  0.07460078698953684  0.08625589968940223
  0.09727884646957169  0.10851578639173201  0.11977173968403668  0.13043254765285889
  0.14018976936194713  0.14968668869825374  0.15916206455126822  0.16888398484627276
  0.17797533231274157  0.18765832475645586  0.19731082016397830  0.20718908949288911
  0.21717561088311976  0.22731423637743114  0.23807341733421505  0.24871956775250822
  0.25810776650476858  0.26720713094286358  0.27647168295698488  0.28607862613095369
  0.29586440894022453  0.30535947869054603  0.31460414421016630  0.32382033564415680
  0.33297708104490092  0.34228605436768456  0.35189277206411351  0.36245517215001133
  0.37310404490022953  0.38317611309456073  0.39270601778740449  0.40261576357937301
  0.41244430563096268  0.42229321753309262  0.43199771662338637  0.44229247002232208
  0.45367049381380697  0.46566204868245303  0.47735173109541634  0.48923898665347576
  0.50071986973541593  0.51189627868337073  0.52299742800563032  0.53430977902264676
  0.54619977082570514  0.55825358405419467  0.56987091451794658  0.58122159869653589
  0.59268261610876360  0.60433740967549665  0.61564614436208442  0.62627837650557461
  0.63505775634828077  0.64395166604694387  0.65253846875556176  0.66127055976846671
  0.67005150716988948  0.67884805092049338  0.68778257329226811  0.69718421210808779
  0.70646441839093110  0.71517586139397837  0.72380233746172951  0.73227436984297400
  0.74035864761705672  0.74844479938856145  0.75658015253158661  0.76515691418751386
  0.77437686495452729  0.78408450362436943  0.79377345422407042  0.80315414121596318
  0.81257191077663615  0.82243176564430664  0.83280335586252430  0.84374378037104647
  0.85541949335761791  0.86754823002669901  0.87923696721485212  0.89002387939430916
  0.90105567379855223  0.91198721989252440  0.92445556345008773  0.93694696194323113
  0.95231198450250543  0.96833607384928289  0.98394810601623617  1.00000000000000000
  0.02834301840476881  0.30128283449418958  0.39022136671207702  0.44588524607104241
  0.48571173873361057  0.51899021326951045  0.54715715514986751  0.57173018641397277
  0.59237673775645172  0.60988827879333041  0.62608191753874931  0.64086350580912266
  0.65471599086429022  0.66745888073680071  0.67913428091426342  0.68948468770682947
  0.69877092580453237  0.70749278586742903  0.71585671931989647  0.72386216999066655
  0.73158219037580186  0.73911451458486210  0.74643139953868576  0.75327237099894129
  0.75961126721748728  0.76578457742563999  0.77161372166423381  0.77696818814456603
  0.78205586584501219  0.78700124819688422  0.79185683793197448  0.79664209706570777
  0.80136583284017349  0.80604906744413041  0.81061731143872162  0.81503783593290435
  0.81919836480463015  0.82334229047524088  0.82719187247799053  0.83096368415774968
  0.83449957645861861  0.83781056798424469  0.84116347761753318  0.84450898845338973
  0.84785573151605365  0.85116793839628391  0.85444172317709433  0.85761503691623087
  0.86067999689619012  0.86371402954770360  0.86672280010114866  0.86966075172616630
  0.87249579016449252  0.87524188440901229  0.87797988831136153  0.88069062595160497
  0.88339382449461579  0.88612183344266859  0.88885604394584616  0.89145022707181709
  0.89411348980174832  0.89672786007399030  0.89930336525501409  0.90185372060178393
  0.90436408627011866  0.90679106622337891  0.90909933676477528  0.91137314398718816
  0.91357908011950650  0.91578306803375986  0.91798176176562074  0.92022850795488309
  0.92250214207456327  0.92476158235114603  0.92703848023296220  0.92926127220694255
  0.93135059733229963  0.93342979330150333  0.93552349360940235  0.93764104001900184
  0.93980925236388724  0.94206973193555199  0.94435199689420868  0.94659475045232888
  0.94894147852677890  0.95137352768387440  0.95390620871129206  0.95656007944899124
  0.95938148464024708  0.96260785333725596  0.96590965313288324  0.96944485764053034
  0.97325652993853085  0.97782596590805193  0.98521035140586088  1.00000000000000000
   1.1423513769537528E-012  -1.0000000000000000     
 F F F F F F F F F F F F F F F F F F F F F F F F F F F F F F F F F F F F F F F F F F F F F F F F F F F F F F F F F F F F F F F F
  <DiscreteSampler_grid>
  grouped_processes
  1 # 1 for a reference and 2 for a running grid.
  10 # Attribute 'min_bin_probing_points' of the grid.
  1 # Attribute 'grid_mode' of the grid. 1=='default',2=='initialization'
  0.0000000000000000 # Attribute 'small_contrib_threshold' of the grid.
  0.5000000000000000 # Attribute 'damping_power' of the grid.
 # binID   n_entries weight   weight_sqr   abs_weight
    10   10   9.819101479904122E-001   2.189506101329724E+000   9.819101479904122E-001
  </DiscreteSampler_grid>
