  0.00938162331707908  0.01562424102389976  0.02273007433837368  0.03140636765858294
  0.04128735127975924  0.05175055168332687  0.06192212672306898  0.07210371036644955
  0.08206653422374265  0.09113287439645043  0.10010627290842206  0.10956490549410509
  0.11942249340775707  0.12959980587080713  0.13977625830313128  0.14938723845596755
  0.16263410052490815  0.17331874123471425  0.18332765896279346  0.19329190066250682
  0.20354256602289436  0.21364184266737007  0.22330656584512684  0.23387040618317792
  0.24681373402905230  0.25975171282536708  0.27039876875127755  0.28043139524800920
  0.29035491331822955  0.30141862804944269  0.31450934523515761  0.32960718433566100
  0.34428910564040655  0.36038072808979243  0.37265520522058032  0.38402554558550250
  0.39522714688673721  0.40603026430165928  0.41720853655039031  0.42810359154015193
  0.43903268441193039  0.44862133660932757  0.45821049600189057  0.46897447805731163
  0.48123151046548823  0.49475622138062703  0.50826065589218228  0.51991268757680542
  0.52722534521471620  0.53396394377006606  0.54024217820121112  0.54658762168873698
  0.55441727074142533  0.56380963601211975  0.57633075260597566  0.58776917192082245
  0.60033561021331450  0.61195544850210293  0.62312753659575471  0.63407592508694877
  0.64419213254119845  0.65406831723077952  0.66372186732261251  0.67304837328919986
  0.68176058799683104  0.69072230558434333  0.69770455770713813  0.70467999379112078
  0.71202376428323466  0.72089227929786026  0.73108428122845792  0.74156771964995516
  0.75246041541414721  0.76465267940729709  0.77774010753207323  0.79209798332746262
  0.80621458405318824  0.81993444230045176  0.83268060341804129  0.84247743888211357
  0.85319506452388461  0.86419968969837935  0.87283830723867517  0.88045924357729921
  0.88817864056607920  0.89693725721271289  0.90631272868555113  0.91682410232897882
  0.92567772622595446  0.93308238673840027  0.94074062663730806  0.94981307302606643
  0.95967428362133456  0.96996085358431705  0.98268608222929443  1.00000000000000000
  0.00000227394666498  0.00000351595066237  0.00000549241079765  0.00000808797884757
  0.00001117626864227  0.00001418781867127  0.00001776544766915  0.00002201531805984
  0.00002708852939726  0.00003205015556549  0.00003671214529187  0.00004134142292572
  0.00004598356141460  0.00005219095510720  0.00005869921148245  0.00006582286079557
  0.00007326196434221  0.00008086768415783  0.00008888207707494  0.00009730619312282
  0.00010598971995123  0.00011472768186040  0.00012343324190480  0.00013352281926999
  0.00014408347371742  0.00015555137802517  0.00016824718785166  0.00018147671969662
  0.00019526238599495  0.00021027444412168  0.00022834597076919  0.00024893683138137
  0.00027023287106960  0.00029273457630937  0.00031922305159052  0.00034478509192609
  0.00037058302210325  0.00039605113318825  0.00041943755818538  0.00043442139289658
  0.00045098692959083  0.00046822782561045  0.00048645670335736  0.00050478321055116
  0.00052212151864372  0.00054333507063238  0.00056958135368624  0.00059528399560314
  0.00062141497931219  0.00065241770580460  0.00068275113805862  0.00071744420052762
  0.00076036705247972  0.00081005179295286  0.00086158659691892  0.00091092492353726
  0.00095681556884658  0.00100173555970711  0.00105120874649732  0.00110229877155329
  0.00115345702665100  0.00120458750523239  0.00125391380075337  0.00130643692794352
  0.00138214756377844  0.00148157723756736  0.00160188828599690  0.00175441153404470
  0.00190147596647089  0.00206813426558602  0.00227102635795556  0.00246455970438632
  0.00264692958594881  0.00285353204066087  0.00304541053828071  0.00324847126205579
  0.00347222119264203  0.00370161711561230  0.00395315490395005  0.00426972656965053
  0.00466441861864886  0.00527181537002927  0.00576538358876325  0.00637154759767736
  0.00703511872433540  0.00776863656040229  0.00862762477662356  0.01009135713592345
  0.01163201854422683  0.01299485632255621  0.01479638808630402  0.01728219567383276
  0.02162771459786423  0.03049941023668842  0.11018171897813056  1.00000000000000000
 -0.00000089516328558  0.00000218253266566  0.00000757381479953  0.00001522568570441
  0.00002350994048188  0.00003182773415877  0.00004016228222633  0.00004840807974564
  0.00005633873711551  0.00006382022078872  0.00007070186648752  0.00007879691966384
  0.00008740012828547  0.00009617541205015  0.00010476880569588  0.00011389055614092
  0.00012388629017583  0.00013462927457466  0.00014467420315627  0.00015380854465007
  0.00016224899469407  0.00017011721907200  0.00017837626240295  0.00018765776349113
  0.00019925278325904  0.00021227378476832  0.00022501102274042  0.00023756373582255
  0.00025026928012196  0.00026309616981804  0.00027601302206762  0.00028902120169371
  0.00030399328028071  0.00032006547405882  0.00033682213648659  0.00035478111761242
  0.00037656567925315  0.00040045473628984  0.00042646193158806  0.00045371104484909
  0.00047908422499878  0.00049987466997385  0.00052320035078299  0.00054649218712496
  0.00056814303097583  0.00059028802530681  0.00061428227507688  0.00064034804875291
  0.00066876867652261  0.00070425148289780  0.00074566999642546  0.00078008963358831
  0.00081229697249821  0.00084632895178156  0.00088672022324781  0.00094531473064195
  0.00101427995109199  0.00107039973542893  0.00112730866087053  0.00118081991843249
  0.00124150461031742  0.00131494844359187  0.00139701105108676  0.00148290685316945
  0.00157168503349711  0.00166467914296817  0.00176084486512158  0.00185074213102080
  0.00193970831824251  0.00203474485377192  0.00213200405019982  0.00225888835599070
  0.00239323401086763  0.00255299172453215  0.00274359676622262  0.00292902071354868
  0.00311494122726412  0.00331678466514900  0.00354099154560454  0.00377415960354521
  0.00429502233288447  0.00496540214439045  0.00551977589973909  0.00599726905055717
  0.00652769042315034  0.00710998159098788  0.00787731855791218  0.00889255931529567
  0.01021686218888907  0.01238255751858021  0.01518794957295082  0.01816361047898553
  0.02205904495541861  0.03289278609608792  0.08357322978846973  1.00000000000000000
 -0.00159317098075884  0.01230235732992220  0.02558525748501569  0.03868510239586638
  0.05160299276413392  0.06348337517827224  0.07484783743492208  0.08538846697343021
  0.09561123265596184  0.10558381563857019  0.11725436958320429  0.12956976360737771
  0.14241849632421150  0.15286330225574107  0.16181523655223470  0.17029419083206107
  0.17872533655811623  0.18767707824066387  0.19797263438232846  0.20914977426606141
  0.22208643718284726  0.23653727115101086  0.25045657310981578  0.26202360173774469
  0.27213449357690001  0.28196060213589164  0.29126129431502945  0.30069738740545943
  0.31218251426533039  0.32439598812537285  0.33678044515609351  0.34685941688185284
  0.35549200250484281  0.36268685965452657  0.37005271465107392  0.37682401151850414
  0.38316923678139719  0.38977830986255851  0.39732384969210321  0.40545140598328538
  0.41427781491655280  0.42567894213925833  0.43803139941853902  0.45010787458193452
  0.46229243742005149  0.47424120591924379  0.48596433226345481  0.49767911261181330
  0.51018282855014940  0.52473175112842618  0.53787138698105497  0.54873798115706063
  0.56017246575671364  0.57172111268650350  0.58425871448671352  0.59600341260726031
  0.60576037011766004  0.61486536285275928  0.62330368136451153  0.63038475572984054
  0.63754176224965597  0.64477619754591842  0.65235347098987240  0.65986329184866621
  0.66777216786845439  0.67493828898550023  0.68389731887898919  0.69388273791276323
  0.70363757725801190  0.71390744331959799  0.72729133276609303  0.74171668565841808
  0.75482206569906762  0.76557696281375409  0.77509372603844851  0.78440665661077236
  0.79476943688453372  0.80801511787421232  0.82198883463375938  0.83495746403288451
  0.84670779711734667  0.85688772797725654  0.86644883703049891  0.87667062845522792
  0.88745524340761517  0.89617777197302395  0.90448864262173201  0.91273694200122801
  0.92176469597937138  0.93101652201178187  0.94053546852395653  0.95179780928272562
  0.96229672371276787  0.97356477009205655  0.98622035934422181  1.00000000000000000
 -0.00266162488783995  0.01045665752947451  0.02085913012085443  0.03209594142662509
  0.04365965038799495  0.05556431595477082  0.06736725381257329  0.07830320148579820
  0.08851482098142825  0.09812288683378292  0.10758138738680970  0.12015071908161389
  0.13149826398204362  0.14272983593665067  0.15430185705982241  0.16514059508854312
  0.17600924766862786  0.18747024958203970  0.19893808242477787  0.21020664109652701
  0.22052571822205344  0.23021463195664890  0.23984818991949267  0.25026020781762465
  0.26119127150164556  0.27228882841032664  0.28372375190921484  0.29547087872766387
  0.30572898725588837  0.31676347429629964  0.32713432935489178  0.34020700058364040
  0.35357175583489242  0.37017839990083862  0.38400434096143715  0.39619443805640342
  0.40770894909783190  0.41766635479353054  0.42677846411261000  0.43588240212785617
  0.44503733147693220  0.45356157760298144  0.46082921065275800  0.46764835055987741
  0.47434630779773623  0.48172795127291834  0.49057565294820504  0.49996504125078323
  0.51095095659462686  0.52532957299620575  0.54016749876604031  0.55219258917899638
  0.56323346897364779  0.57265282335884160  0.58219297354961774  0.59197934340849323
  0.60217520787058443  0.61304607869432259  0.62408959665361174  0.63609162633310135
  0.64994056953164336  0.66412183039910433  0.67684573900955980  0.68796147778634242
  0.69797039198535538  0.70649391261452743  0.71423026899356290  0.72307384314032441
  0.73259936708378171  0.74443387238038217  0.75725855415375432  0.76869222756139921
  0.77962188727884674  0.79070360237232329  0.80095081316679317  0.81100128305943131
  0.82079495104294842  0.83061315099656086  0.84106608174894448  0.85207967885591551
  0.86284301716431133  0.87251138340161027  0.88003645564359734  0.88586453690389222
  0.89167800311417733  0.89842431415923318  0.90599131519249132  0.91586409161135307
  0.92648915605830218  0.93632721411313102  0.94597213843718142  0.95588805159730295
  0.96568760538684617  0.97641818459239604  0.98770037908757202  1.00000000000000000
 -0.00145179715664821  0.00897256905047508  0.01781792698622357  0.02549704040923395
  0.03331661630025973  0.04350962197988974  0.05259167133947081  0.06218820732893670
  0.07180503631323956  0.08165324284067375  0.09317690035969964  0.10588114015846180
  0.11846141512444977  0.13134264331338721  0.14354457437134430  0.15557534960095423
  0.16684495841127037  0.17643103250822817  0.18507087564178151  0.19372677001485997
  0.20279536083237909  0.21197762293002329  0.22214239831530314  0.23268543958618579
  0.24379912556976585  0.25394639962777860  0.26441611949930116  0.27508010424535184
  0.28340135892997209  0.29147044660238031  0.30014339977115967  0.30900116251192977
  0.32242742975020677  0.33591132396710299  0.34987716082600445  0.36446234090188590
  0.37630298870147066  0.38811291382873608  0.39930380002183447  0.40997475733795197
  0.42006088460541552  0.42929120302393620  0.43767179411745488  0.44614464130311776
  0.45591613465134229  0.46738070852781838  0.48100659886175517  0.49300416610105025
  0.50613445067900875  0.51786322910863236  0.52978760663928515  0.54135594884379346
  0.55282435977110966  0.56369360607566588  0.57328208758323340  0.58187346882855329
  0.58990167538298588  0.59727831896657901  0.60557252684531993  0.61398762465627066
  0.62292709864379758  0.63261185563662881  0.64299683267981267  0.65374009453896964
  0.66496661252131306  0.67701434045138753  0.68794450993566170  0.69722785109163188
  0.70613171237439687  0.71544551170813886  0.72547260098071198  0.73535515766702297
  0.74569048093343748  0.75804675658034526  0.77233179673853503  0.78357091701349912
  0.79370807595570003  0.80462420599556861  0.81485766690587580  0.82407043951334491
  0.83300517103080773  0.84102644979582242  0.84958091499898891  0.85900817502684523
  0.86917505274168017  0.88073583982062920  0.89358927859622395  0.90846289710755856
  0.92441478983114189  0.93861380883271994  0.95188860027098765  0.96342402242565206
  0.97374062326118349  0.98270565471438509  0.99104534958933010  1.00000000000000000
  0.00069453358809847  0.00243514630970145  0.00427959411807785  0.00565824702378000
  0.00689567534349633  0.00810803394895151  0.00936362230735376  0.01067678830270703
  0.01213389350320129  0.01358971266973767  0.01495947390726270  0.01637727175232031
  0.01780879591564381  0.01935729795225052  0.02086371411420959  0.02231394724039108
  0.02368781279929223  0.02498316228967441  0.02620348501245568  0.02741022933364918
  0.02855652223683954  0.02966381840300111  0.03076090137999434  0.03174814511892846
  0.03268842323058748  0.03365387077484002  0.03467151298187156  0.03571400934487116
  0.03687921764249404  0.03825983334355441  0.03974075640901991  0.04105267976852173
  0.04219023310061375  0.04315373363807506  0.04407990179448831  0.04502301039725692
  0.04583569253651353  0.04668087612942532  0.04764460969595265  0.04871563774635956
  0.04997403802442051  0.05128749097833585  0.05249586875102877  0.05381329533019640
  0.05491825515133020  0.05604108736250522  0.05731464259863293  0.05867196305381147
  0.06022894550683090  0.06190651731881903  0.06369250149282871  0.06547365954525677
  0.06709727718547731  0.06835053074060735  0.06939796271395550  0.07048709256529961
  0.07156453261853817  0.07283507359011744  0.07438932127432274  0.07599247961530665
  0.07762180148042507  0.07926104637860305  0.08090632939677340  0.08267863152041073
  0.08449032985791816  0.08638888215532232  0.08829589722546537  0.09027105595964434
  0.09233951458988794  0.09400700326215788  0.09578668510425911  0.09768057729979979
  0.10029310603125358  0.10215627242539707  0.10410195257065311  0.10647007366519380
  0.10957339345061280  0.11282111287905854  0.11643048824765970  0.12024923732237083
  0.12508766828023049  0.13165606782433828  0.13919677517632531  0.14597993613951260
  0.15074476390806532  0.15600120857913685  0.16073235454514581  0.16357707623922060
  0.18140581818226348  0.19969460615679410  0.24530194862925128  0.29213003881602800
  0.36489019204516543  0.47107003678363180  0.70276706221991625  1.00000000000000000
 -0.00217180400041769  0.01055265961157769  0.02109730983599831  0.03103967868584700
  0.04113671563283609  0.05029651569422128  0.05876638973157383  0.06713562309363971
  0.07540548787922735  0.08329064468038590  0.09081096645540727  0.09837961988960396
  0.10711863715009430  0.11660314187051760  0.12800390369390852  0.14099348231462855
  0.15344287535954979  0.16558537005722282  0.17763426971607674  0.19060243488676801
  0.20221640209496089  0.21280242434859989  0.22269023553435313  0.23273548704075267
  0.24428673650096186  0.25562607361753625  0.26763510741675794  0.27640311357414066
  0.28474595830055249  0.29274343652076645  0.30118993012109674  0.31059188705086443
  0.32050276846196246  0.33015506953615781  0.33908550520256969  0.34780994033201351
  0.35725970252908223  0.36727749453608416  0.37688943236216299  0.38657534292305795
  0.39642249805001667  0.40614902745168746  0.41569247688215200  0.42389211195803045
  0.43260707811189780  0.44148690868538548  0.45090451847658025  0.46007399580560160
  0.46801900532981244  0.47576646299479530  0.48481183606456518  0.49570662692805145
  0.50465404338689757  0.51248706720746251  0.52003964333308705  0.52825743325223562
  0.53868956291920433  0.55118518117385962  0.56256274636663195  0.57167005156652406
  0.58016684236620075  0.58952394834638766  0.60058434448775089  0.61226408313646274
  0.62347876727645146  0.63505888337995731  0.64707051048545661  0.65820834468214207
  0.66837188957878535  0.67797337585444917  0.68718357105917915  0.69519372839856231
  0.70504828713918288  0.71511203431240022  0.72630321969668976  0.73672294407036376
  0.74814751239368071  0.75967177052032686  0.77174447363778875  0.78560312897607498
  0.79961723459311751  0.81371714281130847  0.82957461233012164  0.84431976442194601
  0.85905630548222700  0.87134574596159042  0.88291206808189515  0.89412534608658900
  0.90515896365509885  0.91557532830276644  0.92561428385782363  0.93646151647169440
  0.94921502147605419  0.96405519564275122  0.98159984913883147  1.00000000000000000
 -0.02021555543510035  0.39600856441570947  0.51296563838779874  0.58669473999597566
  0.63893108138860844  0.67844436749085169  0.70988644828685588  0.73239815118802964
  0.75335365403245769  0.77319775244617550  0.79135532807424569  0.80626877467769176
  0.81922718721299093  0.83078052547146930  0.84065450250652740  0.84952360930753645
  0.85816644372396722  0.86579819202378094  0.87283980338200018  0.87944791788850940
  0.88594848928388403  0.89262469977609782  0.89884567445016905  0.90374509612076226
  0.90816922411365020  0.91232158739919089  0.91624526258008143  0.91967162009444314
  0.92276996260356470  0.92605401615292204  0.92941426902141722  0.93259465051892865
  0.93566035733967301  0.93835325973804307  0.94088131407691400  0.94328320534191501
  0.94553050129587790  0.94751592164995346  0.94952291743734307  0.95163881906278625
  0.95381399501866948  0.95586441917059750  0.95768937055303904  0.95932039082938003
  0.96093515607383229  0.96244787381074981  0.96379427245241378  0.96508328075139338
  0.96632029327103619  0.96754225863170362  0.96882145965049571  0.97011858386737693
  0.97152273404222822  0.97293847847706072  0.97439655561730454  0.97579478629820082
  0.97701784565643635  0.97810044237730476  0.97915499687022822  0.98019605705434409
  0.98118380799584126  0.98210115041752422  0.98291356008748054  0.98366680149626406
  0.98440877504328950  0.98507388513048366  0.98575057552422629  0.98645515435979370
  0.98715768346124133  0.98782770571060652  0.98844736616183615  0.98900399716539311
  0.98954342294915820  0.99008278662999027  0.99063502962705463  0.99121148720512608
  0.99179199384170824  0.99235044843236364  0.99281426070771706  0.99325136160450667
  0.99368333041116119  0.99409986439396358  0.99450143778567779  0.99487216765586461
  0.99524229185032687  0.99563081348192140  0.99601425921094289  0.99639525532420170
  0.99679550334847900  0.99718141486298384  0.99755540681347832  0.99794437323181651
  0.99836016668106697  0.99881850623996848  0.99936781744411041  1.00000000000000000
   2.8330305820162998E-007  -1.0000000000000000     
 F F F F F F F F F F F F F F F F F F F F F F F F F F F F F F F F F F F F F F F F F F F F F F F F F F F F F F F F F F F F F F F F
  <DiscreteSampler_grid>
  grouped_processes
  1 # 1 for a reference and 2 for a running grid.
  10 # Attribute 'min_bin_probing_points' of the grid.
  1 # Attribute 'grid_mode' of the grid. 1=='default',2=='initialization'
  0.0000000000000000 # Attribute 'small_contrib_threshold' of the grid.
  0.5000000000000000 # Attribute 'damping_power' of the grid.
 # binID   n_entries weight   weight_sqr   abs_weight
    10   10   2.250937651198818E+005   4.844010222420931E+011   2.250937651198818E+005
  </DiscreteSampler_grid>
