  0.00973964580740726  0.01526844813938752  0.02323349939386241  0.03230975377561632
  0.04164310011108328  0.05097039004274614  0.06071137832333807  0.07105666138523228
  0.08170373501722072  0.09218428990105269  0.10245983605171832  0.11251865003542083
  0.12247697569184034  0.13275221561325862  0.14333594429272012  0.15418922355072343
  0.16520082414496651  0.17586621512423503  0.18635964523403545  0.19687866072625707
  0.20762088849813412  0.21833792745506772  0.22912452913104986  0.24004086620262002
  0.25053026416299196  0.26058782347841364  0.27058095154988593  0.28114787868663366
  0.29209848496481750  0.30345012332235277  0.31497839636466562  0.32620832167905633
  0.33699500643757241  0.34750109996984335  0.35818176662197720  0.36918310061465615
  0.38013721471108147  0.39097661728473443  0.40234975822773872  0.41389657359867127
  0.42517632219050533  0.43558378128178044  0.44613059026389773  0.45641757070583600
  0.46721028736923975  0.47793008059503200  0.48904546253040215  0.50013297781259858
  0.51116829347593340  0.52211792539489021  0.53330359272066630  0.54369235775859837
  0.55356191424090828  0.56323503123156538  0.57308643038787965  0.58332194270135584
  0.59340879838839022  0.60368481454041900  0.61389840187930766  0.62419660327118409
  0.63448047219487325  0.64448532212840248  0.65457310441842309  0.66463036205334780
  0.67458563110865655  0.68459041832115042  0.69418660991192671  0.70393687749204148
  0.71397352223159882  0.72433627443101545  0.73489988951259755  0.74512247629975037
  0.75562720917814263  0.76590614003148128  0.77687644721446203  0.78802471619818182
  0.79878420644980830  0.81000687114886161  0.82140348350077175  0.83303987736836804
  0.84422053331881630  0.85543008718468005  0.86638928589565678  0.87725009866109238
  0.88835613523506185  0.89978024598824924  0.91061092768393570  0.92115566784441316
  0.93152895282415771  0.94194982202832778  0.95216834755985080  0.96211191106235716
  0.97220044356088398  0.98214490555564116  0.99092786224940477  1.00000000000000000
 -0.00000465731807071  0.00003100901719426  0.00006497921801724  0.00009398056067635
  0.00012701849876914  0.00016456025357177  0.00020716742476859  0.00024927138948262
  0.00028642331027392  0.00032618992942547  0.00037055260697638  0.00041724835148088
  0.00047039994376546  0.00053361319618115  0.00059773901383914  0.00065881900960600
  0.00072048498815884  0.00078771624000156  0.00085588631917108  0.00092597414500801
  0.00099752744161960  0.00107257998229151  0.00115746497089142  0.00124160607876032
  0.00132769440358425  0.00141889582946413  0.00151342657837510  0.00161140077693392
  0.00171520782146799  0.00182033229417788  0.00192756838112874  0.00203885292754232
  0.00214908296762803  0.00226916326752583  0.00239462545440666  0.00252017882751930
  0.00264869406215488  0.00278374486965663  0.00292858440958582  0.00308299639145129
  0.00323815809437041  0.00339774337834814  0.00356045317509108  0.00372390157414934
  0.00389468557585419  0.00407868975754913  0.00427804726696187  0.00449168741035939
  0.00470563704143032  0.00493849961697515  0.00517577690643699  0.00541564485759252
  0.00564333166448947  0.00587371124506043  0.00611089754442256  0.00635482977088760
  0.00661090173342641  0.00687852045593201  0.00715680486314012  0.00745262622636323
  0.00777370933482977  0.00812907888571234  0.00850563257798294  0.00890312822521141
  0.00930012946937800  0.00971602978491785  0.01014975899678438  0.01060697727822168
  0.01109891640558767  0.01161046203133995  0.01212990047007294  0.01269273306605159
  0.01326841178656556  0.01385487174910982  0.01450081060160049  0.01519974261527748
  0.01595496510437318  0.01677081825849857  0.01773865179717609  0.01892170224717684
  0.02024942816725663  0.02160285296169156  0.02326289350340650  0.02501081343014439
  0.02705338470789933  0.02931735658085746  0.03173936014561302  0.03471388867060340
  0.03920572193282851  0.04541214048204965  0.05253590157573319  0.06269704797256098
  0.07659513162255430  0.09569030848028746  0.40088621769543892  1.00000000000000000
  0.00000882412347544  0.00009716471374823  0.00022206543807268  0.00037285560171738
  0.00055726276169094  0.00075685585289400  0.00099467623114425  0.00124991015565626
  0.00151834067115826  0.00180221512651978  0.00209792093867232  0.00240889280947460
  0.00273411288973077  0.00306604333441347  0.00339096414061434  0.00372579373908831
  0.00406912910820675  0.00442980005696163  0.00480578989540472  0.00517712116325618
  0.00555854824436005  0.00595851888844089  0.00636304336794550  0.00677633426151595
  0.00721732968478282  0.00770079387065485  0.00822037388694654  0.00872474478549482
  0.00924767530323324  0.00977073422002069  0.01032176364664528  0.01090772084257596
  0.01150065741523043  0.01207604883700926  0.01264216801829308  0.01320658153393071
  0.01382872327463567  0.01447144770688628  0.01513569164885312  0.01581710479192474
  0.01648673984003977  0.01717643412122987  0.01791662555538876  0.01868983510222648
  0.01948740013462931  0.02028456813919951  0.02110209769334117  0.02192574754073813
  0.02279178371898836  0.02366215022151280  0.02452538777725531  0.02538315751143398
  0.02627967411073874  0.02719007948506300  0.02817448620408216  0.02935107684487395
  0.03059867119703230  0.03177174525132502  0.03298702296719239  0.03422923706489769
  0.03549566955669858  0.03686107447630177  0.03831155386746361  0.03978683418233578
  0.04126816260959660  0.04288750156461992  0.04463676480751525  0.04651247661359005
  0.04867473176603717  0.05095791873750845  0.05344201620357305  0.05610880061043570
  0.05881236605938184  0.06158585463907325  0.06393736332182676  0.06661973812831937
  0.06959089099045136  0.07273030567028832  0.07617610659759307  0.08014547242996328
  0.08474617611527326  0.08972377268538574  0.09579551218266644  0.10234137225820583
  0.10926532337747255  0.11643884502498840  0.12325265659552265  0.13056923059828576
  0.13698091716799793  0.14350572443209622  0.15198256727816248  0.16798013148621493
  0.18674302063808393  0.20364224491165220  0.68081154085610174  1.00000000000000000
 -0.00257473971775144  0.01082297158148914  0.02130287193583230  0.03315384225745707
  0.04342678528611270  0.05367487159753871  0.06411021366589510  0.07562699124111613
  0.08600716844147704  0.09553456622182718  0.10482325670977137  0.11422802497738298
  0.12363805742189185  0.13269904619721723  0.14124168557153993  0.15055769974633959
  0.16063940633746498  0.17083551769956501  0.18118935387456828  0.19182683050366522
  0.20345923515405942  0.21506538129266176  0.22618013041317267  0.23670214490460986
  0.24708370843241184  0.25753898285447369  0.26769416393319917  0.27779933509482468
  0.28837185014270122  0.30007835125825744  0.31171032164985762  0.32165619751644120
  0.33079746128308340  0.34004255573603764  0.35000177774464852  0.36040746029503723
  0.37070286028165339  0.38106510982185010  0.39225825132623710  0.40303223702974567
  0.41423978438740450  0.42459409027542266  0.43455125796817423  0.44435326749466475
  0.45437125267285394  0.46424406299953569  0.47376809516328944  0.48315313574388913
  0.49265752077271091  0.50222244361325830  0.51326708767275997  0.52408308910577894
  0.53424368843148395  0.54367982498137990  0.55282274729604597  0.56199335495026548
  0.57157050666962606  0.58190494577175456  0.59274459774884702  0.60362504137871675
  0.61444282040423059  0.62518353502272539  0.63626309014397286  0.64744293580283818
  0.65863484187192756  0.66989025107781963  0.68132319323348234  0.69254593555142030
  0.70330807255186212  0.71407738500966367  0.72490788062192557  0.73556719466813303
  0.74602553841900887  0.75668371190691175  0.76734841830063905  0.77756747662248782
  0.78756977145885865  0.79795292802551654  0.80845495426286207  0.81850780502422771
  0.82807903766595570  0.83825927568080616  0.84913494062181794  0.85989270119452366
  0.87056033155896262  0.88171845838368768  0.89301486278628017  0.90429101511818788
  0.91562706316935139  0.92803719777170590  0.94136781247874568  0.95422783863545713
  0.96658088715730328  0.97812589786471194  0.98918891020782174  1.00000000000000000
 -0.00285915180805514  0.00972039372322710  0.02100371939531893  0.03239094544700000
  0.04320618885201311  0.05345515309280603  0.06308188596906153  0.07282810562614943
  0.08288362584865577  0.09317365934045981  0.10385799514578736  0.11521366157508996
  0.12763950646128067  0.14079954218202859  0.15322552163333644  0.16518076847960678
  0.17541659021191069  0.18579536929291082  0.19545963379589937  0.20533842094927063
  0.21499448786791409  0.22429842447772874  0.23373695933053912  0.24318229357198196
  0.25343133000860302  0.26377995549409144  0.27446151650765543  0.28499677412510493
  0.29522230741645894  0.30534738155714514  0.31544767638390026  0.32545123181660496
  0.33516631839094835  0.34466180626070553  0.35421911191445699  0.36374704334960178
  0.37347945398545979  0.38314607685319330  0.39306308406128782  0.40342793158929785
  0.41414879439832925  0.42463079650276342  0.43441009023863808  0.44427417806947983
  0.45426776070859470  0.46432673868455893  0.47466344811948291  0.48564961548170793
  0.49760078794091306  0.50991127192360575  0.52185991587246316  0.53354356804920355
  0.54466148499836531  0.55537248701677044  0.56565325556126500  0.57543826746108240
  0.58486550129697501  0.59398348274453638  0.60352399896836662  0.61363766928576535
  0.62391532265424909  0.63492961538802850  0.64633063479867214  0.65753558713144000
  0.66821811891732752  0.67830107732999956  0.68855327413481193  0.69871527412543910
  0.70907796891918351  0.71919648055758101  0.72970288518779591  0.74001200136171730
  0.75004042358295075  0.75951900179685183  0.76901317100270483  0.77817712192132804
  0.78744654834989380  0.79772055450665125  0.80865964848827665  0.82015257766726501
  0.83110744676522519  0.84194852912604690  0.85241544858930407  0.86276354729016569
  0.87338720455599217  0.88446624830447806  0.89538609090664423  0.90624234335861065
  0.91747679599237131  0.92925938451433387  0.94087299577631345  0.95194652378474376
  0.96353972299476820  0.97581280249453806  0.98810209509031854  1.00000000000000000
 -0.00226441211136563  0.00944891759127406  0.01951626535884610  0.02954644003213085
  0.03981282134584224  0.04985774865465128  0.05955683848988389  0.06930580207148976
  0.07920047715588203  0.08955553664315699  0.10040821202146413  0.11120288654100137
  0.12169900103929182  0.13216404061762699  0.14255081215734725  0.15279239708112852
  0.16329755280125438  0.17412704374490845  0.18554486979036000  0.19693595061825334
  0.20832580569004577  0.21969334732666401  0.23065881916421788  0.24182682916660311
  0.25313523111924152  0.26487684683998380  0.27572130004956080  0.28634876033133400
  0.29707948477805474  0.30816847837968564  0.31871380296900909  0.32960938032109638
  0.34025928857118987  0.35082698640266713  0.36008496767669973  0.36979452449077049
  0.37956691849859298  0.38941958188516151  0.39876505076657781  0.40813225736898151
  0.41808193398244875  0.42904716530135967  0.44060379840049674  0.45236500840922766
  0.46416569887181902  0.47569825644175945  0.48633328810524545  0.49648775871272433
  0.50681352845320327  0.51763103952380518  0.52851014305151489  0.53865794687967694
  0.54818493373527277  0.55740851075028519  0.56656680319923736  0.57563268748614493
  0.58485252716140324  0.59446091268111123  0.60486967739891806  0.61548385102483882
  0.62578259249894685  0.63603268213566688  0.64642317692704143  0.65677926186056967
  0.66720122417313377  0.67787116999247887  0.68881245302700078  0.69999898443446229
  0.71116831926285595  0.72250846421529336  0.73413146622788183  0.74559220603350895
  0.75642065338921638  0.76685099918992605  0.77758568576116283  0.78861030189078263
  0.79930420688476378  0.80943975256927270  0.81961237466039338  0.83004380732561689
  0.84051255585080054  0.85123468782859057  0.86294286565913414  0.87536593115778705
  0.88808380609349091  0.90087651776209643  0.91343800192036340  0.92490568274348128
  0.93527384691958471  0.94536414185003126  0.95472309853697512  0.96356093867016612
  0.97213384673118919  0.98107731494012307  0.99064667479523172  1.00000000000000000
  0.01116660696988379  0.01395309524777792  0.01662801001274112  0.01878123924086379
  0.02099425268329899  0.02328402253104450  0.02560160313339652  0.02784027772805199
  0.03005721217725373  0.03226228298577966  0.03446570955485601  0.03671213726966962
  0.03901375086370328  0.04137078710606743  0.04370957359118195  0.04593527387557789
  0.04818356865940936  0.05046371185253657  0.05274308395814659  0.05503396570291431
  0.05736605884523549  0.05966669255304659  0.06211027396740580  0.06450105611108499
  0.06686444096333870  0.06923101414603958  0.07153992093724364  0.07376985041499876
  0.07601570568099521  0.07822396189502805  0.08049432078203085  0.08278738906230436
  0.08521270668952756  0.08775875516804435  0.09030928885445186  0.09279821425680458
  0.09530208756661310  0.09774463113650382  0.10017298491482661  0.10269189672124963
  0.10517436916032852  0.10770586336303251  0.11048897056292524  0.11347018393090766
  0.11659259675289900  0.11957328108733206  0.12247697031910681  0.12531830429940613
  0.12849728652709505  0.13171215156347374  0.13465148345908592  0.13767706017494893
  0.14107676446704925  0.14479099644781004  0.14891610870275612  0.15320792195796379
  0.15742771981759537  0.16170931660771753  0.16649904834758136  0.17217660636710902
  0.17805780079672029  0.18313922715370556  0.18836637986354390  0.19394429491131596
  0.19947066293577817  0.20439397382955982  0.20912122226274679  0.21337262856834932
  0.21793458528453355  0.22322279924114030  0.22911320517701367  0.23610016802949915
  0.24478165427570706  0.25408396577086906  0.26446282343152638  0.27308371620775784
  0.27824650690816294  0.28312378331370447  0.28768377137423851  0.29283854161333872
  0.30082196319485893  0.31360391386443942  0.32981055743630006  0.34601466242902745
  0.35787745896740286  0.36682349451001406  0.37736126721334928  0.38891349382316187
  0.40415831149890158  0.41851486486305983  0.43131565587173704  0.44053566256887527
  0.45575624996425246  0.48503670227730306  0.67745746159784459  1.00000000000000000
 -0.00212590275011675  0.00918017551017390  0.01878290903050641  0.02793370671139132
  0.03677568079705285  0.04546319324930879  0.05485650791473295  0.06381331525123871
  0.07314297110521149  0.08263370463471899  0.09200097067460219  0.10130969466486775
  0.11039895786658646  0.12009148095445331  0.12999859595282368  0.13960174319035770
  0.14839597479233982  0.15649621214388298  0.16460821567954600  0.17290458451270835
  0.18083274008947803  0.18850963155846448  0.19614692219731378  0.20423271179480576
  0.21262868955004557  0.22149077789297236  0.23112139581298463  0.24192671072240807
  0.25285419298820389  0.26309834956933698  0.27355101778235952  0.28412823363699713
  0.29422079773935561  0.30365564279361829  0.31288449612670766  0.32218251537037995
  0.33178570716284356  0.34182835000622747  0.35299521188385119  0.36545886190620308
  0.37834032740104273  0.39073277155033465  0.40350125687833893  0.41716649975195236
  0.43175487010538127  0.44765630330193978  0.46390977569992048  0.47958073612766400
  0.49474392229366188  0.50978566463567121  0.52504028653791091  0.54062690564806271
  0.55628472556579800  0.57119697220290977  0.58541362645502915  0.59846026763107318
  0.61174240246509781  0.62424356984931351  0.63653848747786124  0.64818552323143253
  0.66013954426464905  0.67110615917186567  0.68079245502220742  0.69081944416238117
  0.70058257463039175  0.71084624147134068  0.72023499252677070  0.72907883023212183
  0.73723025664296138  0.74521087974415223  0.75366637326046626  0.76279724999326415
  0.77223653110334378  0.78140873302977587  0.79037924376290292  0.79936297759765695
  0.80836111222033835  0.81764887946560905  0.82742973212879178  0.83770747178555738
  0.84802860234763044  0.85821109895526437  0.86792937130827374  0.87706567712139172
  0.88574234645766414  0.89433370407100499  0.90361258205779937  0.91333664365526279
  0.92385871495166738  0.93444797910425292  0.94543936971915998  0.95656958640397360
  0.96727735542591731  0.97767069633709491  0.98858677092048131  1.00000000000000000
  0.01641127306991115  0.17289818438544352  0.24390671996069063  0.29335488854951869
  0.33172459970976886  0.36482867050029233  0.39375493403052869  0.42042492435597556
  0.44580705117649722  0.46768265318505070  0.48726741368482451  0.50508172670201334
  0.52174716418852374  0.53755688161739923  0.55239166213523705  0.56609833787720587
  0.57910245971926322  0.59185100705084381  0.60423288294391064  0.61567866372515889
  0.62647892618609513  0.63691689680452124  0.64682120199035609  0.65591877038004398
  0.66475936943308866  0.67333865553149508  0.68184546347928421  0.69003824335935171
  0.69786288096090454  0.70539424796208228  0.71247181025771522  0.71938506492273591
  0.72623948129136739  0.73302525377136096  0.73966435890087190  0.74607596010464305
  0.75213345295166867  0.75800953606449428  0.76381744236982008  0.76972864800326946
  0.77579800948736943  0.78177747269557352  0.78757524157210956  0.79305380418974780
  0.79814557966525523  0.80313957849527962  0.80804563042751232  0.81262624541672268
  0.81690365720554292  0.82112783148077229  0.82539427429348788  0.82982693473052760
  0.83430496314605951  0.83845293071922389  0.84274918119068087  0.84678774096631038
  0.85075312670815928  0.85456686760654910  0.85834146408444634  0.86206691143353131
  0.86572974212179288  0.86940560260851729  0.87299690234525562  0.87664300492608127
  0.88025359959469784  0.88385071823715966  0.88737861174888144  0.89083906991352257
  0.89439699303616371  0.89797005205487457  0.90153012085778417  0.90496007665725886
  0.90834086884074960  0.91168230102436409  0.91495005961996667  0.91804745613764760
  0.92108114960432519  0.92415168764184707  0.92726728578966278  0.93046324869533514
  0.93385082697835442  0.93728925711751521  0.94100223222440615  0.94470135521774468
  0.94837422437693053  0.95218669254787336  0.95608685843615260  0.96024127656267066
  0.96540195852085631  0.97205354324437609  0.97814504907907218  0.98249419364324120
  0.98637479931918648  0.99012696377937237  0.99453758553992277  1.00000000000000000
   1.1094551146364907E-015  -1.0000000000000000     
 F F F F F F F F F F F F F F F F F F F F F F F F F F F F F F F F F F F F F F F F F F F F F F F F F F F F F F F F F F F F F F F F
  <DiscreteSampler_grid>
  grouped_processes
  1 # 1 for a reference and 2 for a running grid.
  10 # Attribute 'min_bin_probing_points' of the grid.
  1 # Attribute 'grid_mode' of the grid. 1=='default',2=='initialization'
  0.0000000000000000 # Attribute 'small_contrib_threshold' of the grid.
  0.5000000000000000 # Attribute 'damping_power' of the grid.
 # binID   n_entries weight   weight_sqr   abs_weight
    10   10   7.038248289645026E-004   1.390905976585036E-006   7.038248289645026E-004
  </DiscreteSampler_grid>
