  0.00952568297170572  0.01608704445328680  0.02559216445325839  0.03658752333261773
  0.04707336805245915  0.05736361205453772  0.06735630651589909  0.07681367343716627
  0.08667554013642806  0.09709897423614959  0.10802848470483910  0.11960125605954978
  0.13140440322101343  0.14329647536717741  0.15439699565382972  0.16508706919917643
  0.17602705049278619  0.18689762539530405  0.19774309396216203  0.20862269031439806
  0.21968259417538236  0.23024544239808092  0.24016212899982758  0.25029335361982319
  0.26015844255213388  0.27018099299572934  0.28023958487238865  0.29081786502200885
  0.30161771477863547  0.31272488020446787  0.32346371504848725  0.33397381512466739
  0.34419201665154470  0.35445853745137507  0.36488528507377771  0.37539359463264943
  0.38585383502646636  0.39601736973258911  0.40594783021278225  0.41594909085291321
  0.42600389048130283  0.43593216820857422  0.44583932086505462  0.45619074064034992
  0.46706481150786117  0.47822987933268296  0.48867997272531555  0.49931031051223901
  0.51053728525444120  0.52125090979832578  0.53144184034425002  0.54180808230112110
  0.55357638576402646  0.56522374876402359  0.57642386157298775  0.58797402184786907
  0.60036015843748392  0.61296834612882667  0.62495354060243680  0.63561980649172645
  0.64557326919619917  0.65507725543420992  0.66429114887023966  0.67357037390469909
  0.68283848371116651  0.69215030679591283  0.70157688242540828  0.71138582932026839
  0.72218076175835755  0.73359743649394005  0.74506034630652906  0.75603661582230908
  0.76637208424576619  0.77662601191896286  0.78641052964342939  0.79590765322857848
  0.80524668279574907  0.81530546609389765  0.82596490740627604  0.83614361570287454
  0.84614021168270193  0.85601624819088706  0.86578250260731715  0.87527485264636462
  0.88463459379214426  0.89425927430493513  0.90422254112217360  0.91422838760895642
  0.92366265166133998  0.93267766822481191  0.94176696293162254  0.95096942040434507
  0.96076845399707134  0.97023050208680706  0.98000245692973686  1.00000000000000000
  0.00003774648971095  0.00005996774809148  0.00008883243620769  0.00011627764982037
  0.00014477299701289  0.00017792718292570  0.00021462652776242  0.00025431610268950
  0.00029793452483323  0.00034510202543098  0.00039334454082316  0.00044255327915902
  0.00049411175466678  0.00054958407790982  0.00060885207035510  0.00067365309312132
  0.00074159368516160  0.00081525525138829  0.00089002777139228  0.00096769590991602
  0.00104952077809226  0.00113456547097307  0.00122039927922240  0.00130552209063036
  0.00139101068345668  0.00147899872363947  0.00157124023789411  0.00166638515196575
  0.00176599602633052  0.00187516684374418  0.00199332697603266  0.00210884734793760
  0.00222225230617944  0.00234136370197054  0.00246427469021173  0.00258972662132038
  0.00271579426929079  0.00284541978184669  0.00297825322510837  0.00311698442769793
  0.00326182037454642  0.00340642603414259  0.00355739364321066  0.00371045764073365
  0.00388251729572189  0.00407468006787960  0.00427464143908940  0.00447382529654473
  0.00467581871840165  0.00489023989543187  0.00511367243414278  0.00534177515929342
  0.00557256883752732  0.00582505954237110  0.00609424553649522  0.00638425736014931
  0.00669387409065279  0.00702021812898862  0.00735473486284935  0.00768646290533378
  0.00802485411156616  0.00837365039183518  0.00874477493094047  0.00913612738875843
  0.00956205441650784  0.01000242378492564  0.01049988230687820  0.01101861390492390
  0.01159369354423324  0.01220918677708736  0.01282438078662950  0.01342137814627738
  0.01405383576864280  0.01477760244967486  0.01553708509427595  0.01639373622506523
  0.01735202377759204  0.01858841187514277  0.01995593122178057  0.02130640323451036
  0.02269211607502625  0.02420226152933358  0.02602812159263955  0.02814401133302089
  0.03057936558889763  0.03374216185573606  0.03771231163187702  0.04212031378627414
  0.04692392759685857  0.05236778485839319  0.05966515142603231  0.07091377179437289
  0.09014079688371579  0.11818899664930003  0.30016707830893280  1.00000000000000000
  0.00002695172731351  0.00014320388958016  0.00029255967815035  0.00047340625747114
  0.00068315125007037  0.00090537791295240  0.00114334899984705  0.00139067130053002
  0.00164546415876479  0.00192781098641569  0.00224310096245344  0.00256566620269747
  0.00287823246273490  0.00318843488595881  0.00351683194111868  0.00387395277066715
  0.00424119819484883  0.00464783504684375  0.00504852681170798  0.00544448678671810
  0.00583756378673886  0.00623622270751416  0.00668028854189291  0.00712242870942764
  0.00757193373987644  0.00803136955527060  0.00851705236433487  0.00904851578746199
  0.00960119450293550  0.01015465476360683  0.01076878294605015  0.01139355908561861
  0.01201759799234678  0.01263613303591719  0.01325656085256739  0.01390158777033136
  0.01456714214398251  0.01523642594986630  0.01595235149370489  0.01668543057507189
  0.01742673590921619  0.01817543856396748  0.01890826928377290  0.01965548133932241
  0.02044396093165959  0.02125839182911621  0.02208046717013045  0.02290817381728134
  0.02374168436396907  0.02457179210378619  0.02546989773029092  0.02644853556977102
  0.02742642267426393  0.02847652169315365  0.02969207524758377  0.03101048728468215
  0.03224908821627741  0.03364314604264581  0.03511407359196664  0.03659358574594752
  0.03831723713876763  0.04002270262877754  0.04176111245851562  0.04368660697903357
  0.04574488152145225  0.04781026235855323  0.04999792280258817  0.05224484689229818
  0.05437352466079332  0.05695753794119128  0.05953686623053819  0.06233437482585801
  0.06530703557172854  0.06825086204881324  0.07132469262608468  0.07495607200046198
  0.07833481569532713  0.08178936002273803  0.08481574236834503  0.08787312201749860
  0.09115364632704202  0.09617860001553448  0.10400719188070785  0.11135266070349906
  0.11796003827294128  0.12484184638527655  0.13298945731462530  0.14275319690109309
  0.15359586828466407  0.16326952674766265  0.17149298135625390  0.17882204450312397
  0.18761248700343075  0.20154654315330772  0.22864154871232312  1.00000000000000000
 -0.00207355126661271  0.00960379241448216  0.01983402539679132  0.03165983180616810
  0.04296015409574530  0.05312239828038844  0.06303678116053651  0.07465433941413867
  0.08653442404371568  0.09756693981346951  0.10791912489748440  0.11792154940686712
  0.12770852237721400  0.13794534750097104  0.14816665955020447  0.15888413868140161
  0.16921274507064032  0.17979186851917783  0.19110065915441377  0.20284734762195050
  0.21473121371730233  0.22600637539678520  0.23768753644729176  0.24908823134278893
  0.26007248708637865  0.27079377326504100  0.28156105904996132  0.29264456506784425
  0.30404204555323405  0.31543279960650966  0.32652020966930090  0.33767606850416554
  0.34871907175836186  0.36016142505720894  0.37193909138816633  0.38353072210423172
  0.39485489160619441  0.40515217906261081  0.41557922721528179  0.42644716397129134
  0.43733578572528287  0.44776968056397853  0.45847078756564763  0.47008560858808851
  0.48151517836073277  0.49190214173946578  0.50167952339402599  0.51122869396006820
  0.52060314874667291  0.53025353155471433  0.54051698455639219  0.55121808028775143
  0.56167146240418020  0.57131622103817337  0.58091349970043071  0.59095647353417546
  0.60094270973193842  0.61083747952756939  0.62069138498548260  0.63056644517605032
  0.64043651208937746  0.65012829335541344  0.65972066631158244  0.66928547522255488
  0.67900414000188059  0.68826119670718722  0.69746091731019377  0.70669027535182238
  0.71610652618128878  0.72573686848621266  0.73539206725268436  0.74560546556200480
  0.75596675491196019  0.76575380586708530  0.77636267508341683  0.78757497617078542
  0.79888244914691775  0.81070064798029373  0.82256851051705004  0.83374161252211954
  0.84455947718243585  0.85588200680197790  0.86812224871295729  0.87962126828821197
  0.88951117848136974  0.89978160566304599  0.91049887623531633  0.92120860564330498
  0.93124767278279186  0.94092123737241096  0.95077828829455369  0.96110698671238681
  0.97198143360380529  0.98198157569887679  0.99117088574902512  1.00000000000000000
 -0.00225432482781152  0.00994549218479827  0.02013035199985285  0.03095588297054250
  0.04147839107531463  0.05254992084671453  0.06346708981506102  0.07394284961214158
  0.08392357440020710  0.09362166000481875  0.10300844779054241  0.11246882390009366
  0.12239269363250534  0.13375673260264287  0.14562286475599132  0.15748419013474080
  0.16977894037634889  0.18166009337568648  0.19334876359751382  0.20463084693877501
  0.21578373349595878  0.22716642228131195  0.23866198847000408  0.24975870124514077
  0.25965433875026506  0.26951744552350970  0.27934280111089121  0.28953710700907814
  0.29950382409929216  0.30964626729515232  0.31938038920969386  0.32928507210875313
  0.33950097844384747  0.35061119532919427  0.36166803070350434  0.37248245807429275
  0.38339878744731032  0.39470605647938800  0.40562904597731936  0.41613628960668886
  0.42660911006752017  0.43720853989255137  0.44753008521744614  0.45734048625543411
  0.46689877181874323  0.47667200707436547  0.48707452032500231  0.49820591635420858
  0.50896855900498994  0.51969702483108926  0.53057635131604675  0.54210779026764611
  0.55356536274387391  0.56548625913548534  0.57809540049866892  0.58948016066931153
  0.59939757802440752  0.60907909290531248  0.61831993047176115  0.62786675193226760
  0.63775639767458348  0.64807870946933466  0.65872302041275621  0.66920598617048721
  0.67964049772793034  0.68958261371723906  0.69930909145676257  0.70906244645681271
  0.71884960008275156  0.72847817393292957  0.73821701869502510  0.74877352851915413
  0.75822985126149933  0.76834555958621531  0.77865232478355562  0.78890347602509214
  0.79849135820252370  0.80745270690940396  0.81693499141295001  0.82685869194664297
  0.83688210974102928  0.84710695399192937  0.85836467665248772  0.87116845231637430
  0.88329218560872558  0.89425040754802665  0.90486842764922848  0.91605095939409575
  0.92666496491675765  0.93739904104115568  0.94821075134457544  0.95923040938820847
  0.96974294262675897  0.98001540077260341  0.98982455505467737  1.00000000000000000
 -0.00256641379345918  0.00894097514745793  0.01942909738828338  0.03075957873239105
  0.04234176374754621  0.05403253367503778  0.06513045063053191  0.07573885147456573
  0.08663211573174302  0.09748017397583741  0.10870196396096225  0.11980807740372353
  0.13060300126692839  0.14137134342407520  0.15187605379035884  0.16246013896128567
  0.17295773484848870  0.18374853085438728  0.19460222963827897  0.20536983801729455
  0.21636217106108016  0.22712917956726669  0.23794249988423399  0.24862485430499640
  0.25990537048800494  0.27096605342552826  0.28122642891837774  0.29117589884843753
  0.30109934223470175  0.31097082270005855  0.32117379675520696  0.33148476253013592
  0.34204939369651738  0.35262112384387012  0.36295366009281488  0.37350684528099881
  0.38418562915076832  0.39486448916384964  0.40537144397891112  0.41585115873597367
  0.42668668745007365  0.43794258283548632  0.44953221019355782  0.46099268439366597
  0.47230448303297490  0.48399874264968723  0.49591068666565408  0.50799397428031279
  0.51944418375151780  0.52987219331390223  0.53995907134200216  0.55033965366829785
  0.56068779708488714  0.57082426566406519  0.58043038424675009  0.59005309580428855
  0.59932481674016314  0.60883308116593504  0.61826223507616429  0.62786984265501367
  0.63816139270733141  0.64922848418540557  0.66068108786348001  0.67180172974730912
  0.68249500419613396  0.69302156308894713  0.70369261038089159  0.71403604186840175
  0.72452448720798146  0.73471499346344693  0.74437609698699536  0.75352611683259840
  0.76261635903475278  0.77187691050061635  0.78122979541215942  0.79069629908416239
  0.80053079326905308  0.81100128268399596  0.82187472227632574  0.83278201831877963
  0.84364071216508574  0.85429859762121485  0.86507573931710147  0.87582263782624148
  0.88650896305360494  0.89728097712752697  0.90799646130475353  0.91895408231133979
  0.93025226871772959  0.94170331789325257  0.95274460995944266  0.96293629598525343
  0.97261984032833382  0.98180479749088911  0.99095740595561388  1.00000000000000000
  0.01057440342821663  0.01350538626663377  0.01623220110667086  0.01844190757398713
  0.02061148093389683  0.02279318336037913  0.02498361079915412  0.02716026733830339
  0.02924086574375781  0.03129138950572705  0.03333239368326200  0.03538282625043316
  0.03744876824345956  0.03954310979431954  0.04166250142177497  0.04382229948440163
  0.04604454671190247  0.04834591750482866  0.05057560934449560  0.05277419923434070
  0.05493234923018708  0.05708292785605711  0.05927697928774660  0.06153758061783000
  0.06386624352342453  0.06615712460677349  0.06831838214565648  0.07041995435755027
  0.07243458688281508  0.07442461353949310  0.07647949194089106  0.07858720472094409
  0.08078280001348002  0.08312446498513124  0.08554977599751021  0.08814018496239570
  0.09087411409464764  0.09372840778840162  0.09649421960675780  0.09921723252621739
  0.10198922280806362  0.10483226339407938  0.10767172402387880  0.11042498528194869
  0.11324726212130476  0.11601539602135058  0.11884108301311311  0.12166769273746565
  0.12432057382048173  0.12747294639041873  0.13119357764688758  0.13519552649739255
  0.13869040213761324  0.14178225119188470  0.14492481372628985  0.14834342034230791
  0.15253415038870871  0.15741856291804146  0.16257150121776870  0.16866289528066941
  0.17406763934667258  0.17886419409777024  0.18337196387961413  0.18755481461052056
  0.19177794864743888  0.19603467625910093  0.20065479424941038  0.20540002545481137
  0.20980931265881217  0.21399722081248967  0.21878124187064962  0.22438536934663492
  0.22959914145486110  0.23392888573158446  0.23714296216431036  0.24068135358497478
  0.24500061572033816  0.25075249721394199  0.25818305679236042  0.26564599980585307
  0.27374155836825698  0.28340581107896934  0.29104539590504030  0.29707853446233257
  0.30338291880853391  0.30898799488972117  0.31467551140176292  0.32065247082032305
  0.32803376848394566  0.33561814556125497  0.36317165971349907  0.37429650066163206
  0.39362680626722019  0.43853957788950632  0.49325903528574500  1.00000000000000000
 -0.00304181925661608  0.01347943407355123  0.02716327934972082  0.04118305151879947
  0.05513846619877883  0.06891368305294521  0.08235715801615386  0.09558069683166906
  0.10847335462178762  0.12096420809241475  0.13340410883313453  0.14542622104397920
  0.15671555798261000  0.16747839614588786  0.17819831433379374  0.18877390259236138
  0.19921575614172132  0.20927896786413422  0.21882126506385927  0.22809547328611895
  0.23678949604097854  0.24499321566723581  0.25308809111057434  0.26117547014884024
  0.26957810695417128  0.27870526561122166  0.28811548143389204  0.29703150536038070
  0.30629886859785593  0.31594444125471050  0.32618665254543683  0.33598069222448523
  0.34508797166771693  0.35417925895885227  0.36333602794420633  0.37324346970460415
  0.38354307136547927  0.39341898155899713  0.40256996918293447  0.41134734508164078
  0.42049711660226674  0.42974549987834015  0.43901220823574544  0.44841074718759055
  0.45721350052102899  0.46665563224728468  0.47621736095347006  0.48660413519779372
  0.49755015308390538  0.50806633947407509  0.51816941642536218  0.52825079949878706
  0.53756222996769476  0.54639323792907291  0.55463368261765433  0.56341460010726163
  0.57242762643644296  0.58171847129095333  0.59170667757111628  0.60218590414933471
  0.61309442326642860  0.62385289078910811  0.63326958390644605  0.64264614801628928
  0.65169366082799995  0.66034106181255614  0.66913592517357190  0.67784542423716609
  0.68663824484163349  0.69609704666136629  0.70580654533979814  0.71588292724455604
  0.72576371399542550  0.73516977267201888  0.74417508255617015  0.75368377943873210
  0.76278592477778262  0.77162968132248944  0.78053480185337465  0.78991489975812690
  0.80013210866500561  0.81100090724580587  0.82213664689086230  0.83337311810938797
  0.84490881182159372  0.85683191405293690  0.86922093249197285  0.88176142389796464
  0.89427947609568970  0.90693912740537475  0.92007445830618884  0.93426373862287604
  0.94991499613832819  0.96602765119759149  0.98267048341165242  1.00000000000000000
  0.02590523103269762  0.18237751724698761  0.25385416102191133  0.30709872173393626
  0.34940850624242997  0.38403537457898890  0.41170917634163562  0.43672326588286625
  0.46006644703654836  0.48149462233809753  0.50142624698093652  0.51919668865565316
  0.53535671495011261  0.55016328286168015  0.56449170999805065  0.57850174800460352
  0.59176628618396865  0.60395194708394639  0.61553362709843396  0.62643660143823332
  0.63681651975771336  0.64667122873177485  0.65634910100315813  0.66569567685331921
  0.67444463048129821  0.68287309607946300  0.69109224712470219  0.69916321169605455
  0.70692310464335173  0.71406966303211539  0.72110779409956871  0.72800367794408039
  0.73476095317552226  0.74137661781332354  0.74806295213397844  0.75448214578417205
  0.76034098367877379  0.76588792576144926  0.77134202571129395  0.77689998160710882
  0.78251297084296900  0.78820013144585099  0.79332797763677798  0.79815078530758699
  0.80289665321628412  0.80756903191183604  0.81227715397896838  0.81693903765905562
  0.82152612366336741  0.82635730104916383  0.83092624187937347  0.83552971898582884
  0.83976442757756953  0.84386615860746039  0.84787060154772342  0.85170139349862362
  0.85532287624941228  0.85880091156344451  0.86226491313090214  0.86589262658272881
  0.86961633348592704  0.87330983951421193  0.87691633583326056  0.88040184762715623
  0.88377589105577870  0.88705844151608104  0.89020758510390785  0.89336568923671855
  0.89647347975519209  0.89961823200664826  0.90286093308766147  0.90611014454305328
  0.90936177946087371  0.91266796368091940  0.91599375063688215  0.91917246476697967
  0.92229153782477447  0.92526114257112668  0.92820137441687411  0.93117351780691515
  0.93422227758392262  0.93736173849285953  0.94054014241948103  0.94382319111772717
  0.94713941334422902  0.95065162048682206  0.95440560861064216  0.95846937525859977
  0.96326174159504230  0.96908548271625639  0.97503070917827372  0.98027167482625088
  0.98504303263030379  0.98964959636913741  0.99458290482213585  1.00000000000000000
   3.7203330545556816E-019  -1.0000000000000000     
 F F F F F F F F F F F F F F F F F F F F F F F F F F F F F F F F F F F F F F F F F F F F F F F F F F F F F F F F F F F F F F F F
  <DiscreteSampler_grid>
  grouped_processes
  1 # 1 for a reference and 2 for a running grid.
  10 # Attribute 'min_bin_probing_points' of the grid.
  1 # Attribute 'grid_mode' of the grid. 1=='default',2=='initialization'
  0.0000000000000000 # Attribute 'small_contrib_threshold' of the grid.
  0.5000000000000000 # Attribute 'damping_power' of the grid.
 # binID   n_entries weight   weight_sqr   abs_weight
    10   10   1.024871042567995E-006   2.427629233239846E-012   1.024871042567995E-006
  </DiscreteSampler_grid>
