  0.00933860720600188  0.01634261466943940  0.02674932052868442  0.03853924412782435
  0.05048161154849368  0.06167962658789719  0.07205276770368572  0.08223589425872982
  0.09141036701961536  0.09899497986163462  0.10615926120922213  0.11337578832881096
  0.12174904303099757  0.13248982762246078  0.14462592016405820  0.15557064765238582
  0.16625657548184922  0.17652611865871851  0.18558951566900569  0.19548699904172168
  0.20463443070424417  0.21440739127226011  0.22347231568465328  0.23373174188673565
  0.24558198060456271  0.25768020090217020  0.26958943649292499  0.28093749975245558
  0.29201330783713231  0.30339522696964372  0.31356695313587896  0.32258304595654569
  0.33146042060140612  0.34136641667914253  0.35292311570438584  0.36475083487896132
  0.37553136339037596  0.38589482054315755  0.39681257895148997  0.40932908256482320
  0.42171619876655447  0.43367148962720792  0.44466439545231684  0.45508372978709288
  0.46536920206879279  0.47564978137648523  0.48606411940431549  0.49700670536937985
  0.50780125240141016  0.51863624015752841  0.52801216860679634  0.53741122507430328
  0.54732198022371747  0.55781174000970379  0.56832252338701039  0.57815811566031072
  0.58751964515070987  0.59639295356076649  0.60510853131392817  0.61363815056422744
  0.62294374281150178  0.63274797283892981  0.64377033688685015  0.65584403227657950
  0.66869277499973334  0.68003643880001918  0.69032141558471016  0.69969755049232374
  0.70943786583789714  0.71885890498070981  0.72842929309116367  0.73890026226826200
  0.74982482250294846  0.76028752297544178  0.77057010450980978  0.78124899567420869
  0.79144523274528700  0.80113561653606125  0.81083973986568902  0.82088866523159632
  0.83208783927114183  0.84282907321154354  0.85323135180857423  0.86268539678659406
  0.87205508659363906  0.88155868184100616  0.89090677126920470  0.90018389860005987
  0.90940037970704624  0.91865054766413445  0.92845457768400419  0.94003566329602406
  0.95271607440815420  0.96670608471494901  0.98199906988222863  1.00000000000000000
  0.00000249425811919  0.00000328177035458  0.00000452537650838  0.00000613067618293
  0.00000818214285597  0.00001059658881343  0.00001320753783447  0.00001620601044951
  0.00002012358036596  0.00002468950459884  0.00002973154908483  0.00003527075674935
  0.00004107172739721  0.00004712623518304  0.00005302840655960  0.00005892529746020
  0.00006479896388048  0.00007061367700879  0.00007640006935569  0.00008216078808767
  0.00008842551992127  0.00009488660473311  0.00010317573753142  0.00011219060867260
  0.00012174615306738  0.00013159071690044  0.00014093426076553  0.00015046153412499
  0.00015977884542462  0.00016892662486614  0.00017855725365085  0.00018874463509329
  0.00019922280174240  0.00021033801441126  0.00022179350893238  0.00023252511056386
  0.00024216707436655  0.00025385867555685  0.00026609950018584  0.00027866564554467
  0.00029190286103670  0.00030619619247866  0.00032175605654134  0.00033801756712542
  0.00035694535917007  0.00037733533763593  0.00039869230665322  0.00042047085823451
  0.00044262087739821  0.00046847557213770  0.00049551493218689  0.00052403066665912
  0.00055610497245246  0.00059013606600318  0.00062329103973841  0.00065961388608331
  0.00069807439694330  0.00073925019228780  0.00078243958304467  0.00082555307075502
  0.00086929283260274  0.00091458031738437  0.00096017181643584  0.00100929437181480
  0.00106402759996659  0.00112416261304063  0.00118567068588675  0.00124236087503178
  0.00129741433899658  0.00135620872094348  0.00142516073360644  0.00150125174238065
  0.00157940619689650  0.00165622935341007  0.00173532352476095  0.00182542695693777
  0.00193544182271339  0.00205451471078890  0.00217983272353510  0.00231581928722687
  0.00248349058540771  0.00269634543618579  0.00293399098139147  0.00319506654388559
  0.00349598872798619  0.00386805234411213  0.00436477832814345  0.00500279128322980
  0.00590283020518277  0.00699621790136437  0.00848037959766612  0.01043596544066199
  0.01347550123952681  0.02142707503150148  0.26902414610298936  1.00000000000000000
 -0.00000142642970477  0.00000362460328928  0.00001121499459587  0.00001966404568674
  0.00002779334585003  0.00003590721562959  0.00004385409026719  0.00005171330945296
  0.00005960601728292  0.00006761526675352  0.00007575579625548  0.00008409244012034
  0.00009139467380540  0.00009879722934605  0.00010609033743717  0.00011374294739469
  0.00012230956326662  0.00013185542474235  0.00014110341083434  0.00015033901741348
  0.00015869966316679  0.00016724869776597  0.00017655949148964  0.00018600088194964
  0.00019535441903527  0.00020472021207808  0.00021495024578097  0.00022653677190471
  0.00023931479432464  0.00025238824242007  0.00026546633202674  0.00027833218238457
  0.00029032404010331  0.00030353779405531  0.00031707995454953  0.00033128685376916
  0.00034621541410702  0.00036177003692557  0.00037817606457901  0.00039525404596330
  0.00041195458782076  0.00042798953918038  0.00044452565406549  0.00046266813216041
  0.00047882406225480  0.00049520119624787  0.00051224213673344  0.00053077449106504
  0.00055157050460331  0.00057852802905143  0.00060665823487553  0.00063474864437495
  0.00066334637191297  0.00069307641774923  0.00072534242393099  0.00075998154209331
  0.00079703311778613  0.00083522439257991  0.00087451312086935  0.00091512677608424
  0.00095751530609840  0.00100687585016589  0.00105955784478291  0.00111122852480991
  0.00116949424996228  0.00122699524282053  0.00129297646015842  0.00136174445665462
  0.00143611416544648  0.00152043376848476  0.00161823089438286  0.00173736647172947
  0.00185348221842494  0.00194030248764240  0.00203150140554301  0.00212922716718486
  0.00223166359160504  0.00233671342757973  0.00244256075017982  0.00261603465072076
  0.00289766550790728  0.00318486033417405  0.00348775582355503  0.00385491184361233
  0.00434724610656595  0.00496949432726002  0.00563472715659908  0.00636849751415370
  0.00722913321657499  0.00820923320381713  0.00973275868515820  0.01224746141558611
  0.01531097468405595  0.02197193135165854  0.04764575826712542  1.00000000000000000
 -0.00125093149564146  0.00506543397051553  0.01179025526129121  0.01891012588097514
  0.02761513252724506  0.03656804172727805  0.04616596136949118  0.05779846662301858
  0.07050588923180209  0.08404787924427801  0.09640388645395967  0.10827739191202079
  0.11910832895219864  0.12883697061964214  0.13771151966982453  0.14625583512794521
  0.15513350351571265  0.16493763406759582  0.17626449863587618  0.18847027219358120
  0.20091857953135131  0.21410503943746254  0.22790128118586112  0.24133356493699729
  0.25350889238336216  0.26454404308976887  0.27525532190906687  0.28590600882647704
  0.29730894366117588  0.30921489619053094  0.32048213677837950  0.33086778406562223
  0.34059731845783797  0.34978734019747210  0.35920647232477604  0.36884860923124990
  0.37936733321372718  0.39081548648384362  0.40248485354662533  0.41412318589063712
  0.42507386275738768  0.43568525180093648  0.44675260454688753  0.45824249846060777
  0.47103662670092977  0.48483351538534292  0.49852618269400401  0.50922309648845987
  0.51929519467573537  0.52932733088214867  0.53952850212359071  0.54985043380965171
  0.56013750392044159  0.57079675484233428  0.58205902737725856  0.59391773281728810
  0.60568465711452280  0.61602713184525026  0.62580737830857314  0.63487378379692472
  0.64313062142671840  0.65101786681614260  0.65901403575686979  0.66899619460734205
  0.68168832392454659  0.69359097915279455  0.70484449883147426  0.71608638121741053
  0.72747336859099831  0.73823988096009752  0.74863907878156366  0.76003697747256360
  0.77179985503627435  0.78247141053474956  0.79161597228379998  0.80014169696246806
  0.80883017893178388  0.81885845418597059  0.83017896967355864  0.84107794775846179
  0.85013907784561304  0.85837432909885236  0.86691370465962481  0.87652411348625048
  0.88737516432745556  0.89864437728917168  0.91061469474617740  0.92121493121955011
  0.93055170213438709  0.94032845447316005  0.95118817488574936  0.96063976987446131
  0.96966812517938583  0.97775717403258633  0.98871553838414172  1.00000000000000000
 -0.00257287525584137  0.00959376526028796  0.02051197846857553  0.03200996986695612
  0.04345158888981212  0.05424036880369439  0.06489908064852337  0.07417957294544045
  0.08346687612260760  0.09300821312568591  0.10294990269262844  0.11357685676681724
  0.12473549598007731  0.13619353029689574  0.14739498914827689  0.15721223586682492
  0.16666558685579314  0.17649211985872904  0.18672913690811252  0.19766128627838156
  0.20921952857476092  0.22063836155748684  0.23308595702311835  0.24467520231817100
  0.25651209919001394  0.26928308303469917  0.28203433965112046  0.29480058990596492
  0.30764855717715156  0.31877218143915576  0.32849584470045667  0.33750911031299402
  0.34656773012803316  0.35630864773174370  0.36609461086886375  0.37591969097669725
  0.38596055173376770  0.39579635706234340  0.40654602211388968  0.41765811433178007
  0.42931745143772060  0.43996888696717168  0.44987590506268643  0.46000239119668129
  0.47067366230681235  0.48160660495758351  0.49188600643885572  0.50277400543491779
  0.51378269590144565  0.52491379337303179  0.53603119331689286  0.54707475269867190
  0.55835617644448265  0.56966077807372106  0.58080715654694481  0.59005722065689603
  0.59826369856844552  0.60656414757512478  0.61510319043564221  0.62379139129086902
  0.63253527078144955  0.64125043773903034  0.65026155310137634  0.65950577520857101
  0.66771766735082672  0.67522865765931672  0.68329432771545895  0.69171323860532941
  0.70103475221191702  0.70973647582173638  0.71855362646862264  0.72659239859851266
  0.73571087847295180  0.74665953995231160  0.75811131424118616  0.77023837247267990
  0.78184266928402724  0.79294631860376186  0.80369533668487936  0.81386391614975051
  0.82377294048048710  0.83409019454082434  0.84474727914398917  0.85529375936287499
  0.86524840610200970  0.87558187243012897  0.88717441993340096  0.89983849061993482
  0.91320660495556871  0.92694609714426957  0.94045262607368696  0.95312733503345748
  0.96525731810476034  0.97726936226426864  0.98868601495663166  1.00000000000000000
 -0.00244818759090756  0.01052038221146554  0.02167857044792306  0.03320883070347767
  0.04356773931633828  0.05441666869197965  0.06581469894635079  0.07683572861576252
  0.08881419678622370  0.10188966448456106  0.11606234375071711  0.12938415913794651
  0.14141654325656675  0.15286549705366864  0.16407476840645721  0.17556871679090508
  0.18723824361852831  0.19813554798508579  0.20827794231467087  0.21795208205548122
  0.22727666277853223  0.23658331591485171  0.24651627045515057  0.25797073903325313
  0.26991648325397066  0.28151362755100084  0.29222287866463731  0.30151710543622945
  0.30949498338626868  0.31768639831346157  0.32580343983615428  0.33451939852257406
  0.34400999805202720  0.35413218799503215  0.36672031775092595  0.37804482874177664
  0.38803735338916090  0.39755345823719684  0.40716122960287804  0.41732117391309975
  0.42759761741225749  0.43784468909200991  0.44781982557185773  0.45751272948159272
  0.46763680212760184  0.47856709471406650  0.49013568030976795  0.50228032051814975
  0.51469206865068340  0.52741769309465492  0.54026783271481671  0.55229654297274156
  0.56354049172901843  0.57264894332066707  0.58179652897972367  0.59191708168401191
  0.60142848600452903  0.61116312684984664  0.62158245304119464  0.63401337868054797
  0.64573056863543055  0.65668452691274182  0.66817204248098439  0.68032736876739230
  0.69191093175529594  0.70094083110998562  0.70943019009412212  0.71827322690406381
  0.72776731235382119  0.73731956081565309  0.74690643568757065  0.75793920537000481
  0.77009459835052485  0.78239168611076271  0.79397324535266889  0.80478850802192670
  0.81424228941777743  0.82324786516163062  0.83254125800842682  0.84132704776174227
  0.85043791906717803  0.85972390189777770  0.86889648409458975  0.87841994444278759
  0.88833592783594062  0.89874421691298534  0.90813758508507114  0.91777897845240164
  0.92751455860474707  0.93765637247486466  0.94656073380538208  0.95583297460134875
  0.96679160774876227  0.97775115857997286  0.98869639812612342  1.00000000000000000
  0.00077072566273660  0.00171184752096358  0.00295007413970842  0.00410390515609922
  0.00515223428327104  0.00615111274143377  0.00710124357083000  0.00805286451800829
  0.00901546951490534  0.01000532668573267  0.01100317071266287  0.01200096553369767
  0.01299719638955399  0.01399652397418509  0.01500275992325315  0.01596336691014759
  0.01690381010862349  0.01787351800704366  0.01885515797177608  0.01985168929554416
  0.02092371160282834  0.02206828656504576  0.02322725731145115  0.02433872475634102
  0.02549514727464967  0.02663948054945953  0.02774323291454720  0.02881855762393265
  0.02988774053595868  0.03097051548482420  0.03218121112248461  0.03343670107134215
  0.03472107684880633  0.03602929813973622  0.03730784100016443  0.03850945246659871
  0.03967786349983900  0.04082571192272798  0.04201861367580351  0.04319218007176375
  0.04435453385431061  0.04557546771888387  0.04693755554021400  0.04823700273578040
  0.04920577416307664  0.05009257372999430  0.05105014706390462  0.05205415507462795
  0.05331859941205710  0.05475180147407332  0.05616940593609235  0.05736390119936973
  0.05840591924359508  0.05942083591443094  0.06049983667224134  0.06171486930831802
  0.06298599557739308  0.06446567555312234  0.06581714781905199  0.06716664875946320
  0.06843567097195291  0.06954404607808250  0.07058760661315985  0.07166520988215128
  0.07286501557293706  0.07437543052263236  0.07640969856915852  0.07829151335980294
  0.08019382668178057  0.08186135634872681  0.08387994679381260  0.08616618119986136
  0.08841636219518047  0.09027869071721392  0.09213172311938456  0.09416998598062327
  0.09645985041994910  0.09858268456898868  0.10083564375323388  0.10316136321704265
  0.10605997534377713  0.10886631042316658  0.11190108443149629  0.11503469464773070
  0.11909665223077920  0.12233079174115112  0.12759512500769299  0.13807306411603976
  0.15011412200869989  0.15622974412959276  0.16320736281024822  0.17463202674372122
  0.19242579063383367  0.21287986173511117  0.27796074513015018  1.00000000000000000
 -0.00184614622281042  0.01040066069716757  0.02001099073387799  0.02927501983348491
  0.03860245257934190  0.04877560991324614  0.05977943215693807  0.07349958674056120
  0.08647785876188763  0.09766072750329238  0.10834520071519323  0.12015226414996150
  0.13169805664872189  0.14349080748139625  0.15565443603866508  0.16772330669553390
  0.17907059315985352  0.18967690437258627  0.19949803513619208  0.20848444473768513
  0.21786453899463412  0.22739369921987643  0.23649726570105417  0.24585161118001517
  0.25596706063076102  0.26768409848470848  0.27927145224739852  0.28999503022310519
  0.29960166127491739  0.31021212947695875  0.32049690323649438  0.33070221342742095
  0.34042300550825383  0.34958216075453519  0.35887672931228803  0.36839017595393908
  0.37781417983826299  0.38752045011336200  0.39739292731397780  0.40695956028175378
  0.41657472414707308  0.42649673004258504  0.43654006999951916  0.44607819675118010
  0.45537422627340929  0.46562521514587751  0.47658215875621418  0.48623357653324067
  0.49532063734298237  0.50438287013203897  0.51342804641278594  0.52262226576538362
  0.53193071264579950  0.54013516973138842  0.54855844472156579  0.55766785126828289
  0.56845104774567412  0.57976306336168792  0.59035968900765889  0.60084560115338281
  0.61069939038661358  0.62044890352005455  0.62950406176461793  0.63839760880034502
  0.64781509929781700  0.65752058583678463  0.66756029143943996  0.67767783405683313
  0.68835043508408222  0.70017143436308737  0.71256516370326373  0.72353522672373816
  0.73259397190129860  0.74136819423224032  0.75004969239854091  0.75972615246236264
  0.76985891383861049  0.78040060781679021  0.79129273163801539  0.80297826752011614
  0.81516742216274163  0.82628860881416477  0.83673299045187832  0.84683464010960430
  0.85728727635272273  0.86828001584195913  0.88011039328807261  0.89300402976565185
  0.90715313544872100  0.92266355431889890  0.93838742940371056  0.95291733841226145
  0.96516763326792598  0.97714980776554927  0.98847163892556977  1.00000000000000000
 -0.00461755381512456  0.36742738697265048  0.47206201628322247  0.53600822415072802
  0.58625258623703080  0.62543828209257768  0.65415519858690141  0.68025250805522208
  0.70426876571870989  0.72449427015863133  0.74039872612817748  0.75531981834639061
  0.76925929419312955  0.78151928375413593  0.79200446615029596  0.80112554529323499
  0.81013509116791382  0.81879070616513594  0.82673880304500524  0.83404539521444809
  0.84083237151026846  0.84718394165995503  0.85339308493173582  0.85900817055195744
  0.86439019196657862  0.86946223988610372  0.87425587632115997  0.87864981372656159
  0.88263268855647092  0.88643699748790261  0.89013984672191038  0.89389791344482405
  0.89765319742646643  0.90116399725544583  0.90448369090895120  0.90765391830837427
  0.91074492523424688  0.91374369261261823  0.91669984314538289  0.91957453038369064
  0.92228467418319693  0.92485614053514076  0.92713778653545076  0.92940568295876513
  0.93174470150101407  0.93411044746063876  0.93657805873035682  0.93886350556339682
  0.94097510641139614  0.94287443221893730  0.94460236609496928  0.94621244439670382
  0.94777266353204292  0.94937848425820570  0.95111331680859978  0.95289780729947227
  0.95468617642061016  0.95628128305555804  0.95779476842086830  0.95924623151821653
  0.96052013891877863  0.96193309009572947  0.96336452451781907  0.96476955885554039
  0.96612406275592011  0.96741010824103346  0.96863261478926677  0.96979998722191185
  0.97099111725603826  0.97217940137561587  0.97330629101133803  0.97433751636261501
  0.97538568575836238  0.97646995272071357  0.97759897189471701  0.97876521230161795
  0.97987224373000503  0.98104445494122472  0.98218505308379600  0.98322054716782958
  0.98417278681265796  0.98510348700419459  0.98603781310727945  0.98696619536622610
  0.98787144822678197  0.98872060996679523  0.98963053316433569  0.99054609369997337
  0.99145002665005766  0.99232193665974233  0.99322853719992732  0.99418862573898037
  0.99520756501094687  0.99641987514711272  0.99790426099950302  1.00000000000000000
   1.3765555824222011E-006  -1.0000000000000000     
 F F F F F F F F F F F F F F F F F F F F F F F F F F F F F F F F F F F F F F F F F F F F F F F F F F F F F F F F F F F F F F F F
  <DiscreteSampler_grid>
  grouped_processes
  1 # 1 for a reference and 2 for a running grid.
  10 # Attribute 'min_bin_probing_points' of the grid.
  1 # Attribute 'grid_mode' of the grid. 1=='default',2=='initialization'
  0.0000000000000000 # Attribute 'small_contrib_threshold' of the grid.
  0.5000000000000000 # Attribute 'damping_power' of the grid.
 # binID   n_entries weight   weight_sqr   abs_weight
    10   10   9.365826172450201E+005   6.264880545869366E+012   9.365826172450201E+005
  </DiscreteSampler_grid>
