  0.01020421348193120  0.01384216449604472  0.02164216668746402  0.03147811065286622
  0.04160469091163752  0.05139676693881465  0.06104012698114523  0.07194724919451957
  0.08354114870923102  0.09449166354732855  0.10501463617873416  0.11590714668427531
  0.12779331105811748  0.14018343875140099  0.15212167644557506  0.16315534664636899
  0.17328511992184317  0.18231227869559785  0.19091221516858481  0.19977141890123515
  0.20966073339432476  0.21893384114701495  0.22737524780017943  0.23620935064998139
  0.24616911053049778  0.25737719142605142  0.27028422855109419  0.28199256713065651
  0.29393303942035121  0.30525928503150335  0.31599015449398227  0.32604143709080796
  0.33660426627654200  0.34783306237368894  0.35940766681563036  0.37076853395108778
  0.38386242241823748  0.39632909148516804  0.40710058579613179  0.41685278861881436
  0.42672588257277810  0.43778037959041277  0.45099623120994331  0.46259762531406395
  0.47264144144831349  0.48235274619273577  0.49267464927878657  0.50415809453978000
  0.51545954792550364  0.52551656305322114  0.53472704322931675  0.54384212438628088
  0.55357209663183915  0.56285821348686638  0.57254719256685149  0.58314296925130760
  0.59537712674299392  0.60817915597411853  0.61989195687339649  0.63082196944912794
  0.64136091517390015  0.65132442520993961  0.66220637011063943  0.67237004780613108
  0.68192846889643355  0.69244872219025022  0.70296334119140691  0.71271283035837896
  0.72146710687651305  0.73051224855195818  0.73998942716932259  0.74900095933606092
  0.75790487685930730  0.76618640716682673  0.77490512742571926  0.78317079144475632
  0.79189410749117284  0.80062150188282211  0.80968720264166871  0.81888084695369101
  0.82855871660617264  0.83870901523054264  0.84929133770154219  0.85949637484379970
  0.86943659246822813  0.88006964656586195  0.89081423047770913  0.90247049850530647
  0.91502326807756662  0.92680004576808284  0.93867896601973988  0.95047303273304795
  0.96216723159851059  0.97360375350200057  0.98634858365821076  1.00000000000000000
  0.00000227991442763  0.00000291936591647  0.00000413819359080  0.00000562786246457
  0.00000741369600561  0.00000965536243561  0.00001234925022451  0.00001572295632134
  0.00001977078462550  0.00002381715682765  0.00002787505818663  0.00003177462218588
  0.00003579519930583  0.00003988251504561  0.00004421985914430  0.00004903545582514
  0.00005431300004125  0.00005997897937843  0.00006585631801549  0.00007182032071010
  0.00007802447264744  0.00008499347364985  0.00009233649062114  0.00009987369521229
  0.00010746846350579  0.00011529463950448  0.00012359797960916  0.00013242270629088
  0.00014168779635914  0.00015075627966472  0.00016087280014962  0.00017191096811562
  0.00018311661036049  0.00019437283689252  0.00020589059361715  0.00021800197774708
  0.00023123247081791  0.00024578141308379  0.00026266963121292  0.00028359898314330
  0.00030534691726132  0.00032718522695610  0.00034791239045603  0.00036819915988617
  0.00038832167222507  0.00040857801478700  0.00042948558038629  0.00045228383848970
  0.00047583313034570  0.00049843645183571  0.00052186369049370  0.00054630445524616
  0.00057135523316118  0.00059800806253099  0.00062884964643352  0.00066404555292964
  0.00070180089340330  0.00074065470752056  0.00077982832874639  0.00082070600315428
  0.00086046799226542  0.00090689738983392  0.00095300410359204  0.00099991137452990
  0.00105014244070221  0.00110733573330192  0.00116915881309924  0.00123912235201887
  0.00130515313264638  0.00138271032880792  0.00146125308577352  0.00154632165678088
  0.00165349147804227  0.00177032803099701  0.00189450648938738  0.00202825498073289
  0.00218291660674711  0.00235243826401551  0.00255786974547715  0.00279417664716092
  0.00307977585849734  0.00337247270527529  0.00364137282028164  0.00394047107665669
  0.00431232879364579  0.00472288808597791  0.00515028942763786  0.00575191434310294
  0.00656558615947466  0.00780476911670032  0.00952370058630570  0.01192290104588726
  0.01558431487080359  0.02599670048563897  0.05005580616638736  1.00000000000000000
 -0.00000214540383831  0.00000596339125901  0.00001592288066954  0.00002599071134195
  0.00003559515244595  0.00004464545468307  0.00005280052238750  0.00006075937209894
  0.00006833903507464  0.00007566375574044  0.00008307360441518  0.00009090107494485
  0.00009824977276946  0.00010584624643997  0.00011342023220391  0.00012109670788673
  0.00012889017255994  0.00013851636398668  0.00014873392504049  0.00015947935704452
  0.00017080691862428  0.00018225491225304  0.00019498677324741  0.00020754437194135
  0.00021947549401613  0.00023102055884466  0.00024229261134217  0.00025370474764309
  0.00026565795381029  0.00027779137402402  0.00028951492109724  0.00030188207741097
  0.00031418557206892  0.00032868812810630  0.00034249367436364  0.00035690677107002
  0.00037201720667909  0.00038706841635681  0.00040213199708241  0.00041758957714965
  0.00043392616398952  0.00045222726315509  0.00047334793609901  0.00049520902492675
  0.00052109936752029  0.00054666304952714  0.00057271579821357  0.00059897566137162
  0.00062549346700862  0.00065271201082708  0.00068179100466714  0.00071390042753737
  0.00074829140236036  0.00078474843587306  0.00082358202327943  0.00086326819370811
  0.00090206650760131  0.00094022636802091  0.00098029912306897  0.00102630619046931
  0.00107956214698851  0.00113671173530506  0.00119373591849019  0.00125416637601960
  0.00132103136155772  0.00140203381123075  0.00148711815589820  0.00156874303395997
  0.00164781287641863  0.00173036691480823  0.00181516502194246  0.00190845300436323
  0.00201506686501668  0.00215946824622055  0.00230886081616721  0.00246431626531315
  0.00264819253237925  0.00283088883976689  0.00299436037306923  0.00317628451163153
  0.00337842186942506  0.00358910976665933  0.00383984122635178  0.00416035761233901
  0.00454980580940602  0.00497196247321532  0.00553427569849322  0.00626484946835818
  0.00743807149274889  0.00865942401006393  0.00995926570582297  0.01261115694544314
  0.02048167238552612  0.03715967160263058  0.07072336881105724  1.00000000000000000
 -0.00245537021324461  0.00934591207777725  0.02005954077056531  0.03188541468218713
  0.04296045164464002  0.05489871900706061  0.06742943412552350  0.07930759432977405
  0.09021009531286879  0.10001084048012465  0.10956537276751745  0.11928128649613215
  0.12946852215659832  0.13996589889832783  0.14977200640057350  0.15875012582667936
  0.16762844660135826  0.17793975632508616  0.18860770473966140  0.19882571263752882
  0.20851644438336175  0.21885888912663717  0.22871650186862721  0.23832024332366328
  0.24817048213411394  0.25956360389685745  0.27158522461420537  0.28268992085632239
  0.29289736362629015  0.30278362297216310  0.31267895799775791  0.32275949227379236
  0.33341391374991908  0.34534816960443060  0.35786541424707463  0.36872179904294777
  0.37801562838279495  0.38719795874790286  0.39643391404813860  0.40647720560344941
  0.41690917252020682  0.42830055622669244  0.44022226011792087  0.45128348028515525
  0.46311080979701330  0.47464290057621078  0.48615323175121028  0.49647016767958574
  0.50705219405686619  0.51811344001549708  0.53043266603945416  0.54368154910823918
  0.55635792370726367  0.56809631140071393  0.57773762327221134  0.58622383734971029
  0.59438644447132649  0.60374608751785941  0.61448574474804107  0.62465807034603671
  0.63510340740196747  0.64567096896479459  0.65610818271866422  0.66711175087879482
  0.67865374187225769  0.68983330692249722  0.69922629105099310  0.70890113782169961
  0.71906555558670671  0.72927325852468983  0.73831456433651177  0.74777675623014184
  0.75828974550559614  0.76890545979639180  0.78006149596071372  0.79080955322034530
  0.80132306145095100  0.81012583689916773  0.81900893939576092  0.82769460622775348
  0.83824550869582504  0.84819250508169564  0.85858423325490563  0.86918943654083514
  0.87995073084044140  0.88988697421373253  0.89962455320379808  0.90984395160592635
  0.92066220095018403  0.93179422853930016  0.94273788272493364  0.95363044140450914
  0.96475430592482048  0.97569050484214326  0.98780436723282838  1.00000000000000000
 -0.00198595398675060  0.00820132268994373  0.01516830695300265  0.02295993691314521
  0.03152024185428955  0.04153328131574520  0.05110872025184556  0.06021212719717942
  0.06991287187886776  0.08082145650155287  0.09202465085402647  0.10301145692984749
  0.11387738479000498  0.12542144839397279  0.13880583250797426  0.15158470914947650
  0.16265156611920706  0.17418899225713236  0.18448003521162953  0.19344522482753285
  0.20192167530691249  0.21144858464322039  0.22216373112404503  0.23345263197499708
  0.24462105803458872  0.25597958464832643  0.26628529022792663  0.27589136786124097
  0.28470841340004960  0.29362822454389570  0.30354519133138902  0.31330023207710250
  0.32460595006269871  0.33700053923565654  0.34924184872879427  0.36157212363184615
  0.37314022932908220  0.38368544687230455  0.39363246047952377  0.40295998198913591
  0.41155016837508551  0.42089760792141628  0.43060624779124179  0.43981133744229373
  0.44804104138730316  0.45644029316356149  0.46576169228986719  0.47668862117725402
  0.48816108555224630  0.49926869947703773  0.51019686082625837  0.52176342195040759
  0.53431175077412052  0.54649457029336834  0.55772888440924417  0.56914623440217682
  0.58123966651428294  0.59303373330349207  0.60352812925640675  0.61335402959144758
  0.62319768828766031  0.63300919123443233  0.64240820110681218  0.65151747337359101
  0.66019179803702122  0.66965549254004220  0.67946674229831694  0.68988767954000385
  0.70054356018167052  0.71208671900284048  0.72328416577024834  0.73453462000825365
  0.74525452668367509  0.75614851223683044  0.76649983749700268  0.77747759901196800
  0.78918519197315751  0.80254534864397808  0.81653401828105854  0.82854106106598635
  0.83996167162437552  0.85120107922790833  0.86226816635373416  0.87300227765750615
  0.88344578507940952  0.89341772055237823  0.90343706721484895  0.91285184219782967
  0.92202181343310374  0.93168344920356283  0.94277346428522457  0.95501500628243907
  0.96564239375904448  0.97598928605615887  0.98733819974750558  1.00000000000000000
 -0.00271062428687290  0.01075186379968664  0.02150452100187685  0.03265152950726095
  0.04323019618089742  0.05333166889953602  0.06243037101276742  0.07132831745830678
  0.08110854306484336  0.09165614770059897  0.10188354252095179  0.11127139287792628
  0.12066032651038912  0.13102278784899651  0.14127661759538640  0.15170027099393210
  0.16250607834038736  0.17411711978085281  0.18635482675119242  0.19924178651388780
  0.21154124185488254  0.22263337960152521  0.23260607406599737  0.24215135662431539
  0.25216597759394227  0.26307393093045028  0.27414885728763738  0.28438612911646161
  0.29434918528730109  0.30436278403254163  0.31509504389502674  0.32691856537081565
  0.33958998332322332  0.35155303618559941  0.36305217934025358  0.37413090090070167
  0.38457822220636245  0.39470158853534848  0.40503718293685897  0.41510700019286589
  0.42535560147748019  0.43438453195917492  0.44324062538191339  0.45190558082771648
  0.46064164110276201  0.46968265274313770  0.47883915067233829  0.48926803906989019
  0.50048395319102368  0.51112329282535007  0.52070505430578429  0.53050809184119851
  0.54167318733536785  0.55334532806903169  0.56493127740991456  0.57643738565210567
  0.58824550685994437  0.60041866066770944  0.61260790802237319  0.62460591018159761
  0.63614788599755390  0.64784963114423488  0.65999214361490410  0.67211366609417877
  0.68485724461046038  0.69802145231130541  0.71033513171374663  0.72153028899887106
  0.73304992249977508  0.74451237988274677  0.75466907216449375  0.76433829918530605
  0.77440690948589741  0.78523706354892986  0.79564195879180721  0.80506940394071369
  0.81366676645905178  0.82266063418532021  0.83213239777492365  0.84208581474197630
  0.85221602775468608  0.86146806790449482  0.87062090888116195  0.87959498201851027
  0.88917347458353224  0.89792695929602884  0.90673450561016411  0.91511824163891675
  0.92417040342441448  0.93371088311269312  0.94355295737811895  0.95302329274152098
  0.96307953480539721  0.97447215618089134  0.98654956093344215  1.00000000000000000
  0.00083662636004604  0.00160436712710199  0.00277278502201893  0.00375611408651862
  0.00460749149506691  0.00539518563772092  0.00617141842128396  0.00692481533185359
  0.00769705161957423  0.00848446364030221  0.00928933013748204  0.01011595463261794
  0.01097620262402869  0.01179293534150372  0.01259777056698569  0.01339714775124371
  0.01418252002096051  0.01495228804042598  0.01578555753115400  0.01667857951334348
  0.01755706469218296  0.01849965205462112  0.01938141680054385  0.02021002298673505
  0.02105096039925370  0.02195139236828838  0.02285064927727070  0.02376287323232953
  0.02470010109519415  0.02569682986680462  0.02675549600983983  0.02787698287849574
  0.02907524861282602  0.03022029264969033  0.03125931258030947  0.03226343872443822
  0.03323939902766319  0.03430559105262997  0.03538107175610506  0.03656535225013107
  0.03781074847402785  0.03899112481659762  0.04010666660039387  0.04116829274368135
  0.04228294459151866  0.04338539474416743  0.04453549448060630  0.04575232883844101
  0.04700596233227667  0.04846094801699636  0.04963668451886950  0.05070852247087923
  0.05178774343408347  0.05288477545898580  0.05411418606100073  0.05547725523601164
  0.05684148659287953  0.05859066051237511  0.06015030033686896  0.06172922459785417
  0.06321600811066411  0.06479239152617425  0.06654332839097926  0.06829895668156438
  0.06998599204822764  0.07179916291565600  0.07361652694828269  0.07567431153600243
  0.07771593863975944  0.07976537852510000  0.08179328320243190  0.08387302424661094
  0.08594824037424342  0.08801011052779235  0.08978238701969322  0.09133354772201389
  0.09294632284523195  0.09463110323972390  0.09657441896590156  0.09895308776234005
  0.10161148279325066  0.10419947339570466  0.10700896051908515  0.10970473344917588
  0.11238653771675948  0.11546769488906350  0.11850756555376152  0.12110671897989582
  0.12324602817095036  0.12567429235010663  0.13034401853394528  0.13808010499303164
  0.21775511867237562  0.28660870955445999  0.30840305157964776  1.00000000000000000
 -0.00200616938422671  0.01007959849957705  0.02154886157941470  0.03439174213916876
  0.04647562360956891  0.05788902491109408  0.06805646282822873  0.07877615658130166
  0.09046163375018443  0.10421892277788469  0.11726992057942728  0.12887036026019510
  0.13997628188946551  0.15102235642435813  0.16262014109175005  0.17417365081598554
  0.18481008732792942  0.19472521048460781  0.20468469910576595  0.21388329358675204
  0.22391968441197246  0.23403381419847857  0.24469090909883501  0.25549221549033035
  0.26582550591429610  0.27546847051701207  0.28480705113201260  0.29397031310968758
  0.30304417234364994  0.31186304055930347  0.32066391052901649  0.32997037563874482
  0.34024760578645208  0.35126468265882255  0.36206216679097053  0.37239150883708244
  0.38261313356933468  0.39327996218198685  0.40426839014584653  0.41521764920277465
  0.42513617365833134  0.43407729527267686  0.44346056694131708  0.45308510513133471
  0.46247008526047417  0.47214993230080882  0.48178373858391099  0.48979926747886299
  0.49720471942466993  0.50462438733207005  0.51261279955094108  0.52116210944618824
  0.53111444702985344  0.54231864815394670  0.55266526198486610  0.56257089653748404
  0.57163416642331166  0.58057897643878331  0.58979845392054964  0.59824036820135340
  0.60660046365311637  0.61498340083388636  0.62442453650695517  0.63471172439805457
  0.64560837210781052  0.65652125025311747  0.66724904395927664  0.67830498697380881
  0.68981182479243175  0.70106015384211717  0.71254264786158839  0.72277610974905104
  0.73271340762948545  0.74302810986847290  0.75302799382660268  0.76327998672358477
  0.77303907704642982  0.78308688309073793  0.79372529221634547  0.80571090330747730
  0.81820814065871472  0.82997851853045734  0.84170479612437099  0.85314045994498477
  0.86383246249403134  0.87367049268599728  0.88355987728313012  0.89408496574776253
  0.90528430145306293  0.91654103818177690  0.92904460567411262  0.94165251826309304
  0.95502813041842105  0.96957912871690644  0.98508259509375851  1.00000000000000000
 -0.00312378770812308  0.35533379238607538  0.46696563892904536  0.53390166167782971
  0.58347961608795240  0.62281203033857246  0.65463534410144086  0.67832076946749609
  0.69934104521124774  0.71855198368408280  0.73590498691622275  0.75107477116527133
  0.76375937712285991  0.77489296857104506  0.78495740914670031  0.79480380222079505
  0.80443682073119938  0.81290999467300695  0.82043541472159398  0.82798714176233867
  0.83542477372898594  0.84235195467569990  0.84915535708360490  0.85541145519798301
  0.86107125768888448  0.86648130151770186  0.87168695177628142  0.87644690527488234
  0.88088989459471878  0.88518147693338811  0.88943656561370887  0.89340213658679635
  0.89700907553531051  0.90007542115621586  0.90319638107190492  0.90642264652812854
  0.90983977572804609  0.91323258858606482  0.91633975391407818  0.91918263053517146
  0.92177240099413049  0.92408889915703540  0.92635747611470065  0.92864854096902716
  0.93096288518380443  0.93315393057485618  0.93530541406089751  0.93736252648205753
  0.93922929201298744  0.94129929423646441  0.94328730630553737  0.94517120367614604
  0.94698976925781642  0.94870957854310567  0.95041507841490003  0.95208067876830516
  0.95359456384241903  0.95508843815374611  0.95664723181355116  0.95828595380609105
  0.95993995749531458  0.96152170077458488  0.96295709581247668  0.96420613262793864
  0.96540368867709470  0.96661059597931909  0.96784975614925350  0.96917177736215310
  0.97049944181210723  0.97179589818089807  0.97304942501713354  0.97429884582444282
  0.97551866708200252  0.97663130502229190  0.97764630831541777  0.97862163590540219
  0.97958293837954924  0.98054349334379498  0.98148820236499268  0.98241829673323733
  0.98338744139910983  0.98434404746604320  0.98532848345456625  0.98637339803294355
  0.98730006196888620  0.98821982774899841  0.98915730657610479  0.99004966508167724
  0.99094456455972135  0.99185879759137241  0.99278351066902437  0.99372828747841380
  0.99474502123706854  0.99601420623838477  0.99768515608074926  1.00000000000000000
   9.7477322430082844E-007  -1.0000000000000000     
 F F F F F F F F F F F F F F F F F F F F F F F F F F F F F F F F F F F F F F F F F F F F F F F F F F F F F F F F F F F F F F F F
  <DiscreteSampler_grid>
  grouped_processes
  1 # 1 for a reference and 2 for a running grid.
  10 # Attribute 'min_bin_probing_points' of the grid.
  1 # Attribute 'grid_mode' of the grid. 1=='default',2=='initialization'
  0.0000000000000000 # Attribute 'small_contrib_threshold' of the grid.
  0.5000000000000000 # Attribute 'damping_power' of the grid.
 # binID   n_entries weight   weight_sqr   abs_weight
    10   10   1.784904341905960E+005   2.578855467361481E+011   1.784904341905960E+005
  </DiscreteSampler_grid>
